-107
-105
-114
-96
-95
-102
-96
-94
-81
-68
-53
-42
-30
-36
-42
-41
-42
-47
-23
3
11
25
41
29
36
48
58
74
77
78
75
74
62
65
88
100
108
106
93
84
81
74
78
79
65
57
32
11
0
-7
-12
-18
-11
-16
-22
-22
-41
-35
-38
-45
-39
-47
-52
-54
-54
-58
-59
-60
-64
-83
-78
-70
-74
-71
-66
-69
-75
-75
-66
-76
-94
-97
-92
-85
-73
-70
-85
-109
-118
-120
-109
-98
-107
-127
-130
-143
-154
-151
-157
-154
-162
-157
-159
-170
-166
-172
-176
-162
-154
-143
-139
-135
-144
-145
-146
-134
-118
-103
-82
-76
-70
-55
-37
-26
0
23
28
38
63
60
38
53
71
79
97
111
123
117
115
118
131
150
151
150
161
165
154
174
176
161
150
150
139
132
132
125
113
103
113
111
125
125
95
74
65
65
58
53
46
34
42
57
57
47
26
3
-4
6
9
8
-15
-35
-35
-44
-35
-29
-43
-55
-65
-55
-48
-41
-53
-69
-87
-85
-83
-78
-74
-88
-94
-95
-89
-77
-86
-92
-81
-79
-77
-87
-87
-98
-107
-109
-96
-79
-72
-59
-55
-57
-56
-57
-45
-17
-16
-16
-8
-2
11
39
39
28
38
47
68
86
87
88
88
99
106
118
124
133
148
168
179
182
191
169
159
151
156
169
169
163
156
156
134
108
103
111
106
90
74
58
33
16
5
-6
-20
-41
-44
-49
-53
-72
-71
-68
-83
-79
-82
-102
-115
-118
-115
-102
-108
-127
-147
-156
-147
-135
-141
-161
-184
-189
-192
-182
-173
-163
-161
-166
-156
-146
-168
-180
-178
-178
-134
-104
-114
-108
-101
-87
-61
-31
-10
0
15
27
29
38
48
57
72
89
92
89
95
117
137
158
187
192
191
204
214
230
263
278
273
259
244
252
253
274
293
300
316
315
312
305
288
282
284
289
294
287
267
250
222
203
203
205
190
176
158
118
102
80
71
50
33
13
-19
-33
-61
-73
-95
-114
-141
-161
-203
-226
-231
-269
-268
-286
-291
-312
-335
-349
-360
-350
-355
-370
-390
-409
-421
-414
-417
-429
-436
-436
-436
-426
-415
-409
-413
-412
-426
-424
-408
-401
-386
-378
-381
-376
-351
-316
-288
-255
-223
-211
-183
-148
-137
-97
-59
-34
5
39
70
99
126
141
170
219
282
314
337
350
356
389
418
447
463
470
472
476
485
498
507
525
528
533
538
528
512
498
491
491
497
477
457
450
415
403
393
389
364
332
311
279
251
237
226
199
153
105
69
24
-19
-46
-63
-71
-101
-142
-160
-180
-211
-224
-242
-268
-296
-310
-331
-357
-391
-418
-425
-419
-432
-459
-463
-479
-490
-483
-466
-460
-480
-499
-513
-509
-489
-472
-466
-465
-479
-491
-463
-443
-427
-392
-358
-332
-319
-296
-288
-275
-242
-207
-161
-128
-116
-105
-77
-29
-1
33
81
104
123
167
209
229
268
308
344
382
407
427
450
476
500
540
577
599
608
610
612
617
637
662
680
689
682
672
658
651
651
654
639
608
574
540
518
502
480
439
410
384
343
301
252
220
185
145
107
60
10
-42
-104
-135
-172
-221
-263
-318
-360
-423
-456
-494
-541
-575
-605
-625
-670
-706
-738
-763
-776
-802
-833
-856
-877
-896
-893
-891
-911
-929
-925
-893
-874
-866
-866
-864
-849
-817
-786
-754
-744
-736
-699
-663
-615
-569
-532
-483
-426
-386
-328
-278
-236
-178
-124
-52
5
35
92
144
206
292
353
418
472
508
553
616
682
738
783
837
894
937
991
1029
1058
1095
1116
1142
1169
1192
1192
1193
1211
1206
1187
1185
1186
1162
1124
1093
1063
1032
1000
964
910
835
763
695
643
605
543
473
387
304
225
155
87
-4
-95
-183
-263
-347
-441
-530
-609
-691
-778
-839
-912
-1002
-1068
-1127
-1180
-1247
-1321
-1407
-1480
-1537
-1585
-1608
-1642
-1701
-1738
-1764
-1759
-1755
-1780
-1801
-1818
-1815
-1806
-1781
-1775
-1763
-1744
-1702
-1643
-1601
-1576
-1529
-1458
-1372
-1299
-1226
-1157
-1097
-1020
-926
-817
-718
-621
-515
-401
-293
-173
-29
98
217
333
447
586
716
816
949
1104
1226
1335
1446
1544
1657
1771
1877
1980
2070
2153
2237
2319
2385
2427
2465
2522
2566
2578
2581
2582
2564
2551
2539
2522
2466
2409
2366
2303
2233
2157
2065
1966
1883
1778
1665
1567
1429
1279
1168
1038
888
763
628
479
316
173
21
-137
-284
-446
-596
-736
-889
-1057
-1202
-1345
-1509
-1648
-1781
-1903
-2023
-2160
-2286
-2426
-2555
-2678
-2774
-2855
-2937
-3040
-3144
-3218
-3298
-3345
-3375
-3400
-3435
-3470
-3474
-3483
-3485
-3481
-3472
-3438
-3401
-3346
-3258
-3193
-3106
-2995
-2880
-2738
-2589
-2455
-2306
-2136
-1957
-1770
-1570
-1337
-1101
-880
-635
-392
-157
122
413
690
972
1240
1504
1783
2038
2292
2536
2750
2990
3214
3454
3687
3881
4064
4226
4382
4531
4668
4775
4874
4942
4987
5035
5055
5064
5055
5020
4977
4918
4842
4730
4621
4507
4371
4236
4086
3902
3690
3476
3270
3043
2841
2615
2402
2158
1889
1620
1355
1120
862
606
322
26
-276
-587
-876
-1154
-1430
-1706
-1990
-2289
-2614
-2918
-3225
-3529
-3797
-4072
-4348
-4620
-4892
-5156
-5409
-5624
-5827
-6024
-6204
-6373
-6526
-6651
-6741
-6823
-6871
-6917
-6935
-6910
-6874
-6805
-6703
-6557
-6389
-6192
-5967
-5734
-5468
-5193
-4888
-4540
-4173
-3783
-3371
-2943
-2508
-2063
-1585
-1087
-600
-107
401
876
1364
1859
2330
2799
3260
3688
4111
4537
4932
5310
5673
6005
6305
6594
6863
7106
7330
7527
7694
7813
7921
7999
8054
8086
8068
8016
7942
7871
7779
7645
7482
7281
7059
6848
6629
6372
6091
5790
5485
5166
4835
4493
4128
3761
3399
3034
2667
2273
1853
1423
1006
590
155
-292
-742
-1206
-1694
-2170
-2621
-3076
-3533
-3979
-4405
-4808
-5208
-5613
-5991
-6346
-6697
-6988
-7245
-7510
-7764
-8007
-8221
-8392
-8551
-8687
-8777
-8845
-8903
-8945
-8942
-8921
-8894
-8815
-8684
-8520
-8341
-8147
-7924
-7676
-7389
-7100
-6757
-6383
-6007
-5583
-5141
-4683
-4211
-3724
-3199
-2651
-2109
-1571
-1013
-450
129
701
1301
1875
2419
2973
3499
4020
4502
4964
5422
5877
6293
6675
7035
7352
7643
7906
8166
8405
8609
8770
8911
9037
9113
9161
9188
9206
9179
9129
9060
8961
8824
8655
8489
8301
8105
7894
7656
7396
7120
6822
6567
6236
5905
5582
5246
4924
4550
4135
3654
3223
2796
2343
1867
1338
798
228
-319
-879
-1416
-1983
-2560
-3122
-3662
-4193
-4764
-5282
-5793
-6243
-6681
-7115
-7529
-7956
-8366
-8737
-9024
-9277
-9524
-9739
-9915
-10077
-10200
-10285
-10326
-10316
-10276
-10190
-10085
-9959
-9813
-9616
-9373
-9083
-8758
-8428
-8066
-7690
-7296
-6878
-6405
-5917
-5415
-4880
-4334
-3769
-3224
-2673
-2102
-1514
-917
-326
263
824
1365
1905
2446
2968
3467
3958
4414
4848
5257
5623
5975
6316
6646
6963
7246
7494
7693
7863
8030
8192
8332
8447
8519
8564
8579
8583
8579
8573
8514
8447
8401
8291
8171
8028
7872
7727
7579
7417
7228
7019
6794
6551
6316
6090
5846
5568
5291
5016
4723
4397
4018
3641
3286
2907
2480
2019
1540
1045
514
-19
-537
-1087
-1662
-2247
-2803
-3337
-3894
-4489
-5011
-5487
-5983
-6463
-6924
-7364
-7821
-8277
-8641
-8936
-9262
-9583
-9844
-10058
-10259
-10428
-10516
-10559
-10594
-10588
-10526
-10427
-10316
-10198
-10002
-9731
-9447
-9154
-8809
-8417
-8032
-7622
-7141
-6618
-6113
-5588
-5032
-4442
-3869
-3306
-2717
-2084
-1453
-848
-231
380
940
1484
2047
2625
3164
3639
4099
4561
4990
5387
5775
6143
6477
6779
7073
7362
7594
7768
7916
8069
8230
8352
8435
8512
8555
8554
8563
8589
8583
8544
8468
8383
8282
8163
8040
7902
7756
7593
7406
7222
7025
6789
6538
6317
6097
5874
5637
5346
5048
4744
4434
4143
3821
3444
3047
2643
2218
1765
1286
794
295
-235
-774
-1293
-1854
-2430
-3006
-3558
-4067
-4589
-5134
-5652
-6140
-6625
-7090
-7512
-7902
-8293
-8674
-9007
-9297
-9583
-9825
-10032
-10190
-10299
-10394
-10435
-10439
-10432
-10378
-10261
-10103
-9925
-9727
-9493
-9195
-8872
-8523
-8145
-7758
-7324
-6871
-6388
-5878
-5366
-4854
-4311
-3721
-3120
-2530
-1945
-1362
-793
-220
354
922
1481
2007
2511
3029
3528
3984
4411
4824
5218
5575
5922
6246
6546
6810
7045
7260
7468
7640
7773
7902
8011
8082
8140
8177
8180
8173
8174
8170
8128
8057
7977
7896
7808
7713
7591
7437
7285
7122
6952
6781
6599
6406
6208
6023
5815
5589
5345
5079
4834
4589
4336
4055
3749
3403
3001
2633
2261
1844
1392
915
428
-54
-559
-1097
-1634
-2171
-2716
-3243
-3742
-4262
-4800
-5351
-5844
-6293
-6744
-7180
-7612
-8014
-8408
-8768
-9066
-9344
-9626
-9883
-10069
-10197
-10303
-10382
-10419
-10407
-10374
-10301
-10170
-10027
-9863
-9669
-9425
-9121
-8781
-8448
-8091
-7689
-7263
-6803
-6323
-5823
-5294
-4770
-4211
-3637
-3068
-2497
-1932
-1348
-744
-162
382
927
1451
1969
2494
3011
3482
3926
4355
4757
5151
5504
5823
6115
6402
6691
6923
7121
7297
7431
7538
7662
7776
7848
7888
7897
7905
7900
7874
7847
7807
7742
7666
7583
7499
7399
7271
7148
7021
6883
6725
6553
6377
6193
5998
5802
5624
5415
5191
4965
4722
4497
4254
3974
3686
3386
3073
2714
2353
1986
1583
1153
713
257
-215
-718
-1226
-1712
-2206
-2715
-3226
-3715
-4218
-4701
-5198
-5685
-6109
-6551
-6989
-7379
-7747
-8116
-8453
-8750
-9023
-9235
-9447
-9634
-9756
-9849
-9926
-9968
-9945
-9917
-9863
-9754
-9611
-9442
-9237
-8996
-8721
-8415
-8088
-7734
-7347
-6925
-6500
-6053
-5576
-5063
-4541
-4015
-3475
-2931
-2388
-1860
-1314
-746
-197
342
868
1376
1881
2360
2841
3303
3744
4150
4536
4902
5246
5564
5866
6147
6406
6642
6824
6987
7151
7280
7375
7482
7560
7598
7630
7645
7643
7628
7594
7543
7499
7436
7361
7285
7195
7088
6983
6862
6750
6625
6475
6304
6108
5938
5768
5573
5381
5205
4990
4767
4539
4292
4041
3809
3551
3291
3026
2708
2381
2032
1645
1260
887
503
105
-337
-808
-1286
-1768
-2223
-2664
-3124
-3583
-4051
-4533
-4973
-5402
-5836
-6233
-6610
-6980
-7315
-7636
-7960
-8238
-8502
-8711
-8853
-8999
-9124
-9226
-9320
-9379
-9377
-9332
-9235
-9129
-9015
-8878
-8711
-8506
-8273
-8005
-7702
-7370
-7021
-6657
-6276
-5881
-5456
-5002
-4529
-4040
-3556
-3074
-2589
-2102
-1609
-1109
-622
-124
350
824
1306
1749
2189
2628
3042
3428
3805
4148
4460
4763
5051
5324
5567
5780
5978
6140
6279
6419
6549
6639
6734
6806
6821
6841
6845
6834
6818
6782
6734
6672
6616
6570
6495
6398
6305
6200
6084
5978
5861
5721
5576
5423
5246
5089
4919
4737
4556
4380
4193
3994
3791
3577
3362
3146
2946
2710
2471
2230
1948
1654
1360
1029
703
376
38
-304
-674
-1085
-1504
-1905
-2299
-2669
-3053
-3449
-3857
-4268
-4672
-5033
-5380
-5749
-6068
-6357
-6640
-6914
-7170
-7401
-7610
-7793
-7946
-8054
-8139
-8211
-8275
-8305
-8294
-8253
-8178
-8076
-7965
-7816
-7650
-7465
-7256
-7017
-6755
-6471
-6147
-5819
-5482
-5133
-4762
-4374
-3951
-3517
-3088
-2671
-2262
-1846
-1415
-984
-532
-96
313
732
1134
1549
1945
2326
2691
3034
3374
3679
3959
4226
4476
4723
4964
5176
5345
5493
5636
5745
5855
5962
6035
6100
6141
6155
6167
6161
6142
6121
6077
6036
5981
5918
5835
5744
5659
5567
5473
5375
5274
5145
5002
4848
4697
4550
4398
4251
4096
3913
3734
3581
3400
3232
3062
2855
2655
2454
2240
2053
1874
1660
1422
1170
898
633
363
92
-182
-466
-772
-1093
-1407
-1728
-2052
-2375
-2691
-3003
-3323
-3639
-3955
-4258
-4551
-4823
-5086
-5332
-5568
-5796
-6001
-6190
-6344
-6483
-6616
-6715
-6793
-6864
-6903
-6920
-6931
-6911
-6860
-6803
-6709
-6595
-6491
-6342
-6157
-5965
-5743
-5500
-5261
-5015
-4744
-4454
-4142
-3833
-3503
-3165
-2819
-2470
-2125
-1779
-1415
-1051
-695
-318
53
401
759
1102
1426
1751
2067
2374
2666
2945
3199
3430
3667
3898
4103
4292
4470
4621
4731
4837
4942
5025
5111
5166
5206
5230
5228
5227
5222
5194
5167
5137
5072
5006
4942
4878
4824
4754
4658
4567
4486
4390
4285
4180
4070
3949
3818
3697
3571
3425
3285
3152
3000
2873
2748
2615
2491
2350
2188
2025
1873
1709
1547
1380
1194
1008
810
610
410
189
-41
-259
-487
-722
-960
-1226
-1493
-1746
-1984
-2223
-2476
-2747
-3018
-3282
-3535
-3754
-3970
-4173
-4384
-4594
-4796
-4967
-5117
-5246
-5358
-5450
-5547
-5635
-5708
-5759
-5795
-5790
-5759
-5712
-5648
-5582
-5522
-5423
-5289
-5143
-4971
-4800
-4627
-4444
-4219
-3982
-3736
-3466
-3202
-2936
-2659
-2375
-2070
-1769
-1455
-1145
-850
-545
-249
44
338
643
936
1222
1512
1782
2038
2283
2504
2718
2935
3138
3319
3497
3649
3780
3888
3996
4092
4186
4273
4325
4381
4418
4430
4423
4420
4405
4381
4355
4309
4259
4201
4152
4078
4002
3916
3824
3744
3665
3581
3478
3376
3279
3168
3057
2963
2846
2723
2607
2488
2363
2241
2134
2013
1886
1768
1646
1521
1414
1294
1153
1038
921
778
636
487
338
189
27
-125
-293
-471
-649
-848
-1045
-1229
-1419
-1615
-1805
-2006
-2206
-2392
-2568
-2753
-2935
-3109
-3275
-3427
-3579
-3744
-3892
-4048
-4185
-4283
-4377
-4466
-4534
-4606
-4677
-4720
-4756
-4771
-4783
-4769
-4746
-4704
-4635
-4564
-4498
-4411
-4298
-4184
-4040
-3885
-3735
-3583
-3402
-3233
-3048
-2815
-2575
-2351
-2115
-1883
-1673
-1446
-1199
-956
-698
-437
-181
56
286
525
730
953
1187
1405
1609
1810
1990
2150
2323
2480
2639
2783
2901
3005
3090
3181
3274
3355
3415
3470
3502
3520
3526
3539
3534
3532
3534
3494
3451
3431
3403
3356
3313
3258
3203
3140
3077
3020
2956
2881
2800
2716
2645
2552
2472
2389
2294
2196
2113
2028
1932
1852
1744
1643
1538
1422
1316
1222
1125
1031
936
826
722
615
494
377
270
158
35
-98
-242
-399
-540
-675
-818
-954
-1092
-1264
-1404
-1550
-1698
-1845
-1978
-2114
-2258
-2382
-2512
-2648
-2786
-2909
-3021
-3120
-3222
-3311
-3408
-3512
-3596
-3656
-3705
-3734
-3752
-3772
-3794
-3786
-3780
-3772
-3732
-3685
-3641
-3574
-3490
-3410
-3313
-3203
-3088
-2960
-2819
-2690
-2566
-2421
-2269
-2102
-1918
-1730
-1551
-1375
-1185
-1014
-829
-629
-449
-261
-77
99
282
460
635
811
972
1140
1293
1445
1607
1752
1888
2016
2141
2244
2345
2434
2517
2601
2682
2748
2805
2851
2875
2909
2934
2955
2970
2980
2970
2967
2961
2934
2911
2893
2873
2840
2814
2777
2724
2661
2614
2552
2471
2409
2334
2257
2189
2130
2042
1967
1879
1773
1674
1580
1491
1404
1313
1208
1110
1012
917
829
735
632
528
433
352
266
176
76
-30
-133
-233
-310
-400
-497
-596
-710
-818
-914
-1028
-1136
-1232
-1343
-1454
-1544
-1632
-1719
-1793
-1878
-1973
-2061
-2129
-2193
-2252
-2307
-2370
-2425
-2485
-2529
-2563
-2585
-2587
-2603
-2611
-2602
-2597
-2588
-2577
-2558
-2539
-2505
-2482
-2433
-2381
-2331
-2278
-2220
-2140
-2059
-1978
-1890
-1798
-1695
-1589
-1490
-1367
-1250
-1137
-1008
-875
-744
-621
-496
-375
-242
-96
49
177
296
404
513
636
767
886
996
1099
1180
1280
1386
1473
1565
1658
1740
1805
1879
1952
2005
2058
2117
2164
2219
2265
2299
2321
2329
2337
2343
2356
2368
2355
2336
2324
2292
2250
2228
2206
2163
2122
2071
2010
1945
1881
1819
1760
1696
1614
1538
1440
1351
1263
1183
1109
1020
923
825
733
639
553
465
371
265
163
72
-16
-89
-169
-257
-333
-425
-518
-599
-673
-745
-818
-894
-967
-1025
-1085
-1157
-1211
-1265
-1333
-1388
-1437
-1489
-1543
-1589
-1635
-1675
-1714
-1748
-1786
-1798
-1821
-1841
-1860
-1870
-1878
-1880
-1870
-1859
-1833
-1818
-1796
-1781
-1752
-1724
-1697
-1663
-1627
-1581
-1536
-1493
-1460
-1413
-1364
-1313
-1250
-1205
-1154
-1091
-1025
-970
-912
-849
-795
-724
-649
-576
-502
-440
-380
-313
-246
-192
-130
-72
-31
18
83
146
186
229
271
310
352
399
426
447
493
509
535
572
598
604
618
645
617
621
566
563
436
409
168
58
-460
-780
-2044
-862
-2830
-7551
-6009
-7817
-6737
1096
973
-3840
-3604
-3391
-4419
-2474
-489
-3591
-5346
-12526
-9273
-1138
-10150
-10794
-5303
-10112
-12995
-11225
-17359
-17906
-11641
-16121
-14282
-12352
-19180
-17281
-9787
-10322
-7546
-1719
-7331
-5832
555
-3135
-2677
991
4246
3503
-1996
-3169
1427
2572
4626
7615
334
1666
4049
2207
7513
11124
3359
3968
9075
5599
7256
8324
6134
8138
9342
8527
8289
7002
8100
7636
5226
10292
11090
4688
933
6307
4679
2395
9104
3512
-1215
-3759
938
-266
-3215
3054
-5417
-11807
-4730
2271
-6951
-6795
708
-5952
-1928
2075
-1254
-5952
-3585
2020
481
1985
-1983
-3205
-7211
-2740
1292
-2788
-3778
-10683
-10302
-9014
-7606
-9604
-10787
-13078
-12120
-11055
-8275
-9846
-13905
-10496
-7645
-10145
-5812
-6779
-14102
-7971
-1429
-1512
-6089
-2898
-4437
-3636
707
4436
5433
1718
2537
8046
9261
9277
10466
12751
12522
11036
18052
13658
12581
19495
23296
17024
17211
24954
22248
19585
26510
32425
25226
29313
32767
31354
31380
32767
32767
32708
32767
32707
32767
32718
32767
32731
32767
32744
32767
32755
32767
32766
32762
32767
32754
32767
32746
32767
32736
32767
32724
32767
32664
32037
32736
32767
32371
32767
30190
24873
27365
27141
21549
22584
22011
15406
13010
13306
11747
7925
7832
5034
839
1747
-844
-4217
-5012
-7055
-9036
-10190
-11088
-14695
-17750
-18435
-21066
-20151
-19955
-27143
-30275
-27291
-32071
-31165
-30151
-32611
-32728
-32768
-32707
-32768
-32707
-32768
-32710
-32768
-32710
-32768
-32701
-32768
-32545
-30480
-32452
-32768
-32591
-32326
-32459
-31467
-28308
-32768
-27869
-26884
-27873
-24566
-26120
-24137
-23697
-20178
-20977
-20266
-19917
-18903
-16919
-14500
-15844
-17054
-14758
-13554
-12086
-12105
-12778
-12296
-12122
-11181
-8305
-8321
-11169
-10600
-7573
-7264
-8864
-11751
-10723
-8674
-11716
-12137
-11353
-13178
-12570
-11555
-12127
-13863
-14526
-13885
-15324
-13220
-14515
-16192
-17184
-18168
-15766
-17265
-17364
-17673
-18624
-19405
-20705
-20395
-21518
-21467
-23017
-24465
-22785
-24587
-26040
-26717
-26211
-26034
-26509
-27562
-28639
-27277
-27631
-28070
-27433
-26125
-26678
-27409
-25715
-25358
-24829
-23565
-23436
-22694
-20632
-20264
-19793
-15870
-15468
-15192
-11545
-10966
-9679
-6735
-3670
-3633
-711
567
1621
5970
8510
9640
12045
14115
15317
19452
22108
21194
23715
26589
28512
31161
30400
31395
32767
32612
32767
32687
32767
32720
32767
32740
32767
32751
32767
32760
32767
32764
32767
32766
32767
32767
32767
32767
32767
32767
32766
32767
32767
32767
32765
32767
32764
32767
32763
32767
32761
32767
32758
32767
32754
32767
32734
32767
31093
27531
24020
18431
17479
17490
11562
5212
1140
-2215
-4425
-5631
-12049
-19159
-21945
-23266
-27167
-31637
-32768
-32718
-32768
-32752
-32768
-32762
-32768
-32766
-32768
-32768
-32766
-32768
-32763
-32768
-32759
-32768
-32755
-32768
-32750
-32768
-32741
-32768
-32731
-32768
-32711
-32768
-32437
-31535
-31254
-27573
-24435
-23491
-22331
-20666
-18749
-15915
-14401
-13896
-12704
-10898
-7474
-5457
-6757
-4662
-2435
-855
1524
2115
1780
4079
8121
8768
9703
11114
12958
16065
18113
20441
21958
23794
26647
27168
28930
31033
31187
32677
32767
32750
32767
32751
32767
32751
32767
32753
32767
32755
32767
32758
32767
32762
32767
32764
32767
32766
32766
32767
32765
32767
32764
32767
32764
32767
32765
32767
32767
32759
32767
32735
32767
31671
27421
21271
18628
17571
12434
4816
1317
-1178
-5615
-10168
-15637
-19815
-23389
-25520
-28545
-32233
-32768
-32745
-32768
-32758
-32768
-32759
-32768
-32758
-32768
-32756
-32768
-32753
-32768
-32749
-32768
-32742
-32768
-32724
-32768
-32438
-30797
-30476
-29487
-27728
-26625
-24913
-24356
-24475
-23130
-21852
-21503
-20923
-20307
-20629
-20854
-19568
-17967
-17668
-17763
-18535
-18143
-15854
-14758
-14642
-14584
-13287
-11289
-9593
-9676
-7913
-6084
-4695
-1580
1023
1010
3077
5772
8300
10335
12235
14976
14805
18127
19729
23308
24781
25626
26433
26868
31934
32767
32711
32735
32756
32767
32749
32767
32748
32767
32748
32767
32748
32767
32743
32767
32730
32767
32686
32767
31347
30337
31853
30849
25097
18686
15279
15888
16062
10044
2670
-266
-1725
-4426
-7685
-12603
-16026
-17669
-20582
-22621
-25323
-28714
-30065
-30135
-29265
-31641
-32768
-32768
-31797
-30108
-30980
-31354
-31813
-29089
-26479
-25118
-23155
-22079
-21748
-19957
-17245
-15228
-13780
-12754
-11230
-9688
-9292
-8548
-7001
-5175
-4299
-5414
-5984
-4643
-3848
-3823
-3896
-3813
-4638
-5301
-5095
-4810
-4469
-4975
-5246
-5168
-6767
-6087
-4371
-3644
-3634
-4012
-4045
-2721
379
2163
2319
1513
4418
6923
8133
9722
11315
12204
14216
16486
17491
19706
20083
22057
24826
25290
25489
27868
28354
29748
30662
29988
32381
32668
32767
32714
32767
32475
32575
32767
31423
30923
28048
24656
22804
21844
21113
17396
9657
5794
5671
3926
-630
-6320
-12067
-13901
-15639
-20155
-24535
-26965
-28684
-31967
-32768
-32729
-32768
-32755
-32768
-32762
-32768
-32766
-32768
-32768
-32764
-32768
-32756
-32768
-32589
-30367
-28007
-25734
-22700
-21058
-19852
-17857
-14479
-11216
-9723
-8575
-6470
-5260
-4541
-2077
151
1395
1877
1011
1723
4136
4677
4801
5384
5153
4409
4267
4886
6313
6262
4507
3451
4470
5986
6545
5366
4897
6869
7109
7976
7159
7882
11675
13190
11496
11604
13116
15221
18747
19892
20167
18983
21792
24351
26558
27047
27670
28424
30649
32767
31629
32479
32767
32754
32767
32756
32767
32751
32767
32750
32767
32754
32767
32709
30659
27145
23821
22414
22172
18666
11605
7322
4858
4303
815
-6245
-12217
-14674
-17317
-21126
-24697
-29600
-32092
-32768
-32711
-32768
-32748
-32768
-32765
-32765
-32768
-32759
-32768
-32754
-32768
-32753
-32768
-32754
-32768
-32755
-32768
-32658
-30439
-28720
-27086
-24380
-21454
-18525
-15645
-14683
-12973
-10431
-9647
-7515
-4290
-3059
-3331
-2438
-1407
76
1620
1700
1551
2059
1937
1964
2523
3517
3089
1761
1736
1863
3122
4179
2574
2636
3739
4005
5060
5929
6927
8026
8298
9430
11817
11771
13082
15992
16795
17935
19818
19881
22501
25618
25597
26093
28228
29340
30884
32666
31317
32061
32767
32713
32767
32743
32767
32758
32767
32767
32753
32767
32625
31802
27338
24051
25423
23996
19443
14279
9897
10334
8911
1670
-3015
-5336
-8637
-12024
-16134
-20493
-21988
-25711
-30255
-31774
-32543
-32768
-32757
-32768
-32768
-32762
-32768
-32759
-32768
-32756
-32768
-32754
-32768
-32740
-32768
-31981
-28960
-26316
-24384
-23639
-20562
-16928
-15428
-13717
-12116
-9371
-7619
-6924
-4864
-2343
-1895
-1346
-128
894
2241
2807
2617
3685
4235
3620
4137
4670
5267
5239
4321
3802
5258
6276
5919
5707
6188
6120
6956
8607
9772
9768
9543
11343
12873
15394
15196
15575
17978
20627
21109
22242
23192
24801
27427
27775
28731
30805
30340
31679
32767
32602
32767
32688
32767
32733
32767
32767
32752
32767
32717
32767
32572
31659
27937
24452
26583
24724
19015
14428
10490
9197
8733
2025
-4363
-6819
-9514
-13486
-18536
-22401
-24236
-27418
-32053
-32768
-32735
-32768
-32749
-32768
-32751
-32768
-32751
-32768
-32751
-32768
-32751
-32768
-32747
-32768
-32738
-32768
-32572
-30336
-27665
-26785
-24635
-20852
-18429
-16799
-14586
-12467
-10840
-8947
-7138
-4771
-3079
-3169
-2425
-333
1008
1403
1919
2034
2828
3711
3309
3213
4143
4392
3544
3510
3912
4157
4144
3886
4181
4979
4316
4886
6096
6533
7199
8069
8701
10292
11018
11248
12599
15143
16525
17827
17508
19407
21476
21921
24549
26815
25441
25445
29142
30039
31046
31568
31733
32477
32767
32760
32755
32524
32709
32767
32762
31550
27445
24962
26302
25685
22076
15391
10718
11402
11746
4599
-1262
-4459
-6825
-9486
-14944
-18837
-20573
-23699
-27796
-31502
-32768
-32678
-32768
-32722
-32768
-32744
-32768
-32759
-32768
-32768
-32760
-32768
-32745
-32768
-32717
-32768
-32216
-29445
-27284
-25980
-23370
-20535
-17730
-15308
-14726
-12774
-9023
-8061
-6500
-3814
-2997
-2105
-1329
-27
2218
2741
1856
2599
3730
4002
3966
4000
4172
4788
3431
3295
3992
4131
4711
3402
2619
3832
4570
4273
5251
5667
4932
6105
7299
8402
9894
10138
10589
12568
14352
14444
15972
19123
19405
20125
20960
23164
24833
26255
26714
26541
28778
29602
30162
30696
31143
32619
32767
31887
30673
31076
31447
31229
29745
26903
23631
22346
22652
21899
16767
11432
8713
7902
6788
1503
-4114
-6388
-7979
-12907
-17324
-19588
-21149
-23792
-28217
-32034
-32764
-32761
-32768
-32760
-32768
-32760
-32768
-32761
-32768
-32764
-32768
-32768
-32763
-32768
-32600
-31624
-28502
-25701
-24850
-23276
-20481
-17345
-14763
-13342
-12064
-10087
-7437
-5724
-4476
-2464
-1135
-995
81
1916
2951
3495
3497
3792
4453
5183
4961
5403
5427
5254
5273
5302
4994
5266
5626
5035
4917
5702
5506
5707
7099
7358
7586
7900
8909
10084
11227
12522
13582
13852
15039
16481
17944
19783
20846
20515
21832
23796
24501
26251
25494
26005
27938
28672
28738
28972
29322
31097
30324
27993
28449
28557
29034
27972
24160
21066
22131
21480
19774
15359
10773
10052
9425
5553
1146
-1795
-3533
-6201
-11693
-14379
-15716
-18131
-21586
-25315
-27160
-28539
-30978
-32545
-32639
-32768
-32746
-32768
-32764
-32767
-32768
-32759
-32768
-32616
-31378
-30412
-28671
-25891
-24161
-23192
-20748
-18159
-16107
-13751
-12117
-10370
-8231
-6882
-5089
-2705
-1284
-1024
-131
1011
2672
3620
3354
3596
4427
4567
4578
4541
4967
5195
4554
4282
3763
4330
3695
4029
3552
3807
3104
2768
3931
4437
4862
4276
5173
5826
6024
7661
9060
9330
9987
9713
11559
13674
15223
14704
16393
17045
17593
19850
21184
21702
22264
22833
23044
24761
25921
27215
27290
27260
26651
26166
26723
27458
27606
26068
23417
20812
20635
21938
19998
15341
11648
10110
9665
6932
1618
-949
-2007
-5569
-10861
-13847
-14923
-16427
-20189
-24540
-26529
-27596
-29669
-31509
-31841
-32595
-32768
-32723
-32768
-32721
-32768
-32695
-32768
-32170
-30926
-30384
-28260
-25842
-24555
-23700
-21915
-19102
-16363
-15194
-13893
-11890
-9887
-8182
-7257
-5213
-2963
-2696
-2544
-910
281
1405
1903
1513
2277
3015
2601
3262
3528
3518
3737
3022
2772
3183
3339
3508
3169
2586
3024
3348
3467
4156
3859
4276
5025
5916
6235
6947
7238
8830
10165
10395
11261
11766
13733
15088
15878
16167
17337
18515
19478
21544
21672
21336
22982
23588
24613
25223
25715
26762
26425
25729
25639
25421
25723
26596
24721
21448
20036
19366
20840
18536
13797
10691
9034
8883
6593
1297
-1521
-2496
-5709
-9930
-12998
-14718
-15667
-19259
-23202
-24901
-27124
-27860
-29248
-30431
-31555
-32768
-32710
-32768
-32229
-32542
-32719
-32768
-30973
-29386
-29143
-26553
-24665
-23527
-22542
-21125
-17855
-14970
-14008
-12803
-11141
-8984
-7247
-5943
-3894
-2131
-1905
-1496
-348
1572
3121
2566
2499
3120
3785
4250
4213
4656
4598
4037
3573
4302
4741
4608
4297
3756
4078
4091
4328
4933
5364
4895
5214
5857
6835
7779
7778
7724
9439
10321
11128
12233
12418
13403
14377
15269
17028
18176
18000
19026
19444
20371
22142
21508
22600
23763
22742
23565
24517
24563
26026
24466
22662
23716
23582
24357
22809
19480
19022
18541
17609
16262
12964
10011
9769
7382
4825
1753
-1637
-2095
-4642
-9198
-11328
-13830
-15324
-17098
-20771
-22500
-24248
-26322
-27176
-28183
-29666
-30461
-31626
-31615
-31085
-31903
-31055
-30447
-29905
-28764
-28249
-26764
-24374
-23247
-22364
-20759
-19196
-16441
-14932
-14016
-11961
-10553
-8861
-7724
-6252
-4390
-3336
-3049
-2172
-894
255
902
773
1455
2117
1535
1952
2953
2971
2712
1664
1667
2858
3164
2038
1693
1980
2695
2538
2159
2759
3180
3957
3713
4012
5066
5911
6713
7206
7718
8450
9862
10873
12124
12603
13056
14423
16241
16072
16599
17946
19419
19649
19694
20480
21419
22234
22302
22644
22962
23728
23073
22143
22073
22369
22566
20900
18723
17968
16811
15550
14223
12320
10090
7529
5411
3952
1910
-930
-3112
-5527
-7586
-9987
-12912
-14017
-15117
-18132
-20472
-22258
-22872
-23756
-25488
-26591
-27123
-28029
-28411
-28181
-28020
-27263
-27344
-27301
-26032
-24729
-23374
-22381
-21014
-19420
-18320
-16964
-15102
-13341
-11648
-10174
-9263
-7986
-6480
-5158
-3196
-2704
-2247
-1392
-751
447
1389
1603
1541
1752
2077
2578
2708
2898
3072
2282
2110
2534
2604
2927
2672
2142
2216
2341
2939
3315
3381
3158
3727
4526
5102
5061
5993
7119
7298
8367
8593
9268
10718
12060
12724
13345
13719
14731
16317
16830
17979
18217
18644
19700
19429
20457
21262
21357
22005
22250
21583
21640
22117
21718
21335
21078
20397
19014
17493
16677
15461
14665
13221
10560
7804
5842
5077
3752
-99
-2876
-4383
-6315
-9097
-11402
-13617
-14883
-16989
-19867
-21442
-22711
-23307
-24887
-26317
-26817
-27750
-28518
-27996
-27278
-27774
-27648
-27251
-26189
-24674
-23914
-22773
-21412
-19860
-18875
-17718
-15657
-13577
-12132
-11288
-10118
-8427
-6899
-5538
-4101
-3145
-2778
-1952
-937
219
1288
1177
1314
1627
2243
2600
2897
3031
2666
2286
2306
2958
2922
2601
2509
2045
2435
2537
2953
3258
2901
3283
3412
3610
4363
5330
5531
6025
6251
6816
7849
8520
9842
10196
10326
11623
12492
13558
14653
14659
15889
16723
16818
17628
18968
18704
19427
19988
20198
20905
20703
21567
21612
20900
20095
20168
20340
20446
18854
16796
16452
14263
13642
12757
11043
8516
5666
3547
2846
873
-2008
-4224
-6530
-8839
-11152
-13218
-14121
-15946
-18833
-20581
-22114
-22546
-23420
-25030
-25248
-26019
-27185
-27270
-26264
-25801
-25386
-25791
-25316
-23747
-22678
-21231
-20065
-18680
-17528
-16574
-14764
-12665
-11208
-10132
-8707
-7331
-5891
-4918
-3810
-2103
-977
-769
-560
512
2140
2233
2048
2489
2851
3160
3100
3119
3205
3368
2754
2744
2847
2750
2600
2603
2508
2431
2452
2220
3016
3222
3028
2790
3425
4836
5250
5061
5327
6190
7130
8449
8303
8954
10419
10805
10909
12216
13493
13863
14361
14862
15281
16237
17328
17236
17793
18006
18168
18565
19894
19786
19139
19883
19446
18419
18567
18402
18287
17579
15687
14190
12892
12820
11491
9792
7929
5605
3356
2162
820
-1558
-3372
-5881
-8318
-10367
-12211
-13057
-14632
-17334
-19456
-20869
-21682
-22529
-23401
-24291
-25434
-26223
-26556
-26516
-25661
-25136
-25729
-25443
-24424
-23522
-22205
-20739
-19523
-18940
-17852
-16377
-14292
-12665
-11664
-10836
-9602
-7531
-6770
-5633
-4137
-3251
-2332
-2025
-1473
24
1003
933
921
1278
1998
2550
2569
2630
2555
2540
2774
2701
3230
3426
2976
3085
3348
3192
3819
4288
4527
4573
4377
4922
6051
7047
7166
6878
7601
8826
9918
10713
10648
11250
12734
13521
13356
14710
15315
16206
16907
16639
17318
18117
19082
19388
19449
19093
20348
20397
20441
21158
21049
20926
20641
19951
19796
19884
19855
19234
17435
15962
14693
14763
13768
12531
10322
7372
6070
5236
3964
1393
-802
-2963
-4726
-6968
-9187
-9809
-11215
-13713
-16113
-17734
-18486
-19038
-20134
-21307
-22567
-23568
-23911
-23663
-23450
-23195
-23653
-23851
-22967
-22166
-21035
-20233
-19068
-18662
-17875
-16681
-15039
-13436
-12486
-11486
-11076
-9942
-8519
-6831
-5947
-5624
-5133
-4472
-3408
-2266
-1903
-1866
-1506
-1208
-1067
-573
-91
-138
-86
-566
-656
-184
190
362
-58
-393
-530
-154
297
975
789
362
646
1319
1955
2607
2856
3413
3508
4582
5243
6150
7011
7266
7727
8776
9593
10389
10982
11633
12762
12753
13057
14160
14871
15270
15967
15308
15708
16935
16865
17302
17875
17392
17346
17282
17361
17449
16757
16166
16481
15162
14270
12726
11653
11604
10588
9012
6475
4148
3446
3230
765
-1511
-3620
-5356
-6525
-8457
-10311
-11274
-13041
-14741
-16574
-18019
-17917
-18871
-19991
-20962
-22085
-22300
-21968
-21818
-21679
-21909
-22424
-21247
-20431
-19682
-18873
-18214
-17129
-16296
-15547
-14142
-12552
-11495
-10495
-9886
-8879
-7412
-6224
-5008
-4514
-3938
-2937
-2437
-1518
-566
-391
-31
243
554
764
1251
1472
1520
1312
1227
1350
1268
1760
1731
1600
1277
1367
1646
2068
2292
2349
2449
2230
2726
3445
3750
4270
4770
4650
5310
6174
6564
7296
8065
8405
8687
9174
9974
11047
11334
11689
11929
12575
13257
13665
14134
13909
14588
14616
14913
15075
15585
15468
15434
15380
15352
15264
14918
14666
14532
13961
13535
12801
12177
11250
9391
9046
8686
7824
5445
2984
2165
1822
475
-2183
-3805
-5091
-6549
-8281
-9790
-10466
-12086
-13623
-15158
-16138
-16577
-17411
-18140
-18714
-19480
-20208
-20046
-19548
-19372
-19579
-20019
-19164
-18257
-17755
-17122
-16232
-15141
-14662
-14029
-12801
-11290
-10229
-9661
-8990
-7987
-6671
-5833
-5004
-4095
-3533
-2941
-2472
-1486
-745
-606
-419
-42
351
537
676
945
1304
1095
896
989
1149
1416
1339
1144
1152
1112
1412
1833
1835
1803
1783
1971
2717
3071
3079
3336
3695
4328
4994
5286
6041
6392
6773
7429
7913
8514
9343
9675
9757
10401
10791
11674
11603
12344
12552
12408
12634
13279
13455
13614
13574
13120
13544
13286
13848
13720
13171
12676
12209
11819
12091
11661
10806
9975
8936
8012
6857
6331
6096
5307
2562
394
-304
83
-1116
-3924
-5311
-6241
-7416
-9226
-10105
-10510
-11458
-13395
-15055
-15334
-15330
-15649
-16747
-17314
-17795
-18295
-18122
-17306
-16952
-17184
-17515
-17049
-15921
-15050
-14425
-13696
-12978
-12367
-11605
-10590
-8976
-8189
-7666
-7248
-6221
-4982
-4261
-3422
-2618
-2068
-2019
-1280
-367
568
675
404
814
1246
1642
1772
1823
1967
2038
1863
1993
2209
2239
2161
2056
2024
2330
2362
2448
2777
2761
2745
2741
3368
3759
4136
4403
4363
4646
5278
6178
6542
6857
6947
7389
8052
8707
9264
9346
9600
10145
10208
11105
11231
11037
11550
11717
11962
11747
11993
12215
12585
11909
11830
11811
11955
12223
11711
11215
10905
11010
10793
9961
9661
9819
9294
8230
7180
6044
6021
5837
4663
2968
1116
294
167
-1012
-2478
-4006
-5297
-6314
-7637
-8687
-9268
-10153
-11704
-12790
-13844
-13981
-14285
-15036
-15497
-16324
-16717
-16589
-16164
-16003
-15973
-16093
-15791
-15176
-14437
-13592
-12986
-12312
-11736
-11196
-10114
-8825
-7944
-7380
-6828
-5834
-4911
-4151
-3279
-2487
-1975
-1561
-1127
-341
590
867
879
1040
1512
1968
2148
2227
2261
2332
2434
2455
2473
2408
2484
2551
2657
2604
2378
2427
2853
3086
3083
3078
3116
3437
3866
4187
4128
4447
4970
5257
5469
5888
6388
6835
7381
7289
7535
8262
8982
9185
9109
9357
9789
10111
10314
10504
10282
10441
10497
10528
10564
10516
10285
9774
9905
9847
9581
9347
8882
8755
8325
7959
7856
7525
7302
6294
5449
5499
5531
4789
3195
2268
2087
2039
985
-554
-1795
-2440
-2639
-3914
-5260
-5957
-6726
-7702
-8912
-9669
-10094
-10777
-11580
-12130
-12925
-13381
-13450
-13682
-13758
-14222
-14590
-14316
-13939
-13736
-13770
-13539
-13111
-12576
-12328
-11823
-10871
-10312
-9968
-9638
-8702
-7912
-7474
-6722
-6139
-5603
-5091
-4756
-3990
-3191
-2980
-2819
-2420
-1926
-1424
-1394
-1076
-650
-680
-632
-336
-6
147
85
13
339
552
440
755
914
1005
969
834
1604
2013
1906
1850
2196
2726
2965
3029
3354
4057
4165
4281
4675
5141
5562
5832
6015
6663
6933
6993
7456
7974
8021
8101
8526
8808
8988
8734
8882
9333
9535
9143
8875
8959
9524
9201
8746
8722
8583
8203
8412
7975
7560
7236
6895
6815
6672
5890
5609
5587
5127
4277
3504
3393
3528
2693
1354
600
326
-8
-858
-1971
-2691
-3472
-4240
-4961
-5660
-6379
-7151
-7897
-8552
-9177
-9740
-9992
-10339
-10823
-11467
-11806
-11644
-11561
-11714
-11996
-12079
-11791
-11416
-11257
-10928
-10615
-10387
-9922
-9429
-8932
-8308
-7928
-7474
-6931
-6381
-5877
-5391
-4700
-4273
-4033
-3662
-3027
-2607
-2194
-1860
-1739
-1436
-958
-589
-464
-407
-174
86
215
372
461
658
816
839
805
1095
1298
1517
1515
1546
1867
2112
2268
2383
2674
2954
3299
3367
3652
3815
4087
4525
5090
5143
5067
5237
5790
6347
6604
6652
6631
6982
7126
7561
7855
7858
7651
7588
7897
8109
8161
7934
7909
7684
7607
7713
7513
7313
7277
6636
6400
6398
6155
5999
5671
5299
4882
4734
4518
4392
4008
3687
3543
3015
2745
2438
2148
1894
1361
713
376
121
-208
-867
-1676
-1955
-2226
-2770
-3505
-4055
-4467
-4752
-5392
-5947
-6355
-6611
-6956
-7422
-7712
-7940
-8212
-8382
-8442
-8694
-8749
-8801
-8711
-8472
-8606
-8592
-8233
-7925
-7738
-7601
-7494
-7143
-6520
-6220
-6110
-5863
-5441
-4905
-4584
-4357
-4127
-3760
-3308
-3051
-2923
-2639
-2208
-1954
-1753
-1668
-1437
-1183
-948
-717
-653
-497
-339
-123
9
78
272
539
663
718
858
1072
1401
1632
1662
1821
2165
2438
2658
2674
3090
3483
3585
3635
3924
4367
4725
4877
4953
5214
5447
5689
5958
6185
6365
6348
6365
6691
7176
6963
6797
6762
7030
7228
6996
6648
6923
6897
6686
6412
6361
6461
6018
5729
5589
5539
5207
4984
4549
4304
4189
3888
3670
3317
2798
2652
2447
2212
1860
1199
1094
877
409
-81
-467
-769
-1110
-1642
-2161
-2393
-2845
-3263
-3652
-4162
-4530
-4921
-5294
-5563
-5941
-6323
-6610
-6900
-7019
-7243
-7480
-7577
-7664
-7810
-7837
-7850
-7785
-7806
-7816
-7658
-7490
-7325
-7258
-7020
-6718
-6495
-6369
-6078
-5751
-5497
-5172
-4976
-4703
-4315
-4087
-3873
-3578
-3272
-2949
-2747
-2497
-2248
-1999
-1778
-1525
-1278
-1043
-830
-637
-417
-213
8
219
462
672
888
1092
1317
1540
1790
2044
2247
2506
2689
2976
3236
3455
3671
3889
4047
4277
4572
4749
4909
5084
5148
5367
5636
5881
5813
5753
6011
6211
6368
6347
6276
6178
6338
6459
6394
6308
6089
5990
5982
5947
5722
5465
5322
5244
4746
4618
4409
4294
3927
3715
3214
3156
2911
2661
2452
1963
1763
1576
1342
1063
805
348
200
-54
-376
-740
-1020
-1146
-1436
-1978
-2243
-2360
-2661
-2881
-3363
-3687
-3731
-3930
-4271
-4595
-4746
-4919
-5121
-5399
-5462
-5677
-5811
-5931
-6101
-6210
-6311
-6308
-6254
-6320
-6512
-6456
-6383
-6256
-6217
-6224
-6083
-5921
-5832
-5649
-5494
-5263
-4972
-4872
-4688
-4381
-4050
-3864
-3671
-3482
-3183
-2927
-2684
-2430
-2276
-2034
-1746
-1528
-1355
-1132
-913
-634
-446
-237
-84
86
334
573
714
869
1121
1308
1499
1645
1853
2040
2240
2421
2654
2911
3065
3193
3370
3616
3776
3966
4190
4404
4493
4555
4623
4929
5095
5253
5241
5174
5336
5512
5574
5546
5578
5496
5387
5372
5507
5507
5303
5084
4981
4883
4738
4640
4531
4342
3988
3795
3597
3591
3397
3010
2705
2523
2362
2076
1943
1648
1430
1085
901
799
657
377
146
-52
-266
-394
-543
-716
-929
-1196
-1465
-1563
-1661
-1919
-2194
-2371
-2485
-2741
-2912
-3062
-3197
-3385
-3588
-3802
-3899
-3977
-4173
-4332
-4443
-4509
-4590
-4633
-4740
-4765
-4818
-4809
-4782
-4782
-4793
-4739
-4669
-4655
-4612
-4532
-4407
-4282
-4144
-4108
-4051
-3877
-3655
-3536
-3418
-3231
-3087
-2936
-2735
-2520
-2398
-2230
-2011
-1841
-1658
-1448
-1254
-1065
-888
-710
-528
-320
-90
103
254
420
589
742
912
1117
1277
1426
1546
1686
1919
2076
2157
2241
2399
2523
2652
2786
2869
2973
3078
3215
3266
3342
3356
3382
3519
3607
3621
3563
3602
3649
3688
3598
3528
3510
3506
3486
3301
3263
3243
3182
3014
2983
2841
2717
2654
2464
2348
2166
1971
1891
1856
1653
1392
1235
1220
1145
903
746
683
597
467
309
134
99
45
-122
-255
-324
-435
-497
-639
-759
-912
-996
-991
-1069
-1253
-1424
-1446
-1429
-1485
-1680
-1805
-1799
-1799
-1896
-2052
-2118
-2157
-2251
-2369
-2388
-2437
-2559
-2561
-2654
-2694
-2756
-2725
-2795
-2871
-2900
-2904
-2914
-2850
-2822
-2979
-2946
-2848
-2794
-2778
-2705
-2683
-2646
-2565
-2497
-2393
-2321
-2201
-2129
-2046
-1906
-1759
-1643
-1478
-1370
-1307
-1158
-945
-719
-604
-505
-401
-208
-21
151
265
356
541
700
794
916
1072
1203
1336
1434
1521
1609
1784
1913
1979
1995
2086
2196
2299
2383
2390
2420
2512
2599
2608
2635
2660
2677
2712
2746
2736
2713
2697
2689
2648
2652
2629
2510
2473
2447
2382
2273
2191
2129
2036
1937
1863
1751
1674
1680
1542
1406
1304
1256
1195
1127
984
848
717
727
714
592
432
359
317
237
273
102
26
-18
-93
-160
-256
-284
-287
-330
-445
-494
-622
-626
-557
-633
-804
-846
-867
-866
-862
-1054
-1119
-1107
-1073
-1084
-1212
-1356
-1290
-1308
-1306
-1389
-1419
-1448
-1539
-1520
-1559
-1638
-1642
-1636
-1705
-1797
-1815
-1810
-1860
-1815
-1850
-1918
-1876
-1852
-1872
-1898
-1967
-2031
-2483
-2590
-2673
-3002
-2704
-2420
-2519
-2341
-2230
-2105
-2031
-1851
-1505
-1482
-1365
-1062
-1069
-1055
-641
-636
-738
-467
-529
-578
-320
-263
-218
-44
45
239
360
502
628
618
800
868
835
961
920
787
830
867
936
1099
1144
1145
1355
1488
1579
1751
1770
1817
1802
1813
1890
1808
1904
1890
1799
1846
1790
1678
1753
1731
1615
1593
1639
1593
1603
1569
1540
1554
1522
1477
1346
1238
1192
1082
989
980
851
801
813
716
688
643
624
629
545
479
381
426
388
308
202
111
127
47
45
-11
-62
-118
-152
-167
-173
-215
-250
-289
-374
-388
-495
-547
-530
-590
-717
-809
-842
-870
-924
-982
-1003
-1044
-1034
-1028
-1053
-1047
-1009
-1043
-1067
-1022
-1061
-1040
-1036
-1038
-1037
-1036
-1035
-1005
-967
-913
-907
-898
-819
-780
-748
-706
-635
-640
-596
-563
-530
-484
-465
-459
-438
-384
-327
-293
-272
-268
-256
-208
-161
-133
-102
-97
-83
-49
7
71
51
37
17
64
127
184
212
198
211
218
317
374
390
375
379
383
443
494
529
558
541
561
589
652
689
671
689
705
712
723
765
783
786
759
730
749
793
752
735
725
705
675
650
720
682
671
599
603
567
571
533
493
486
415
376
358
389
329
244
217
175
185
139
179
103
61
-6
-9
-2
-12
-59
-162
-158
-186
-192
-206
-186
-259
-296
-315
-350
-341
-362
-351
-453
-424
-446
-459
-462
-454
-457
-503
-439
-456
-451
-458
-463
-488
-462
-441
-452
-445
-482
-453
-461
-431
-437
-454
-427
-465
-445
-451
-454
-496
-507
-470
-498
-523
-543
-536
-554
-526
-529
-508
-464
-474
-474
-466
-413
-403
-390
-387
-350
-334
-294
-248
-214
-193
-162
-160
-91
-28
-2
46
49
88
91
134
137
162
190
178
187
179
205
199
245
242
213
202
254
270
253
241
220
224
253
281
224
215
200
201
217
235
217
212
189
218
237
237
251
210
222
202
207
188
206
197
170
190
194
200
188
193
195
196
174
150
146
129
129
134
93
57
52
70
73
74
32
-10
-28
9
8
-33
-60
-79
-75
-93
-91
-142
-198
-206
-199
-215
-226
-240
-265
-247
-265
-263
-291
-267
-269
-286
-314
-324
-339
-353
-331
-342
-357
-330
-328
-337
-318
-311
-328
-331
-309
-273
-269
-274
-277
-277
-231
-226
-241
-250
-217
-209
-236
-212
-207
-188
-152
-124
-123
-111
-103
-101
-60
-30
-41
-58
-27
-31
-27
-6
3
-7
11
28
-1
12
27
19
19
21
-6
-7
35
43
-3
2
39
53
81
86
81
83
124
134
145
160
157
140
180
210
192
195
192
185
183
207
224
226
246
210
196
258
247
211
209
200
189
195
242
213
177
182
164
191
235
216
179
202
204
173
175
195
143
112
144
144
120
132
122
93
101
137
115
90
95
48
33
70
54
1
-13
-24
-38
-42
-19
-65
-77
-77
-73
-69
-60
-77
-119
-74
-77
-94
-119
-112
-144
-146
-123
-129
-127
-122
-111
-121
-106
-97
-120
-125
-98
-101
-76
-69
-95
-95
-85
-54
-48
-29
-50
-79
-45
-22
-11
-6
7
-10
7
41
36
22
29
30
10
46
34
34
10
63
-4
-25
97
103
56
-93
18
70
113
76
-14
-54
1
86
72
85
15
-36
16
154
126
44
64
60
92
128
157
118
104
125
139
167
194
135
92
148
163
146
147
174
100
92
125
133
143
131
75
75
111
112
109
107
102
69
89
127
107
66
50
48
64
79
52
3
-4
-1
-5
7
3
-53
-82
-59
-42
-42
-70
-100
-115
-101
-96
-109
-115
-168
-189
-177
-155
-153
-173
-184
-193
-171
-167
-161
-176
-186
-182
-181
-152
-155
-170
-177
-179
-174
-149
-126
-125
-139
-152
-164
-147
-124
-128
-116
-91
-88
-71
-52
-52
-72
-60
-39
-15
23
9
-13
12
44
66
90
94
76
58
74
104
112
123
131
134
147
165
168
168
191
201
208
230
219
206
212
233
254
266
271
262
258
266
274
275
273
264
256
254
248
225
194
169
150
134
114
101
93
64
38
14
9
7
-13
-22
-27
-36
-58
-62
-76
-77
-79
-96
-106
-112
-117
-125
-126
