142
177
209
223
246
248
273
293
288
289
289
289
271
275
267
269
251
220
230
223
245
278
272
243
226
217
195
199
198
163
112
112
105
69
57
41
15
-1
21
28
4
-5
-31
-70
-81
-101
-136
-170
-183
-225
-257
-282
-307
-319
-329
-337
-341
-346
-351
-350
-364
-352
-355
-334
-321
-332
-330
-330
-336
-324
-307
-290
-274
-243
-229
-226
-221
-218
-192
-165
-152
-159
-164
-205
-194
-186
-183
-168
-157
-161
-174
-159
-162
-150
-110
-69
-33
-36
-14
-29
-47
-34
-34
-35
15
73
92
101
97
101
140
185
245
275
298
300
308
346
356
394
399
405
433
432
444
430
412
431
459
456
470
472
451
434
435
447
451
428
441
403
423
456
463
452
447
470
472
523
550
501
480
489
510
516
531
517
469
463
473
484
436
447
427
408
429
427
421
377
394
393
398
384
382
343
327
352
359
355
341
334
327
323
350
346
327
339
360
369
381
394
379
359
390
399
377
386
388
374
389
404
396
373
369
373
378
384
404
400
384
421
420
415
420
438
436
426
427
395
396
432
462
440
416
418
387
387
420
413
396
401
395
349
363
352
334
340
323
312
301
319
311
293
309
302
282
281
288
270
281
293
285
286
264
264
254
232
234
215
208
217
193
160
121
128
110
99
108
90
59
32
35
17
27
40
28
-12
-27
-29
-56
-44
-39
-55
-68
-74
-69
-95
-103
-95
-114
-96
-70
-76
-111
-137
-140
-122
-91
-80
-91
-121
-88
-116
-97
-83
-89
-92
-101
-61
-44
-49
-35
-10
-22
2
12
24
27
25
51
59
56
85
73
82
121
146
163
164
152
151
167
222
202
196
203
183
209
263
286
299
327
322
325
344
389
389
392
448
441
451
485
474
455
451
464
468
476
512
516
465
438
448
458
442
428
395
333
315
370
351
337
348
315
294
299
312
267
255
252
244
236
247
215
197
201
173
165
137
117
105
96
74
59
59
37
19
10
-26
-58
-67
-79
-98
-84
-88
-107
-98
-86
-80
-62
-23
-42
-55
-40
-31
-27
-27
-32
-32
-10
4
28
24
4
11
13
47
76
100
99
110
159
178
203
231
246
236
292
328
342
389
432
473
492
555
581
610
624
649
669
702
773
793
805
807
798
814
822
840
855
859
867
870
887
882
914
915
922
916
906
876
836
835
799
769
725
706
672
614
555
496
428
367
328
239
170
108
45
-44
-139
-192
-269
-380
-456
-532
-632
-713
-751
-836
-926
-954
-1033
-1118
-1182
-1221
-1286
-1332
-1348
-1425
-1464
-1496
-1533
-1595
-1602
-1635
-1685
-1678
-1693
-1693
-1706
-1694
-1702
-1692
-1663
-1654
-1614
-1591
-1561
-1522
-1502
-1482
-1444
-1388
-1353
-1304
-1235
-1192
-1139
-1097
-1015
-936
-851
-757
-671
-558
-468
-382
-291
-173
-74
28
155
230
329
446
555
641
785
905
995
1116
1184
1228
1312
1418
1496
1577
1630
1664
1687
1743
1783
1793
1812
1802
1810
1814
1811
1783
1765
1756
1715
1683
1681
1648
1596
1579
1516
1431
1389
1363
1312
1225
1154
1054
940
853
727
579
468
342
181
35
-115
-321
-494
-639
-812
-1005
-1199
-1393
-1612
-1798
-1983
-2181
-2366
-2529
-2687
-2846
-2996
-3153
-3275
-3366
-3442
-3510
-3562
-3600
-3626
-3616
-3597
-3560
-3521
-3447
-3385
-3327
-3249
-3157
-3058
-2939
-2786
-2622
-2451
-2236
-2002
-1783
-1554
-1325
-1053
-795
-527
-272
-40
237
504
734
952
1188
1428
1663
1889
2107
2284
2450
2644
2806
2971
3129
3269
3373
3474
3583
3627
3678
3721
3744
3759
3771
3781
3765
3749
3734
3706
3679
3647
3587
3541
3487
3438
3405
3360
3327
3275
3215
3158
3097
3055
2974
2859
2754
2644
2539
2407
2238
2044
1821
1574
1323
1067
796
487
155
-196
-594
-987
-1351
-1729
-2092
-2435
-2786
-3136
-3470
-3776
-4086
-4376
-4626
-4870
-5090
-5278
-5488
-5682
-5820
-5930
-6001
-5994
-5951
-5893
-5814
-5757
-5708
-5654
-5537
-5372
-5193
-4963
-4739
-4527
-4281
-4035
-3753
-3440
-3128
-2793
-2465
-2123
-1769
-1409
-1045
-676
-306
40
384
714
1019
1300
1562
1822
2067
2300
2515
2709
2897
3071
3236
3401
3538
3652
3732
3820
3892
3929
3980
4023
4038
4025
4045
4053
4047
4047
4026
3997
3976
3958
3912
3885
3846
3807
3775
3758
3755
3726
3699
3682
3649
3600
3558
3469
3364
3289
3178
3019
2852
2674
2420
2135
1822
1477
1121
730
341
-54
-480
-931
-1377
-1796
-2184
-2570
-2947
-3290
-3634
-3995
-4347
-4655
-4948
-5232
-5445
-5631
-5830
-6013
-6135
-6248
-6347
-6381
-6395
-6413
-6399
-6340
-6289
-6190
-6035
-5885
-5707
-5490
-5250
-5010
-4733
-4444
-4149
-3818
-3478
-3101
-2728
-2333
-1940
-1560
-1181
-766
-375
-27
350
705
1017
1296
1590
1862
2109
2370
2611
2796
2957
3100
3215
3313
3409
3498
3567
3643
3680
3678
3684
3694
3702
3723
3731
3731
3712
3691
3713
3714
3709
3739
3751
3750
3769
3798
3797
3795
3808
3787
3762
3784
3804
3798
3786
3767
3751
3767
3775
3732
3674
3612
3510
3390
3280
3158
2976
2714
2417
2104
1780
1435
1087
725
321
-120
-593
-1048
-1447
-1832
-2225
-2573
-2909
-3270
-3642
-3997
-4334
-4658
-4917
-5135
-5361
-5591
-5816
-6016
-6175
-6272
-6339
-6376
-6374
-6372
-6373
-6334
-6255
-6138
-5959
-5758
-5561
-5321
-5066
-4818
-4547
-4220
-3879
-3536
-3161
-2784
-2421
-2058
-1694
-1324
-933
-545
-179
186
530
822
1097
1383
1654
1884
2121
2353
2530
2684
2811
2923
3042
3146
3228
3301
3373
3418
3456
3502
3534
3540
3575
3606
3590
3598
3605
3606
3615
3646
3668
3665
3695
3702
3711
3729
3720
3717
3723
3730
3706
3670
3654
3651
3627
3627
3635
3633
3644
3623
3553
3487
3426
3335
3231
3115
2950
2730
2436
2102
1770
1456
1127
767
394
-41
-532
-997
-1419
-1846
-2237
-2579
-2929
-3299
-3693
-4080
-4457
-4777
-5053
-5276
-5472
-5697
-5931
-6135
-6309
-6456
-6540
-6557
-6547
-6538
-6514
-6468
-6416
-6325
-6161
-5955
-5740
-5503
-5268
-5016
-4734
-4441
-4100
-3716
-3323
-2952
-2578
-2209
-1872
-1496
-1078
-677
-295
104
444
741
1036
1335
1629
1903
2172
2390
2582
2744
2881
3031
3158
3271
3372
3464
3528
3548
3555
3574
3594
3622
3651
3676
3683
3678
3657
3642
3628
3606
3613
3633
3657
3661
3631
3586
3567
3566
3574
3603
3606
3581
3525
3473
3448
3431
3428
3447
3434
3382
3364
3344
3287
3219
3162
3092
2993
2871
2708
2503
2246
1945
1623
1334
1068
707
305
-74
-490
-965
-1398
-1768
-2149
-2527
-2872
-3226
-3596
-3971
-4329
-4648
-4921
-5145
-5387
-5593
-5792
-6010
-6191
-6300
-6365
-6431
-6444
-6444
-6448
-6423
-6354
-6255
-6133
-5932
-5704
-5490
-5259
-5002
-4769
-4516
-4169
-3803
-3449
-3091
-2731
-2386
-2034
-1638
-1241
-856
-454
-79
259
608
920
1202
1498
1798
2059
2277
2503
2700
2848
3010
3187
3323
3433
3531
3602
3625
3635
3677
3721
3743
3760
3749
3737
3742
3727
3689
3666
3653
3624
3612
3610
3573
3530
3528
3516
3491
3489
3479
3474
3465
3420
3373
3355
3340
3323
3290
3255
3222
3183
3171
3142
3094
3044
2948
2841
2759
2664
2530
2371
2162
1890
1573
1249
949
635
299
-72
-474
-906
-1338
-1763
-2171
-2552
-2917
-3256
-3572
-3909
-4273
-4628
-4940
-5210
-5426
-5614
-5801
-6005
-6190
-6377
-6524
-6599
-6642
-6645
-6609
-6568
-6545
-6497
-6384
-6243
-6072
-5853
-5604
-5352
-5104
-4844
-4567
-4237
-3882
-3506
-3132
-2767
-2410
-2064
-1688
-1302
-902
-518
-136
217
542
852
1160
1453
1729
1994
2251
2456
2634
2818
2976
3136
3266
3390
3482
3554
3606
3623
3654
3696
3713
3704
3719
3700
3675
3657
3636
3605
3578
3568
3554
3530
3518
3501
3468
3449
3438
3411
3366
3342
3315
3260
3244
3206
3156
3122
3071
3015
2957
2919
2883
2837
2814
2802
2748
2677
2601
2462
2331
2220
2056
1876
1663
1375
1048
761
493
155
-203
-544
-911
-1321
-1703
-2073
-2439
-2756
-3071
-3383
-3703
-4034
-4355
-4656
-4916
-5147
-5357
-5514
-5675
-5857
-6009
-6126
-6191
-6220
-6224
-6197
-6172
-6142
-6081
-5970
-5844
-5691
-5503
-5296
-5057
-4823
-4582
-4309
-4011
-3678
-3326
-2981
-2629
-2295
-1971
-1628
-1275
-939
-591
-213
129
447
752
1025
1275
1540
1810
2042
2265
2469
2632
2769
2920
3063
3176
3283
3381
3430
3477
3535
3564
3579
3598
3612
3576
3574
3572
3558
3542
3551
3553
3517
3514
3510
3487
3461
3458
3428
3399
3393
3362
3331
3321
3273
3200
3176
3139
3092
3029
2989
2951
2898
2866
2826
2772
2739
2680
2559
2456
2356
2231
2102
1946
1774
1546
1254
971
680
379
92
-244
-603
-949
-1324
-1704
-2060
-2354
-2655
-2962
-3258
-3539
-3841
-4143
-4377
-4565
-4745
-4914
-5049
-5216
-5354
-5486
-5588
-5639
-5670
-5664
-5661
-5615
-5583
-5557
-5497
-5365
-5215
-5049
-4834
-4616
-4390
-4173
-3936
-3675
-3383
-3069
-2747
-2437
-2142
-1829
-1520
-1181
-823
-485
-151
188
492
756
1010
1266
1492
1741
2008
2219
2400
2563
2696
2819
2982
3110
3209
3289
3351
3390
3418
3461
3500
3518
3520
3535
3517
3493
3482
3458
3424
3398
3377
3351
3337
3295
3245
3208
3195
3182
3154
3125
3079
3017
2955
2917
2850
2783
2734
2677
2593
2533
2485
2429
2379
2325
2278
2231
2169
2086
1995
1879
1764
1627
1463
1283
1059
806
548
297
26
-269
-565
-850
-1168
-1500
-1819
-2129
-2423
-2703
-2986
-3263
-3495
-3757
-4020
-4229
-4420
-4594
-4723
-4823
-4950
-5050
-5139
-5221
-5263
-5256
-5248
-5230
-5172
-5118
-5064
-4980
-4860
-4730
-4551
-4357
-4166
-3976
-3794
-3566
-3318
-3055
-2751
-2432
-2147
-1861
-1574
-1279
-982
-685
-364
-62
212
479
728
953
1199
1433
1649
1876
2083
2236
2382
2527
2630
2735
2865
3001
3050
3110
3149
3158
3184
3224
3235
3222
3232
3195
3163
3147
3130
3101
3085
3088
3059
3019
2976
2945
2887
2848
2820
2788
2764
2719
2679
2619
2567
2504
2444
2398
2337
2257
2181
2120
2055
1983
1931
1882
1813
1763
1691
1602
1517
1444
1347
1255
1136
976
798
579
340
106
-111
-356
-616
-890
-1180
-1471
-1761
-2035
-2272
-2497
-2749
-2975
-3182
-3411
-3642
-3845
-3990
-4110
-4211
-4301
-4374
-4446
-4530
-4593
-4614
-4608
-4598
-4561
-4506
-4437
-4382
-4303
-4203
-4062
-3920
-3767
-3574
-3400
-3235
-3047
-2831
-2605
-2344
-2070
-1810
-1564
-1322
-1091
-845
-570
-294
-34
227
472
682
884
1102
1305
1482
1674
1867
2026
2150
2272
2387
2478
2572
2651
2730
2796
2817
2823
2847
2877
2884
2890
2873
2850
2820
2808
2777
2739
2712
2676
2632
2603
2563
2508
2466
2427
2385
2345
2307
2261
2208
2148
2082
2021
1995
1949
1900
1827
1740
1660
1615
1593
1574
1535
1479
1412
1343
1307
1267
1214
1134
1045
967
886
779
632
475
308
124
-62
-235
-424
-648
-867
-1090
-1303
-1534
-1753
-1943
-2136
-2333
-2514
-2677
-2819
-2954
-3105
-3216
-3300
-3390
-3472
-3530
-3571
-3615
-3650
-3648
-3639
-3643
-3632
-3610
-3573
-3519
-3453
-3379
-3282
-3170
-3055
-2919
-2761
-2615
-2469
-2307
-2122
-1934
-1754
-1541
-1304
-1107
-925
-735
-560
-360
-133
79
272
462
625
784
954
1104
1234
1373
1523
1630
1719
1806
1881
1963
2045
2120
2167
2198
2209
2217
2229
2234
2242
2248
2242
2228
2201
2165
2152
2123
2093
2072
2041
2004
1969
1951
1917
1883
1866
1845
1833
1801
1780
1711
1664
1625
1562
1522
1488
1442
1375
1339
1296
1258
1235
1205
1171
1145
1101
1050
1017
982
944
890
828
765
667
555
456
346
228
114
-13
-162
-313
-479
-656
-814
-948
-1114
-1297
-1452
-1607
-1783
-1936
-2049
-2165
-2293
-2389
-2489
-2585
-2668
-2733
-2792
-2833
-2859
-2899
-2933
-2938
-2920
-2923
-2911
-2855
-2821
-2774
-2692
-2622
-2550
-2431
-2313
-2206
-2102
-1975
-1853
-1739
-1588
-1426
-1283
-1131
-936
-808
-679
-507
-382
-250
-65
98
248
404
541
653
762
892
994
1105
1226
1311
1377
1427
1481
1530
1584
1632
1679
1724
1748
1755
1768
1774
1762
1772
1773
1749
1738
1712
1689
1668
1642
1574
1561
1517
1486
1413
1390
1256
1169
1008
891
647
382
-405
-1435
-3622
-5757
1137
-328
-5788
84
4681
723
-7330
-4359
-247
-5038
-6039
867
-1632
-14765
-10699
4082
1540
-4888
-3741
-2931
-4068
-3819
810
-455
-5531
-3521
-1550
1208
-347
-4020
-2824
-1763
1707
2526
3039
-243
-5144
-725
2469
4387
4190
-1165
-1102
-1532
299
4154
1731
-1129
-2267
-1448
-1211
36
-1394
-1942
-4185
-4903
-611
-2068
-5747
-4835
-5424
-4640
-675
-5692
-5715
-3888
-4548
-5531
-3371
-174
-6751
-2010
-4355
-3835
-492
-3466
2027
-4364
-5326
1528
1401
-3607
544
-1038
-2890
-1551
3768
-372
-3780
502
1692
16
-1427
2704
1587
1004
-449
749
4238
2815
3910
3111
783
2357
6303
4519
1352
3914
4573
3737
5372
5401
6383
4971
1018
5503
6948
9459
6735
797
4273
7415
6483
9694
9178
3615
2478
8835
10662
8480
7018
3560
520
4708
10425
9721
3328
-3164
-1488
3195
4328
4320
213
-6424
-6807
-2960
-214
-976
-5443
-9415
-9197
-5699
-3375
-4887
-9356
-10619
-7535
-5580
-5012
-5649
-7926
-8941
-6987
-4272
-1975
-4584
-5250
-7280
-4960
1909
-3378
-755
-2294
-4273
-3946
890
2153
-1235
-714
400
-949
-128
1094
1484
2785
605
2512
258
1729
5828
2144
1581
6627
4188
441
5905
7125
4807
4846
3532
11686
6035
1922
10506
8747
3997
9998
16545
8786
3368
10589
14517
7363
13452
18247
7182
6985
16358
15339
11769
17565
12241
9033
14418
19205
15512
13048
15703
12519
13309
18153
17482
12520
13458
13301
14084
18475
16388
10529
13270
15688
12858
9715
8474
9897
11435
9137
6891
3766
-132
310
1760
1709
-780
-4580
-9280
-11515
-8249
-5151
-9886
-15290
-14756
-15207
-17166
-14902
-13739
-17212
-19155
-18382
-16415
-17029
-17662
-18344
-17150
-16473
-13317
-13601
-17305
-16733
-12989
-11837
-11025
-8173
-13020
-15993
-11451
-5284
-5659
-8324
-8372
-11541
-11331
-3791
-725
-8302
-10159
-6134
-6230
-7656
-5588
-2484
-7084
-8373
-4000
-2915
-6475
-5654
-4231
-2674
-2180
-2094
-470
-2799
-5964
1748
7583
992
1194
3297
467
4009
9126
9548
4941
4662
9900
7985
6894
11964
13696
11466
11899
12422
11362
10528
14049
17792
17279
12760
11502
17103
14586
13542
19747
18302
16067
17815
19790
14896
9125
8819
14690
20141
18105
10573
-13
-2021
4976
9243
9111
3448
-5808
-10885
-10454
-4384
-1438
-6706
-14852
-16045
-14895
-14890
-14710
-16363
-15192
-16210
-16714
-16239
-18542
-20013
-16733
-11756
-10499
-12544
-15933
-16851
-13773
-6878
-3080
-7024
-10254
-10620
-8418
-4291
-363
-1481
-3349
-7368
-6782
-2711
-1614
-536
-1125
-3434
-3389
-3596
-4920
-2674
10
-1575
-2979
-3835
-5123
-4860
-3551
442
93
-2110
-5276
-4220
-288
1518
2512
1335
948
53
-391
2509
6793
6328
4873
6343
5605
4184
5516
9735
12755
12283
9470
7577
8519
12050
13242
14574
13754
11981
11278
12497
13693
13910
14863
15442
14643
15256
16436
12434
5628
5146
12692
18295
14268
2241
-7038
-3308
4600
5033
2727
-5065
-12960
-17855
-13996
-7106
-8047
-15952
-23237
-22064
-21183
-20336
-21377
-22485
-21410
-22298
-22323
-24525
-24857
-22315
-18900
-15957
-16117
-18208
-21345
-19238
-12610
-6053
-7362
-12842
-13935
-10409
-6105
-2908
-2590
-3706
-6133
-6870
-4743
-863
46
-2405
-2326
-2699
-3031
-4411
-4800
-855
-98
-1200
-5298
-6048
-5286
-3446
-615
140
-2186
-6145
-5510
-1543
3134
1575
-736
-1612
297
2595
3695
5476
4875
4243
5704
6301
5696
8342
10678
10956
12151
11478
10249
9595
12477
16940
17249
14287
12678
13222
13308
18170
19703
16394
14228
15870
18367
19701
13950
3975
4536
14553
21302
15471
-3616
-11487
-2258
5064
6464
733
-10906
-19901
-20369
-13397
-6130
-10261
-23877
-29173
-25383
-21017
-21597
-24747
-25054
-25720
-24549
-25373
-27019
-25721
-22925
-20142
-17498
-17807
-21211
-22317
-18189
-8818
-3790
-9758
-15048
-12301
-6373
-1343
720
-223
-3235
-5653
-2995
3467
6887
2895
-548
896
3457
2785
3071
4736
5412
3853
2696
3567
3361
3117
5331
7680
5064
3135
3742
5451
8007
9995
7897
5548
7486
9818
11974
13711
14183
12501
11458
12219
16269
19477
18439
17787
16768
16602
19470
22035
20975
20143
21672
20062
20437
23317
21130
20785
22930
23188
22212
20887
20951
22195
14555
8284
16301
22513
20554
6838
-5545
-818
8636
8288
2064
-5256
-10918
-16562
-15758
-7640
-5625
-17732
-27271
-26515
-21185
-19904
-24287
-24883
-24601
-25859
-27354
-28523
-25554
-21860
-21932
-23049
-20573
-20643
-22822
-20319
-12528
-7482
-12016
-17723
-14216
-7320
-3788
-4063
-3832
-4232
-6677
-5701
181
4592
1480
-2277
-1680
1227
1100
952
3422
3695
1319
-180
-81
1854
3122
3115
2896
2273
1122
524
2129
5297
6753
5934
4060
3820
6499
9440
10951
11186
10799
9821
10785
14097
17153
17846
14404
14314
17312
18412
21379
20157
19106
19501
18366
19915
23239
23179
21280
20280
20441
21802
24448
22864
17765
9012
9248
20216
24406
17028
-1648
-7937
3460
10962
7538
-2701
-10219
-14480
-15553
-11143
-5672
-10971
-24822
-27038
-23293
-18634
-20554
-26220
-26359
-25213
-24062
-26616
-27638
-24111
-21441
-21469
-22132
-19431
-20633
-21312
-16841
-8972
-7416
-15275
-16104
-9401
-3493
-2438
-3652
-3487
-4604
-4933
-1321
4637
4068
-849
-2009
1015
4108
2997
2302
2904
2686
2041
1559
2574
3103
3445
2369
2176
2965
3431
2644
2862
6709
7465
4626
3496
5611
10787
11946
10573
10166
9626
11714
14476
17174
18009
15629
14539
17966
20026
20991
19976
20025
22006
21632
20224
21559
22998
23719
23426
21853
22486
22794
23869
21413
10521
9671
19315
26064
18688
-2077
-7461
5259
11718
6729
-1683
-10392
-15285
-16053
-11110
-4682
-11773
-25264
-29590
-25258
-18816
-20041
-25906
-28426
-26747
-25783
-28561
-28585
-22673
-20777
-24647
-24471
-21517
-20147
-20399
-16996
-9275
-9959
-17510
-16592
-8129
-2829
-3893
-5491
-4860
-5359
-5623
-404
4193
1918
-2416
-2942
565
2273
2599
2713
1175
-184
477
813
1736
2789
2611
1864
-521
587
3304
2797
2366
4652
4604
2552
3132
6685
9089
7634
7200
9048
12225
10774
10061
13806
14547
14817
15566
16206
16252
16244
17883
20574
20455
18667
18304
19094
20585
22621
22450
21654
20375
20571
22366
14366
8489
15233
23845
23560
5259
-7747
308
10449
9739
2720
-6214
-13931
-16581
-13642
-5440
-6130
-19261
-28836
-29539
-20686
-17497
-21962
-27260
-28572
-26312
-28260
-29056
-23433
-19487
-24180
-26789
-23038
-20627
-19804
-18400
-11267
-9977
-17326
-18293
-10219
-3120
-3612
-5631
-5908
-5614
-5090
-782
3623
1898
-1464
-3249
586
3253
2948
2810
706
0
1672
2325
1279
1562
2174
1394
382
795
2368
1189
546
3258
3938
2207
1095
4263
6993
6357
5661
7549
8463
8748
10157
12379
14491
12542
12221
14911
16943
16580
17202
18324
18527
18688
18853
19889
19650
20940
21307
20446
21676
21966
22852
17999
7471
10944
21091
26233
14946
-4024
-6394
6740
12814
6390
-3272
-11151
-14299
-14410
-9414
-4693
-12859
-25247
-29865
-23489
-17508
-21258
-26366
-26537
-26068
-28795
-30147
-26126
-20294
-21925
-26325
-24551
-22718
-21559
-19121
-12907
-9704
-15503
-20044
-13928
-4650
-2253
-5346
-6860
-5975
-5747
-2351
3208
3422
-233
-3740
-1910
2787
4099
2817
1609
63
-282
585
931
2114
2619
777
-1541
-1547
1146
1529
1157
1585
1599
-75
-928
3354
6759
5404
3054
4103
6752
7592
9038
11471
12579
10635
9907
13267
16029
17532
17218
15976
17037
17761
18886
20652
20602
20668
19360
19332
21546
23719
23482
20688
17470
10003
11609
21242
26038
16523
-2820
-5819
7708
15044
7735
-4190
-9429
-11800
-11852
-8718
-4812
-11291
-23213
-27151
-22111
-16440
-20856
-24328
-24575
-24512
-27131
-30130
-25105
-19261
-19613
-24871
-24798
-22663
-20702
-17563
-12378
-8945
-15422
-19595
-14310
-4220
-767
-4941
-7206
-7083
-4628
-1195
3508
3607
-430
-3368
-1683
3587
5160
4208
956
-129
1008
1587
2805
3107
2969
977
-939
-35
2925
2902
1560
1796
2074
1500
821
3438
7547
6289
3620
4323
7145
8834
10115
11518
11385
10527
11447
14439
16790
16815
15336
15916
17144
19562
20981
18247
18969
19048
20850
21712
21518
22162
20992
20513
21108
12993
9806
17308
24857
20933
2966
-6901
4570
14181
9797
451
-6844
-10866
-12651
-9397
-2223
-6518
-20209
-27249
-22505
-15590
-17106
-22142
-23249
-24072
-26085
-27580
-25411
-18647
-17941
-24130
-24597
-22087
-19491
-17527
-13826
-9555
-12847
-18896
-15191
-5638
-1433
-4022
-7043
-6200
-5245
-2374
3233
4186
1296
-2446
-2409
2446
5469
4775
3045
373
15
1720
2442
3740
3717
1449
-1107
-822
2376
3537
2571
1578
1321
-21
917
3820
6403
5803
2323
3111
6211
7957
9908
10122
9701
9108
10233
13799
16267
15529
13922
15029
17479
19063
18642
18604
18576
19975
21065
20562
20324
20963
22014
23179
23540
21174
15984
10915
16042
24756
24250
11225
-1768
1531
12601
14159
6583
-2262
-8227
-9287
-6288
-3005
-4098
-12755
-20642
-20629
-16666
-14261
-17744
-21060
-21354
-21997
-24300
-24923
-20374
-16014
-18439
-23184
-22282
-19690
-16437
-12669
-10397
-11794
-16716
-15455
-7595
-2089
-3217
-6477
-7069
-4997
-1832
982
2258
538
-1265
-1151
788
2997
3040
1888
849
450
713
575
806
2202
1986
-1146
-2502
-830
1195
1244
199
-799
-1170
-1531
19
3201
3204
845
55
2530
4719
5496
6723
6292
6137
7019
9517
10950
11678
11455
12264
12586
12942
16155
16410
14688
14961
16809
17612
17152
17874
17845
17359
18437
19828
19700
16859
13214
8799
13736
20305
19301
7198
-5167
619
11364
10279
541
-6869
-8675
-9895
-8801
-6317
-6805
-16598
-23443
-21010
-16200
-16470
-22029
-22920
-22718
-23340
-25304
-25526
-21476
-18831
-21297
-24117
-22585
-20828
-17367
-14749
-12884
-14163
-18363
-15954
-8566
-3333
-6169
-9790
-9010
-6201
-2843
-119
361
-2493
-4079
-3105
930
2902
892
-926
-2371
-1054
300
526
-419
-914
-1244
-2898
-2456
-1250
-780
-1604
-2177
-2645
-2882
-2469
-1144
798
286
-1486
-753
1463
2816
3507
4106
4227
4605
5857
8083
9281
9631
9888
10691
11932
13085
13685
14219
14041
15565
16754
15087
15976
16637
17885
18313
17772
18428
18611
17490
16169
12878
10266
15705
19464
14947
3617
-1552
5709
10881
6844
-435
-6023
-7996
-8116
-6450
-4722
-8501
-17368
-20572
-17778
-14493
-15461
-19749
-20420
-20937
-22352
-22844
-20804
-17183
-17389
-20621
-21050
-18533
-16660
-13896
-11704
-10324
-12688
-14597
-10359
-4710
-2424
-4254
-5783
-5184
-3144
-124
2574
2430
31
-1474
-307
3340
4561
3236
1276
-255
742
1545
1971
2721
1656
-1121
-2272
-759
1465
1475
-627
-1482
-1801
-1566
166
1558
1974
233
-689
860
2914
4551
5033
5013
4614
5250
6860
9849
10871
10777
9586
9931
12719
14638
15382
14155
13811
15398
16409
16814
17746
17508
16578
17008
18592
19195
19153
18158
19052
16192
13597
11479
15182
19035
14998
6940
580
3658
9321
8519
1690
-4142
-7271
-8288
-5730
-5053
-7298
-14280
-19391
-17556
-14847
-14795
-18067
-19498
-20310
-21605
-21808
-19924
-17356
-17778
-18991
-20324
-18122
-16611
-14391
-11500
-11237
-12147
-13263
-10471
-6114
-3310
-4424
-5725
-5163
-3264
-642
654
1353
-120
-1016
-514
1898
3788
2307
811
240
684
1250
1235
802
172
-405
-1526
-1370
-1067
-1089
-1152
-1847
-2480
-2954
-2733
-1386
-222
-722
-2263
-2328
-585
1387
2018
1912
1965
1838
3294
5370
7023
6955
6427
7360
9109
10351
11383
11508
11525
12339
13219
13791
14632
14915
15199
14870
14890
16370
16267
16433
17273
16677
16754
14170
12177
11333
12612
16024
13849
6788
268
2450
7784
8082
1260
-5574
-7299
-6937
-5131
-5712
-7938
-13108
-17951
-16755
-13999
-13525
-16643
-18858
-19255
-19322
-19537
-18546
-16086
-15989
-17090
-19635
-17138
-13377
-11704
-10888
-11787
-10959
-10792
-8319
-4650
-2567
-3942
-5141
-3812
-1948
1156
1854
1960
209
-460
1405
3200
4606
3324
1598
497
1207
2850
3300
2153
52
-804
-1365
255
1199
194
-2034
-3428
-2053
-1417
-905
-1121
-1746
-2598
-2352
-897
546
846
173
547
1004
2357
3907
4688
5261
5328
5794
6830
8586
9816
9737
10385
10473
11211
12134
12907
13947
14152
12596
12989
14316
15261
15483
13990
13750
14627
15338
15725
14996
11798
10609
11412
11576
11819
9164
6947
4129
1861
3099
4043
1444
-3581
-6593
-6545
-6107
-7669
-9404
-11077
-13950
-15352
-15890
-14263
-14625
-16923
-17997
-18511
-17602
-17320
-16569
-15706
-15290
-16502
-16295
-14008
-11888
-10722
-11001
-9657
-9280
-8492
-6454
-4158
-2882
-3423
-3717
-2547
-731
358
1420
847
273
560
1042
2512
2795
1937
647
187
957
1718
1219
241
-677
-1530
-1586
-1073
-503
-1640
-3149
-3208
-2940
-2415
-2248
-2249
-2409
-2650
-2482
-1332
-342
5
318
284
1321
2602
3605
4287
4653
5709
6313
7059
8102
9252
9667
9919
10169
11087
12418
12880
12774
11965
12153
13363
14507
14613
12867
12778
13529
15133
15177
13887
13528
12904
11613
10897
10337
10662
10527
8872
5681
1953
1680
4208
4034
-61
-4952
-7111
-6093
-5616
-6771
-8630
-12298
-15035
-14722
-12773
-12421
-14882
-17192
-17294
-16626
-15965
-15362
-14640
-14335
-15467
-15378
-13186
-11362
-10198
-9910
-9766
-9203
-7883
-5674
-3850
-3573
-3601
-3055
-2042
-357
626
1249
396
261
1363
2148
2630
1898
1493
1301
1205
1152
1380
922
30
-162
-1065
-946
-1189
-1788
-2094
-2780
-2954
-3526
-3368
-3003
-2927
-3539
-3891
-3718
-2623
-1643
-1867
-1558
-2018
-1196
283
1084
1701
1503
1891
2976
4241
4944
5464
5570
6127
7020
7753
9198
9025
9205
9229
10128
11263
11049
11252
10801
11402
11500
11914
12164
12162
11937
11527
12012
12423
12005
9806
8768
9566
9402
8467
6526
5859
4549
1744
1033
2225
1300
-2780
-5500
-5586
-4859
-6889
-9049
-9615
-10700
-12367
-13422
-12249
-12400
-14155
-15210
-14725
-14010
-14134
-14265
-13424
-12512
-13143
-13022
-11336
-9724
-9029
-9067
-8395
-7516
-6542
-5000
-3270
-2797
-3447
-3338
-1560
222
870
349
246
27
-201
1688
2408
2359
177
-1308
99
1367
1285
-73
-1397
-2201
-1762
-1564
-1140
-1626
-3873
-4368
-3829
-3012
-2983
-3586
-4002
-4389
-4051
-3477
-2356
-2143
-2337
-2758
-1853
-735
295
1330
991
1169
1753
3054
4267
5264
5208
5019
5669
7089
8271
8243
8430
8547
9245
10012
10172
10443
10486
10473
10895
10812
10967
11084
10996
11274
11348
10699
10701
10825
11547
10534
8407
7706
8757
8524
6940
5948
5374
3422
1202
1971
2365
416
-2673
-4466
-3889
-4345
-6006
-7086
-7717
-9162
-10512
-10586
-10032
-10326
-11807
-12246
-11960
-11691
-11916
-11571
-10468
-10531
-10805
-10412
-9028
-8035
-7405
-7097
-6341
-5874
-5246
-3916
-2725
-2549
-2414
-1715
-724
-13
-216
115
913
1160
1193
191
-329
1782
1859
1132
-744
-1394
-118
388
173
-1048
-2788
-2842
-1781
-1354
-1643
-3454
-4652
-3624
-2709
-2158
-2810
-4026
-3673
-2923
-1791
-1705
-1598
-1429
-1544
-515
963
1045
1143
1965
2259
3154
3726
4515
4904
5213
5813
6279
7037
7534
7794
8163
8305
8850
9462
9572
9500
9936
9697
9691
10227
10586
10766
9830
10269
10204
10521
10950
11151
10047
9867
9926
9230
9124
8623
8715
6888
5745
5764
5624
4076
2137
1824
1463
-424
-2189
-2311
-3005
-4554
-5872
-6965
-7199
-8362
-8976
-9411
-9794
-10466
-11482
-11046
-10828
-10945
-11417
-10920
-10629
-10342
-10188
-9501
-8442
-8379
-7771
-7141
-6105
-5486
-4897
-4209
-3484
-2886
-2353
-1965
-1497
-192
-98
-481
-310
601
987
982
26
-788
684
1176
1190
-805
-1795
-960
-256
-269
-1238
-2270
-2963
-2357
-1989
-1566
-2637
-3938
-3490
-2714
-1963
-2302
-2744
-2975
-2214
-1262
-1235
-1016
-714
-193
166
1231
1260
1700
2511
2979
3715
3686
4084
4784
6045
6235
5959
6292
7027
7753
8119
8245
8262
8625
8880
9045
9231
9263
9441
9298
9485
9136
9337
9725
9792
9480
9072
9123
9322
9421
9339
8758
7289
7155
7407
8202
6820
4096
3778
4045
4112
2307
778
-172
-1024
-1864
-2649
-3323
-4880
-6087
-7131
-6991
-7743
-9325
-9551
-10016
-9975
-10895
-11395
-11164
-10860
-11000
-11106
-10860
-10598
-10112
-9808
-8709
-8607
-8400
-7852
-6933
-5739
-5572
-5282
-4715
-3682
-2946
-2475
-2208
-1739
-1293
-1040
-311
-34
-178
-419
23
456
-521
-588
-17
325
-662
-1754
-1465
-779
-978
-1693
-2225
-2548
-2326
-2300
-2052
-2137
-3006
-3067
-2358
-1679
-1690
-2281
-2235
-1568
-898
-609
-418
3
196
411
1324
1847
2058
2469
2546
3118
3849
4086
4188
4647
4893
5074
5457
6039
6281
6147
6203
6470
6981
7049
6918
7016
7051
7065
7355
7143
7057
7087
7009
7185
7154
6902
6732
6500
6878
6929
6589
6225
6334
5712
5165
5310
5791
5185
3515
2362
2657
2932
2280
1047
-340
-1181
-1879
-2047
-2209
-3249
-4916
-6223
-6342
-6199
-6731
-7793
-8520
-8976
-9452
-9564
-9428
-9340
-9770
-10158
-10122
-9825
-9251
-9010
-8642
-8454
-8285
-7953
-7050
-6169
-5599
-5486
-5165
-4413
-3627
-2823
-2195
-1758
-1619
-1364
-572
203
625
455
569
750
1232
851
974
1152
1005
1404
481
342
-21
237
484
153
-775
-1375
-1110
-594
-218
-1257
-1961
-2041
-1480
-501
-772
-1405
-1808
-1388
-634
-162
-142
-540
-456
15
708
874
1253
1120
1328
1607
1846
2466
2726
2701
2642
2922
3278
3552
3679
3840
3895
3845
4077
4261
4765
4856
4591
4690
4882
5203
5070
5321
5345
5277
5275
5385
5424
5471
5591
5491
5648
5339
5425
5483
5526
5256
4592
4354
4641
4740
4064
2952
2126
2222
2218
1799
956
-478
-1366
-1695
-1684
-2101
-3214
-4395
-5125
-5282
-5542
-5836
-6454
-7048
-7716
-7900
-7764
-7754
-7663
-7857
-8024
-8132
-7838
-7232
-6611
-6349
-6423
-6287
-5823
-4838
-4076
-3626
-3670
-3511
-2849
-2059
-1357
-1039
-933
-842
-432
88
435
448
63
507
631
538
363
218
433
122
-124
-270
-449
-642
-607
-879
-1150
-1379
-1599
-1394
-1446
-1656
-1754
-1798
-1699
-1701
-1465
-1433
-1368
-1269
-1043
-779
-590
-398
-145
219
77
282
666
1097
1277
1153
1120
1252
1838
2204
2224
2017
1988
2088
2524
2932
2795
2624
2456
2772
3131
3246
3227
3080
3105
3324
3637
3741
3672
3548
3710
4001
4199
4128
4034
4225
4359
4363
4267
4445
4674
4497
4590
4659
4622
4080
3850
4330
4741
4275
3157
2652
2728
2936
2533
1790
1021
339
-61
-255
-561
-1292
-2234
-2867
-3271
-3576
-3912
-4398
-5008
-5514
-5889
-5961
-6032
-6220
-6440
-6767
-6848
-6674
-6401
-6342
-6295
-6122
-5966
-5757
-5345
-4880
-4562
-4314
-4064
-3695
-3301
-2886
-2462
-2133
-1949
-1736
-1702
-1266
-594
-433
-987
-1291
-611
50
-65
-640
-877
-740
-563
-399
-447
-723
-1181
-1289
-918
-644
-945
-1439
-1396
-1272
-1232
-1256
-1147
-1028
-1159
-1216
-975
-620
-452
-284
-278
-381
-217
408
776
811
703
616
930
1445
1762
1691
1469
1506
1886
2311
2408
2387
2294
2331
2482
2796
3073
3165
3087
2937
3113
3461
3856
3834
3734
3718
3946
4226
4657
4501
4326
4442
4621
5065
4996
4801
4742
4760
5088
4980
4731
4724
4684
4765
4622
4369
3934
3771
3706
3811
3418
2721
2339
1965
1817
1453
1247
421
-525
-717
-695
-1109
-1939
-2751
-3056
-3111
-3594
-4026
-4348
-4783
-5054
-5273
-5220
-5404
-5672
-5812
-5782
-5633
-5719
-5689
-5404
-5180
-5207
-5027
-4799
-4447
-4187
-3962
-3663
-3516
-3386
-3032
-2505
-2185
-2225
-2376
-1937
-1459
-1321
-1395
-1488
-1184
-1047
-944
-963
-963
-996
-1055
-902
-832
-989
-1103
-906
-901
-907
-1069
-1120
-828
-764
-849
-857
-750
-676
-452
-309
-312
-249
3
260
428
613
652
810
1064
1257
1544
1633
1725
1829
2022
2250
2336
2346
2480
2609
2551
2635
2678
2784
2763
2646
2706
2767
2772
2680
2674
2650
2683
2798
2752
2668
2506
2653
2850
2900
2754
2622
2792
2855
2859
2978
2900
2797
2856
2821
3077
3066
2988
3000
2937
2919
2891
3046
3020
2939
2602
2618
2421
2359
2235
2013
1936
1372
1014
887
731
475
3
-474
-911
-1306
-1548
-1667
-2136
-2718
-3152
-3404
-3473
-3864
-4117
-4348
-4611
-4828
-4947
-4903
-4895
-4980
-5110
-5041
-4996
-4788
-4649
-4454
-4338
-4349
-4071
-3741
-3416
-3196
-3033
-2900
-2688
-2409
-2073
-1885
-1872
-1713
-1575
-1382
-1281
-1138
-1051
-1039
-984
-965
-943
-842
-770
-827
-845
-904
-885
-787
-714
-726
-838
-845
-711
-629
-548
-485
-435
-430
-261
3
117
75
185
470
692
756
752
923
1217
1364
1380
1400
1642
1813
1923
2012
2005
1963
2073
2275
2410
2376
2254
2255
2385
2573
2580
2487
2452
2504
2576
2644
2608
2591
2649
2714
2772
2703
2560
2705
2798
2860
2733
2559
2650
2666
2807
2607
2526
2472
2657
2534
2455
2354
2262
2325
2264
2251
1986
1826
1752
1822
1701
1401
1132
965
903
799
591
264
-5
-179
-391
-510
-768
-1144
-1450
-1566
-1676
-2025
-2297
-2528
-2655
-2847
-3002
-3163
-3332
-3453
-3542
-3599
-3686
-3737
-3819
-3784
-3751
-3748
-3737
-3724
-3595
-3496
-3432
-3362
-3160
-3062
-2983
-2841
-2725
-2606
-2499
-2393
-2305
-2124
-2028
-1971
-1822
-1686
-1633
-1544
-1427
-1354
-1316
-1251
-1104
-1047
-1033
-955
-832
-698
-630
-613
-538
-406
-290
-222
-136
-16
79
153
249
393
501
597
696
813
919
1032
1129
1207
1343
1452
1577
1653
1720
1775
1864
1956
2116
2181
2124
2206
2296
2430
2520
2570
2514
2483
2623
2737
2873
2844
2734
2680
2857
3051
3095
2962
2721
2784
2911
3041
3005
2768
2618
2600
2706
2862
2745
2467
2388
2391
2499
2489
2175
2055
1977
1956
1854
1593
1490
1341
1131
1083
960
691
333
165
276
147
-331
-630
-742
-700
-803
-1102
-1338
-1533
-1674
-1648
-1744
-1885
-2163
-2366
-2309
-2264
-2397
-2451
-2512
-2565
-2607
-2583
-2439
-2490
-2597
-2602
-2553
-2424
-2382
-2360
-2284
-2245
-2221
-2163
-2099
-1984
-1935
-1907
-1825
-1772
-1710
-1641
-1589
-1545
-1483
-1410
-1318
-1278
-1232
-1212
-1170
-1036
-938
-906
-882
-836
-723
-610
-539
-453
-412
-308
-198
-117
-37
81
199
280
337
458
597
652
751
863
930
1005
1123
1224
1281
1308
1380
1450
1540
1622
1682
1736
1789
1828
1883
1917
1954
2002
2037
2076
2154
2203
2189
2164
2175
2238
2221
2250
2225
2229
2203
2185
2178
2180
2163
2078
2063
2090
2006
1935
1961
1938
1855
1745
1737
1692
1631
1604
1587
1537
1441
1367
1301
1264
1153
1150
1037
945
791
701
728
683
480
293
208
158
86
-103
-259
-372
-510
-620
-754
-898
-976
-1167
-1301
-1390
-1472
-1604
-1703
-1743
-1800
-1949
-2029
-2021
-2042
-2103
-2185
-2196
-2183
-2193
-2234
-2150
-2164
-2242
-2238
-2097
-2029
-2098
-2074
-2039
-1991
-1925
-1869
-1866
-1854
-1862
-1840
-1768
-1714
-1716
-1729
-1699
-1626
-1596
-1592
-1554
-1506
-1520
-1514
-1416
-1344
-1375
-1385
-1299
-1237
-1209
-1163
-1117
-1025
-964
-939
-866
-755
-632
-591
-526
-429
-354
-261
-104
-7
0
71
189
337
411
495
549
588
706
819
927
953
1010
1032
1075
1160
1245
1302
1306
1345
1321
1356
1444
1492
1463
1445
1492
1526
1542
1548
1532
1491
1517
1563
1585
1522
1484
1475
1500
1518
1441
1532
1475
1355
1362
1328
1326
1359
1304
1212
1118
1132
1155
1125
1034
924
895
919
894
777
788
534
527
551
482
405
336
153
-138
-91
-4
-58
-188
-197
-424
-504
-355
-332
-402
-560
-672
-549
-446
-578
-719
-754
-768
-732
-772
-839
-943
-961
-956
-1024
-1027
-1120
-1152
-1070
-960
-1022
-1088
-1234
-1374
-1098
-1161
-1181
-1028
-1076
-1151
-1172
-971
-996
-1056
-896
-847
-837
-795
-770
-734
-639
-710
-671
-576
-636
-634
-524
-433
-433
-414
-334
-289
-242
-198
-260
-209
-59
-56
61
145
99
120
230
314
372
467
440
489
578
654
727
772
726
686
755
783
730
717
687
654
716
695
690
625
560
545
567
655
668
582
525
537
543
637
630
537
493
470
521
538
500
442
377
338
381
427
387
319
259
244
243
212
166
80
48
41
-48
-35
-87
-161
-186
-207
-295
-297
-237
-312
-378
-436
-477
-548
-533
-542
-631
-652
-699
-788
-807
-810
-865
-917
-963
-957
-1044
-1129
-1145
-1135
-1164
-1186
-1290
-1377
-1310
-1308
-1341
-1376
-1326
-1383
-1502
-1384
-1242
-1323
-1436
-1413
-1431
-1326
-1231
-1254
-1285
-1310
-1281
-1126
-998
-1029
-1060
-1054
-928
-845
-783
-773
-739
-721
-701
-582
-528
-515
-534
-478
-487
-409
-335
-301
-325
-367
-358
-319
-194
-188
-231
-279
-238
-203
-154
-89
-159
-209
-206
-110
-36
-41
-134
-142
-93
-64
21
17
-24
-51
-28
23
113
140
83
78
127
149
180
253
289
300
290
325
387
445
480
508
511
457
459
550
635
616
567
586
576
634
703
727
684
628
616
657
702
646
616
601
600
566
580
590
560
532
510
513
530
534
492
454
451
455
392
333
306
305
264
223
231
215
187
128
150
139
97
83
75
90
27
-1
43
60
12
-39
-58
-49
-6
-9
-39
-45
-58
-38
7
42
-4
11
28
69
43
28
30
62
103
55
67
92
116
66
105
117
115
120
124
120
82
102
85
149
130
111
129
177
209
198
201
217
230
259
318
331
357
375
400
399
416
443
441
418
391
416
425
442
430
462
473
482
519
527
518
453
476
524
553
512
479
480
448
485
502
482
455
446
477
537
542
517
480
472
514
504
515
478
449
416
392
368
334
328
330
339
285
241
249
257
259
266
214
165
150
151
179
172
148
40
39
85
126
93
47
-30
-68
-14
16
21
-63
-158
-177
-118
-108
-119
-163
-203
-245
-259
-230
-248
-265
-298
-290
-319
-343
-370
-362
-374
-424
-441
-433
-422
-434
-396
-431
-494
-491
-454
-450
-483
-531
-552
-519
-474
-497
-552
-565
-555
-488
-448
-494
-546
-526
-458
-385
-373
-382
-425
-417
-355
-290
-253
-272
-264
-227
-170
-107
-56
-59
-75
-58
-13
55
86
61
-8
9
98
127
142
86
55
27
80
144
97
37
-24
25
22
32
-8
-24
-66
-87
-61
-81
-107
-175
-161
-140
-106
-162
-195
-168
-147
-127
-146
-153
-231
-267
-215
-182
-183
-239
-262
-255
-207
-183
-224
-253
-289
-277
-231
-202
-264
-347
-359
-312
-273
-279
-310
-356
-374
-356
-319
-301
-330
-374
-396
-376
-359
-336
-331
-354
-369
-387
-399
-398
-411
-411
-410
-397
-383
-390
-368
-357
-358
-372
-340
-305
-321
-341
-318
-278
-287
-268
-265
-261
-234
-184
-181
-171
-132
-128
-84
-49
-34
-64
-31
13
29
70
82
56
39
103
149
167
149
149
180
216
236
224
254
284
303
302
310
323
333
338
374
382
331
326
350
342
279
249
267
288
264
221
183
172
167
168
173
163
103
69
99
151
175
98
61
39
55
66
63
32
-25
16
56
69
36
18
2
23
60
23
-19
5
6
-22
-9
-17
-62
-85
-56
-83
-118
-126
-156
-156
-125
-102
-113
-122
-147
-163
-159
-138
-169
-218
-232
-247
-230
-219
-224
-262
-271
-250
-198
-182
-184
-197
-223
-200
-184
-173
-206
-221
-225
-238
-250
-217
-221
-236
-240
-251
-255
-223
-212
-225
-204
-220
-230
-213
-157
-163
-212
-220
-191
-132
-102
-112
-137
-130
-72
2
52
42
-11
-17
56
130
157
137
85
71
125
181
194
164
137
147
198
247
239
195
187
217
250
268
272
238
186
209
218
216
213
225
257
284
270
227
238
277
284
264
262
256
264
314
335
297
240
250
303
344
323
256
219
225
277
310
299
221
190
224
259
311
240
196
139
154
184
173
179
104
111
135
179
168
133
98
98
78
92
76
23
40
33
17
-10
-58
-53
-95
-68
-79
-127
-119
-172
-132
-183
-163
-172
-207
-209
-240
-272
-297
-232
-242
-245
-250
-312
-276
-256
-235
-291
-294
-275
-277
-230
-217
-220
-274
-295
-258
-221
-203
-219
-229
-234
-219
-183
-173
-154
-177
-169
-154
-145
-121
-127
-105
-97
-57
-24
-29
-4
-22
22
1
57
53
112
85
101
101
150
140
309
370
-470
974
45
3
856
48
460
94
838
51
354
678
260
491
255
711
182
559
372
578
412
562
362
546
585
106
747
436
301
554
399
463
204
627
290
227
414
194
317
269
219
244
119
160
143
227
174
6
219
75
27
140
102
26
-24
50
11
-71
-18
37
-116
-2
-76
-62
-40
-73
-91
-96
-97
-158
-56
-75
-195
-102
-185
-230
-150
-162
-217
-224
-265
-242
-238
-181
-201
-242
-210
-236
-190
-191
-201
-262
-248
-198
-232
-184
-154
-247
-211
-180
-186
-152
-149
-159
-192
-141
-114
-180
-126
-113
-136
-99
-97
-79
-57
-29
-42
-22
-19
4
31
54
71
69
71
113
135
122
124
96
97
119
121
143
124
117
142
171
184
169
192
185
181
209
203
192
188
174
182
205
192
173
187
208
207
222
242
234
235
276
273
252
245
223
210
209
218
214
192
195
165
142
132
129
107
99
98
71
61
57
37
1
-8
-44
-82
-104
-110
-137
-146
-158
-173
-181
-188
-174
-199
-182
-186
-197
-187
-201
-206
-227
-218
-198
-205
-210
-201
-175
-149
-152
-129
-119
-125
-130
-122
-107
-92
-78
-91
-113
-115
-95
-98
-86
-99
-112
-124
-104
-99
-89
-88
-111
-135
-117
-106
-132
-141
-177
-211
