-30
-60
-40
-16
-36
-41
-10
-16
-6
14
-22
-16
-1
-1
17
16
2
21
9
3
14
6
-4
17
17
10
24
19
9
16
-18
-25
-7
-28
-15
20
-7
-23
-4
-12
-22
-6
-2
-24
-30
-19
-30
-23
-35
-38
-41
-29
-27
-17
-25
-38
-23
-6
-6
-17
-9
-26
-38
-28
-56
-87
-100
-85
-106
-116
-117
-135
-141
-123
-125
-140
-129
-138
-135
-91
-86
-100
-91
-87
-98
-75
-62
-66
-59
-20
-16
-26
-8
-2
-6
21
49
31
37
38
23
15
39
28
-4
-19
-23
-44
-55
-50
-54
-42
-46
-55
-62
-61
-45
-51
-64
-84
-79
-91
-73
-61
-76
-88
-95
-82
-74
-80
-89
-90
-98
-104
-65
-82
-74
-77
-90
-91
-111
-127
-148
-135
-144
-124
-131
-153
-159
-155
-141
-123
-103
-106
-101
-102
-111
-106
-107
-119
-115
-98
-109
-108
-103
-117
-118
-108
-102
-116
-127
-131
-147
-151
-143
-129
-137
-153
-169
-194
-204
-177
-169
-182
-181
-162
-155
-138
-122
-127
-122
-113
-96
-79
-72
-87
-72
-53
-60
-44
-42
-50
-25
13
43
52
44
47
72
94
112
122
97
83
93
90
75
95
88
79
106
91
81
89
93
76
99
113
78
56
52
26
24
47
26
-5
-4
-35
-26
9
-1
-1
23
18
19
44
25
-10
19
8
-3
26
12
-28
-30
-31
-30
-2
-1
-13
-34
-38
-43
-25
-30
-47
-64
-66
-43
-46
-66
-90
-107
-132
-140
-125
-147
-151
-147
-127
-116
-109
-120
-122
-111
-101
-101
-100
-102
-100
-75
-74
-64
-83
-77
-66
-19
-9
-6
-11
12
39
54
93
88
109
145
170
168
166
181
179
231
258
281
276
302
318
359
370
345
368
367
391
385
405
369
340
376
379
367
346
338
314
341
342
324
303
293
287
276
294
247
215
225
220
196
189
182
140
139
144
131
81
85
94
105
104
73
39
6
11
15
2
-35
-70
-78
-86
-78
-102
-114
-134
-135
-124
-129
-139
-156
-147
-135
-131
-129
-134
-153
-153
-137
-147
-142
-132
-128
-109
-87
-85
-97
-60
-39
-2
20
49
40
58
108
131
161
170
205
216
258
287
298
324
338
381
399
446
468
493
519
534
564
588
625
622
640
663
677
682
663
675
686
706
709
722
717
707
702
687
674
666
655
627
619
603
572
540
514
481
457
436
385
347
295
241
189
143
82
9
-51
-108
-169
-218
-279
-353
-412
-470
-532
-599
-651
-702
-745
-793
-862
-922
-985
-1036
-1082
-1111
-1156
-1204
-1233
-1265
-1286
-1297
-1298
-1306
-1299
-1291
-1288
-1272
-1280
-1251
-1222
-1192
-1145
-1104
-1065
-1042
-981
-930
-861
-795
-713
-643
-570
-485
-418
-340
-260
-164
-80
23
93
171
257
342
449
537
633
705
801
890
979
1080
1171
1273
1365
1448
1527
1617
1677
1757
1812
1876
1934
1968
2014
2019
2036
2046
2057
2071
2062
2053
2034
2008
1971
1928
1893
1832
1763
1672
1590
1492
1402
1295
1184
1077
944
827
685
564
410
236
91
-76
-231
-424
-590
-787
-972
-1170
-1357
-1539
-1736
-1915
-2122
-2287
-2485
-2653
-2837
-3009
-3168
-3328
-3455
-3604
-3711
-3830
-3923
-3989
-4020
-4033
-4033
-3998
-3964
-3886
-3780
-3645
-3506
-3344
-3180
-3010
-2816
-2618
-2406
-2195
-1962
-1735
-1500
-1259
-1023
-778
-528
-258
5
281
536
798
1059
1311
1568
1785
2017
2236
2443
2637
2801
2962
3111
3246
3357
3469
3570
3672
3752
3831
3898
3933
3974
3981
3979
3958
3938
3901
3839
3806
3750
3678
3613
3541
3455
3372
3317
3242
3150
3054
2966
2869
2742
2602
2443
2278
2061
1816
1544
1241
902
542
180
-191
-573
-963
-1345
-1685
-2022
-2383
-2704
-3004
-3305
-3582
-3831
-4070
-4285
-4490
-4685
-4864
-5039
-5199
-5338
-5440
-5514
-5571
-5597
-5602
-5561
-5478
-5408
-5313
-5190
-5049
-4901
-4734
-4560
-4380
-4194
-3989
-3764
-3521
-3275
-3014
-2712
-2407
-2100
-1787
-1437
-1087
-743
-376
-22
318
635
945
1233
1510
1772
2012
2246
2447
2632
2810
2964
3108
3247
3373
3481
3580
3674
3754
3826
3886
3924
3946
3970
3992
3994
3974
3952
3940
3914
3894
3885
3866
3826
3795
3777
3770
3752
3736
3726
3682
3633
3590
3543
3513
3466
3342
3155
2995
2844
2672
2430
2125
1827
1546
1233
884
543
203
-207
-620
-949
-1300
-1709
-2100
-2415
-2715
-3030
-3367
-3703
-4003
-4285
-4532
-4726
-4918
-5120
-5304
-5463
-5595
-5674
-5740
-5803
-5808
-5765
-5744
-5740
-5677
-5587
-5486
-5328
-5150
-4959
-4777
-4603
-4371
-4086
-3818
-3541
-3224
-2900
-2601
-2295
-1967
-1648
-1318
-975
-626
-293
-5
281
581
881
1167
1439
1690
1902
2115
2314
2495
2674
2840
2987
3105
3204
3280
3341
3386
3437
3491
3520
3521
3534
3522
3489
3482
3488
3483
3477
3481
3478
3474
3474
3466
3467
3483
3485
3502
3516
3489
3465
3476
3494
3480
3475
3451
3421
3431
3401
3283
3143
3031
2920
2751
2496
2205
1941
1660
1328
1005
682
288
-164
-543
-879
-1249
-1644
-1994
-2315
-2629
-2963
-3302
-3628
-3927
-4205
-4442
-4641
-4878
-5118
-5343
-5534
-5644
-5721
-5814
-5898
-5909
-5908
-5913
-5882
-5799
-5702
-5590
-5416
-5210
-5032
-4871
-4667
-4394
-4107
-3820
-3514
-3184
-2879
-2575
-2228
-1878
-1537
-1188
-808
-441
-112
197
509
812
1103
1406
1690
1924
2133
2332
2527
2717
2890
3040
3169
3272
3367
3443
3499
3550
3595
3641
3663
3668
3656
3626
3616
3628
3629
3613
3589
3572
3544
3509
3509
3522
3528
3522
3529
3532
3510
3480
3496
3514
3508
3515
3509
3489
3426
3398
3410
3389
3267
3120
3036
2923
2720
2440
2165
1890
1589
1295
959
589
187
-246
-658
-1005
-1353
-1766
-2132
-2457
-2795
-3139
-3490
-3833
-4140
-4403
-4636
-4846
-5106
-5389
-5601
-5744
-5861
-5954
-6031
-6114
-6157
-6158
-6133
-6085
-5999
-5888
-5751
-5555
-5358
-5187
-5000
-4753
-4457
-4148
-3832
-3507
-3187
-2883
-2530
-2142
-1766
-1422
-1053
-664
-313
19
332
661
984
1286
1598
1890
2104
2272
2478
2690
2894
3061
3204
3305
3387
3485
3554
3636
3669
3713
3752
3788
3748
3722
3718
3700
3752
3674
3718
3635
3617
3612
3566
3665
3593
3652
3611
3615
3647
3585
3610
3589
3606
3595
3593
3618
3559
3521
3481
3464
3463
3404
3256
3148
3042
2861
2646
2359
2095
1793
1492
1168
822
445
-9
-449
-832
-1189
-1571
-1965
-2327
-2672
-3011
-3350
-3715
-4064
-4354
-4613
-4848
-5094
-5380
-5639
-5835
-5969
-6098
-6193
-6276
-6384
-6398
-6377
-6351
-6275
-6183
-6073
-5908
-5701
-5522
-5347
-5098
-4837
-4529
-4185
-3846
-3528
-3227
-2895
-2509
-2123
-1754
-1383
-992
-615
-266
94
437
752
1086
1418
1735
2008
2195
2423
2637
2848
3036
3197
3342
3408
3523
3603
3681
3734
3762
3818
3844
3877
3849
3836
3824
3821
3840
3839
3843
3804
3753
3757
3776
3777
3766
3758
3746
3741
3729
3708
3709
3697
3678
3676
3671
3632
3614
3595
3554
3517
3497
3426
3288
3150
3037
2892
2657
2354
2071
1795
1477
1145
788
435
-3
-450
-848
-1214
-1606
-2014
-2359
-2689
-3038
-3407
-3763
-4097
-4398
-4700
-4962
-5165
-5396
-5677
-5899
-6043
-6176
-6319
-6389
-6432
-6477
-6469
-6452
-6352
-6286
-6199
-6033
-5844
-5633
-5463
-5241
-4955
-4679
-4369
-4041
-3686
-3366
-3048
-2661
-2276
-1900
-1546
-1155
-779
-410
-27
324
677
999
1297
1616
1908
2159
2355
2589
2814
2984
3150
3290
3424
3503
3594
3701
3755
3791
3814
3849
3895
3888
3860
3862
3821
3814
3784
3780
3769
3715
3695
3694
3696
3678
3628
3655
3630
3607
3635
3611
3644
3560
3587
3574
3575
3578
3529
3518
3476
3424
3418
3351
3204
3087
2927
2828
2562
2272
2004
1705
1447
1076
747
405
-76
-459
-925
-1210
-1597
-2027
-2313
-2776
-2984
-3447
-3773
-4090
-4406
-4625
-4950
-5079
-5402
-5639
-5853
-6020
-6081
-6218
-6268
-6383
-6401
-6409
-6413
-6282
-6210
-6098
-5955
-5730
-5560
-5399
-5140
-4890
-4606
-4301
-3938
-3596
-3311
-2998
-2621
-2242
-1870
-1473
-1080
-699
-353
2
328
657
988
1298
1638
1927
2141
2342
2564
2777
2988
3172
3316
3436
3510
3600
3694
3772
3825
3848
3871
3906
3904
3864
3860
3847
3841
3813
3802
3744
3683
3633
3624
3633
3615
3619
3594
3573
3517
3500
3522
3501
3502
3484
3462
3438
3391
3384
3392
3380
3339
3302
3282
3199
3064
2927
2807
2674
2469
2202
1925
1644
1338
982
661
311
-101
-510
-905
-1259
-1646
-2015
-2345
-2670
-2996
-3345
-3689
-3991
-4292
-4580
-4835
-5039
-5255
-5490
-5692
-5854
-5975
-6102
-6177
-6206
-6237
-6247
-6216
-6137
-6041
-5957
-5824
-5649
-5457
-5280
-5069
-4816
-4571
-4292
-4002
-3664
-3348
-3056
-2733
-2375
-2017
-1659
-1300
-919
-581
-262
94
416
742
1040
1321
1613
1856
2083
2292
2511
2712
2857
3036
3149
3271
3341
3453
3564
3606
3691
3709
3735
3736
3701
3717
3700
3706
3675
3623
3627
3580
3550
3502
3502
3504
3464
3483
3451
3441
3414
3413
3430
3396
3393
3372
3351
3338
3293
3290
3272
3270
3201
3141
3125
3060
2982
2858
2747
2589
2390
2148
1883
1623
1336
1037
720
377
2
-419
-803
-1160
-1499
-1835
-2171
-2466
-2821
-3148
-3474
-3773
-4025
-4297
-4528
-4764
-4965
-5175
-5404
-5572
-5687
-5787
-5869
-5913
-5961
-6007
-6004
-5956
-5870
-5759
-5648
-5533
-5364
-5200
-5021
-4809
-4576
-4307
-4039
-3769
-3464
-3184
-2917
-2585
-2234
-1873
-1527
-1179
-852
-540
-216
104
438
753
1032
1300
1543
1790
1998
2204
2428
2617
2781
2924
3055
3149
3241
3355
3443
3506
3558
3566
3575
3589
3589
3599
3597
3589
3550
3518
3498
3464
3435
3415
3411
3417
3381
3381
3358
3338
3326
3308
3303
3286
3246
3209
3167
3149
3114
3067
3050
2992
2963
2902
2844
2792
2720
2667
2550
2403
2241
2078
1865
1605
1351
1100
840
535
195
-148
-496
-861
-1196
-1520
-1834
-2142
-2461
-2759
-3049
-3328
-3614
-3877
-4080
-4314
-4543
-4741
-4892
-5068
-5231
-5361
-5436
-5504
-5565
-5576
-5601
-5592
-5571
-5501
-5384
-5274
-5172
-5049
-4883
-4703
-4520
-4292
-4064
-3806
-3569
-3302
-3006
-2751
-2451
-2145
-1811
-1461
-1147
-838
-529
-237
51
351
662
942
1179
1418
1651
1887
2087
2293
2494
2670
2814
2940
3066
3157
3234
3325
3399
3470
3497
3483
3497
3480
3488
3471
3470
3453
3394
3352
3306
3303
3256
3234
3211
3168
3156
3114
3110
3080
3043
3033
2998
2986
2932
2891
2846
2810
2789
2758
2724
2660
2627
2590
2542
2481
2411
2336
2250
2142
1990
1828
1650
1451
1215
973
740
475
187
-130
-444
-759
-1080
-1381
-1685
-1959
-2249
-2529
-2797
-3062
-3313
-3573
-3785
-3976
-4180
-4369
-4526
-4677
-4818
-4941
-5028
-5095
-5138
-5183
-5186
-5178
-5164
-5121
-5057
-4948
-4838
-4721
-4594
-4436
-4260
-4082
-3867
-3633
-3395
-3157
-2900
-2635
-2368
-2099
-1799
-1481
-1178
-883
-599
-308
-36
257
528
788
1055
1273
1502
1720
1923
2118
2285
2476
2627
2769
2877
2967
3059
3123
3188
3244
3282
3307
3295
3289
3275
3264
3259
3233
3213
3159
3106
3067
3034
3002
2960
2926
2895
2837
2806
2767
2727
2692
2663
2633
2583
2533
2476
2431
2394
2356
2307
2271
2212
2164
2112
2059
2009
1936
1886
1813
1746
1644
1502
1350
1205
1037
837
623
408
169
-80
-338
-604
-876
-1171
-1448
-1709
-1945
-2190
-2429
-2658
-2886
-3106
-3311
-3508
-3668
-3827
-3980
-4122
-4242
-4354
-4447
-4499
-4553
-4577
-4600
-4601
-4582
-4555
-4510
-4452
-4356
-4237
-4125
-3996
-3862
-3704
-3535
-3347
-3129
-2922
-2703
-2484
-2255
-2004
-1759
-1516
-1256
-985
-717
-459
-208
24
258
483
701
931
1127
1315
1494
1671
1833
1979
2119
2239
2359
2467
2562
2658
2724
2757
2787
2833
2857
2858
2847
2820
2808
2783
2769
2741
2697
2660
2598
2558
2539
2502
2451
2402
2361
2312
2287
2265
2232
2192
2157
2111
2068
2033
1990
1966
1940
1913
1873
1833
1794
1739
1710
1673
1648
1611
1545
1478
1412
1353
1250
1127
990
855
693
510
325
110
-90
-318
-544
-779
-1019
-1256
-1497
-1724
-1927
-2102
-2311
-2514
-2678
-2852
-2996
-3130
-3254
-3373
-3487
-3571
-3646
-3697
-3750
-3792
-3810
-3814
-3794
-3776
-3741
-3701
-3667
-3595
-3503
-3395
-3296
-3198
-3073
-2938
-2782
-2627
-2461
-2278
-2109
-1925
-1721
-1519
-1331
-1129
-933
-730
-509
-312
-118
73
260
435
609
796
960
1117
1249
1383
1526
1633
1750
1841
1932
2022
2082
2158
2195
2229
2256
2272
2298
2301
2291
2268
2247
2237
2206
2189
2160
2130
2096
2053
2035
2001
1976
1942
1917
1895
1866
1835
1809
1781
1753
1721
1688
1661
1620
1573
1543
1523
1495
1466
1425
1407
1376
1328
1302
1277
1243
1193
1134
1075
1016
958
874
765
653
530
392
254
95
-68
-238
-412
-579
-746
-922
-1093
-1262
-1417
-1550
-1701
-1851
-1990
-2116
-2240
-2336
-2429
-2523
-2613
-2694
-2762
-2805
-2839
-2874
-2893
-2902
-2904
-2896
-2884
-2867
-2825
-2785
-2735
-2673
-2597
-2520
-2442
-2344
-2249
-2141
-2029
-1909
-1786
-1653
-1518
-1384
-1233
-1087
-952
-805
-657
-506
-358
-215
-73
51
188
311
442
583
698
822
924
1022
1125
1212
1293
1374
1451
1506
1551
1607
1639
1676
1686
1700
1730
1738
1741
1724
1719
1707
1698
1687
1670
1660
1635
1620
1598
1576
1565
1544
1529
1523
1495
1479
1463
1441
1431
1424
1405
1379
1375
1355
1326
1315
1297
1279
1267
1240
1225
1210
1181
1170
1145
1110
1080
1044
995
952
887
815
735
645
556
464
354
241
115
-27
-150
-293
-435
-568
-701
-845
-995
-1124
-1250
-1381
-1507
-1629
-1746
-1856
-1937
-2017
-2087
-2159
-2244
-2294
-2326
-2355
-2387
-2414
-2435
-2441
-2433
-2407
-2374
-2355
-2325
-2277
-2231
-2178
-2110
-2035
-1958
-1880
-1803
-1706
-1601
-1507
-1405
-1283
-1150
-1042
-929
-805
-683
-555
-433
-305
-191
-73
35
141
273
387
483
581
676
767
844
927
1007
1071
1135
1191
1238
1277
1316
1339
1361
1390
1406
1408
1408
1427
1415
1410
1422
1415
1414
1394
1383
1386
1371
1350
1328
1317
1296
1286
1277
1252
1243
1237
1222
1217
1211
1219
1213
1198
1186
1168
1167
1155
1153
1146
1131
1110
1097
1092
1054
1030
1012
979
940
885
839
793
728
644
548
446
370
244
144
1
-81
-250
-357
-531
-626
-826
-929
-1142
-1258
-1498
-1661
-1833
-2127
-2271
-2946
-4487
-11894
-2736
4733
-7228
-13207
-9207
-8429
-8298
-4193
-4401
-9298
-10195
-4377
686
-5359
-9139
-1103
2068
-6491
-5536
99
-4489
-7227
-1723
-267
-5432
-824
-6249
-12776
-5631
-2100
-3241
-2159
-4609
-8193
-4590
205
269
43
-2190
-1438
4854
1153
838
2194
82
3912
5578
6905
3707
579
408
5200
9260
6573
3559
4236
197
592
10756
7232
1592
3641
3670
1210
5481
7694
3246
2337
5204
4617
4501
4538
4123
3883
6217
6588
5102
5120
4599
3483
6095
7809
6775
4117
3092
5243
7037
4905
3100
4179
2880
2656
4745
885
1080
2257
-472
-1126
2159
-2849
-5635
-1196
-3024
-6082
-4072
-5893
-8129
-6778
-6342
-7536
-8991
-9503
-8707
-8268
-9663
-8266
-9490
-10594
-9732
-7914
-9295
-10592
-8184
-7563
-9420
-7300
-8122
-9480
-7702
-5564
-5824
-5698
-6608
-7675
-7587
-3682
-2972
-4565
-4924
-5481
-5667
-4721
-2146
-1496
-5651
-4383
-577
-2992
-5106
-1006
-2601
-3492
1701
-280
-3254
-3018
807
-131
2368
2767
-1285
-2185
3430
4563
1902
2467
3407
2275
7383
5347
3688
5558
4840
5089
9779
11256
4988
4655
8428
10317
10080
11291
10261
8145
7825
13534
12646
10245
10530
12832
12934
13054
14090
11059
9190
10857
12876
12591
11671
8882
7505
6473
5722
6442
6334
4925
849
-1193
246
-962
-3550
-2818
-2940
-5752
-7493
-8185
-9332
-8817
-7479
-7775
-10364
-12184
-10854
-10968
-10765
-7946
-7643
-10984
-11495
-8475
-7731
-7680
-7771
-6551
-5816
-7014
-5928
-5128
-6115
-4268
-3092
-3907
-3538
-3834
-5791
-4029
-117
-2381
-3956
-3443
-3828
-3611
-2462
-1275
-2820
-4251
-2206
-3517
-3307
-1843
-1005
-2721
-3304
-1638
-2229
-339
-813
1251
230
-646
1103
2357
2593
2624
3988
5310
5461
4057
6378
8198
7641
9064
8905
9279
10084
10856
13707
13129
12809
12830
14931
14799
16268
17039
16989
16770
16566
19911
20746
19800
20462
21300
18856
17685
18347
18067
19435
19396
18296
13605
8092
10458
13140
12157
9994
6433
1490
-705
736
2685
1423
-2569
-5006
-7099
-8439
-6953
-6318
-7384
-8302
-8733
-10118
-11668
-10555
-7186
-6037
-6317
-6321
-7831
-7705
-4986
-1682
684
587
-1539
-1851
130
3389
6080
5723
4835
3709
2934
5364
8471
8126
6033
5255
5315
5558
5613
5986
5907
5100
5556
4489
2427
3224
3939
5218
4809
3815
1464
1275
2574
4486
4737
4415
3903
1737
3724
5832
6100
6059
5586
5501
6545
7124
8542
8404
6640
9016
10897
8985
9481
10890
11872
11009
11823
11632
10567
12162
14511
14167
10883
12020
13081
14137
14172
12651
9557
8731
8041
7262
7959
8254
5619
-1324
-5623
-2732
-647
-3929
-7683
-12102
-13947
-15665
-16495
-16641
-17017
-20199
-23285
-24847
-26182
-23883
-23802
-25493
-25001
-24712
-26387
-28783
-24759
-19624
-20060
-22665
-21124
-19918
-19097
-16139
-12948
-11107
-12297
-13244
-10695
-8442
-5859
-3955
-5127
-5100
-4221
-4086
-3125
-1073
235
-927
-2599
-3375
-1828
-856
-452
-1086
-3134
-2892
-3427
-3120
-1846
-2161
-3719
-4000
-2743
-3107
-4490
-3177
-981
-1453
-2136
-1134
-1769
40
2433
3309
2799
2512
3547
5040
7762
9594
8786
6079
8096
12216
12316
12022
11321
12091
14127
13600
14448
14576
14459
14829
16072
16424
16945
14987
12559
13373
14209
11168
7756
6124
9870
10104
192
-7047
-2793
810
-4048
-9963
-11315
-14772
-18777
-17812
-15715
-18928
-23151
-26278
-28234
-25611
-23659
-25516
-29985
-27553
-24145
-29065
-30083
-22426
-19455
-24085
-24080
-19629
-18456
-18757
-15741
-11447
-11359
-11999
-11954
-10180
-5794
-3253
-4391
-5270
-4089
-3080
-3005
-1474
722
331
-2793
-3146
-1728
-415
-915
-2412
-2635
-2251
-3964
-5841
-3162
-1520
-4414
-6458
-5953
-4463
-4662
-5189
-4031
-4688
-4750
-4735
-4225
-2356
-1406
-1674
-2501
-574
1679
1361
1073
4469
4339
3457
7086
6197
7927
9490
9015
9734
11026
11263
12100
12420
14443
15058
12827
13427
15430
12143
12096
12638
7896
7409
9191
11698
3909
-5109
-3629
1653
-338
-6450
-11494
-13882
-14601
-15681
-16544
-17730
-20898
-23198
-26775
-26285
-22092
-24139
-27821
-26504
-22975
-25537
-28943
-24046
-17133
-17581
-21512
-18962
-16498
-13716
-10795
-7810
-6266
-7056
-6229
-3697
977
3658
3560
2147
4419
7051
6762
8349
9886
10900
10128
8991
9944
11170
11940
11694
10428
10388
10038
8802
9790
12595
10954
8399
7001
8586
10751
11200
10641
8668
8807
9758
11847
12498
13068
11701
12432
14648
15807
17116
16420
16691
18746
19580
20439
20513
21071
23107
21996
22930
24889
23907
23237
24992
26302
25528
24859
25877
24905
22596
22583
22535
17278
15819
17958
19426
14025
3089
1170
5794
7452
1153
-7051
-10203
-10534
-12136
-14700
-14713
-17156
-22267
-26555
-26410
-22310
-23731
-28730
-29716
-25313
-26379
-31655
-29495
-22191
-20986
-25569
-24927
-22170
-20056
-17054
-14889
-13068
-13959
-14345
-12094
-7764
-3930
-4737
-7667
-6085
-2122
-1961
-1891
-658
126
-748
-1963
-1185
110
1013
425
-1849
-1694
-1358
-2843
-2023
213
-631
-3323
-4950
-2516
-850
-687
-1179
-1897
-1573
-425
398
1911
3464
3418
3154
4287
6732
8298
9329
10269
11097
11997
12968
14349
16045
18374
18324
17805
19296
20444
21614
22643
23835
23592
22801
24912
25088
22022
22763
24271
19473
16571
18986
22181
18497
7488
5169
10411
12207
6634
-1150
-3397
-2553
-4805
-7622
-7485
-8755
-13043
-17636
-17128
-13212
-14750
-18437
-19132
-15883
-16636
-21011
-18388
-11596
-11142
-15301
-14814
-11536
-8615
-6549
-4825
-3505
-3689
-3531
-1892
2755
5891
4378
2035
3903
7209
7672
7596
8015
8792
7942
6782
7154
8435
9670
7465
5086
5607
6070
4546
4243
5875
4609
1838
923
1689
2987
2651
2551
865
436
1439
1723
3155
3925
3526
1961
3421
6015
6838
7096
7414
8585
8806
9649
10757
12058
13632
13268
13124
14031
15320
15578
15752
17375
17342
17812
17670
15704
14429
15421
15247
11078
9930
10877
11623
5040
-2038
-1917
2330
1034
-7266
-13362
-13011
-13156
-15978
-18868
-19147
-22247
-26427
-29311
-26967
-24617
-27941
-32170
-31316
-27249
-29793
-31977
-28537
-24116
-25291
-27137
-24820
-22369
-19781
-17982
-16096
-15196
-14451
-13846
-11614
-6581
-4416
-6784
-7749
-4560
-1489
-910
-576
-459
-111
-280
29
855
2335
2541
69
-867
253
962
-55
379
1002
-431
-1868
-1537
-123
823
802
-532
-552
273
1048
3053
3692
3519
3621
3880
6478
8010
9228
10343
9693
11196
12959
13641
16049
17397
16704
17032
17930
21026
21058
21049
22384
22037
23155
24227
23096
21559
22363
21425
16771
17002
20723
21659
12426
4167
6623
12237
10221
1527
-3421
-4017
-4802
-7088
-9137
-10036
-12655
-16976
-21386
-18288
-16074
-20084
-23691
-21691
-19076
-23905
-25361
-19761
-16723
-19042
-19793
-18659
-16813
-13830
-11583
-10228
-9369
-8529
-9492
-6968
-827
445
-2378
-2398
385
1711
2691
4213
4392
3601
3191
3522
4093
6243
5376
2943
2492
3923
2813
1449
2863
2957
546
-715
66
548
533
12
-301
-965
-380
-101
539
2095
2604
1274
1291
3554
5657
6308
6487
6914
7893
9107
10436
12140
13228
12851
13093
14975
16173
16608
17045
17926
18405
18686
18755
19515
20658
19587
16373
17050
15887
13237
13839
16949
14806
3280
-1134
5561
9081
2827
-5077
-8584
-8669
-8641
-10748
-12800
-13965
-16699
-22864
-24488
-18264
-18494
-24215
-25564
-22312
-23719
-26962
-23798
-19334
-19208
-21390
-21457
-20173
-16256
-13222
-12569
-11714
-10654
-11114
-10280
-4761
-693
-2396
-5025
-3073
-239
1505
2881
2547
2086
2189
2089
2753
4505
5687
3146
950
2228
3342
2006
1837
2346
1357
-503
-973
595
969
500
-191
-719
-610
502
882
1672
2590
2702
1681
2239
5816
7236
6790
7041
8150
9291
9597
12488
14047
14206
13336
14752
16247
17328
18590
18494
18747
19166
20494
20579
21480
21510
19063
18098
18160
15620
15432
17793
18539
9391
1642
4334
11022
8211
-174
-5527
-6211
-6135
-7845
-9532
-10707
-13285
-18423
-22043
-18435
-15597
-19637
-23761
-21226
-21479
-24758
-23715
-18403
-17155
-20915
-21139
-19375
-16474
-13342
-12084
-12029
-11191
-10268
-9951
-6631
-1753
-1324
-4793
-3858
-404
1000
2074
2834
2495
1728
1890
2909
4275
5135
3652
1299
1780
2966
2657
1451
1816
1209
-645
-1504
-26
920
-644
-1994
-2116
-1322
-995
-413
-206
-527
-19
-214
1317
2870
3467
3102
3511
5858
6947
6521
7595
10094
9973
10125
11094
12714
13201
13750
14300
14539
15444
16370
16468
17175
18578
16686
14756
16084
15745
11873
11575
14680
15445
7045
-1090
1909
8121
5862
-2467
-8434
-8340
-8027
-9408
-11847
-13090
-15359
-20730
-23695
-19759
-17416
-22198
-25568
-23816
-22998
-26408
-25186
-20620
-19551
-22169
-23934
-21725
-17419
-14050
-14455
-14962
-13275
-11703
-10587
-7340
-3691
-4156
-5866
-4591
-1525
672
1237
1074
1208
1720
1701
2336
4060
4984
2905
1120
2136
3324
3170
2383
1533
751
257
439
908
1465
440
-1224
-1654
239
923
898
962
657
463
1146
3267
4769
5248
3820
3468
6648
8749
9025
8934
10708
10996
10948
12228
14695
15748
15328
14959
15178
17866
18366
18523
18537
19420
20709
19757
17334
17031
18760
16338
14818
15754
16830
11260
3566
5483
10366
9524
737
-5360
-4690
-2494
-4328
-9043
-10779
-12021
-15048
-19029
-16125
-13998
-18573
-22289
-21099
-19096
-21495
-21572
-18864
-17432
-19218
-20778
-19446
-14680
-11183
-13092
-14032
-12288
-9114
-8037
-5675
-3363
-3884
-4844
-3114
146
1608
2036
874
1276
2521
3458
3293
3600
4915
3411
1427
2362
4154
3377
2155
1301
597
205
771
1501
88
-366
-1270
-1782
-386
1000
150
-858
-306
213
962
1999
3332
2991
2809
3954
5081
6700
7878
8240
8276
9068
10528
11497
13319
13516
13257
12984
14987
16620
16135
16262
16711
17852
17330
18305
19093
18098
15771
15490
14701
13996
14833
14742
12197
5559
3121
6304
8189
4376
-2523
-5905
-5298
-5032
-7371
-9560
-11260
-13887
-17737
-18348
-15260
-16014
-19367
-20828
-20178
-21040
-21440
-19295
-16993
-17771
-19526
-20001
-17433
-12575
-11303
-12784
-12861
-10865
-8853
-6912
-3862
-3426
-5061
-4055
-1478
524
1569
1130
619
1420
2726
2542
2567
3984
3816
1560
1318
2745
2928
2358
1349
481
-522
103
675
445
-847
-1544
-2144
-1926
-184
-307
-1327
-1679
-377
-192
-29
1480
2355
1767
2115
3363
4360
5945
6742
6187
6806
8887
9914
9861
10655
12087
12058
11985
14353
14113
13771
14510
15597
16068
16484
16614
16556
17295
16321
14803
13984
13934
13394
12621
13472
10709
3963
1818
6597
8040
1660
-5075
-6411
-4940
-5606
-7838
-10989
-12649
-14515
-17659
-17803
-15271
-16345
-20764
-21074
-19432
-20474
-21152
-18252
-16963
-19123
-19735
-18302
-15720
-13020
-11982
-12969
-12665
-10291
-8522
-6716
-4173
-3575
-5590
-4917
-1037
1062
992
35
23
665
2033
2711
2728
2719
1933
884
1169
2530
2502
955
-55
160
-588
-1327
-270
202
-1367
-3148
-3038
-1722
-1012
-1056
-2157
-2929
-1471
-268
-319
345
930
620
1256
3061
4309
4214
4666
5729
6664
8025
8635
8671
9710
11358
11095
11274
11987
13488
13753
14417
14239
13319
14750
16566
16376
15881
16047
15040
13228
13575
13255
12214
12066
12496
8875
2767
2738
6457
6472
590
-4451
-6124
-5555
-5367
-7455
-10222
-12351
-14183
-16793
-16158
-14217
-15732
-19091
-19428
-18517
-19532
-18663
-16510
-16053
-17628
-18216
-17170
-14048
-10978
-11073
-12186
-11359
-9151
-7609
-5079
-3320
-3607
-4376
-3011
-1196
557
2225
1770
628
594
2226
3314
4269
4092
2152
984
2167
3745
3387
2466
1156
95
158
1203
1327
385
-522
-1399
-1966
-1002
302
-188
-1321
-1726
-1161
-539
1040
1779
935
572
1656
2855
4595
5405
5225
5242
6189
7768
8327
9452
10287
10254
10262
11134
12656
13049
13546
13257
13330
13577
14856
14656
14504
14905
14927
15310
15678
14696
12280
12133
11909
11534
11284
10972
8272
2511
1817
5271
5906
370
-4756
-5788
-4868
-5244
-7838
-10002
-11241
-12750
-15771
-15707
-13583
-14852
-17758
-18232
-17381
-18538
-17998
-15988
-15262
-16682
-17242
-16394
-14799
-11332
-10806
-11675
-11678
-10021
-8383
-6349
-4159
-4329
-5305
-4484
-2084
-1197
76
332
-263
-349
-30
1012
1872
2613
1411
-547
-367
1475
1850
753
-104
-906
-1596
-1118
-312
-981
-1775
-2272
-3093
-2982
-1778
-1435
-2342
-2420
-2520
-2362
-1223
488
624
-597
-184
816
2799
4285
4257
3412
4105
5949
7298
8201
8226
8419
8069
9526
11252
11603
11628
10580
11343
12126
13225
13032
12735
12865
13035
13977
14074
14131
12602
11486
11389
11106
10349
10213
10481
7917
3008
1737
4874
5988
1479
-4017
-5126
-3461
-4188
-6315
-8134
-9351
-11553
-13221
-12445
-11538
-12989
-15222
-15439
-14890
-15141
-15246
-13896
-12833
-13463
-14460
-13781
-10848
-8738
-8575
-10070
-9485
-6628
-4078
-3387
-3852
-3450
-2428
-634
963
1478
1330
288
1261
3572
4383
3170
1579
2506
3789
3704
2804
2377
2270
2062
1609
1482
1467
975
235
-222
-236
-366
-1023
-796
-515
-1158
-1669
-1348
-519
-164
-306
-466
145
988
1688
1985
2451
2927
3375
4307
5280
5757
5762
6358
7945
8458
8049
8514
9519
10148
10351
10382
11078
10755
11773
11732
11813
12034
11933
12435
12429
13317
12814
12590
11386
10475
10541
11186
9872
7976
7872
7363
4054
1550
3155
4206
629
-4131
-5589
-4157
-4333
-6999
-9570
-10176
-11389
-13283
-13365
-12155
-13110
-16041
-16557
-15351
-14901
-15297
-14843
-14441
-14614
-14625
-13761
-12040
-10196
-10020
-10809
-10362
-8503
-6734
-4954
-4122
-4957
-5382
-3769
-1182
119
-154
-1254
-1425
-825
1179
1917
1580
271
-1052
-701
858
1678
204
-1525
-2021
-1770
-1560
-1115
-1667
-3176
-4159
-4073
-3375
-3119
-3408
-4325
-4968
-4519
-3716
-3309
-3042
-3003
-3467
-3102
-1869
-803
-220
-1
-77
68
1653
3136
3646
3666
3725
4289
5384
6943
7305
7122
7259
7882
8425
9093
9875
9760
9571
9324
9902
10562
11451
11119
10464
10507
11355
11116
9744
9148
9586
9441
7556
6759
6954
6255
3120
1257
2612
3055
-282
-3952
-4120
-3158
-4423
-6921
-7964
-8259
-9510
-11045
-11087
-10147
-11363
-13111
-13111
-12080
-12095
-12492
-12011
-11333
-11086
-11137
-10458
-9134
-7583
-7621
-7487
-6413
-4797
-4669
-4205
-2167
-1208
-1211
-1691
-364
961
2003
1766
1494
1448
2014
2247
2227
3482
2609
1064
376
1815
2365
1307
455
-395
-720
-375
-15
-1082
-1429
-1939
-2503
-2495
-1820
-1625
-2737
-2592
-2170
-2309
-2185
-1118
-665
-767
-912
-561
551
1853
2483
1705
2000
3209
4194
4881
5654
5729
5351
6158
7451
8281
8170
8043
8220
8732
9458
9626
9866
9895
9637
9083
9777
10984
10608
9966
9693
10517
10698
10216
8959
8621
9381
9481
7370
5596
6336
7009
5221
1754
1360
2712
1940
-1306
-3325
-3040
-3239
-5130
-6599
-6462
-7656
-9660
-10035
-9023
-9541
-11514
-11976
-11206
-10853
-11589
-11760
-11010
-10234
-10550
-10558
-9624
-8330
-7777
-7743
-7105
-6155
-5403
-5009
-3843
-3197
-2951
-2502
-1486
-787
-745
-616
-106
561
698
352
142
389
847
851
357
-273
-725
-503
-97
-403
-1445
-2027
-1836
-1787
-1929
-2143
-2572
-3114
-3042
-2442
-2370
-2734
-2925
-2596
-2293
-1716
-1371
-1349
-1210
-601
30
449
1075
1386
1639
2195
2909
3350
3850
4354
4717
4982
5480
6258
6529
6596
6911
7276
7819
7992
8388
8362
8539
8520
8636
9375
9431
9158
9036
9484
9415
9657
10178
9718
8422
7788
8758
9357
8310
5650
5129
6477
6433
3569
1042
2108
2876
592
-2525
-2822
-2254
-3111
-5354
-6568
-6662
-7461
-8463
-9012
-8770
-9851
-11177
-10909
-9967
-10344
-11346
-11223
-10371
-9762
-9873
-9770
-9180
-8011
-7669
-7633
-6684
-5534
-5094
-4808
-4286
-3304
-2848
-2517
-1752
-916
-656
-1219
-756
396
755
-151
-65
46
215
537
192
-305
-970
-664
-838
-754
-1018
-1971
-2514
-1950
-1745
-2462
-2645
-2878
-2793
-2738
-2478
-2603
-2507
-2009
-2170
-2159
-1438
-843
-864
-388
82
398
668
1531
2167
2246
2610
3083
3612
4275
4848
4880
5099
5503
6165
6637
6886
7114
6934
7311
7988
8218
8073
8066
8125
8287
8596
8766
8738
8379
8526
8767
8791
8992
8676
8280
7171
7297
8171
8035
6027
3889
4756
5582
4830
1852
319
958
1061
-861
-2844
-2893
-3420
-4822
-6337
-6261
-6628
-7816
-8836
-9035
-9004
-9999
-10370
-9967
-9631
-10484
-10810
-10308
-9381
-9077
-9225
-8995
-8435
-7427
-7114
-6493
-5822
-5160
-4959
-4230
-3317
-2581
-2690
-2608
-1613
-827
-785
-1125
-274
89
-153
-411
-138
90
-336
-508
-359
-256
-1128
-1826
-1519
-867
-1460
-2632
-2809
-2392
-2232
-2682
-2873
-2938
-2973
-3161
-2805
-2281
-2111
-2452
-2512
-1759
-1174
-942
-900
-373
-117
109
601
1440
1809
1776
1897
2422
3178
3391
3436
3721
4298
4208
4284
4897
5412
5260
4857
5190
5638
6200
5777
5653
5696
6015
6102
5997
6085
5875
6040
6101
6445
6292
6280
5980
6563
6339
5496
5168
5993
6400
5274
3421
2750
4012
4388
2912
392
203
642
-54
-1305
-2142
-2690
-3749
-4642
-5111
-5178
-5936
-6860
-7594
-7550
-7806
-8629
-8355
-8042
-8391
-9232
-8901
-8109
-7553
-7618
-7682
-7452
-6681
-5842
-5555
-4860
-4438
-4023
-3823
-2802
-1749
-1377
-1397
-1126
-358
366
777
950
1295
1252
1260
1743
2372
2265
1746
1347
1680
2207
2224
1478
937
1149
1196
1076
927
709
262
197
334
419
259
50
-18
170
458
277
359
707
915
747
995
1501
1726
1928
1969
2120
2332
2879
3069
3153
3284
3324
3490
3922
4386
4335
4239
4250
4419
4871
5257
5003
4715
4915
5346
5528
5537
5397
5265
5556
5775
5693
5856
5734
5684
5686
5958
5980
5902
5887
6040
6129
5768
5092
4883
5877
6057
4735
3476
3166
3547
3517
2925
1775
458
-111
-292
-523
-1103
-2326
-3688
-4072
-4227
-4768
-5423
-5725
-6355
-7306
-7539
-7325
-7285
-7364
-7775
-8359
-8182
-7559
-7076
-6934
-6821
-6897
-6769
-5912
-5007
-4571
-4418
-4325
-3871
-3044
-2343
-1838
-1478
-1221
-1148
-736
134
660
625
530
470
677
1313
1656
1342
836
393
495
1288
1447
471
-522
-319
25
45
-172
-859
-1370
-1179
-989
-1219
-1272
-1401
-1747
-1662
-1288
-1428
-1635
-1062
-919
-1212
-1125
-785
-530
-157
136
-98
-65
422
772
948
1322
1264
973
1344
1956
2122
1913
1872
1939
2142
2619
2625
2373
2315
2477
2636
2766
2862
2667
2602
2786
2770
2900
3009
3142
2799
2731
2880
3203
3298
3201
3107
3069
3267
3261
3485
3533
3521
2972
2855
3218
3682
3215
2417
2155
2381
2268
1779
1423
1108
730
51
-458
-584
-749
-1427
-2167
-2484
-2906
-3306
-3469
-3644
-4188
-4781
-5081
-4997
-4864
-5118
-5541
-5742
-5562
-5499
-5407
-5330
-5191
-5225
-5148
-4888
-4468
-4132
-4036
-3954
-3682
-3253
-2975
-2643
-2314
-2164
-2104
-1805
-1374
-1175
-970
-821
-721
-734
-636
-460
-108
54
-261
-622
-489
-46
61
-20
-412
-641
-511
-161
-117
-338
-615
-775
-637
-281
-280
-513
-538
-488
-520
-315
-24
72
-73
-97
-48
300
589
612
572
653
727
803
1128
1451
1333
1066
1238
1566
1828
1814
1707
1700
1888
2083
2217
2236
2198
2086
2274
2663
2741
2477
2386
2666
2952
2939
2853
2799
2956
3118
3095
3092
3179
3291
3068
3314
3379
3301
3149
3291
3380
3230
3191
3028
2875
2806
2740
2568
2424
2107
1680
1333
1290
1104
490
-19
-288
-670
-1220
-1576
-1853
-2214
-2739
-3214
-3492
-3566
-3820
-4379
-4656
-4677
-4765
-4959
-5033
-5047
-5143
-5160
-5043
-4885
-4761
-4664
-4599
-4381
-4157
-3947
-3700
-3391
-3202
-3121
-2893
-2534
-2232
-2070
-1908
-1778
-1511
-1350
-1200
-1067
-982
-919
-836
-674
-679
-688
-646
-561
-557
-596
-620
-518
-424
-509
-587
-536
-467
-455
-400
-357
-408
-362
-217
-143
-83
12
75
112
318
506
563
608
812
997
1183
1296
1362
1452
1672
1883
1951
2054
2147
2203
2324
2552
2631
2560
2627
2700
2714
2792
2946
2926
2799
2688
2795
2951
3056
2838
2622
2580
2749
2810
2690
2506
2366
2430
2384
2387
2219
2136
2094
2121
1990
1867
1885
1852
1778
1639
1608
1538
1491
1489
1354
1244
1149
1092
1130
1113
828
655
639
572
319
225
100
-210
-530
-684
-671
-790
-1175
-1737
-1822
-1791
-1973
-2345
-2651
-2829
-3027
-3081
-3146
-3318
-3573
-3732
-3754
-3650
-3640
-3791
-3774
-3662
-3608
-3615
-3420
-3204
-3132
-3102
-2949
-2745
-2517
-2403
-2340
-2102
-1939
-1879
-1762
-1436
-1301
-1396
-1348
-1075
-873
-817
-860
-867
-723
-580
-542
-504
-450
-491
-500
-308
-190
-243
-250
-186
-138
-54
34
101
176
210
209
291
522
632
630
691
814
952
1097
1176
1221
1318
1442
1612
1679
1685
1692
1818
1982
2063
2048
2052
2133
2347
2403
2283
2338
2500
2514
2481
2630
2686
2590
2535
2636
2667
2745
2717
2597
2629
2621
2536
2512
2591
2537
2421
2288
2338
2250
2337
2240
2023
1965
1943
1989
1866
1762
1572
1418
1367
1383
1193
1007
780
554
502
400
190
-78
-360
-516
-696
-891
-1144
-1435
-1578
-1798
-2108
-2279
-2393
-2527
-2723
-2959
-3106
-3177
-3235
-3363
-3395
-3423
-3524
-3571
-3457
-3377
-3346
-3305
-3300
-3189
-3012
-2859
-2769
-2661
-2513
-2427
-2262
-2058
-1901
-1795
-1695
-1575
-1433
-1385
-1280
-1077
-978
-1061
-1058
-880
-791
-780
-751
-748
-753
-662
-613
-577
-519
-583
-605
-476
-347
-360
-376
-284
-268
-168
-10
49
57
126
230
363
541
599
572
669
854
957
1025
1137
1177
1230
1352
1473
1525
1563
1594
1631
1709
1714
1687
1783
1891
1822
1728
1758
1863
1902
1879
1770
1695
1773
1876
1843
1756
1649
1563
1634
1791
1760
1523
1444
1454
1507
1539
1464
1255
1221
1270
1266
1208
1119
1032
912
945
910
802
707
673
547
455
390
361
254
135
60
-56
-83
-209
-319
-388
-412
-535
-649
-749
-792
-857
-859
-847
-1000
-1162
-1202
-1204
-1166
-1161
-1284
-1414
-1427
-1339
-1349
-1402
-1450
-1508
-1522
-1459
-1456
-1504
-1538
-1553
-1574
-1577
-1562
-1593
-1615
-1620
-1639
-1713
-1728
-1696
-1676
-1719
-1761
-1782
-1767
-1696
-1671
-1708
-1729
-1669
-1611
-1563
-1515
-1483
-1464
-1373
-1266
-1184
-1123
-1045
-971
-866
-722
-611
-548
-489
-384
-270
-146
-58
42
102
147
226
337
420
434
497
552
572
602
658
699
714
735
727
751
812
847
802
773
793
851
865
868
820
813
867
903
883
873
841
855
907
928
889
851
849
883
901
850
798
790
821
795
763
712
741
696
744
625
505
589
605
516
497
514
437
369
398
442
322
327
233
205
284
261
169
167
173
89
88
76
78
6
-12
-72
-91
-135
-180
-288
-200
-260
-420
-485
-470
-585
-925
-788
-778
-891
-868
-916
-1046
-1100
-929
-927
-1111
-993
-1026
-1107
-1021
-932
-1027
-1021
-938
-982
-1006
-1000
-936
-971
-963
-967
-970
-921
-825
-858
-765
-861
-929
-822
-862
-739
-748
-736
-728
-694
-624
-638
-538
-515
-502
-382
-252
-181
-193
-189
-220
-74
-7
19
38
0
34
86
192
185
151
177
254
305
377
344
349
458
479
552
560
644
640
719
725
761
673
714
947
914
1003
1024
1109
1156
1202
1368
1282
1301
1380
1407
1446
1465
1371
1308
1369
1398
1420
1348
1323
1250
1231
1307
1283
1247
1211
1130
1143
1182
1087
1083
936
878
882
857
801
637
576
545
526
548
476
381
377
412
321
283
247
184
71
2
47
-31
-90
-116
-177
-225
-260
-295
-274
-301
-377
-519
-488
-427
-461
-518
-530
-629
-704
-675
-678
-725
-767
-839
-906
-865
-843
-905
-975
-962
-1057
-1063
-1023
-1054
-1132
-1176
-1210
-1277
-1253
-1248
-1300
-1336
-1321
-1359
-1330
-1241
-1260
-1302
-1304
-1236
-1211
-1171
-1149
-1141
-1109
-1029
-966
-914
-851
-851
-782
-697
-597
-543
-480
-410
-360
-275
-191
-100
-60
17
66
127
209
303
375
414
456
475
571
690
761
751
762
835
905
955
990
1007
1023
1053
1076
1124
1154
1149
1108
1126
1167
1180
1159
1149
1147
1138
1155
1170
1153
1110
1093
1074
1064
1090
1071
1021
986
965
954
961
923
859
854
833
799
770
758
662
603
601
585
561
532
471
353
340
363
351
256
151
92
105
90
36
-23
-99
-154
-147
-135
-209
-270
-331
-352
-366
-367
-427
-509
-517
-537
-579
-617
-650
-749
-751
-710
-736
-814
-836
-866
-885
-842
-881
-903
-898
-856
-935
-917
-883
-894
-947
-899
-844
-856
-828
-838
-828
-775
-687
-693
-663
-632
-616
-561
-485
-478
-503
-442
-377
-344
-333
-280
-299
-280
-212
-169
-169
-180
-154
-125
-68
-47
-62
-74
-29
1
22
58
54
51
74
124
136
148
156
182
207
241
264
263
264
270
326
355
373
378
386
421
451
477
487
508
530
534
557
564
542
563
592
609
594
603
572
574
626
623
575
573
616
609
586
585
570
548
595
603
588
553
529
500
523
567
506
449
465
427
406
421
438
324
293
279
238
241
244
172
65
52
20
-1
14
-48
-178
-217
-191
-170
-202
-238
-300
-322
-284
-286
-271
-297
-349
-415
-376
-305
-295
-343
-390
-422
-407
-322
-306
-344
-412
-389
-368
-307
-285
-340
-420
-390
-324
-324
-337
-371
-423
-402
-330
-336
-350
-364
-382
-374
-316
-324
-358
-328
-284
-308
-292
-291
-319
-304
-237
-229
-244
-227
-258
-242
-177
-180
-197
-177
-142
-146
-136
-108
-122
-104
-86
-95
-96
-56
-52
-55
-29
-27
-34
20
81
62
50
67
131
172
176
162
173
235
262
289
318
301
288
339
417
421
380
379
386
417
425
421
391
379
381
372
387
377
338
272
233
251
285
261
214
161
156
155
153
160
133
90
32
43
90
80
17
5
-1
14
28
19
-25
-42
-59
-71
-17
-13
-82
-113
-70
-75
-113
-88
-102
-134
-151
-120
-124
-126
-157
-201
-212
-215
-222
-203
-207
-286
-311
-253
-241
-275
-295
-296
-309
-290
-282
-324
-298
-296
-306
-386
-353
-285
-238
-309
-411
-377
-284
-177
-165
-199
-304
-299
-143
6
-9
-156
-233
-120
27
73
19
-63
-61
31
185
216
142
81
97
208
310
314
227
179
199
252
294
300
240
185
195
240
258
258
211
171
190
210
220
197
164
138
136
151
153
128
91
64
64
96
99
95
74
57
53
54
66
64
58
29
18
11
22
30
15
-31
-58
-55
-30
-15
-54
-109
-113
-80
-79
-114
-138
-153
-155
-124
-115
-137
-169
-197
-210
-160
-147
-176
-225
-224
-231
-221
-214
-263
-294
-304
-267
-254
-260
-298
-302
-273
-243
-240
-241
-246
-264
-244
-214
-213
-243
-227
-201
-189
-180
-168
-173
-150
-110
-95
-77
-60
-60
-45
12
26
1
8
32
66
94
98
84
90
108
121
146
171
144
124
182
212
198
192
195
205
234
254
245
241
222
215
232
261
240
183
194
192
172
174
166
134
124
120
104
90
83
72
72
79
55
60
52
33
10
8
12
9
2
-4
-12
-3
-1
-20
-9
2
-9
-3
24
24
-25
-36
-35
-17
-24
-55
-76
-95
-93
-84
-78
-98
-117
-124
-122
-123
-138
-173
-194
-195
-191
-184
-194
-220
-238
-227
-201
-206
-200
-214
-239
-238
-224
-210
-236
-242
-271
-277
-261
-256
-264
-288
-307
-315
-292
-280
-279
-308
-294
-294
-288
-282
-286
-289
-291
-273
-258
-247
-247
-244
-238
-216
-186
-150
-118
-103
-109
-77
-53
-30
-1
13
17
-3
19
48
63
54
59
78
85
105
105
107
99
107
119
137
125
94
91
107
116
112
97
57
58
85
125
124
113
103
105
126
146
154
150
149
163
178
181
170
162
159
149
163
176
158
147
149
153
154
147
151
145
126
112
109
109
105
98
89
80
68
74
55
26
36
65
73
50
25
24
40
48
42
28
23
-13
-31
-29
-27
-27
-49
-76
-96
-102
-88
-110
-98
-131
-121
-171
-145
-191
-131
-207
-135
-263
-142
-289
-8
-221
-627
325
-530
-83
-120
-116
-171
-352
250
-506
79
-231
15
-282
-155
-55
-190
-126
-132
-147
-111
-89
-236
118
-198
-100
-7
-25
-62
-101
71
-84
-23
49
-18
-4
-86
63
46
-8
76
49
67
96
110
209
66
113
175
183
158
174
180
159
213
260
262
247
266
258
372
275
339
329
290
314
296
387
270
318
303
286
297
305
297
234
266
239
247
223
217
164
179
163
142
155
107
82
57
90
68
27
41
-1
0
-21
-17
-28
-52
-63
-76
-87
-96
-108
-100
-115
-124
-134
-132
-129
-136
-149
-158
-156
-144
-156
-185
-207
-229
-223
-202
-190
-201
-225
-236
-245
-241
-249
-245
-252
-262
-261
-269
-261
-273
-286
-284
-276
-263
-246
-250
-238
-248
-242
-216
-196
-182
-170
-156
-141
-131
-109
-89
-77
-71
-67
-49
-30
-12
-4
-3
6
14
27
40
42
54
65
68
77
85
95
86
87
93
91
92
87
84
101
112
110
116
120
118
116
124
129
130
136
131
134
136
140
132
127
151
151
156
144
137
134
139
154
152
149
132
131
137
147
150
143
147
134
143
136
134
115
102
96
81
77
54
33
17
8
-7
-13
-23
-33
-50
-74
-84
-106
-111
-125
-139
-164
-195
-219
-224
-211
-226
-243
-243
-240
-242
-234
-236
-233
-241
-231
-229
-223
-222
-226
-217
-219
-215
-212
-191
-188
-182
-181
-176
-161
-148
-142
-138
-135
-131
-123
-124
-129
-140
-142
-144
-149
-152
-153
-155
-169
-188
-204
-194
-179
-171
-176
-183
-180
-174
-178
-166
-149
-142
-139
-138
-126
-132
-121
-90
-63
-51
-42
-33
-20
-7
3
36
57
76
83
94
112
124
130
138
150
160
159
155
156
156
171
177
185
182
176
177
175
180
179
175
166
163
154
147
148
132
117
112
104
103
99
83
79
80
69
63
48
41
31
26
24
20
8
0
-11
-18
-21
-30
-29
-43
-48
-60
-70
-68
-63
-62
-61
-56
-49
-60
-71
-62
-54
-62
-66
-69
-71
-78
-92
-90
-83
-85
-91
-102
-114
-124
-132
-133
-144
-169
-183
-195
-198
-201
-219
-235
-248
-255
-263
-273
-277
-282
-292
-293
-292
-293
-295
-295
-284
-266
-255
-244
-240
-229
-217
-205
-190
-178
-160
-145
-132
-124
-106
-87
-63
-54
-46
-42
-16
-6
3
21
30
50
58
54
63
80
71
