-434
-426
-417
-432
-455
-439
-441
-449
-486
-505
-519
-495
-469
-519
-561
-592
-598
-608
-628
-661
-680
-692
-724
-738
-747
-752
-745
-735
-710
-704
-710
-717
-712
-703
-672
-668
-657
-641
-629
-607
-589
-569
-551
-527
-476
-428
-391
-366
-354
-336
-303
-261
-226
-193
-165
-135
-104
-76
-50
-16
28
94
127
162
206
237
285
333
364
386
421
441
446
446
442
445
460
516
549
564
563
580
569
583
612
583
555
554
561
544
540
521
479
465
486
474
436
428
401
389
401
405
385
356
367
361
350
336
314
291
289
292
270
251
226
221
225
238
212
196
175
173
178
169
149
110
109
99
105
80
63
51
59
83
83
65
54
57
61
75
65
43
45
56
39
16
-5
-42
-47
2
18
10
-5
-19
-33
-11
19
4
-11
3
23
41
52
20
-9
15
51
72
84
96
85
116
155
161
149
149
178
197
236
241
212
223
251
262
269
276
270
256
272
275
257
261
275
275
281
274
224
201
207
209
198
194
165
133
129
125
101
77
63
61
63
70
45
2
-10
0
21
36
48
19
6
8
9
14
7
20
28
61
65
56
53
27
35
44
47
35
12
-9
-18
-12
-18
-42
-51
-60
-60
-58
-61
-76
-73
-59
-51
-45
-54
-64
-63
-47
-30
-20
-31
-16
-6
21
52
53
59
88
110
134
140
138
133
142
167
181
171
172
180
203
232
239
221
204
202
195
210
218
216
220
226
229
229
246
236
231
248
258
239
225
220
226
242
248
243
226
232
236
242
248
233
223
204
201
190
193
188
165
169
175
168
157
156
153
151
152
137
115
103
105
110
132
131
121
111
105
99
97
108
97
85
88
85
97
109
115
118
128
150
151
156
157
139
143
151
157
142
142
135
120
132
140
127
112
112
98
89
89
86
56
48
50
27
4
-6
-5
-32
-47
-55
-77
-112
-107
-97
-104
-105
-103
-120
-125
-115
-122
-136
-147
-138
-128
-141
-142
-165
-188
-174
-168
-169
-183
-185
-218
-215
-194
-197
-197
-210
-219
-229
-203
-201
-201
-187
-178
-181
-169
-142
-165
-177
-185
-157
-138
-126
-123
-119
-113
-117
-94
-96
-88
-79
-62
-58
-53
-71
-83
-77
-74
-69
-79
-98
-107
-99
-103
-105
-111
-130
-134
-125
-127
-139
-158
-173
-177
-170
-157
-161
-179
-184
-183
-182
-171
-193
-205
-223
-227
-211
-205
-208
-220
-237
-249
-245
-244
-242
-256
-262
-258
-245
-228
-222
-213
-202
-188
-179
-168
-159
-147
-128
-103
-87
-94
-91
-68
-22
16
36
43
36
50
76
99
113
115
107
123
138
140
131
137
138
129
141
128
100
83
84
87
96
74
70
39
43
23
16
13
7
12
21
20
-8
-2
-17
16
19
31
27
18
19
15
30
20
36
42
72
88
107
104
89
97
115
143
142
156
143
147
155
159
157
167
197
197
211
193
180
167
181
180
181
182
163
165
152
146
112
113
89
93
83
65
30
-2
16
3
26
19
-3
-29
-35
-31
-34
-48
-57
-78
-90
-75
-74
-69
-75
-67
-46
-38
-34
-52
-59
-53
-52
-37
-42
-51
-59
-67
-38
-19
-27
-18
-9
-17
-27
-12
-3
-7
8
31
40
54
59
49
47
49
53
44
43
37
48
56
50
45
32
35
39
47
35
28
38
34
30
14
-1
-22
-38
-39
-43
-52
-74
-70
-80
-65
-62
-54
-70
-80
-75
-63
-46
-54
-41
-52
-52
-59
-60
-65
-67
-61
-73
-76
-82
-83
-94
-86
-83
-90
-82
-89
-87
-91
-85
-92
-99
-110
-119
-122
-120
-100
-98
-84
-61
-69
-66
-72
-80
-69
-54
-46
-46
-33
-18
5
8
14
37
36
33
29
27
29
34
39
42
45
50
52
48
50
49
41
33
30
22
14
16
13
19
16
15
8
5
-1
-14
-14
-21
-19
-32
-43
-56
-64
-65
-66
-69
-76
-73
-82
-68
-72
-82
-96
-98
-91
-97
-77
-82
-74
-69
-58
-45
-37
-21
-21
-11
-11
11
17
28
43
44
56
73
106
127
145
147
151
148
146
157
152
156
162
182
190
191
187
178
159
149
147
140
145
131
122
94
81
73
69
64
52
49
34
19
9
4
-14
-25
-27
-26
-37
-52
-59
-77
-81
-79
-60
-60
-72
-84
-105
-115
-122
-125
-119
-111
-114
-120
-130
-145
-150
-150
-142
-148
-136
-144
-144
-145
-154
-148
-145
-138
-132
-123
-120
-126
-135
-142
-143
-141
-134
-127
-129
-146
-151
-145
-139
-143
-132
-122
-133
-135
-135
-155
-184
-164
-149
-155
-137
-139
-140
-157
-166
-173
-168
-172
-139
-134
-133
-143
-154
-141
-151
-131
-145
-132
-115
-115
-109
-116
-100
-94
-84
-89
-82
-78
-78
-66
-72
-63
-74
-58
-55
-45
-27
-30
-12
-7
15
6
21
35
35
45
47
41
31
51
66
78
90
90
76
77
87
85
93
101
106
92
88
76
58
67
77
79
74
68
49
40
39
17
8
9
18
7
9
0
-14
-26
-43
-39
-51
-64
-69
-79
-90
-95
-95
-102
-99
-88
-104
-115
-145
-152
-134
-122
-114
-122
-120
-125
-127
-128
-133
-121
-122
-111
-94
-99
-92
-85
-77
-56
-29
-18
-15
-1
19
36
55
65
69
76
97
119
127
121
125
137
169
209
246
252
250
237
232
248
266
279
273
265
261
268
262
261
249
253
265
261
250
216
200
189
178
195
198
187
169
158
142
110
83
61
48
57
64
38
21
-8
-37
-49
-58
-75
-89
-119
-144
-165
-191
-214
-243
-264
-268
-271
-278
-309
-342
-362
-370
-378
-392
-407
-419
-430
-443
-445
-460
-475
-465
-451
-440
-434
-447
-449
-435
-427
-409
-382
-363
-342
-321
-289
-265
-248
-221
-195
-164
-123
-97
-81
-48
-20
9
49
87
126
162
206
219
233
242
262
289
331
371
383
395
408
422
443
478
500
512
521
541
536
541
532
528
538
549
567
561
541
523
520
521
500
479
448
421
412
400
365
327
279
255
244
219
188
138
95
52
20
-11
-67
-125
-176
-216
-248
-284
-330
-375
-412
-440
-489
-543
-611
-663
-704
-726
-756
-798
-852
-900
-929
-956
-971
-995
-1024
-1046
-1067
-1076
-1091
-1104
-1105
-1101
-1075
-1060
-1052
-1046
-1028
-997
-939
-902
-865
-823
-782
-732
-674
-609
-563
-494
-425
-341
-254
-186
-114
-53
30
127
233
328
428
530
619
730
820
905
981
1087
1181
1274
1340
1394
1459
1509
1599
1660
1712
1752
1764
1789
1793
1801
1786
1763
1746
1720
1692
1661
1611
1531
1466
1406
1335
1250
1162
1059
945
816
710
599
475
368
239
106
-32
-176
-312
-454
-590
-734
-864
-1002
-1142
-1280
-1400
-1532
-1651
-1762
-1879
-1987
-2114
-2218
-2314
-2401
-2500
-2579
-2641
-2704
-2753
-2795
-2825
-2883
-2905
-2913
-2923
-2912
-2894
-2868
-2841
-2802
-2764
-2698
-2636
-2551
-2435
-2324
-2205
-2089
-1953
-1823
-1669
-1485
-1288
-1084
-882
-663
-448
-226
7
254
517
780
1043
1303
1565
1840
2107
2365
2623
2884
3147
3391
3625
3840
4044
4238
4407
4561
4708
4844
4961
5048
5123
5162
5187
5200
5207
5192
5132
5061
4964
4852
4728
4568
4393
4200
3990
3755
3501
3230
2934
2613
2291
1950
1589
1242
863
494
105
-296
-707
-1125
-1530
-1936
-2335
-2743
-3146
-3566
-3973
-4366
-4743
-5097
-5444
-5780
-6105
-6407
-6687
-6949
-7191
-7407
-7595
-7744
-7855
-7952
-8018
-8050
-8055
-8023
-7945
-7833
-7701
-7528
-7321
-7088
-6817
-6514
-6164
-5794
-5388
-4958
-4500
-4034
-3540
-3026
-2494
-1939
-1374
-794
-208
385
971
1555
2136
2708
3275
3823
4377
4912
5418
5908
6370
6806
7226
7626
7994
8338
8666
8972
9231
9461
9650
9804
9928
10033
10106
10118
10104
10060
9993
9883
9736
9560
9319
9061
8767
8441
8078
7677
7242
6768
6275
5743
5182
4591
3974
3326
2672
2020
1330
611
-136
-873
-1613
-2344
-3050
-3757
-4467
-5158
-5821
-6475
-7107
-7709
-8277
-8803
-9297
-9749
-10172
-10568
-10930
-11267
-11560
-11805
-11999
-12136
-12243
-12309
-12358
-12368
-12324
-12233
-12069
-11834
-11569
-11280
-10946
-10586
-10180
-9719
-9196
-8620
-8036
-7415
-6767
-6110
-5435
-4733
-3996
-3227
-2442
-1651
-865
-99
672
1444
2217
2992
3743
4469
5167
5828
6470
7085
7668
8226
8757
9262
9741
10157
10525
10865
11166
11450
11687
11890
12060
12204
12302
12356
12370
12360
12328
12276
12200
12071
11899
11712
11478
11218
10947
10677
10366
9986
9549
9048
8466
7862
7311
6724
6065
5325
4530
3723
2877
2026
1174
337
-507
-1352
-2188
-3049
-3955
-4852
-5643
-6363
-7047
-7732
-8417
-9105
-9783
-10403
-10943
-11436
-11904
-12300
-12639
-12950
-13244
-13523
-13749
-13895
-13939
-13892
-13823
-13753
-13677
-13537
-13317
-13045
-12707
-12317
-11899
-11449
-10928
-10376
-9832
-9257
-8606
-7872
-7094
-6322
-5548
-4789
-4027
-3225
-2383
-1525
-707
99
920
1717
2481
3211
3915
4628
5327
6021
6686
7269
7803
8311
8806
9282
9724
10137
10502
10816
11080
11311
11489
11630
11771
11923
12031
12069
12036
11970
11894
11801
11711
11609
11460
11262
11060
10855
10617
10354
10074
9779
9462
9143
8795
8357
7828
7245
6732
6241
5695
5059
4339
3602
2842
2093
1335
543
-288
-1091
-1839
-2592
-3399
-4262
-5085
-5820
-6495
-7137
-7796
-8492
-9198
-9843
-10392
-10903
-11415
-11906
-12328
-12696
-12994
-13278
-13576
-13819
-13983
-14019
-13978
-13948
-13935
-13887
-13754
-13517
-13216
-12885
-12514
-12121
-11635
-11076
-10530
-9977
-9391
-8714
-7945
-7143
-6355
-5589
-4828
-4027
-3149
-2244
-1368
-537
283
1117
1932
2714
3460
4181
4897
5627
6348
7000
7559
8062
8581
9085
9574
10012
10376
10716
10998
11252
11475
11621
11744
11871
11980
12053
12076
12012
11910
11801
11708
11630
11504
11336
11111
10895
10685
10447
10187
9923
9668
9399
9100
8747
8361
7910
7411
6893
6430
6002
5474
4822
4109
3397
2666
1931
1227
512
-264
-1070
-1850
-2649
-3483
-4318
-5112
-5797
-6435
-7106
-7810
-8539
-9266
-9944
-10512
-11004
-11508
-11990
-12436
-12839
-13205
-13551
-13853
-14101
-14253
-14301
-14290
-14303
-14328
-14302
-14158
-13902
-13595
-13251
-12878
-12473
-12023
-11498
-10931
-10356
-9724
-9004
-8209
-7417
-6644
-5861
-5060
-4221
-3315
-2387
-1492
-645
184
1027
1857
2650
3430
4200
4962
5709
6397
7029
7596
8105
8621
9150
9643
10055
10404
10700
10979
11223
11457
11661
11817
11949
12053
12126
12150
12134
12074
12042
11995
11923
11825
11673
11498
11301
11131
10941
10729
10500
10278
9994
9673
9360
9040
8698
8214
7660
7183
6758
6288
5681
4935
4201
3482
2764
2054
1294
462
-386
-1200
-1965
-2777
-3679
-4574
-5371
-6093
-6771
-7489
-8265
-9051
-9810
-10461
-11021
-11584
-12163
-12713
-13199
-13585
-13959
-14317
-14629
-14896
-15031
-15043
-15040
-15069
-15105
-15040
-14822
-14544
-14212
-13838
-13500
-13072
-12543
-11957
-11339
-10712
-10029
-9244
-8408
-7569
-6747
-5940
-5082
-4164
-3202
-2223
-1327
-487
368
1241
2105
2944
3738
4501
5274
5992
6679
7301
7838
8365
8902
9441
9910
10292
10616
10907
11177
11424
11639
11788
11914
12050
12138
12173
12155
12099
12067
12047
12000
11919
11789
11608
11421
11252
11080
10897
10669
10442
10223
9980
9702
9382
9036
8737
8456
8067
7553
7033
6567
6119
5586
4917
4219
3511
2806
2089
1352
576
-242
-1076
-1853
-2611
-3453
-4337
-5185
-5955
-6644
-7351
-8089
-8855
-9643
-10361
-10966
-11500
-12064
-12635
-13145
-13584
-13956
-14314
-14647
-14937
-15132
-15184
-15177
-15158
-15160
-15135
-14987
-14721
-14385
-14005
-13624
-13223
-12727
-12143
-11515
-10866
-10203
-9465
-8646
-7787
-6941
-6126
-5304
-4440
-3513
-2544
-1597
-741
100
958
1823
2663
3444
4206
4938
5642
6334
6971
7536
8032
8513
9044
9545
9956
10287
10561
10810
11040
11258
11453
11589
11670
11738
11805
11830
11800
11717
11666
11621
11562
11474
11334
11170
10977
10824
10664
10484
10264
10035
9836
9626
9364
9050
8735
8435
8171
7844
7359
6857
6422
5982
5481
4858
4187
3514
2803
2114
1436
692
-128
-964
-1756
-2512
-3323
-4194
-5010
-5769
-6499
-7207
-7933
-8680
-9467
-10214
-10815
-11341
-11908
-12480
-13004
-13467
-13851
-14189
-14492
-14767
-14990
-15080
-15069
-15053
-15044
-15037
-14924
-14670
-14341
-13967
-13586
-13204
-12756
-12191
-11566
-10907
-10255
-9556
-8748
-7927
-7100
-6265
-5440
-4586
-3669
-2725
-1782
-915
-99
741
1595
2442
3255
4010
4727
5423
6091
6755
7361
7852
8322
8824
9308
9728
10062
10337
10578
10789
11014
11239
11368
11441
11494
11547
11612
11609
11546
11498
11432
11355
11287
11162
11005
10823
10624
10486
10329
10117
9885
9624
9401
9191
8969
8702
8390
8093
7835
7567
7163
6653
6190
5790
5402
4918
4304
3637
2966
2289
1649
1012
261
-559
-1352
-2092
-2808
-3612
-4442
-5230
-5958
-6624
-7274
-7969
-8715
-9516
-10205
-10741
-11246
-11774
-12317
-12809
-13254
-13606
-13913
-14185
-14437
-14640
-14685
-14640
-14606
-14605
-14578
-14445
-14198
-13841
-13446
-13071
-12696
-12265
-11715
-11089
-10450
-9818
-9134
-8394
-7618
-6796
-5979
-5205
-4412
-3546
-2622
-1735
-913
-131
643
1433
2213
2989
3714
4394
5046
5670
6297
6844
7303
7757
8208
8650
9039
9358
9608
9822
10016
10222
10435
10579
10637
10685
10733
10771
10777
10744
10701
10641
10592
10537
10456
10313
10138
9993
9888
9785
9619
9419
9201
8985
8791
8618
8472
8247
7956
7710
7472
7224
6905
6468
6045
5696
5338
4903
4361
3725
3067
2427
1836
1249
570
-197
-980
-1708
-2405
-3134
-3912
-4675
-5375
-6026
-6669
-7335
-8045
-8800
-9517
-10089
-10556
-11055
-11592
-12088
-12535
-12915
-13218
-13492
-13707
-13894
-14019
-14024
-13996
-13997
-13975
-13882
-13683
-13380
-13019
-12667
-12337
-11959
-11476
-10907
-10309
-9690
-9091
-8433
-7708
-6965
-6198
-5440
-4699
-3893
-3054
-2198
-1380
-631
97
845
1605
2347
3084
3735
4347
4946
5536
6115
6628
7075
7526
7961
8335
8682
8972
9214
9419
9624
9844
10025
10111
10164
10207
10238
10270
10269
10254
10232
10168
10097
10031
9954
9845
9692
9575
9479
9330
9155
8978
8777
8580
8397
8217
8064
7867
7595
7342
7104
6847
6571
6253
5874
5480
5089
4685
4237
3686
3080
2494
1904
1317
721
52
-664
-1394
-2106
-2745
-3425
-4159
-4866
-5539
-6170
-6787
-7420
-8067
-8719
-9342
-9857
-10284
-10751
-11249
-11703
-12089
-12403
-12673
-12877
-13047
-13214
-13310
-13307
-13251
-13199
-13156
-13038
-12824
-12542
-12229
-11884
-11521
-11151
-10686
-10151
-9556
-8982
-8433
-7828
-7157
-6447
-5717
-4988
-4259
-3527
-2777
-1997
-1231
-518
165
866
1588
2282
2940
3542
4109
4660
5212
5768
6272
6722
7118
7486
7843
8167
8457
8706
8931
9112
9278
9432
9533
9588
9634
9692
9738
9755
9746
9704
9654
9574
9499
9442
9360
9257
9139
9019
8890
8736
8553
8381
8198
8007
7835
7653
7451
7240
6990
6738
6511
6260
6005
5718
5350
4968
4581
4167
3722
3241
2716
2148
1575
990
392
-237
-907
-1573
-2226
-2871
-3520
-4181
-4822
-5473
-6094
-6680
-7252
-7836
-8420
-8970
-9481
-9926
-10344
-10760
-11135
-11481
-11775
-12010
-12194
-12340
-12455
-12525
-12538
-12492
-12422
-12312
-12167
-11978
-11722
-11423
-11116
-10749
-10369
-9964
-9478
-8949
-8405
-7841
-7264
-6665
-5995
-5314
-4633
-3947
-3264
-2564
-1859
-1157
-465
179
818
1473
2099
2721
3331
3892
4422
4930
5415
5890
6328
6730
7091
7410
7709
7991
8228
8431
8602
8751
8886
8979
9055
9091
9097
9103
9108
9087
9060
9024
8963
8899
8819
8734
8626
8510
8375
8236
8094
7919
7738
7549
7358
7185
7004
6817
6637
6436
6212
5983
5734
5501
5265
5005
4721
4404
4028
3622
3228
2809
2388
1920
1406
865
312
-246
-827
-1411
-1993
-2573
-3150
-3704
-4271
-4858
-5462
-6033
-6564
-7064
-7549
-8024
-8496
-8961
-9372
-9738
-10065
-10358
-10630
-10872
-11076
-11221
-11344
-11418
-11465
-11470
-11394
-11287
-11162
-10998
-10834
-10635
-10359
-10032
-9661
-9282
-8897
-8486
-8025
-7508
-6976
-6424
-5855
-5273
-4649
-4014
-3377
-2762
-2152
-1543
-909
-244
370
962
1531
2079
2639
3204
3731
4232
4689
5104
5520
5917
6287
6601
6889
7157
7390
7608
7792
7940
8063
8157
8237
8312
8352
8350
8338
8319
8292
8268
8234
8172
8089
8003
7913
7820
7704
7571
7441
7292
7169
7017
6830
6644
6461
6256
6081
5923
5737
5561
5361
5142
4911
4690
4458
4230
3998
3727
3428
3071
2698
2327
1934
1541
1127
657
168
-329
-854
-1354
-1853
-2369
-2875
-3380
-3897
-4393
-4908
-5424
-5909
-6372
-6804
-7218
-7622
-8034
-8420
-8762
-9059
-9321
-9547
-9731
-9914
-10067
-10177
-10259
-10297
-10291
-10249
-10162
-10036
-9910
-9756
-9589
-9381
-9116
-8821
-8460
-8082
-7714
-7319
-6880
-6436
-5943
-5424
-4904
-4359
-3804
-3246
-2695
-2147
-1612
-1076
-515
43
597
1125
1614
2097
2568
3035
3485
3924
4335
4700
5056
5382
5677
5944
6190
6419
6619
6805
6963
7062
7153
7225
7267
7312
7345
7353
7321
7301
7259
7206
7172
7116
7039
6963
6883
6777
6679
6569
6424
6287
6165
6016
5854
5702
5520
5341
5192
5032
4871
4709
4523
4346
4180
3997
3809
3609
3401
3189
2960
2712
2433
2119
1796
1451
1108
770
386
-14
-440
-885
-1322
-1759
-2182
-2611
-3042
-3464
-3899
-4315
-4727
-5142
-5540
-5913
-6258
-6584
-6915
-7217
-7509
-7780
-7993
-8184
-8339
-8471
-8582
-8676
-8735
-8752
-8753
-8715
-8652
-8559
-8446
-8301
-8149
-7978
-7761
-7525
-7235
-6924
-6609
-6282
-5933
-5581
-5194
-4761
-4335
-3887
-3418
-2964
-2521
-2067
-1617
-1165
-708
-248
207
639
1058
1473
1872
2280
2671
3049
3405
3734
4040
4317
4581
4827
5048
5245
5436
5598
5736
5843
5928
6004
6060
6111
6141
6158
6148
6121
6089
6068
6044
5999
5961
5903
5822
5740
5663
5575
5490
5393
5285
5172
5058
4936
4804
4674
4548
4433
4301
4173
4025
3870
3748
3613
3465
3331
3167
2999
2836
2649
2469
2283
2060
1828
1587
1310
1015
720
429
122
-202
-542
-886
-1239
-1594
-1954
-2298
-2633
-2980
-3322
-3657
-3987
-4325
-4647
-4957
-5241
-5503
-5760
-6011
-6230
-6431
-6634
-6795
-6924
-7014
-7086
-7155
-7202
-7232
-7245
-7240
-7185
-7109
-7005
-6873
-6760
-6636
-6460
-6267
-6049
-5788
-5531
-5282
-4997
-4700
-4394
-4056
-3718
-3364
-2998
-2634
-2271
-1904
-1549
-1185
-811
-443
-69
298
655
990
1312
1640
1970
2286
2594
2878
3119
3365
3601
3803
3997
4195
4354
4499
4636
4746
4833
4906
4984
5039
5086
5123
5134
5121
5110
5092
5063
5053
5027
4993
4955
4904
4827
4772
4713
4628
4560
4491
4388
4312
4231
4123
4023
3920
3824
3723
3626
3525
3414
3304
3197
3093
2994
2890
2762
2619
2482
2326
2170
2007
1824
1644
1437
1211
973
717
441
188
-60
-334
-614
-920
-1236
-1562
-1875
-2173
-2468
-2754
-3056
-3356
-3669
-3963
-4238
-4499
-4725
-4957
-5182
-5376
-5563
-5751
-5921
-6061
-6181
-6266
-6323
-6371
-6413
-6449
-6459
-6436
-6383
-6305
-6222
-6137
-6022
-5881
-5731
-5548
-5337
-5128
-4890
-4632
-4372
-4088
-3803
-3509
-3212
-2890
-2565
-2238
-1908
-1591
-1273
-944
-604
-265
73
402
706
1017
1311
1587
1879
2149
2394
2628
2854
3064
3257
3441
3598
3746
3889
4001
4103
4183
4242
4294
4350
4389
4426
4452
4469
4477
4454
4436
4413
4377
4341
4315
4270
4218
4167
4097
4034
3982
3922
3857
3782
3707
3621
3530
3450
3360
3275
3202
3114
3021
2933
2833
2730
2641
2559
2450
2355
2246
2110
1992
1864
1702
1552
1405
1226
1044
859
654
433
209
-20
-260
-493
-724
-977
-1238
-1495
-1750
-2000
-2247
-2482
-2729
-2981
-3223
-3466
-3686
-3890
-4101
-4289
-4472
-4656
-4805
-4953
-5090
-5210
-5301
-5377
-5444
-5473
-5496
-5506
-5498
-5491
-5463
-5416
-5338
-5241
-5136
-5021
-4880
-4733
-4567
-4367
-4167
-3948
-3712
-3480
-3253
-3009
-2769
-2513
-2236
-1958
-1687
-1416
-1134
-871
-609
-330
-40
226
507
781
1024
1258
1492
1719
1930
2141
2338
2508
2682
2839
2972
3107
3233
3343
3436
3514
3599
3669
3721
3767
3807
3840
3871
3904
3921
3921
3929
3921
3904
3897
3888
3874
3850
3819
3788
3735
3686
3637
3578
3526
3458
3390
3324
3242
3154
3070
2978
2882
2785
2690
2592
2498
2398
2277
2174
2055
1928
1802
1670
1542
1389
1248
1094
921
754
570
397
211
7
-189
-399
-610
-820
-1024
-1236
-1462
-1682
-1893
-2117
-2334
-2535
-2748
-2959
-3151
-3339
-3533
-3702
-3857
-4015
-4157
-4272
-4385
-4503
-4614
-4700
-4776
-4840
-4882
-4918
-4939
-4937
-4953
-4909
-4911
-4843
-4828
-4714
-4731
-4605
-4688
-4568
-4708
-4598
-5123
-5445
-7048
-8918
-16263
-22144
-8543
-3531
-10218
-8473
-11653
-16729
-19805
-12992
-6018
-12863
-22442
-15337
-9439
-26739
-18599
-2791
-12081
-15321
-3916
-4189
-12365
-11452
-556
-6598
-2038
12413
-5960
-12149
-2484
342
6937
16052
2875
122
8666
1437
3096
9206
17978
5270
4909
7847
-2660
7722
11005
5492
2139
4957
2657
6198
7691
-811
-727
5981
14565
7239
2539
2754
669
9056
17018
14802
9044
8920
6914
7680
20114
19192
13197
9946
11250
14046
13471
14592
10842
7512
12879
11748
11210
5598
1520
1934
2539
6455
5245
-1602
-11009
-10230
-6266
-3860
-7745
-12839
-12093
-21544
-17660
-9416
-17347
-21994
-15870
-19181
-23436
-15501
-19427
-24181
-20967
-15770
-18204
-25210
-16425
-18252
-27742
-14189
-7897
-21108
-18712
-10908
-17458
-17405
-7566
-8753
-17572
-17949
-4449
-11900
-11695
-5635
-10180
-12426
-2942
86
-5951
3330
1192
9514
14440
11629
22375
21163
27136
32767
32392
32767
32582
32767
32652
32767
32691
32767
32720
32767
32738
32767
32752
32767
32760
32767
32766
32767
32767
32765
32767
32764
32767
32762
32767
32759
32767
32754
32767
32748
32767
32738
32767
32726
32767
32710
32767
32687
32767
32637
32767
31762
23991
16774
9245
2002
-4936
-19080
-31183
-32677
-32768
-32753
-32768
-32768
-32759
-32768
-32755
-32768
-32755
-32768
-32757
-32768
-32760
-32768
-32762
-32768
-32764
-32768
-32766
-32768
-32766
-32768
-32767
-32768
-32766
-32768
-32767
-32768
-32767
-32768
-32768
-32764
-32768
-32758
-32768
-32746
-32768
-32729
-32768
-32703
-32768
-32662
-32768
-32563
-32768
-31100
-30981
-30974
-26375
-26902
-22277
-16113
-11738
-13886
-10909
-550
263
-1828
5862
9969
8160
14418
21054
15556
17463
27562
23192
28072
32664
30275
31973
32767
32637
32767
32713
32767
32743
32767
32756
32767
32763
32767
32766
32766
32767
32766
32767
32767
32766
32767
32760
32767
32747
32767
32746
31691
25162
22010
22738
17371
15139
9722
-680
-1874
-4059
-8208
-12610
-17930
-26973
-32114
-32191
-32768
-32620
-32768
-32682
-32768
-32715
-32768
-32735
-32768
-32745
-32768
-32748
-32768
-32742
-32768
-32730
-32768
-32708
-32768
-32650
-32768
-30355
-24121
-20321
-18806
-19896
-19656
-15579
-10230
-7835
-4440
-5556
-5619
-2730
1406
4821
5118
5186
4983
9047
11084
11900
10628
13865
14108
12239
17183
17128
14509
18395
22952
23938
22832
25035
22272
27547
32767
32420
32767
32579
32767
32650
32767
32695
32767
32724
32767
32744
32767
32756
32767
32762
32767
32766
32767
32767
32767
32767
32767
32766
32766
32767
32765
32767
32764
32767
32756
32767
32739
32767
32693
32767
32111
30865
28058
22643
14602
2982
-2567
-3186
-11421
-18672
-27032
-32768
-32546
-32768
-32664
-32768
-32712
-32768
-32739
-32768
-32755
-32768
-32763
-32768
-32768
-32767
-32768
-32767
-32768
-32768
-32767
-32768
-32763
-32768
-32760
-32768
-32756
-32768
-32751
-32768
-32740
-32768
-32689
-32672
-31780
-27430
-25208
-24372
-20334
-18709
-18474
-16288
-14337
-12689
-13023
-12127
-9361
-6594
-5314
-6206
-6356
-3780
-96
1656
3918
3887
6283
11234
12600
13770
17207
19447
22944
29034
30055
30333
32586
32767
32758
32767
32761
32767
32761
32767
32762
32767
32763
32767
32763
32767
32764
32767
32763
32767
32764
32767
32762
32767
32761
32767
32757
32767
32753
32767
32746
32767
32737
32767
32720
32767
32680
32767
31677
25667
17441
6711
-2900
-8445
-13920
-19365
-28059
-32768
-32531
-32768
-32663
-32768
-32714
-32768
-32740
-32768
-32755
-32768
-32763
-32768
-32767
-32767
-32768
-32768
-32768
-32768
-32766
-32768
-32764
-32768
-32763
-32768
-32764
-32768
-32768
-32762
-32768
-32745
-32768
-32616
-31194
-28608
-28580
-27943
-28059
-27374
-26454
-22817
-21123
-23910
-24223
-22902
-20774
-18593
-15354
-15284
-13333
-13307
-12004
-5119
-871
-200
1352
5951
8383
12978
17066
20175
23545
26767
31059
32767
32750
32764
32767
32756
32767
32757
32767
32759
32767
32762
32767
32763
32767
32765
32767
32767
32765
32767
32759
32767
32748
32767
32732
32767
32707
32767
32665
32767
32571
32767
30070
23553
16143
7813
794
-2473
-3849
-11608
-19298
-25272
-26505
-28954
-32766
-32718
-32768
-32746
-32768
-32766
-32763
-32768
-32750
-32768
-32741
-32768
-32723
-32768
-30145
-21456
-18422
-19742
-19252
-16180
-10862
-8226
-6937
-2734
-1845
-3363
-2636
1162
4281
4323
4173
4066
3846
3064
4258
4904
6028
5176
1429
723
3168
3109
1563
2505
1424
848
1064
660
2747
4871
5877
5830
5639
7083
10371
12163
15497
17889
18258
21676
20585
24311
29290
29039
31594
32767
32686
32767
32739
32767
32756
32767
32767
32756
32767
32734
32767
32693
32767
32585
32767
30636
27139
28913
29479
22440
10174
1839
2407
-323
-8118
-13944
-21648
-31274
-32768
-32579
-32768
-32654
-32768
-32691
-32768
-32715
-32768
-32736
-32768
-32754
-32768
-32768
-32761
-32768
-32749
-32768
-32739
-32768
-32731
-32768
-32725
-32768
-32705
-32768
-31043
-23367
-19253
-16352
-12649
-6653
-4245
-5442
-2463
2548
5670
7085
8104
7943
9291
9938
10589
13687
14783
12538
10884
13340
13899
13956
16242
14295
14158
15403
14770
16243
19951
18919
18386
19970
22612
23940
27207
27612
28894
32278
32678
32767
32681
32767
32708
32767
32729
32767
32745
32767
32759
32767
32767
32758
32767
32746
32767
32732
32767
32714
32767
32696
32767
32666
32767
32601
32767
29455
24184
25457
20747
13593
3029
-4837
-10134
-17516
-21012
-25387
-32001
-32768
-32616
-32768
-32672
-32768
-32702
-32768
-32725
-32768
-32740
-32768
-32749
-32768
-32752
-32768
-32746
-32768
-32732
-32768
-32701
-32768
-32621
-32768
-30064
-27919
-27195
-22940
-17494
-14252
-14329
-12273
-7469
-3440
-3409
-2608
-1184
-654
1366
3888
4109
3454
3659
2310
5186
6294
5443
5428
3997
6362
6810
7246
7723
9246
11570
11839
11037
14533
17587
17575
20020
23609
24841
26729
29445
31207
32767
32630
32767
32700
32767
32732
32767
32747
32767
32755
32767
32756
32767
32753
32767
32750
32767
32746
32767
32741
32767
32712
32767
31558
23786
22364
22795
13963
5710
705
-6133
-13194
-18847
-22645
-27676
-32768
-32714
-32768
-32751
-32768
-32767
-32766
-32768
-32763
-32768
-32765
-32768
-32768
-32763
-32768
-32756
-32768
-32749
-32768
-32741
-32768
-32716
-32768
-31959
-26304
-24175
-23674
-19672
-15675
-12894
-10842
-7235
-3617
-3301
-2772
-930
1309
3589
3355
3643
5120
4601
4323
5604
6208
7100
6165
5030
5232
6695
8504
8460
7567
9594
10016
10795
12758
15394
16899
16854
18718
21794
24683
26392
26831
29379
32767
32616
32767
32704
32767
32742
32767
32761
32767
32767
32764
32767
32766
32766
32767
32754
32767
32736
32767
32701
32767
32590
32767
29052
20433
18373
18710
12530
3903
-1817
-7492
-14393
-20191
-23300
-28256
-32768
-32715
-32768
-32757
-32768
-32768
-32764
-32768
-32762
-32768
-32764
-32768
-32767
-32768
-32768
-32766
-32768
-32764
-32768
-32765
-32768
-32759
-32768
-32358
-27257
-25127
-25097
-19500
-15996
-14726
-11306
-8055
-5508
-3222
-2835
-1789
1138
2284
3078
3892
5170
4562
3551
5179
6103
6745
7505
4289
4229
7530
7198
7495
8583
8117
8942
10168
10914
15092
15471
14563
16360
21392
23007
23361
26860
28825
30510
32501
32767
32696
32767
32720
32767
32732
32767
32737
32767
32740
32767
32741
32767
32741
32767
32741
32767
32742
32767
32712
32767
31105
23692
25495
25321
15878
7768
3583
-683
-8690
-13658
-16927
-22926
-30660
-32768
-32718
-32768
-32743
-32768
-32745
-32768
-32745
-32768
-32746
-32768
-32746
-32768
-32747
-32768
-32749
-32768
-32756
-32768
-32768
-32761
-32675
-27434
-23401
-22402
-19325
-14200
-10489
-10866
-8833
-3395
136
291
845
2407
5193
6742
6825
8127
8893
8172
7512
7917
9917
10179
8064
6915
7297
8531
8032
7610
8531
9636
8005
7239
10753
13486
13529
11871
14104
17599
17265
20564
23059
24717
26014
26955
29556
32478
32767
32680
32767
32702
32767
32717
32767
32728
32767
32738
32767
32745
32767
32751
32767
32755
32767
32732
32767
31705
22923
19889
21585
16222
8418
1378
-2716
-7978
-13981
-19942
-23440
-29835
-32768
-32556
-32768
-32655
-32768
-32695
-32768
-32719
-32768
-32734
-32768
-32743
-32768
-32748
-32768
-32750
-32768
-32751
-32768
-32752
-32768
-32749
-32768
-32534
-30821
-29630
-23204
-18996
-18455
-15670
-13323
-8037
-5014
-5219
-4290
-910
1404
2070
3281
4388
5372
5153
4582
5417
8149
8058
5409
5586
7655
6517
7023
7607
8641
9929
7852
9009
12601
13288
12667
16085
17347
18131
19262
22253
25537
26687
27936
29311
31987
32738
32767
32758
32767
32765
32767
32765
32767
32765
32767
32762
32767
32761
32767
32762
32767
32764
32767
32749
32767
31614
24630
24916
26364
18498
11016
5284
1923
-2594
-9207
-15120
-18159
-23865
-30761
-32768
-32768
-32749
-32768
-32753
-32768
-32762
-32768
-32768
-32765
-32768
-32761
-32768
-32763
-32768
-32768
-32760
-32768
-32736
-32768
-32691
-32768
-29080
-27648
-25403
-20879
-17998
-14703
-12702
-9126
-5807
-5634
-3140
-1111
724
3373
3872
3559
4985
6961
6127
6671
7234
8133
6720
6628
7789
7902
7339
5976
6944
9126
8399
7233
9457
10176
11231
12147
13819
13317
16039
18840
19095
21603
21412
24178
27807
29529
28858
29930
32399
32767
32734
32767
32757
32767
32765
32767
32767
32767
32767
32767
32761
32767
32747
32767
32697
32767
31554
22678
16978
22587
19990
10214
2773
-277
-4776
-11252
-15882
-18900
-24359
-31467
-32768
-32768
-32745
-32768
-32751
-32768
-32758
-32768
-32762
-32768
-32764
-32768
-32765
-32768
-32768
-32764
-32768
-32753
-32768
-32732
-32768
-32691
-32768
-30641
-29427
-26178
-21298
-19166
-17231
-11966
-7425
-7029
-6789
-5300
-991
2514
3473
3230
3217
5109
6416
6693
8116
8719
7657
6666
7115
9269
10098
7260
8038
9464
7587
8338
10213
12332
11901
9859
11693
15700
16618
16729
18532
20040
22520
23955
25588
27126
30329
31706
32695
32767
32721
32767
32724
32767
32727
32767
32731
32767
32732
32767
32733
32767
32731
32767
32724
32767
32676
32767
30907
22288
22187
25396
20223
12337
6354
2977
-1461
-7106
-11019
-13024
-19040
-26511
-30467
-32600
-32768
-32736
-32768
-32744
-32768
-32747
-32768
-32747
-32768
-32747
-32768
-32746
-32768
-32745
-32768
-32740
-32768
-32716
-32768
-31884
-27719
-25781
-24245
-21879
-17468
-15315
-13599
-8080
-5812
-5966
-5009
-2981
747
3295
2914
2775
3988
4861
5227
6166
6906
6705
4886
4142
6094
6836
5480
3658
3936
4612
4810
4255
4960
5635
4374
6162
6891
8476
10280
9453
11465
14114
14921
16507
19795
20888
21856
21895
25246
27537
29679
30582
29606
32263
32710
32767
32671
32767
32655
32767
32629
32767
32572
32767
32124
29466
32176
32767
31621
23354
17171
19589
19963
12279
6242
3478
-23
-5602
-10911
-13665
-17215
-22765
-28258
-32132
-32768
-32739
-32768
-32752
-32768
-32756
-32768
-32759
-32768
-32761
-32768
-32763
-32768
-32767
-32768
-32768
-32763
-32768
-32738
-32768
-30830
-27397
-26416
-23030
-18703
-16537
-14770
-11916
-6696
-4812
-4633
-3242
-254
2501
3763
4327
4860
6177
7051
7086
7600
9403
8681
6605
7459
8635
8715
7270
7157
7732
7174
6208
6989
8979
8858
7808
8789
9761
11158
11814
13523
14568
15739
17245
18041
20534
22878
24027
24605
26456
28294
30895
31953
32350
32720
32767
32754
32767
32763
32767
32767
32766
32767
32767
32764
32767
32752
32767
32705
32767
31381
24266
21653
26048
21674
12946
8179
6441
2541
-4405
-9633
-11440
-14948
-22259
-27462
-30557
-32694
-32768
-32756
-32768
-32756
-32768
-32755
-32768
-32754
-32768
-32750
-32768
-32745
-32768
-32736
-32768
-32723
-32768
-32693
-32768
-30844
-28486
-27420
-23520
-20137
-17886
-16193
-11747
-8484
-7334
-6399
-5000
-1247
1008
958
1826
3712
4315
4207
4684
6664
7511
5668
4537
5510
6848
5914
5207
5876
4829
3355
4429
5643
6884
5459
3772
5590
7823
8217
10064
10254
10652
12742
12777
15943
18507
19721
19081
20775
22963
25552
26461
27473
29298
30656
31787
30554
32311
32767
32767
32707
32767
32678
32767
32631
32767
32030
27321
28629
31692
30301
21395
15280
15865
17950
11580
4082
916
-876
-4123
-11415
-15715
-16660
-20448
-26278
-30318
-32444
-32768
-32760
-32768
-32767
-32767
-32768
-32768
-32768
-32768
-32767
-32768
-32765
-32768
-32761
-32768
-32752
-32768
-32727
-32768
-30267
-26626
-24913
-22694
-19812
-16990
-15224
-12757
-8582
-6349
-6181
-5463
-2749
1001
1635
1103
2231
4180
4413
4000
4822
6739
6178
4050
4473
5625
5875
4216
3953
5265
4759
2785
3725
5490
5147
5387
5461
6696
7824
7953
9848
11746
12701
13246
14190
16663
19347
20658
21766
23351
24961
26206
27972
30588
32312
32466
32702
32767
32755
32767
32760
32767
32757
32767
32745
32767
32714
32767
32451
32710
32676
32767
28366
21872
21806
23136
17117
10485
8558
6307
1469
-4882
-7818
-9092
-13644
-19692
-23076
-25149
-28470
-32315
-32768
-32740
-32768
-32755
-32768
-32765
-32766
-32768
-32755
-32768
-32742
-32768
-32726
-32768
-32697
-32768
-31966
-26893
-23350
-22200
-20316
-16880
-13552
-12380
-11908
-5745
-2801
-3368
-2550
-1131
2698
5184
4153
4508
6551
6150
6594
7953
8433
8369
6638
6521
7543
7443
6003
5469
7081
5883
3190
3820
5884
5713
5228
3994
4373
6690
7267
7519
9016
9399
10123
11828
13236
15676
17034
16120
18081
20608
22124
22858
23687
25461
26265
27038
29504
29371
30095
31249
31750
32767
32668
32333
31846
32728
32590
32607
27648
24916
27840
27355
22811
15735
12835
14342
12854
5197
-96
-2501
-4768
-9394
-15168
-17266
-19739
-25833
-29632
-32070
-32768
-32680
-32768
-32719
-32768
-32735
-32768
-32744
-32768
-32749
-32768
-32752
-32768
-32755
-32768
-32758
-32768
-32757
-32768
-32468
-29220
-26972
-25763
-22944
-19360
-16691
-14801
-13097
-8550
-6943
-6560
-4919
-2549
157
1054
983
1686
3549
3660
4014
5113
5499
4493
4075
5024
5024
4313
4285
3922
4184
3625
2895
3162
4376
4100
3403
3835
5045
6181
6416
7076
8504
9283
10386
12423
14390
15275
15773
17856
20059
21795
22720
23423
25891
27799
27683
28742
30795
31944
32767
32465
32692
32767
32767
32758
32767
32743
32767
32732
32767
32606
29313
29276
31098
28398
22099
18099
18613
18693
12525
6486
4390
2833
-1244
-6629
-9896
-11424
-15986
-21080
-23539
-25449
-28496
-32220
-32768
-32725
-32768
-32745
-32768
-32757
-32768
-32767
-32762
-32768
-32743
-32768
-32711
-32768
-32527
-31919
-29682
-25716
-23131
-21824
-19841
-16703
-13728
-12226
-10215
-7244
-6803
-4359
-2002
-641
745
170
982
4595
5264
3755
3818
4380
6403
6476
4684
5072
5718
4542
4327
4501
4591
4093
3476
3340
2644
3072
3576
4092
4281
3660
3354
5926
7331
7410
7784
8046
10069
12433
12979
12693
15135
16932
17393
18022
19516
21517
22111
22984
23156
24507
26101
26354
27366
28482
28613
29456
30064
29637
29049
28750
29332
29338
25024
22948
24098
23389
20561
15303
12384
12946
10709
5053
1798
-316
-2676
-7686
-11702
-12371
-15259
-20413
-22992
-25099
-27060
-30239
-32753
-32728
-32768
-32747
-32768
-32758
-32768
-32767
-32765
-32768
-32759
-32768
-32756
-32701
-30902
-29796
-29294
-25625
-22538
-21270
-19357
-16307
-13885
-12084
-10551
-7568
-4733
-3569
-3649
-2309
1632
3044
2977
2383
3295
5004
6235
5293
5589
5858
4708
5031
5484
5316
4604
3449
3260
3154
2551
2632
2518
2374
1451
986
1726
2648
3133
2996
2812
3529
4937
5495
6945
8025
8809
9496
11145
12973
14989
15751
16210
18256
20259
21271
21582
23515
23734
24990
26505
26874
27771
28677
29211
31111
30598
28906
29332
30497
30753
30094
26037
23301
25472
25972
22794
16514
14092
14707
13440
8256
3974
1821
331
-4208
-9029
-10537
-12125
-16096
-20060
-22836
-24518
-26871
-29363
-29841
-31415
-32768
-32716
-32768
-32745
-32768
-32757
-32768
-32768
-32749
-32768
-31107
-28112
-27040
-26971
-24108
-20804
-18637
-17106
-15338
-12941
-10744
-9087
-6650
-4295
-3409
-2913
-2404
1393
3133
2163
1790
2723
4599
5355
3943
3979
5113
3846
3601
3908
3635
2971
2152
1752
1782
667
557
770
513
-312
-1492
-77
820
757
72
527
1456
3139
3577
3653
5777
6511
7074
8667
10551
12131
12850
13613
15298
16848
18408
19549
19961
21344
22168
23871
24830
25028
25196
26613
27390
28748
28532
26987
27547
27738
28286
27015
25653
22665
22036
22507
21693
17193
12361
12333
12336
9065
3233
856
282
-2431
-7488
-10195
-11508
-13387
-17147
-20489
-21398
-23103
-25603
-26972
-27334
-28955
-31479
-31908
-30024
-30139
-31888
-31981
-29983
-28368
-28640
-27730
-25392
-23372
-22785
-21570
-19026
-16524
-14957
-13866
-11934
-9557
-8294
-6683
-4646
-2612
-2653
-2210
-609
1530
2656
1588
1767
2605
3248
2847
3733
3341
2527
1850
1757
2473
1737
333
520
128
-693
-896
-1336
-624
-1357
-2583
-2087
-1467
-765
-610
-1455
-612
976
1087
2269
3578
4027
4717
5691
7451
9747
10270
10644
12057
13079
15206
16349
16552
18289
19198
19588
20717
21536
22674
22999
23450
24830
24927
24838
26111
25581
25290
25055
25145
24860
23894
21883
20036
20627
19697
17193
13278
10961
11081
9590
5135
1290
384
-1548
-5531
-8628
-10039
-11925
-15275
-18626
-19999
-21228
-23493
-25521
-26540
-27384
-29279
-30764
-29958
-29241
-30358
-31567
-30694
-28345
-28254
-28541
-26530
-24535
-23817
-23118
-20904
-18527
-17085
-15966
-14343
-12136
-10433
-9061
-7426
-5330
-4445
-3591
-2254
-110
-413
-1379
1461
3056
3043
624
231
2646
4137
1983
510
935
1152
661
-85
93
164
-1215
-2143
-1500
-1377
-1299
-1632
-1583
-1716
-2210
-1277
466
1068
520
-57
1080
4286
4457
4818
5477
6606
8307
9276
10441
11859
12730
13468
15252
16237
16582
17746
19348
20085
20007
20478
21775
22636
23399
22998
22923
24392
25222
23565
22797
23527
24148
23144
20950
20491
18554
18206
17491
15065
12734
10175
8303
7383
4887
1099
-698
-2940
-5635
-8430
-10836
-12309
-14402
-17614
-19673
-21171
-22588
-23836
-25311
-26406
-27675
-28894
-28561
-28243
-28325
-28624
-29026
-27519
-26405
-26118
-24491
-23169
-22191
-21011
-19438
-17221
-15440
-14137
-12642
-11180
-9620
-7684
-6158
-4636
-3435
-2793
-1560
-79
545
-96
1606
3020
3016
1782
1097
2685
3867
2913
1280
1183
1379
1312
933
467
81
-697
-1298
-918
-571
-1302
-1545
-1208
-1011
-1193
-1148
-34
879
1075
805
1350
3564
4427
4863
5495
6391
7405
8582
9961
11207
11804
12584
13110
14882
16238
16828
17723
17961
18576
19091
20877
20817
21283
21718
21631
22643
23173
22697
23161
23339
22449
21899
21850
22201
21324
19310
17898
16647
16750
14927
12517
10212
8833
6859
4660
1792
372
-1298
-4557
-7559
-9274
-10807
-12473
-14834
-17462
-18801
-20395
-21705
-22470
-23428
-24487
-25967
-26212
-25484
-25610
-25919
-25720
-24996
-24080
-24066
-22834
-20787
-19893
-19249
-17984
-16276
-14469
-12825
-11572
-10227
-8796
-7522
-6004
-4415
-3150
-2408
-1685
-546
206
806
1571
2121
2646
2290
1974
2921
3485
2786
2038
1783
2167
2034
1369
1028
659
352
158
39
-58
-300
-529
-396
-389
-105
216
466
836
1333
1324
2327
3685
3919
4194
4700
5847
7204
8075
8655
9152
9855
11091
12431
13274
13419
13812
14839
15987
16364
16478
16944
17342
17682
17893
18224
18362
18750
18706
18322
18741
19163
19316
18205
17378
17110
17298
17118
16188
14314
13376
12161
11300
9832
8532
7405
4845
2370
1054
182
-1844
-3865
-6243
-7954
-9731
-11496
-12387
-13685
-15792
-17677
-18970
-19357
-19669
-21116
-21743
-22279
-22904
-23062
-22930
-22072
-21885
-22564
-22107
-20870
-19844
-18968
-18368
-17362
-16457
-15475
-13955
-12420
-11497
-10427
-9410
-8387
-6769
-5680
-4674
-3628
-2958
-2249
-1362
-1492
-902
877
1238
650
-222
-44
1375
2081
1176
-134
-300
72
307
-33
-207
-740
-1675
-1638
-1084
-961
-1189
-1520
-1632
-1466
-1346
-447
365
401
47
155
1524
2971
3326
3425
3913
4293
5518
6672
7383
7930
8237
8527
9776
10901
11226
11603
12210
12542
12665
13197
14494
14637
14341
14149
14406
15515
15490
15460
15388
15300
15284
15812
15344
14908
14825
14001
14054
13957
12802
11254
11303
10523
8772
7517
6878
6333
3889
1752
678
36
-1570
-3749
-5729
-6892
-8382
-10015
-11291
-12171
-13874
-15860
-16577
-16774
-17713
-18987
-19400
-19699
-20194
-20601
-20513
-19740
-19604
-20060
-19719
-18521
-17656
-17078
-16390
-15271
-14476
-13651
-12300
-10789
-9649
-9075
-8172
-6590
-5290
-4422
-3607
-2544
-1600
-1522
-574
473
1385
1439
1182
1637
2414
2564
2512
2686
2376
2180
2034
2238
2345
1724
1017
1120
1158
960
715
379
604
320
-40
206
707
951
633
522
1133
1625
2165
2671
2918
3223
3496
4095
5269
6032
6215
6442
6908
7739
8721
9119
9493
9827
9945
10684
11619
11817
11592
11681
12165
12666
12453
12642
12696
12596
12658
12567
12220
12495
12532
12270
11761
11564
11655
11067
10553
10542
10097
9096
8771
8199
7547
6579
5097
4247
3783
2915
1528
-338
-1722
-2312
-3263
-4541
-6211
-7587
-8629
-9762
-10694
-11597
-12713
-13689
-14563
-15315
-15701
-16072
-16467
-16753
-17145
-17292
-17080
-16758
-16249
-16149
-16101
-15373
-14522
-13769
-13064
-12304
-11415
-10760
-9844
-8607
-7722
-6828
-6137
-5315
-4336
-3375
-2690
-2168
-1640
-861
-149
110
524
676
938
1322
1656
1483
1355
1422
1631
1494
1271
1207
992
861
729
516
343
344
178
-11
-5
101
73
-54
238
470
594
727
929
1352
1718
2088
2316
2646
3050
3653
4223
4485
4792
5324
5863
6377
6660
6920
7400
7776
8302
8398
8606
8968
9210
9257
9430
9457
9579
9719
9464
9465
9234
9388
9201
9011
8823
8628
8402
8088
8183
7649
7585
7238
7074
6978
6689
6440
6245
5875
5534
4980
4670
4704
4191
3245
2448
2330
1908
1062
116
-507
-1297
-2182
-2782
-3550
-4431
-5247
-6214
-6929
-7561
-8389
-8988
-9589
-10202
-10998
-11579
-11533
-11736
-12312
-12785
-12874
-12683
-12615
-12573
-12495
-12330
-12085
-11648
-11105
-10718
-10301
-9851
-9241
-8608
-8177
-7750
-6979
-6320
-5905
-5572
-4959
-4262
-3889
-3466
-3036
-2573
-2277
-1974
-1534
-1169
-1018
-900
-619
-303
-281
-175
56
141
169
198
274
386
545
538
473
724
852
783
864
1260
1411
1387
1475
2038
2441
2565
2672
2930
3455
3804
4067
4345
4705
5097
5390
5658
6020
6401
6682
6975
7208
7262
7593
8019
8224
8225
8111
8226
8646
8643
8575
8367
8323
8370
8535
8373
8031
7801
7640
7742
7501
7341
7031
6683
6547
6556
6228
5956
5783
5293
5150
5074
4820
4532
4108
3698
3273
3047
2880
2469
1786
1182
599
264
-18
-900
-1674
-2065
-2577
-3291
-4016
-4533
-5015
-5613
-6246
-6816
-7347
-7633
-8140
-8605
-8888
-9355
-9677
-9779
-9871
-10059
-10279
-10399
-10241
-10131
-10060
-9876
-9593
-9359
-9234
-8880
-8279
-8081
-7877
-7318
-6858
-6471
-6139
-5721
-5180
-4767
-4566
-4165
-3745
-3323
-2989
-2786
-2483
-2195
-1974
-1628
-1362
-1164
-1057
-938
-650
-390
-302
-181
17
129
274
354
640
809
918
952
1111
1306
1577
1708
1830
2026
2191
2470
2737
2956
3083
3204
3422
3760
4022
4090
4329
4443
4553
4876
5058
5199
5317
5314
5523
5826
5921
6084
6007
5932
6174
6299
6503
6500
6174
6138
6218
6377
6418
6215
5834
5972
6002
5871
5743
5539
5540
5399
5264
5110
4917
4777
4629
4610
4367
4074
3810
3765
3510
3215
2842
2467
2412
2186
1811
1271
759
454
428
-104
-690
-1379
-1822
-1991
-2335
-3048
-3643
-4040
-4440
-4776
-5279
-5688
-6096
-6423
-6730
-7070
-7350
-7602
-7752
-7905
-8041
-8272
-8271
-8226
-8198
-8166
-8134
-8001
-7776
-7591
-7401
-7186
-6920
-6735
-6467
-6062
-5789
-5591
-5273
-4906
-4703
-4365
-4015
-3766
-3531
-3231
-2987
-2702
-2388
-2153
-1987
-1784
-1529
-1363
-1165
-913
-742
-632
-535
-303
-58
106
231
341
464
638
920
1094
1192
1292
1488
1734
1952
2155
2298
2438
2750
3038
3175
3279
3515
3735
3833
4030
4234
4349
4434
4533
4681
4756
4997
5094
5022
4972
5087
5285
5409
5343
5085
5058
5156
5338
5190
4987
4846
4828
4749
4729
4663
4399
4304
4127
4073
3977
3947
3620
3504
3341
3198
3170
3048
2774
2407
2302
2204
2201
1911
1574
1254
1154
1162
924
568
447
76
-65
-57
-376
-712
-1049
-1156
-1422
-1561
-1976
-2218
-2460
-2728
-3062
-3303
-3446
-3765
-4036
-4316
-4478
-4686
-4796
-5021
-5251
-5440
-5599
-5557
-5617
-5730
-5944
-6029
-5953
-5901
-5832
-5845
-5923
-5817
-5665
-5497
-5375
-5247
-5172
-5028
-4765
-4609
-4455
-4269
-4045
-3858
-3696
-3485
-3309
-3095
-2844
-2727
-2533
-2303
-2123
-1909
-1693
-1526
-1387
-1141
-916
-733
-588
-403
-214
-30
148
281
444
644
830
969
1169
1325
1474
1633
1801
2036
2199
2353
2474
2628
2846
3042
3202
3301
3426
3602
3793
3937
4029
4102
4184
4317
4474
4551
4655
4723
4742
4767
4827
4952
5016
5093
5014
4934
4893
4991
5018
4907
4760
4578
4505
4409
4393
4194
4021
3741
3600
3475
3370
3246
2858
2672
2494
2508
2234
1975
1800
1604
1466
1371
1328
976
717
540
462
380
165
-48
-228
-348
-587
-687
-819
-945
-1140
-1404
-1539
-1647
-1723
-2006
-2127
-2299
-2459
-2639
-2661
-2732
-2976
-3156
-3208
-3274
-3434
-3567
-3632
-3977
-4039
-3780
-3953
-3849
-3932
-4130
-4314
-4210
-4162
-4551
-4558
-4414
-4329
-4244
-4131
-4190
-4541
-4373
-4074
-4174
-4066
-4006
-3960
-3910
-3670
-3561
-3508
-3510
-3352
-3248
-3380
-3099
-2985
-2830
-2708
-2532
-2405
-2335
-1983
-1756
-1587
-1463
-1153
-1017
-1062
-720
-733
-667
-360
-15
264
224
619
978
1020
1300
1708
1842
1902
2303
2423
2421
2700
2909
3031
3052
3276
3217
3266
3593
3615
3653
3809
4023
4101
4287
4408
4493
4626
4694
4764
4630
4764
4750
4709
4712
4587
4556
4631
4677
4547
4485
4479
4376
4371
4227
4117
3969
3742
3743
3467
3341
3156
3028
2784
2597
2538
2265
2222
2018
1895
1641
1625
1494
1288
1192
955
814
682
503
290
78
-134
-319
-388
-483
-687
-841
-955
-1053
-1301
-1260
-1241
-1448
-1690
-1823
-1783
-1881
-1852
-2099
-2194
-2299
-2235
-2263
-2320
-2384
-2548
-2503
-2422
-2379
-2593
-2632
-2577
-2569
-2668
-2730
-2761
-2755
-2765
-2824
-2823
-2834
-2800
-2829
-2770
-2799
-2774
-2750
-2666
-2625
-2659
-2676
-2649
-2539
-2536
-2521
-2502
-2449
-2391
-2329
-2213
-2223
-2253
-2133
-1983
-1927
-1899
-1822
-1763
-1635
-1492
-1377
-1328
-1237
-1121
-1024
-854
-723
-653
-568
-376
-181
-36
126
272
383
531
727
932
1029
1152
1261
1429
1582
1750
1891
1970
2028
2186
2409
2536
2614
2632
2704
2783
2939
3009
3037
3019
3030
3062
3172
3233
3171
3124
3121
3204
3130
3134
3031
2967
2954
2887
2737
2664
2675
2601
2417
2269
2223
2068
2003
1855
1739
1554
1403
1355
1276
1120
874
697
609
573
387
116
-4
-72
-121
-333
-397
-536
-722
-813
-919
-918
-1079
-1245
-1363
-1393
-1482
-1572
-1622
-1679
-1884
-1997
-1933
-1952
-1977
-2183
-2230
-2216
-2089
-2169
-2231
-2162
-2217
-2270
-2128
-2062
-2173
-2209
-2135
-2045
-2078
-2045
-2037
-1963
-1888
-1963
-1933
-1831
-1815
-1807
-1815
-1727
-1770
-1723
-1628
-1610
-1570
-1610
-1592
-1467
-1354
-1371
-1388
-1289
-1242
-1223
-1022
-991
-1053
-1014
-890
-758
-673
-636
-682
-607
-451
-372
-357
-251
-303
-231
-112
53
76
16
98
135
252
275
266
305
352
371
464
535
560
530
563
632
687
798
755
733
775
832
916
974
984
925
947
1076
1148
1162
1122
1150
1164
1231
1305
1338
1282
1195
1247
1262
1292
1254
1176
1073
1085
1153
1071
1000
1014
933
817
902
958
876
756
807
728
646
759
732
624
504
526
428
461
516
375
213
278
323
188
121
117
86
-50
-42
-105
-235
-267
-203
-246
-457
-493
-459
-496
-553
-529
-629
-833
-792
-647
-739
-847
-848
-903
-970
-832
-749
-956
-1000
-895
-914
-904
-798
-868
-1098
-977
-789
-872
-973
-842
-908
-995
-855
-720
-826
-876
-740
-783
-797
-685
-654
-717
-688
-624
-664
-627
-479
-512
-638
-583
-477
-438
-458
-382
-413
-503
-399
-256
-263
-332
-320
-324
-336
-208
-164
-248
-251
-186
-156
-120
30
10
-103
-27
118
137
144
213
172
124
181
291
297
305
345
272
310
398
483
444
391
447
452
515
606
583
449
459
583
620
637
626
549
485
598
688
613
561
557
568
646
698
655
542
558
599
632
642
534
462
477
554
558
471
424
390
390
419
418
357
326
301
341
327
267
242
253
248
244
283
232
180
279
341
301
226
239
256
258
290
256
205
202
229
207
205
187
163
170
189
189
138
143
152
157
152
135
142
109
112
118
144
129
105
82
63
89
118
77
41
76
60
61
82
70
32
49
60
42
46
65
28
17
137
138
110
141
157
109
151
257
191
126
157
161
123
166
190
131
119
217
187
159
212
202
179
149
164
105
128
166
91
5
-12
-1
24
74
15
-145
-174
-63
-1
-2
-85
-227
-244
-143
-78
-80
-201
-312
-286
-140
-77
-144
-202
-270
-234
-91
-30
-119
-173
-114
-87
-38
-15
-81
-126
-41
-8
-28
8
-3
-62
-7
74
31
-20
22
50
47
28
-24
-36
16
15
-61
-86
-97
-62
-16
27
-94
-211
-105
-15
0
-87
-180
-226
-134
-63
-108
-190
-227
-193
-131
-98
-155
-214
-219
-110
-48
-119
-169
-164
-127
-111
-91
-71
-116
-139
-95
-73
-85
-104
-86
-102
-86
-21
-55
-70
-55
-31
-55
-32
40
20
-6
55
82
17
29
55
61
-48
-22
31
-14
-17
-34
-40
-99
-58
-77
-108
-106
-142
-207
-181
-98
-153
-229
-195
-162
-253
-254
-222
-242
-271
-243
-208
-266
-304
-287
-274
-244
-287
-294
-288
-273
-266
-319
-304
-330
-355
-339
-333
-349
-417
-420
-373
-360
-400
-421
-400
-416
-447
-430
-405
-431
-450
-456
-407
-413
-444
-438
-414
-403
-435
-407
-396
-414
-439
-419
-385
-393
-412
-384
-372
-377
-386
-371
-342
-362
-361
-342
-303
-300
-299
-249
-177
-187
-234
-209
-155
-161
-153
-140
-164
-206
-213
-143
-133
-153
-179
-175
-124
-109
-104
-103
-119
-142
-161
-117
-49
-82
-124
-106
-79
-43
-9
-18
-56
-75
-30
29
50
-3
-37
-37
-15
2
6
-11
-49
-77
-65
-25
-24
-69
-125
-109
-73
-38
-32
-54
-83
-96
-58
-4
-7
-44
-69
-58
-10
20
-17
-34
7
42
57
41
23
-4
25
86
91
44
20
22
56
98
63
-7
-32
-8
32
55
46
11
-6
7
36
57
46
46
76
121
119
91
73
69
54
36
-9
-56
-68
-52
-34
-57
-82
-125
-116
-92
-85
-98
-143
-170
-179
-167
-155
-177
-219
-261
-270
-229
-216
-242
-271
-284
-270
-236
-228
-267
-281
-264
-241
-223
-199
-241
-275
-249
-242
-239
-218
-215
-237
-227
-204
-192
-199
-194
-184
-168
-156
-155
-131
-132
-116
-95
-90
-115
-119
-115
-96
-81
-77
-76
-81
-58
-48
-46
-47
-47
-51
-53
-23
-23
-42
-24
5
7
24
39
60
61
95
119
144
155
152
159
173
211
213
206
205
219
211
207
211
186
186
190
183
184
189
200
227
231
214
207
197
221
232
201
156
130
138
151
172
148
105
107
150
180
181
156
106
104
139
152
142
115
97
92
108
123
100
75
74
81
65
71
64
54
51
44
33
29
35
28
41
21
9
-4
6
22
0
-5
-14
-15
-14
-7
-4
-7
-1
2
5
6
14
19
19
33
45
53
46
50
66
60
52
30
22
33
65
68
56
47
26
31
45
73
75
70
84
89
87
90
118
136
146
163
177
182
218
247
254
256
258
272
280
273
275
278
287
294
290
295
290
293
308
314
315
296
292
295
294
267
266
272
238
217
222
217
214
213
226
220
187
177
171
186
205
199
191
180
169
169
166
167
154
149
160
174
171
166
167
174
178
159
142
139
135
122
121
115
111
108
104
111
124
116
98
105
114
91
71
60
32
32
36
43
31
30
39
33
47
54
41
36
48
27
5
9
25
11
-8
-8
-26
-14
-9
2
-8
-15
0
23
45
61
71
48
53
61
64
55
32
27
16
24
43
39
25
32
39
30
18
8
0
-4
-7
-29
-37
-33
-38
-44
-49
-61
-68
-80
-72
-68
-95
-101
-92
-90
-99
-103
-121
-128
-111
-101
-114
-120
-121
-126
-117
-90
-103
-125
-118
-116
-131
-139
-122
-138
-141
-141
-159
-176
-174
-165
-176
-171
-162
-174
-175
-172
-189
-220
-236
-238
-245
-254
-260
-282
-300
-299
-292
-280
-268
-259
-263
-269
-257
-247
-223
-193
-180
-172
-166
-159
-159
-153
-149
-141
-140
-121
-100
-107
-109
-109
-107
-96
-77
-66
-73
-84
-93
-94
-96
-91
-104
-114
-118
-105
-100
-94
-88
-99
-93
-84
-59
-57
-54
-57
-56
-51
-50
-38
-26
-18
-23
-11
0
23
44
57
68
84
95
116
144
163
172
176
206
239
256
273
278
270
270
286
304
325
325
327
320
332
348
344
336
318
311
305
304
308
314
302
297
303
290
270
259
253
237
226
229
214
197
189
172
158
143
125
105
108
94
66
64
54
36
19
4
-11
-30
-46
-67
-79
-96
-121
-137
-138
-137
-144
-141
-140
-140
-141
-131
-119
-110
-111
-117
-124
-126
-127
-132
-121
-122
-136
-149
-143
-138
-131
-137
-128
-112
-111
-107
-99
-93
-112
-114
-119
-119
-116
-119
-114
-113
-105
-110
-115
-105
-100
-102
-103
-105
-96
-87
-79
-64
-62
-70
-73
-78
-69
-55
-44
-39
-40
-33
-33
-33
-34
-23
-16
-16
-9
-13
-2
17
42
54
46
38
42
57
53
54
53
42
43
40
53
47
36
25
26
32
24
32
50
47
50
41
25
26
20
3
-2
-13
-31
-50
-44
-40
-42
-46
-59
-66
-67
-62
-56
-54
-51
-56
-55
-74
-82
-68
-58
-67
-72
-44
-89
-41
-65
-60
-44
-73
-66
-56
-49
-64
-36
-65
-57
-63
-64
-60
-56
-61
-78
-55
-79
-66
-91
-73
-82
-78
-92
-89
-88
-114
-65
-115
-105
-90
-132
-132
-113
-116
-136
-100
-128
-126
-113
-116
-119
-124
-125
-135
-125
-108
-100
-107
-106
-102
-87
-74
-61
-63
-63
-69
-68
-68
-64
-61
-63
-56
-41
-42
-28
-25
-24
-12
-6
-3
-5
2
4
24
9
20
31
38
41
35
38
34
43
33
33
43
49
57
54
78
69
59
63
70
75
63
64
53
59
60
74
70
81
83
73
79
94
93
100
102
91
77
68
83
70
64
58
56
53
40
34
29
17
8
-12
-37
-39
-39
-62
-65
-70
-79
-86
-85
-90
-110
-106
-113
-128
-126
-136
-147
-140
-143
-139
-146
-143
-149
-157
-163
-171
-159
-167
-166
-180
-187
-183
-183
-190
-192
-188
-190
-188
-192
-190
-197
-186
-172
-174
-170
-172
-164
-173
-163
-168
-165
-164
-165
-155
-171
-167
-170
-177
-165
-155
-151
-143
-145
-135
-127
-108
-81
-74
-57
-52
-47
-38
-26
2
-3
18
41
49
66
81
98
106
142
152
160
167
166
177
183
190
188
191
204
219
231
236
238
235
235
239
252
248
227
219
213
218
233
241
245
248
240
228
231
228
221
213
212
214
211
211
200
209
214
206
220
208
208
194
196
218
212
221
210
205
190
193
185
196
208
204
194
188
191
183
188
189
183
167
187
170
161
164
147
154
144
131
119
112
98
81
61
52
50
55
46
44
21
17
10
-4
-3
-14
-9
-8
-3
2
-1
-16
-17
-19
-10
-5
-12
-24
-32
-32
-14
3
0
4
-7
-4
13
10
9
9
13
27
29
22
20
31
26
19
33
37
21
24
17
1
11
7
1
-14
-42
-51
-61
-56
-76
-77
-81
-91
-96
-95
-106
-100
-101
-107
-108
-135
-140
-140
-130
-118
-114
-118
-112
-112
-107
-98
-93
-88
-79
-76
-73
-75
-80
-71
-63
-57
-51
-52
-39
-42
-33
-32
-33
-25
-30
-30
-22
-30
-51
-40
-38
-39
-45
-46
-43
-44
-46
-53
-56
-49
-50
-51
-65
-79
-87
-93
-96
-94
-91
-89
-91
-101
-100
-90
-80
-75
-70
-56
-54
-44
-56
-56
-54
-59
-46
-44
-33
-28
-26
-30
-32
-22
-21
-16
-8
-7
-10
-12
-23
-29
-27
-27
-21
-22
-25
-32
-32
-28
-39
-42
-46
-52
-58
-69
-82
-81
-97
-104
-105
-102
-99
-101
-95
-100
-86
-95
-88
-71
-72
-71
-82
-91
-80
-36
-37
-30
-11
-17
-23
-17
-8
9
14
21
23
26
39
42
51
62
52
54
53
48
53
49
60
64
69
79
74
65
72
69
67
78
82
75
61
55
53
49
60
63
57
43
40
43
51
71
89
91
78
87
89
96
115
120
111
106
118
114
112
126
115
116
120
118
118
127
134
129
120
120
117
110
109
88
80
88
88
83
72
56
42
35
43
40
32
20
7
6
1
-1
2
5
8
-2
-19
-18
-33
-28
-15
-13
-16
-11
-20
-18
-25
-29
-19
-22
-27
-26
-30
-34
-38
-37
-37
-47
-35
-36
-47
-57
-76
-85
-78
-75
-70
-71
-76
-79
-83
-96
-117
-133
-132
-133
-138
-149
-162
-175
-179
-181
-177
-168
-169
-158
-163
-168
-166
-177
-187
-193
-197
-203
-200
-213
-214
-211
-206
-190
-173
-156
-159
-163
-163
-155
-157
-160
-146
-138
-124
-118
-112
-99
-90
-79
-70
-72
-77
-78
-73
-59
-45
-37
-40
-42
-41
-39
-47
-45
-44
-56
-58
-63
-73
-74
-72
-68
-62
-61
-69
-75
-82
-84
-93
-98
-92
-97
-90
-86
-88
-92
-90
-88
-94
-100
-98
-97
-98
-99
-99
-105
-106
-102
-100
-99
-101
-101
-120
-140
-145
-146
-132
-137
-135
-150
-159
-155
-152
-147
-143
-156
-171
-164
-169
-180
-175
-180
-190
-177
-176
-175
-169
-171
-163
-160
-153
-140
-143
-141
-129
-131
-127
-131
-126
-122
-116
-96
-94
-97
-87
-74
-70
-66
-57
-65
-65
-62
-52
-40
-34
-15
-11
2
9
14
13
27
37
51
62
61
62
63
85
84
94
110
109
113
117
122
128
140
156
158
170
165
160
158
162
164
163
165
168
176
183
197
187
189
194
190
187
174
180
180
180
181
172
158
157
155
147
150
161
166
152
158
149
139
136
136
137
136
138
131
125
119
108
103
102
102
94
82
71
56
43
31
47
41
37
31
18
10
7
-5
-15
-22
-36
-45
-50
-51
-51
-60
-75
-71
-79
-83
-83
-97
-102
-106
-108
-108
-115
-127
-122
-112
-111
-110
-128
-132
-127
-133
-130
-129
-129
-134
-134
-123
-136
-126
-128
-134
-132
-126
-123
-121
-118
-131
-128
-132
-134
-128
-121
-115
-123
-111
-92
-85
-81
-84
-80
-64
-55
-54
-46
-54
-57
-53
-60
-40
-22
-24
-26
-29
-33
-33
-38
-31
-33
-28
-19
-22
-18
-21
-27
-21
-12
-14
-6
-12
-22
-21
-31
-29
-32
-29
-15
-19
-25
-18
-17
-18
-18
-22
-20
-22
-26
-41
-38
-45
-50
-38
-39
-37
-38
-43
-52
-76
-73
-51
-46
-45
-51
-51
-56
-55
-48
-48
-59
-63
-81
-81
-84
-70
-69
-82
-80
-86
-82
-91
-89
-97
-108
-122
-124
-127
-130
-124
-123
-135
-141
-136
-138
-130
-123
-125
-128
-124
-122
-128
-127
-128
-123
-117
-107
-99
-96
-95
-100
-109
-120
-118
-110
-101
-89
-91
-97
-106
-101
-79
-69
-58
