47
44
17
42
39
37
31
30
26
12
16
13
20
-11
-8
9
-1
1
-3
-18
-22
-11
-10
-28
-24
-19
-31
-32
-33
-39
-51
-46
-46
-41
-27
-29
-41
-44
-40
-51
-51
-51
-60
-64
-60
-78
-83
-71
-82
-74
-67
-84
-81
-78
-81
-77
-84
-93
-82
-84
-81
-91
-94
-90
-99
-87
-88
-99
-89
-87
-93
-92
-107
-101
-93
-102
-84
-100
-103
-93
-100
-93
-103
-96
-91
-93
-74
-83
-86
-88
-90
-89
-86
-109
-103
-96
-104
-86
-91
-95
-87
-77
-91
-88
-90
-96
-92
-98
-104
-108
-109
-105
-96
-91
-92
-100
-96
-93
-93
-85
-94
-97
-96
-104
-101
-124
-120
-106
-99
-103
-104
-102
-115
-115
-114
-112
-113
-115
-109
-116
-104
-121
-127
-108
-118
-115
-113
-111
-119
-134
-132
-139
-144
-128
-121
-124
-122
-137
-135
-128
-127
-130
-132
-132
-134
-127
-122
-130
-125
-126
-124
-121
-124
-137
-125
-106
-103
-96
-98
-102
-101
-97
-99
-100
-101
-100
-99
-95
-87
-91
-95
-83
-78
-75
-77
-71
-69
-68
-67
-70
-80
-76
-61
-60
-60
-79
-65
-64
-60
-52
-60
-60
-60
-57
-54
-48
-45
-50
-52
-54
-47
-52
-45
-26
-25
-12
-15
-20
-18
-14
-1
-1
-3
-4
-1
3
10
8
4
18
24
34
37
45
48
50
52
53
64
60
65
75
87
62
63
93
76
77
71
79
86
92
105
107
97
86
85
82
99
77
77
104
104
108
107
110
112
120
123
127
128
130
143
148
152
128
129
150
161
174
170
175
171
169
168
166
172
168
176
174
174
151
143
171
174
171
167
170
168
161
161
154
151
157
139
133
148
111
108
132
127
129
123
129
115
123
126
107
103
102
103
84
78
63
50
75
66
62
58
48
32
16
12
6
11
11
6
-14
-10
-53
-63
-33
-37
-45
-55
-50
-55
-60
-62
-76
-81
-79
-74
-82
-81
-93
-96
-91
-87
-85
-98
-98
-107
-102
-91
-102
-105
-106
-96
-93
-90
-105
-108
-94
-97
-91
-95
-95
-101
-101
-95
-95
-98
-92
-84
-85
-83
-98
-104
-97
-108
-107
-115
-112
-105
-104
-105
-104
-104
-118
-117
-110
-107
-128
-120
-101
-117
-102
-102
-99
-81
-85
-75
-64
-69
-72
-67
-71
-61
-71
-67
-47
-53
-46
-43
-46
-38
-26
-23
-16
-22
-24
-24
-23
-14
-29
-21
-7
-7
10
20
16
6
18
21
25
36
30
34
30
39
21
17
47
47
49
53
41
43
35
40
42
41
49
51
52
62
33
19
44
42
48
41
44
35
39
37
19
18
15
24
24
27
-1
-15
3
3
-2
-10
-10
-16
-16
-17
-19
-19
-18
-17
-18
-16
-31
-33
-31
-30
-23
-22
-25
-34
-38
-31
-29
-32
-31
-44
-48
-39
-54
-56
-39
-49
-53
-50
-60
-63
-71
-76
-80
-75
-77
-81
-85
-87
-98
-109
-98
-110
-116
-104
-107
-114
-120
-120
-127
-124
-131
-129
-127
-120
-140
-132
-113
-131
-117
-121
-128
-138
-139
-123
-119
-119
-128
-133
-126
-117
-138
-142
-120
-127
-121
-115
-114
-112
-109
-97
-99
-98
-91
-103
-93
-84
-110
-98
-86
-83
-67
-77
-73
-67
-51
-50
-54
-44
-36
-24
-25
-18
-34
-26
-11
-9
-7
0
10
5
16
28
30
35
36
45
48
65
46
44
69
65
72
73
74
73
84
72
84
96
96
95
88
99
66
68
94
90
98
99
105
97
108
106
100
98
99
113
98
102
79
68
99
102
97
98
100
105
103
109
107
104
104
98
97
96
69
60
86
75
78
74
71
77
73
71
64
47
40
35
34
37
14
21
35
22
30
24
10
10
4
1
-12
-11
-9
-5
-11
-14
-39
-37
-16
-20
-23
-28
-16
-21
-18
-19
-30
-35
-37
-37
-32
-33
-47
-49
-46
-47
-58
-62
-70
-74
-68
-66
-70
-73
-75
-84
-76
-73
-91
-98
-72
-88
-87
-93
-94
-95
-98
-81
-83
-82
-82
-81
-84
-77
-92
-88
-80
-78
-80
-79
-78
-85
-84
-80
-81
-82
-75
-79
-79
-82
-98
-91
-89
-88
-91
-95
-93
-92
-90
-96
-98
-93
-97
-96
-83
-83
-95
-83
-73
-72
-67
-65
-61
-60
-55
-60
-54
-55
-53
-39
-38
-34
-40
-36
-31
-23
-16
-13
-4
-8
-5
0
-14
-11
-1
2
4
5
7
-3
17
16
14
24
20
27
29
27
19
23
17
19
18
23
-4
-1
30
24
29
21
24
16
24
27
26
29
20
29
25
32
18
12
41
35
34
26
33
32
23
31
28
26
18
24
11
15
1
-8
14
22
29
21
23
27
24
19
17
15
15
11
10
19
-13
-15
11
-6
6
6
6
18
18
25
21
23
21
24
30
35
13
-2
31
22
38
41
35
55
53
46
49
40
37
32
29
42
19
15
40
35
35
33
36
36
29
34
29
34
35
36
39
42
16
9
32
17
20
15
10
13
21
19
18
22
9
20
13
8
-14
-27
2
7
-1
2
-1
-17
-17
-7
-4
-4
3
-2
-8
-4
-23
-28
-16
-10
-9
-22
-16
-24
-15
-7
-10
-18
-19
-18
-21
-9
-16
-20
-7
-9
-16
-8
-13
-11
-5
8
13
11
15
10
7
19
11
0
11
19
28
28
25
30
33
36
36
39
31
37
31
40
19
24
45
38
-7
33
91
11
50
83
3
48
68
15
50
67
12
21
62
53
70
65
62
69
59
59
59
59
63
69
59
77
37
41
71
68
92
61
56
78
53
77
43
9
107
65
22
103
39
10
97
44
37
61
43
61
58
43
60
57
30
50
36
19
17
5
24
33
34
14
16
18
14
26
11
15
15
18
12
20
-7
-15
34
22
26
25
27
41
31
13
10
9
10
25
10
12
4
-15
10
2
-1
-6
-1
-8
-9
-1
-2
-11
-17
-19
-33
-26
-45
-40
-19
-24
-21
-36
-36
-34
-31
-34
-31
-32
-39
-30
-30
-38
-58
-55
-51
-44
-37
-38
-40
-43
-37
-44
-43
-44
-60
-50
-50
-52
-52
-64
-51
-91
-51
-22
-85
-44
-44
-82
-41
-34
-73
-51
-49
-66
-69
-66
-64
-63
-62
-68
-66
-60
-65
-52
-46
-49
-38
-46
-54
-38
-56
-64
-32
-44
-42
-25
-30
-32
-25
-23
-39
-33
-29
-28
-39
-38
-38
-48
-53
-40
-43
-63
-48
-58
-74
-45
-53
-65
-37
-61
-64
-39
-71
-79
-38
-59
-68
-51
-63
-59
-49
-40
-47
-40
-46
-53
-42
-50
-64
-49
-47
-44
-30
-31
-32
-25
-26
-35
-36
-36
-38
-43
-45
-51
-44
-52
-46
-31
-41
-31
-53
-72
-54
-66
-80
-64
-94
-95
-63
-73
-130
-108
-51
-104
-78
-57
-102
-87
-47
-97
-102
-37
-81
-91
-40
-61
-91
-57
-38
-77
-55
-33
-58
-64
-47
-64
-66
-50
-52
-34
-62
-80
-54
-82
-73
-17
-40
-62
-15
-27
-50
-5
-5
-13
18
35
32
37
35
28
48
78
80
79
92
103
94
101
108
116
119
134
128
121
93
71
70
45
40
21
608
333
-494
252
-198
-752
169
-494
-2038
-2459
-7034
-9385
2240
2452
-6758
-2906
-7529
-10274
-7248
-5319
-4986
-8558
-4400
-6781
-6818
-2439
-2973
418
726
-536
704
2139
402
90
1639
-1427
964
-229
498
-725
-345
3788
-1790
1759
2113
-2613
155
1298
1003
-107
1581
928
-1131
2696
1487
-870
3572
2068
675
4340
3296
1347
2690
3757
2502
2870
4580
3603
1257
4429
3231
787
4869
2679
155
3642
2428
2614
1733
1838
161
-1011
1424
-1682
-781
-2104
-5394
-2662
-1670
-2047
-977
-1611
-2020
-2464
-4870
-1579
1387
492
2873
-555
-2551
914
-3602
-96
2229
-328
2488
1184
735
-2088
-3115
1077
-2316
527
753
1014
-703
-4031
817
-2454
-4290
1621
682
-2274
4196
1116
-1958
1339
-1748
218
1865
2985
3982
408
1177
2902
-1586
711
3251
-1133
-1278
4357
2216
-827
2066
361
-2439
-181
823
-103
5
1438
2887
-2277
-999
1738
-6283
-980
4672
-1421
-1899
4859
-1093
-5005
1078
-979
-4824
374
2848
-2183
-154
2905
-4264
-4695
1114
-2139
-2386
1147
2350
-1185
-1881
1271
-3480
-3162
893
407
-2756
605
1432
-3057
-1510
-120
-4026
-3892
702
145
-1757
762
3590
-1977
-825
3491
1048
589
4432
4755
538
2503
4302
1171
-618
3619
2043
-157
4493
1212
-1103
849
508
-1039
928
861
-10
2150
1371
3039
3583
1184
2119
5652
3051
3284
8980
4437
4857
7240
5181
4617
5854
5982
5817
5563
6007
5624
3061
3476
4678
2784
2731
4121
4738
4088
4187
5923
4725
2681
4569
6484
4354
6817
7746
4523
5308
5192
4194
5698
7134
6643
7016
5883
5251
5775
4590
5191
6095
6505
4563
4728
5108
4339
4440
4290
2983
3453
4089
3747
4586
3639
3529
2886
5084
6147
3049
5907
8151
4480
6419
9744
5147
5567
7831
6440
6500
6989
6434
4971
4439
5198
5727
3774
5691
6958
5233
5885
6204
3611
3008
4518
7286
6251
4882
6926
3245
2800
4914
4892
3887
4008
4304
1966
2173
3202
560
-248
669
22
426
-26
418
-378
-3927
-1849
-52
-3020
-1786
175
-578
-1878
-331
83
-2823
-2951
-1348
606
-2545
-2554
-760
-4063
-4745
-3886
-2315
-5170
-6501
-4701
-4527
-4649
-4188
-3854
-5003
-5989
-4686
-3582
-5181
-3983
-3406
-5283
-3569
-2992
-3888
-5981
-5972
-4583
-4928
-4948
-4377
-4277
-6403
-6564
-5770
-6000
-6369
-6947
-6347
-5607
-6326
-5911
-6275
-7451
-7963
-6567
-7118
-4935
-5128
-5989
-5003
-4993
-5378
-4796
-5243
-5319
-3819
-4050
-3866
-2973
-3839
-7161
-4448
-2819
-5103
-2884
-1515
-3684
-4830
-3426
-4804
-7104
-4237
-3479
-5010
-4475
-3058
-5400
-8090
-6463
-5540
-6885
-7896
-6344
-5913
-7290
-7622
-7236
-8020
-7805
-6253
-8098
-7094
-5639
-6951
-7274
-6059
-5847
-7888
-7088
-6696
-8582
-9107
-7755
-7306
-10109
-9373
-8118
-10910
-11427
-9198
-9605
-11366
-11067
-8427
-9556
-11768
-9611
-9313
-12048
-13230
-8970
-11336
-11551
-8041
-9580
-10774
-10405
-8551
-9191
-10508
-8334
-8102
-10072
-8000
-6739
-7565
-8301
-7916
-7763
-7788
-5761
-5267
-5797
-5031
-4765
-5828
-5288
-3212
-3314
-6014
-4473
-1757
-3695
-2756
-970
-3511
-4267
-2837
-1065
-1889
-2039
410
-1062
-2466
-500
680
-2399
-3472
-1807
-1278
-2276
-892
-457
-3950
-4610
-2590
-2612
-3778
-1676
-973
-4335
-3884
-1447
-2818
-4248
-3025
-2479
-4023
-3098
-1817
-2557
-3981
-2426
-2545
-2951
-1097
136
-996
-1049
34
-14
-253
464
1835
461
1091
2025
2414
1501
1391
3424
2391
2880
4721
3960
3330
3743
6083
4858
3690
5320
5193
3229
4945
7435
6922
7062
7282
8225
6749
8335
9534
8644
9092
10496
10734
9005
8731
8550
7091
7139
9792
9470
8848
8017
8320
7034
6943
8275
9794
10014
8766
9463
9305
9268
9967
10736
10075
9940
10944
11972
11306
11026
10215
9156
8754
9022
9507
9862
9141
8766
7893
8223
7407
5634
2520
71
-1502
-3950
-4945
-6050
-7209
-10576
-11899
-13495
-14102
-15424
-14780
-14711
-14768
-13477
-12115
-11120
-11518
-10687
-10638
-9720
-8057
-5041
-3836
-3607
-2711
-1211
-1106
-926
326
704
37
666
2081
2374
1949
1508
853
478
509
947
1571
1008
1504
2249
2710
2967
3756
4362
4113
5007
6707
7685
8335
8739
8750
9776
10301
9655
9650
10896
10945
9909
8907
9582
9322
7946
7528
7823
8084
7783
7749
7506
7893
7795
7398
6791
7036
7615
7705
7566
6866
6586
6687
7496
7071
7339
7524
7329
6642
5405
5086
5274
6728
7155
7059
5980
6931
7712
8467
8561
8041
9490
10036
10600
8616
7612
4961
2757
478
-274
-525
-1984
-4061
-6218
-6651
-7898
-9964
-12870
-13832
-14392
-13950
-12790
-10919
-10949
-12303
-13667
-12407
-10676
-8617
-7925
-7447
-6304
-4476
-2769
-2401
-2343
-2937
-2375
-2132
-960
-445
60
-349
-1553
-2191
-2205
-1375
-1304
-2563
-3737
-2672
-826
-95
-528
-1916
-1644
-10
2076
3454
3849
5668
6282
5711
6835
9394
10614
11376
11296
11055
11326
13285
13406
14150
13105
12742
14735
14907
15143
14260
13312
14408
15143
14393
14448
12048
12191
12640
13481
14433
10803
10377
10562
10976
9987
7783
5747
8009
8707
7643
5935
3061
694
-575
554
534
105
-1047
-3582
-5490
-5425
-4605
-3934
-4004
-4621
-5721
-6659
-6576
-5902
-5233
-5078
-5687
-6422
-6690
-6255
-5403
-5003
-5201
-5643
-6015
-6040
-5655
-5014
-4646
-4717
-5135
-5258
-5102
-4664
-4483
-4842
-5127
-4723
-4349
-4506
-4821
-4945
-4774
-4704
-4901
-5024
-5090
-5197
-5265
-5540
-5690
-5721
-5708
-5775
-5974
-6040
-6125
-6354
-6251
-6077
-6231
-6337
-6365
-6308
-6333
-6248
-6019
-5995
-5971
-5871
-5877
-5815
-5513
-5288
-5151
-5003
-4825
-4731
-4552
-4233
-4012
-3785
-3473
-3142
-2995
-2775
-2551
-2331
-1916
-1564
-1318
-1144
-938
-654
-433
-269
-61
47
191
432
617
838
870
833
986
1157
1344
1424
1479
1545
1560
1624
1822
1924
1681
1666
1958
2257
2297
2257
2107
2049
2221
2457
2474
2450
2367
2271
2312
2318
2424
2353
2181
2056
1978
1942
1971
1989
1917
1744
1623
1583
1529
1547
1557
1399
1329
1342
1322
1339
1257
1128
1086
1154
1147
1108
1152
1072
976
954
1018
1093
1072
994
850
717
668
680
719
692
644
512
459
499
552
573
564
445
253
44
-16
-75
-42
-10
-222
-579
-903
-878
-859
-953
-1172
-1524
-1808
-1951
-2052
-2076
-2164
-2312
-2556
-2735
-2719
-2751
-2787
-2876
-3066
-3156
-3151
-3077
-2994
-3058
-3136
-3104
-3016
-2868
-2705
-2654
-2518
-2573
-2560
-2554
-2301
-2094
-1857
-2135
-2783
-1999
-894
-548
-1412
-2247
-2201
-1168
-230
-224
-847
-1313
-1125
-585
-39
152
-2
-280
-421
-125
431
743
558
222
141
399
888
1214
1109
785
717
937
1263
1471
1467
1291
1172
1300
1490
1500
1380
1271
1242
1341
1395
1362
1311
1222
947
660
540
642
795
687
340
62
193
515
651
549
351
260
394
573
725
701
547
461
500
585
642
615
471
415
416
404
407
361
298
215
105
108
96
81
95
-81
-278
-291
-210
-186
-147
-174
-319
-488
-470
-293
-212
-258
-504
-755
-766
-567
-420
-517
-708
-871
-773
-608
-561
-705
-903
-1011
-824
-793
-976
-1132
-1289
-1485
-2094
-3083
-5602
-6705
-2699
2787
2684
-2248
-11159
-11790
-5808
860
3073
-1410
-5846
-5948
-2001
-86
-1129
-3977
-3656
-1925
2299
1517
-2058
-2065
-974
-678
961
404
1271
841
-291
1329
2260
939
-227
-71
-1224
1559
-254
312
543
1128
-151
2081
353
-1255
209
-993
1102
-909
394
568
-1278
-4451
-5597
-1779
3705
1865
-191
604
371
1003
774
1657
1953
1800
-159
-1190
1566
4894
1946
-72
189
-1251
382
3648
2810
288
41
1693
1061
2116
-925
218
753
-249
635
2104
4815
2140
-971
-895
1652
3562
3743
4011
5412
4486
3543
4767
5351
3221
715
5093
7025
5311
6594
5833
2458
1123
3858
4490
2425
2998
4114
4741
3977
3552
1255
117
1002
2326
2111
2249
2458
1138
157
-802
-2000
-2169
-1051
-1429
-1807
-2142
-2232
-1664
-2906
-5933
-5993
-4330
-2931
-4446
-5138
-3528
-3023
-4754
-6670
-7012
-3767
-5243
-6058
-3669
-4730
-3789
-5282
-6921
-6008
-943
-5012
-6871
-855
-966
-3014
-4706
-186
-1867
-4259
-52
2431
-800
-870
2376
748
-648
2523
4360
271
2644
5334
3469
4078
2384
1613
6492
7186
3208
4410
8750
6300
3286
3503
6561
8520
7556
5887
4491
9726
7395
4392
5987
5363
7724
7062
6431
6488
6466
5958
4266
4227
4435
4975
6129
5065
3080
5014
4120
2609
3366
3266
4035
5924
5616
3668
3725
4555
4080
4772
5517
3635
561
-973
-2111
-2556
-2306
-2581
-3499
-4581
-6856
-8813
-8732
-9026
-9462
-10854
-11115
-10076
-8947
-8293
-8839
-10333
-10639
-9630
-8443
-7266
-6434
-6248
-4940
-5535
-5937
-4813
-4758
-4782
-4224
-2844
-2454
-3443
-2584
-2465
-4206
-4473
-5051
-4679
-3485
-3386
-4364
-4914
-4492
-4162
-4538
-4625
-4424
-3705
-3458
-3594
-3182
-1342
-1031
-3039
-3138
-657
19
-2
204
-595
112
1364
2313
1679
1335
1378
1462
1931
3055
3728
2725
1566
1408
2305
3519
2726
1165
1540
2551
2938
1794
1432
1793
1404
1550
1494
1099
1193
1780
1289
893
1459
1649
1240
888
1374
1833
1147
1163
1681
1841
1579
1458
1142
1319
1946
2319
2109
1980
2471
2808
2898
3004
2968
3300
3877
4229
4372
4347
4868
5072
5104
4690
4017
2634
1413
1231
2125
2408
1519
-30
-1396
-2220
-2940
-3986
-4694
-4910
-5071
-5530
-5940
-5790
-5974
-6661
-7482
-7590
-6916
-5824
-4973
-4613
-4524
-4559
-4567
-4293
-3669
-2869
-2351
-2158
-1859
-1348
-1193
-1525
-1600
-2443
-1988
-1325
-1366
-1553
-1559
-1578
-2273
-2112
-2361
-2318
-1572
-2145
-2042
-949
-1627
-1392
-574
-1952
-1534
-118
-528
-244
948
535
-136
847
852
1156
636
988
2684
2119
1080
2113
2954
1802
560
2866
3258
3203
2143
3101
4031
3724
3368
3564
4218
4823
5332
5089
5070
6042
5848
4586
5479
7559
6931
5525
8061
8302
7134
6202
7692
8779
7437
7012
8111
8205
8135
7032
6565
6765
6461
6415
6923
6915
7070
7813
8247
7813
7485
7951
7768
5565
1557
-611
977
2530
1725
-603
-2684
-5423
-8799
-10334
-9800
-8907
-9974
-11928
-12860
-12380
-12621
-14115
-14929
-14366
-13225
-11999
-10212
-7808
-7239
-8351
-9038
-7602
-5223
-3566
-2155
-968
-352
-874
-1059
-779
-868
-1293
-1954
-1946
-1460
-2043
-3431
-5430
-7247
-8540
-8554
-8241
-8086
-8522
-9912
-10614
-10645
-10106
-9765
-9206
-8310
-7446
-6377
-5184
-4348
-4261
-4009
-3046
-1417
492
1774
2284
2288
1822
2456
3262
4036
4341
3909
4405
5438
5094
4023
4450
4130
3859
4058
5724
6618
6235
5203
5134
5430
6603
6554
6448
9264
10266
9213
8737
10542
10147
9461
11490
13590
14116
13539
12472
11964
11786
11937
12581
13284
13331
12918
11603
10183
9919
10598
11849
12042
13114
13450
11434
4179
-3145
-3983
1696
5278
3989
125
-5386
-11433
-16530
-15328
-11804
-9144
-11121
-14147
-15274
-15571
-16938
-19071
-18527
-15549
-12532
-9581
-7082
-6330
-9155
-12124
-11076
-6072
-702
1803
2856
1775
-325
-1872
-1277
1075
2368
2588
1897
1018
-367
-3018
-5543
-7755
-8292
-7955
-7011
-7030
-9042
-12304
-15409
-16096
-14766
-11793
-9917
-9371
-10372
-11410
-11205
-10388
-8265
-6000
-3484
-1583
-353
176
141
2
540
2234
4680
6714
7171
6289
4652
3537
3420
4797
5890
6483
5730
4480
3641
2887
3055
3025
4122
5245
5645
6073
5910
5788
5041
6472
8042
9380
11308
11016
11883
11085
11894
12210
13545
15405
15354
14975
14888
14851
14353
13911
13763
13754
13262
13478
12864
12819
13047
12581
13130
13345
13063
7555
-755
-3649
-283
6134
5661
1004
-7055
-14005
-17627
-16859
-11334
-7944
-9828
-16716
-21430
-21275
-19362
-18671
-17700
-15106
-13009
-12494
-11920
-10706
-11084
-12309
-11002
-5410
261
1902
160
-2430
-3609
-3432
-741
3296
5450
3605
-674
-3676
-4662
-4713
-5051
-5193
-5742
-7340
-9807
-12225
-13970
-15559
-16271
-15450
-13470
-12160
-13045
-14811
-16092
-15407
-12801
-9609
-6617
-5473
-5479
-5995
-5375
-3177
-645
1421
2901
3903
4382
3989
3655
4097
4973
6510
7543
8102
7341
5745
4265
4101
5603
7024
7566
6999
6043
5176
4641
5430
6618
8338
9186
9782
9296
8759
9095
9249
11693
13170
15751
15263
15018
13770
13310
14305
15381
17619
16880
16786
14425
14151
13343
14014
14661
15081
16143
15504
16719
14216
12149
4317
-906
582
6518
11862
6064
-2173
-13096
-17258
-16035
-9627
-4124
-5658
-13262
-22913
-25199
-22131
-16784
-14149
-12937
-13627
-14951
-16225
-14917
-12000
-10485
-8216
-5397
-1218
21
-1643
-3871
-3910
-1285
2577
6240
7212
4542
-507
-3873
-3061
-252
1125
12
-3510
-7312
-10530
-12272
-12047
-11647
-11595
-12787
-14179
-15224
-16484
-17148
-16728
-14130
-11458
-9761
-9841
-10604
-10512
-9264
-6042
-2115
396
885
-303
-673
880
3230
5258
6261
6388
6052
5503
5321
5795
5979
6176
6028
6534
6439
5664
4083
3422
4043
5767
7208
7395
6954
5270
4769
6244
8897
10832
11125
10455
9483
10075
11908
13992
14865
15028
15060
14429
14934
15011
15611
16089
16540
17329
15701
14648
14048
15256
16791
18425
19581
15863
11211
2489
537
4139
11576
12567
4633
-6038
-15222
-15796
-12152
-4799
-4005
-8722
-19396
-26208
-25440
-19693
-14563
-13608
-14794
-17813
-19008
-19133
-15252
-11850
-9233
-7497
-5551
-3483
-3833
-5172
-4820
-1344
3152
6152
6276
3795
204
-1778
-266
3489
5517
3696
-1844
-6533
-8342
-7562
-6242
-6054
-7886
-11327
-14812
-16072
-15001
-13386
-12930
-12883
-12912
-12841
-12564
-12173
-10369
-8201
-5481
-3715
-2348
-1986
-2118
-1347
1160
4862
6935
6899
5643
4765
5427
7407
9429
10477
9339
7385
5975
6277
7652
8477
8147
6895
6708
6146
6370
6470
6804
7544
7741
9110
9228
9380
9080
9492
10992
12619
14374
14147
13905
13449
14630
15358
16931
17468
17579
16464
15557
16146
16086
17485
17257
17652
17618
17068
17881
17213
14824
7557
2033
5012
11577
14352
6213
-4180
-13013
-13627
-8503
-2898
-1780
-8428
-19563
-27213
-23744
-15349
-10567
-12999
-16963
-20435
-21224
-18766
-13884
-9169
-8467
-9309
-9159
-6963
-5451
-5460
-3630
46
3769
4409
2695
636
-384
702
3453
6491
6243
1969
-3917
-6575
-5110
-2029
-1693
-4458
-8997
-13383
-15233
-14045
-11465
-11105
-12899
-15133
-16255
-15767
-14535
-13160
-11286
-9640
-8541
-8275
-7931
-6841
-5081
-2575
329
2224
1962
711
870
3106
6015
7675
7458
6065
4681
4732
5863
7498
8209
6890
4822
3913
4274
5077
5489
5727
5554
4786
4724
4409
5336
6479
7311
7959
8523
8619
8405
8894
10720
12055
13261
13303
13483
13318
12669
13952
14791
15672
14789
15407
13885
12931
13075
15240
16397
16368
16337
13167
7267
-1130
859
8088
14369
8763
-3836
-14727
-16635
-9953
-4041
-2424
-8410
-18233
-28125
-26522
-17552
-11158
-13650
-19411
-22364
-22722
-20934
-16769
-11890
-10553
-11631
-12230
-11319
-9298
-7856
-5528
-2159
1222
1621
-1503
-3384
-2159
1075
3725
5010
3342
-547
-4998
-5597
-3000
-472
-1516
-5558
-10009
-12856
-13272
-11962
-9914
-10350
-12641
-15853
-17219
-15949
-13900
-11997
-10708
-10202
-10867
-11508
-10666
-7586
-4441
-2316
-1218
-1588
-1848
-1800
447
3819
6455
6373
4528
3184
3723
5605
7121
8368
7407
5521
3857
3867
5229
6411
6441
5140
3851
3344
3975
4695
5842
6411
5749
5608
5657
7058
7672
9385
9961
10604
9748
9814
11497
11927
13930
13565
14231
13273
13302
12880
13221
14668
14864
14950
13617
14481
14014
15527
14890
12662
6051
1376
4719
10712
12514
3076
-6173
-12733
-9664
-4338
-1362
-5042
-13371
-20400
-23243
-17959
-12250
-11280
-17266
-20886
-20733
-18632
-16679
-14330
-12190
-12471
-12101
-11398
-9637
-8528
-6948
-4532
-1620
411
-914
-2736
-2365
788
3582
4517
3173
639
-1574
-1685
520
1509
3
-3644
-6166
-7093
-7031
-7213
-8334
-9345
-10456
-11702
-12711
-12644
-12539
-12558
-11737
-10447
-10345
-11198
-11226
-9335
-6581
-4550
-3882
-4417
-4214
-2760
-561
1755
3196
3154
2103
2251
4143
5885
6393
6051
5489
5099
5189
5449
5760
5872
5689
5107
4376
4197
4293
4644
5193
5566
5222
5110
4804
5859
7223
8014
7312
7743
7906
8887
10827
11678
11533
10138
11576
12471
13571
13556
13392
12447
12846
13612
14012
14618
14366
14374
13554
15028
15840
13844
5776
896
5495
13555
13785
3159
-6409
-10812
-6832
-1086
431
-5090
-13079
-19467
-20640
-14344
-8789
-10967
-19021
-21098
-18703
-16753
-15890
-13939
-12586
-12748
-12447
-11959
-10339
-9381
-7289
-4468
-1235
-357
-3185
-5066
-2562
2682
5189
4395
1523
-389
-775
843
3646
4110
1120
-3450
-4822
-3506
-2366
-3551
-5527
-7081
-8309
-9146
-9893
-9659
-9263
-9364
-9904
-9909
-9892
-10552
-9857
-7218
-4548
-4712
-5964
-6157
-4343
-1385
806
1657
1114
622
906
3026
5710
6746
5306
3744
4522
6227
6943
6537
6111
5710
5509
5532
5822
5517
5036
5089
5362
6020
5646
4703
4364
6280
7278
7363
6682
6743
7588
8254
9737
10188
10539
9972
10385
10827
12754
13280
12733
12050
11977
13062
12409
13369
13575
13974
12864
13108
13235
14029
14861
13544
7682
1012
4705
11823
13378
4764
-4323
-9169
-6141
-370
395
-4821
-11632
-15818
-18151
-14101
-9466
-11069
-17450
-19777
-17584
-16166
-16023
-15203
-13511
-12639
-12406
-12816
-12446
-10687
-8405
-5429
-3319
-3009
-5076
-6064
-3360
1403
3756
2092
-460
-1404
-212
1329
3141
2955
558
-2640
-3504
-2444
-1590
-2325
-4484
-6165
-7321
-7863
-8738
-8472
-8314
-8787
-10057
-10497
-10201
-10107
-9431
-8199
-6883
-6953
-7337
-7149
-5317
-3193
-1838
-1585
-1451
-891
-204
1217
3086
4087
3545
2918
3281
4580
5418
5768
5496
4915
4603
4607
4974
5468
5588
4821
4407
4292
4572
4538
4954
5348
5388
5076
4772
5763
6188
7222
7555
7592
7286
7948
8736
9727
10703
10579
10561
9575
10693
11435
12024
12012
11389
11176
11119
11728
12740
13007
12463
12042
12470
13547
10098
3064
1989
9329
14147
8279
-1783
-7706
-6307
-993
1671
-1689
-8551
-13539
-16587
-14419
-8639
-8097
-14396
-18936
-17183
-14980
-15284
-14901
-13084
-12379
-12197
-12673
-12633
-11068
-8838
-6272
-4058
-2985
-4850
-6609
-4475
771
3834
2532
-166
-1200
201
2275
3962
4133
2300
-687
-1813
-688
916
119
-2353
-3980
-4670
-4983
-5700
-6159
-6225
-6692
-7654
-8722
-9061
-8563
-7983
-7081
-6236
-6437
-7571
-7419
-5102
-2509
-1604
-1946
-2187
-1534
121
1941
3273
3637
3309
3083
4017
5617
6425
5844
5292
5736
6097
5835
5727
5922
5982
5608
5048
4774
4655
4975
5155
5236
5300
4963
4096
4617
5906
7104
6683
6216
6537
6897
7752
8703
9529
9396
10049
9685
10164
10800
11021
10808
11202
12380
11439
10760
10875
11697
12016
12625
12342
11755
11703
11665
7421
2928
5267
10739
10694
3420
-3198
-6208
-3378
635
221
-5530
-10453
-13215
-14375
-11615
-8086
-10585
-16797
-18001
-15778
-14659
-14897
-13961
-13292
-12952
-12824
-13311
-12434
-10042
-7739
-6337
-5212
-4975
-5958
-5468
-1969
1661
2265
312
-1194
-161
1987
3408
3678
2931
1223
-271
-248
554
624
-707
-2288
-3553
-4305
-5232
-5955
-6014
-5784
-6847
-8558
-9291
-8962
-8126
-7554
-7036
-7318
-8061
-8019
-6494
-4284
-2761
-2943
-3516
-2770
-1005
517
1505
2371
2596
2386
2818
4066
5015
5203
5044
4792
4986
5188
5100
4936
5150
5034
4216
3642
3853
4334
4261
4056
3680
3299
3003
3575
4702
5411
5095
4356
4247
5298
6585
7637
7522
6960
7004
7901
9058
9962
9820
8925
9077
10106
11114
10555
10123
9741
10055
10826
11331
10843
10051
10400
10653
11205
10116
4531
959
4682
10700
8309
501
-5885
-7009
-2897
592
-1630
-8087
-11780
-14151
-13431
-9904
-7947
-12920
-17604
-16705
-14306
-13773
-14130
-13486
-13138
-11793
-11994
-12461
-11457
-8913
-7069
-5618
-4539
-5114
-6183
-4930
-845
1938
1562
-800
-1677
-58
2037
3176
2924
1739
-58
-844
-236
677
433
-1161
-2582
-3481
-3938
-4887
-5104
-4775
-4721
-6290
-8010
-8339
-7567
-6601
-6207
-6259
-6994
-7577
-7025
-5139
-3301
-2819
-3654
-3861
-2455
-472
621
1203
1505
1613
1779
2705
4136
4962
4807
4478
4456
4712
4994
5061
5390
5517
5006
4151
3851
4251
4558
4571
4322
3905
3502
3575
3999
4739
4986
4752
4480
4493
5486
6303
7039
6963
7286
7343
7887
8658
9320
9912
9787
10184
9736
10610
10446
10794
10847
10806
10535
10137
10478
10347
10978
10486
10701
9776
10345
6443
1661
3312
8989
9722
2436
-3487
-6242
-3320
3
170
-5157
-9387
-11750
-12891
-9857
-6649
-8871
-15090
-15647
-13369
-11947
-12366
-11757
-11400
-11138
-10781
-11319
-10043
-8061
-6463
-5767
-4478
-4341
-5055
-4472
-1693
1359
1729
49
-1384
-29
2054
3245
3317
2638
1044
-227
713
2001
2162
329
-1410
-2358
-2461
-2419
-3028
-3688
-4395
-5427
-6719
-6751
-6370
-6306
-6832
-6806
-6868
-7350
-7333
-6243
-4714
-4169
-4487
-4967
-4110
-2413
-916
-339
65
183
133
884
2465
3596
3380
2952
2843
3288
3810
4064
3996
3792
3340
2824
2732
3137
3252
2800
2180
2024
1996
1966
2359
2752
2816
2305
2220
2595
3423
3860
4253
4504
4809
5226
5360
5847
6570
7386
7613
7565
7339
7862
8413
8853
9000
8454
8044
8297
8924
8966
8562
8166
8166
8117
8415
8529
8353
8135
6425
2412
1169
4835
7561
4456
-1378
-5053
-5173
-2466
-706
-2932
-7276
-10235
-12007
-11029
-8085
-7666
-11583
-14637
-13905
-12275
-11728
-11386
-11093
-11272
-11001
-10867
-10173
-8737
-7309
-6451
-5540
-4983
-5101
-4869
-3195
-670
492
-271
-1517
-1154
468
1799
2168
1849
726
-365
-341
599
1230
470
-1134
-2370
-2644
-2866
-3107
-3393
-3848
-4849
-6208
-6779
-6541
-5928
-5998
-6549
-7088
-7252
-7038
-6420
-5306
-4790
-5010
-5372
-4572
-3239
-2213
-1611
-1384
-1095
-665
119
1011
2004
2257
2103
1963
2505
3220
3399
3364
3340
3356
2975
2982
2991
3229
3065
2713
2495
2440
2519
2502
2723
2768
2863
2656
2797
3300
4102
3982
3967
4551
5083
5644
5764
6323
6571
7315
7379
7549
7890
8163
8529
8389
8805
8627
8303
8073
8723
8791
8390
7850
7615
7796
8257
8339
7726
7389
7330
6140
2905
1900
4359
6584
4337
-376
-3976
-4045
-1676
-460
-2204
-5517
-8306
-10112
-9020
-6517
-6244
-9293
-12042
-11892
-10305
-9302
-9095
-9155
-9324
-9297
-9100
-8133
-6792
-5904
-5372
-4587
-3912
-3797
-3519
-2401
-468
864
515
-550
-498
702
1926
2629
2631
1536
211
125
1184
2087
1504
-13
-1403
-1915
-1841
-1659
-1932
-2564
-3749
-5163
-5532
-5126
-4740
-5021
-5503
-5987
-6197
-6242
-5763
-4772
-4131
-4143
-4477
-4164
-3209
-2067
-1298
-775
-556
-373
98
1053
2075
2439
2406
2241
2635
3095
3362
3479
3519
3294
2973
2807
2760
2873
2803
2583
2229
1951
1696
1726
2022
2249
1998
1585
1678
2184
2654
2815
2706
2769
3382
3854
4213
4304
4467
4912
5355
6056
6051
5907
6007
6469
6741
6866
6759
6547
6609
6703
6659
6382
6441
6405
6157
6000
6263
6132
5889
5704
5319
4453
3865
2984
1849
1943
2660
1635
-1102
-2865
-3621
-3144
-2709
-3627
-6031
-7734
-8223
-8243
-7624
-7342
-8466
-10354
-10551
-9633
-8724
-8296
-8261
-8663
-8571
-7879
-7183
-6173
-5198
-4778
-4667
-4088
-3415
-2757
-1928
-1102
-631
-535
-642
-476
309
1081
1236
794
291
-70
-104
291
585
51
-1154
-2030
-2342
-2113
-1977
-2447
-3483
-4284
-4625
-4732
-4448
-4289
-4524
-5120
-5237
-5001
-4534
-3970
-3586
-3395
-3311
-2912
-2323
-1577
-770
-219
-80
213
807
1333
1924
2488
2742
2672
2684
2918
3258
3583
3582
3256
2877
2763
2892
2942
2829
2404
1883
1601
1760
1827
1697
1618
1509
1461
1534
1739
1934
2226
2392
2537
2693
3144
3639
4136
4466
4641
4861
5099
5763
6286
6457
6068
6298
6464
6871
7143
6738
6397
6306
6376
6192
6443
6072
5763
5294
5381
5267
5231
4950
4618
4401
3608
3366
2232
1133
811
2001
1673
-458
-2765
-3841
-3105
-2272
-2481
-4511
-6455
-7582
-7179
-6347
-5550
-6412
-8577
-9304
-8236
-7005
-6758
-6701
-7194
-7447
-6977
-5991
-5121
-4537
-4408
-4459
-4018
-3294
-2653
-2192
-1621
-1179
-1175
-1464
-1212
-503
-86
0
-213
-637
-977
-939
-591
-322
-673
-1458
-1925
-2020
-1880
-1699
-2019
-2517
-2874
-2994
-3046
-2730
-2638
-2813
-3137
-3042
-2720
-2622
-2330
-2107
-1846
-1763
-1472
-1253
-893
-449
-97
75
297
585
589
880
1318
1584
1470
1324
1375
1599
1824
1912
1735
1324
1246
1312
1416
1492
1384
1078
868
949
1064
1228
1207
1254
1165
1192
1474
1787
1915
1972
2139
2272
2475
2839
3190
3338
3625
3763
3673
3935
4364
4562
4609
4677
4792
4697
4628
4692
4798
4788
4698
4554
4360
4359
4122
4094
4199
4130
3782
3381
3462
3714
3719
3355
2770
2379
2362
2542
2703
2090
370
-1033
-484
699
490
-1311
-3314
-4214
-3811
-2974
-3022
-4247
-5840
-6973
-6884
-5632
-5017
-6048
-7385
-7539
-6810
-6199
-5874
-5854
-6086
-6055
-5547
-4883
-4367
-4079
-4016
-3635
-2966
-2545
-2509
-2345
-1762
-1210
-1076
-1108
-1127
-1115
-886
-495
-324
-613
-1200
-1521
-1346
-1044
-1035
-1550
-2111
-2363
-2439
-2397
-2213
-2313
-2767
-3068
-3015
-2734
-2512
-2450
-2523
-2502
-2322
-2116
-1798
-1384
-1016
-913
-795
-595
-235
149
509
887
993
998
1086
1320
1626
1904
1924
1806
1658
1661
1862
2037
2059
1839
1540
1444
1610
1709
1673
1678
1671
1569
1434
1586
1770
1964
2071
2042
2070
2232
2535
2845
3237
3246
3154
3247
3702
4134
4374
4518
4375
4302
4238
4693
5034
5172
4749
4288
4263
4528
4814
4557
4148
3673
3535
3515
3810
3603
3142
2621
2473
2737
2828
2581
2279
2178
2129
2370
2222
1686
1279
1304
1407
1145
442
-272
-506
-352
-604
-1312
-2060
-2619
-2928
-2954
-3091
-3547
-4342
-4960
-5004
-4814
-4711
-5030
-5411
-5580
-5389
-5149
-4783
-4657
-4781
-4836
-4490
-3899
-3461
-3297
-3300
-3084
-2663
-2157
-1895
-1685
-1589
-1467
-1246
-904
-716
-705
-788
-721
-600
-601
-719
-947
-945
-960
-973
-1247
-1381
-1511
-1635
-1700
-1663
-1651
-1900
-2039
-2087
-1875
-1721
-1587
-1700
-1771
-1628
-1346
-1000
-691
-574
-693
-630
-285
246
532
576
547
608
807
1172
1410
1432
1345
1311
1437
1714
1871
1704
1528
1531
1640
1745
1815
1833
1737
1517
1538
1796
1913
1945
1952
1848
1926
2193
2266
2259
2365
2398
2534
2688
2808
2678
2607
2782
3194
3302
3051
2750
2707
2976
3412
3401
2842
2447
2561
2818
3027
2949
2352
1898
2091
2458
2418
2196
1847
1498
1315
1766
1940
1591
1226
1221
1130
1162
1410
1250
1050
982
926
582
687
612
41
-335
-289
-555
-1075
-1343
-1589
-2018
-2444
-2569
-3157
-3409
-3575
-3931
-4185
-4308
-4564
-4896
-4841
-4690
-4758
-4846
-4828
-4805
-4678
-4459
-4093
-3909
-3798
-3655
-3447
-3172
-2791
-2481
-2316
-2117
-1916
-1834
-1599
-1230
-1126
-1225
-1329
-1189
-983
-900
-1016
-1086
-1452
-1534
-1427
-1328
-1322
-1423
-1671
-1850
-1713
-1590
-1530
-1480
-1342
-1409
-1391
-1324
-1064
-864
-588
-414
-327
-299
-182
106
386
702
863
828
811
1106
1301
1559
1619
1604
1510
1512
1772
1885
1861
1747
1634
1497
1608
1753
1849
1744
1572
1370
1330
1544
1822
1960
1809
1638
1424
1561
2052
2457
2429
2111
1872
1877
2344
2971
3119
2624
2266
2334
2720
3056
3154
2869
2459
2367
2599
2745
2561
2361
2106
2071
2091
2032
1717
1591
1566
1519
1440
1303
1175
995
1127
1197
1177
962
809
787
901
1052
939
645
384
372
327
296
143
-199
-609
-888
-1028
-1216
-1423
-1760
-2149
-2572
-2880
-3043
-3237
-3417
-3622
-3878
-4112
-4149
-4189
-4195
-4103
-3998
-3984
-3966
-3840
-3660
-3402
-3154
-2916
-2799
-2701
-2508
-2249
-2010
-1778
-1652
-1661
-1569
-1369
-1207
-1169
-1163
-1229
-1287
-1212
-1089
-1071
-1227
-1328
-1381
-1344
-1280
-1185
-1213
-1272
-1239
-1191
-1089
-927
-787
-702
-581
-455
-322
-128
65
219
334
496
686
821
973
1048
1076
1106
1204
1312
1410
1416
1354
1247
1190
1279
1336
1307
1223
1168
1144
1151
1122
1111
1123
1167
1249
1265
1212
1215
1309
1496
1690
1793
1743
1720
1815
1981
2165
2266
2275
2235
2173
2203
2280
2437
2385
2338
2207
2110
2068
2014
2082
2087
2062
1759
1513
1425
1536
1693
1662
1396
1086
1024
1238
1344
1384
1148
996
864
1042
1254
1393
1241
829
794
1015
1335
1241
1048
755
662
772
861
755
401
148
-58
-180
-258
-430
-751
-1098
-1270
-1449
-1658
-1914
-2102
-2225
-2362
-2548
-2739
-2894
-2953
-2980
-2973
-2997
-3039
-3111
-3119
-3001
-2830
-2739
-2721
-2625
-2519
-2373
-2200
-2076
-2026
-2006
-1927
-1793
-1627
-1529
-1558
-1659
-1658
-1569
-1489
-1401
-1403
-1503
-1583
-1541
-1424
-1391
-1397
-1396
-1370
-1344
-1258
-1164
-1112
-1069
-973
-823
-676
-537
-443
-355
-203
-36
74
192
309
402
475
562
676
767
807
852
929
1018
1086
1132
1164
1177
1251
1327
1392
1401
1372
1379
1496
1571
1524
1515
1529
1610
1721
1627
1494
1529
1708
1780
1874
1986
1909
1807
1891
2003
2111
2175
2091
1929
1825
1885
1962
1999
2038
1891
1770
1690
1765
1860
1981
1923
1577
1356
1352
1623
1766
1676
1241
787
775
1151
1426
1361
970
482
331
575
885
882
525
78
-127
-81
105
106
-100
-394
-602
-649
-556
-561
-680
-812
-945
-1020
-1075
-1075
-1076
-1090
-1129
-1239
-1363
-1447
-1428
-1363
-1224
-1326
-1514
-1743
-1779
-1635
-1520
-1545
-1770
-2051
-2202
-2077
-1947
-1919
-2082
-2291
-2422
-2404
-2323
-2289
-2341
-2478
-2564
-2583
-2514
-2474
-2463
-2468
-2453
-2414
-2398
-2315
-2193
-2077
-1982
-1936
-1890
-1805
-1654
-1511
-1417
-1367
-1355
-1261
-1089
-928
-829
-788
-723
-659
-534
-392
-288
-225
-197
-114
-30
65
108
148
221
325
417
462
515
572
667
780
916
973
983
1051
1199
1350
1420
1435
1439
1508
1628
1781
1871
1834
1863
1889
1978
2034
2126
2213
2216
2142
2053
2093
2211
2301
2206
2118
2031
1916
1946
2027
2001
1937
1827
1783
1732
1813
1476
1566
1756
1560
1272
1196
1180
1135
939
836
1434
757
109
693
1020
483
516
692
246
80
455
519
337
308
255
-10
6
368
406
109
72
214
80
-92
-97
-30
-15
-165
-374
-512
-558
-655
-517
-384
-512
-895
-1061
-951
-745
-686
-893
-1039
-1290
-1349
-1281
-1124
-1080
-1307
-1453
-1569
-1474
-1344
-1288
-1302
-1430
-1549
-1587
-1497
-1355
-1341
-1463
-1614
-1650
-1541
-1478
-1432
-1463
-1482
-1490
-1485
-1430
-1404
-1367
-1375
-1349
-1275
-1287
-1334
-1267
-1120
-1033
-1033
-1063
-1024
-951
-859
-784
-721
-736
-739
-729
-615
-463
-435
-429
-413
-324
-203
-108
-62
-47
-15
83
220
309
289
266
338
483
611
665
664
675
741
875
1014
1062
1005
943
1010
1149
1210
1132
1079
1081
1115
1176
1205
1224
1210
1234
1248
1245
1210
1174
1198
1231
1246
1191
1068
1004
991
1131
1333
1322
1187
1011
995
1127
1270
1312
1189
1014
861
823
853
884
840
854
831
690
596
500
523
550
553
520
388
192
88
51
99
162
123
77
-68
-134
-198
-143
-53
-132
-209
-342
-407
-461
-436
-416
-408
-401
-443
-481
-587
-596
-531
-447
-458
-560
-635
-722
-723
-682
-664
-666
-672
-736
-711
-721
-674
-693
-724
-615
-617
-521
-604
-746
-799
-725
-523
-415
-441
-544
-695
-680
-568
-411
-396
-431
-558
-498
-602
-374
-264
-773
-571
-294
-341
-648
-327
-391
-411
-160
-238
-450
-331
-253
-291
-241
-105
-199
-318
-292
-212
-48
15
-75
-162
-119
38
72
63
14
-23
47
161
169
104
51
31
53
118
214
212
167
111
128
238
287
255
220
264
286
255
228
216
224
229
260
231
229
237
242
252
289
302
283
261
295
414
485
423
297
248
373
470
467
371
303
317
315
351
289
273
300
323
326
274
245
203
237
310
304
222
149
88
71
84
69
56
33
-5
4
-26
-6
31
62
94
44
-7
-38
-20
2
0
-56
-46
-29
-54
-91
-146
-141
-101
-52
-36
-93
-132
-77
-59
-36
-37
-66
-45
-33
-1
7
21
-23
-83
-51
8
53
30
-41
-84
-65
-15
13
-11
-20
-16
4
21
-22
-27
-11
22
81
92
106
94
50
69
59
84
126
105
158
140
145
133
113
180
203
228
256
194
135
79
30
57
71
58
45
-15
-31
-47
-24
27
-20
-58
-71
-70
-7
-12
-64
-80
-119
-62
-27
-40
-25
-59
-32
-25
-25
-37
-51
-45
-75
-105
-107
-110
-138
-163
-201
-234
-265
-277
-296
-276
-268
-280
-269
-303
-273
-224
-177
-139
-148
-156
-127
-111
-114
-107
-87
-61
-70
-75
-90
-36
-64
-116
-236
-194
0
-59
-73
-19
-129
-209
-105
-168
-218
-119
-142
-191
-148
-170
-296
-187
-171
-262
-162
-80
-107
-65
-8
-60
-37
0
10
29
110
129
129
142
121
134
159
183
199
160
176
241
252
277
244
218
220
195
189
161
142
142
139
137
116
50
28
18
-19
-11
33
58
58
38
8
-11
-17
-18
-12
-4
-13
-49
-32
11
-27
-28
-60
-74
-65
-102
-57
-37
-20
-1
-46
-51
-52
-52
-34
-75
-106
-102
-79
-38
-59
-66
-74
-100
-127
-179
-180
-158
-135
-115
-117
-112
-145
-171
-219
-278
-286
-281
-224
-183
-199
-223
-284
-345
-390
-457
-442
-431
-383
-322
-307
-288
-317
-320
-312
-328
-320
-275
-234
-182
-181
-218
-224
-237
-239
-237
-188
-159
-131
-89
-81
-76
-96
-109
-126
-145
-133
-131
-109
-92
-100
-92
-92
-96
-85
-90
-87
-69
-45
11
54
60
55
7
2
3
57
128
170
219
234
240
206
169
151
137
138
156
190
191
232
277
264
241
212
170
154
155
171
198
198
187
165
156
170
164
182
196
182
164
134
130
134
122
107
86
89
124
148
141
113
45
24
27
26
31
42
67
88
119
144
132
106
88
67
64
76
67
82
96
109
99
89
86
38
28
43
61
74
58
36
18
15
3
22
44
54
58
30
8
-22
-41
-44
-47
-55
-54
-58
-54
-26
-19
-17
-35
-70
-86
-80
-52
-26
-16
-12
-11
3
19
31
28
17
3
28
48
70
84
71
70
70
83
101
131
150
159
170
149
126
92
106
140
145
132
96
76
72
91
106
112
90
68
71
80
97
83
58
49
50
70
67
51
16
-5
6
25
21
-5
-20
-43
-51
-99
-98
-67
-58
-51
-82
-104
-124
-161
-143
-109
-113
-126
-154
-162
-164
-156
-131
-139
-151
-168
-188
-160
-131
-118
-118
-133
-143
-145
-132
-117
-104
-106
-115
-124
-130
-113
-104
-114
-115
-123
-116
-100
-82
-63
-80
-105
-124
-132
-102
-98
-109
-109
-116
-117
-106
-96
-79
-86
-101
-122
-125
-103
-106
-135
-126
-96
-91
-91
-97
-82
-69
-46
-41
-38
-25
-10
22
39
39
20
45
91
118
155
183
190
190
211
236
243
278
302
318
326
360
347
376
373
326
346
366
386
384
374
334
333
364
367
352
342
337
312
342
343
319
333
321
310
301
283
281
288
286
294
316
334
291
223
222
228
208
197
209
217
210
189
169
138
116
111
100
77
51
10
11
28
15
-5
-29
-56
-60
-43
-32
-30
-33
-56
-74
-78
-80
-86
-58
-32
-16
-22
-40
-24
-1
0
8
15
3
-13
6
33
35
4
2
27
33
45
45
35
29
50
65
65
60
51
38
29
42
31
52
59
60
78
66
44
31
11
17
41
52
42
39
59
63
39
60
88
77
93
98
96
88
75
72
69
84
105
119
96
102
67
95
118
113
121
85
91
90
96
85
76
76
69
44
48
50
26
38
67
53
41
23
24
4
-11
-3
-24
-26
-21
-18
-20
-35
-62
-27
-14
-13
13
19
14
13
27
30
23
4
9
0
-3
-2
-20
7
11
22
33
29
30
27
31
31
40
44
41
47
42
32
0
25
62
82
102
102
110
111
117
133
146
139
132
142
164
186
179
188
201
198
201
217
239
257
259
255
269
278
275
270
284
276
250
271
292
295
288
286
279
268
270
281
275
278
280
275
276
280
239
230
243
239
248
237
237
232
226
228
220
206
184
169
158
158
139
131
129
104
74
59
46
23
11
-10
-23
-40
-48
-57
-93
-115
-147
-158
-167
-189
-204
-216
-204
-197
-213
-230
-262
-269
-258
-238
-228
-224
-238
-234
-214
-210
-199
-213
-239
-239
-225
-218
-198
-184
-179
-172
-178
-189
-199
-180
-156
-146
-139
-146
-168
-197
-201
-184
-177
-175
-195
-212
-200
-195
-207
-196
-216
-247
-258
-266
-245
-238
-246
-252
-284
-289
-286
-283
-280
-288
-312
-290
-276
-275
-270
-274
-271
-276
-272
-290
-288
-274
-275
-274
-294
-318
-336
-324
-306
-319
-345
-375
-390
-384
-376
-378
-398
-426
-446
-454
-451
-447
-475
-477
-486
-493
-509
-533
-543
-566
-563
-565
-564
-570
-581
-592
-590
-592
-640
-644
-635
-649
-658
-670
-687
-702
-708
-718
-731
-757
-792
-797
-777
-781
-822
-828
-844
-851
-839
-846
-847
-840
-835
-841
-841
-825
-810
-804
-801
-799
-795
-778
-750
-738
-717
-704
-685
-666
-655
-634
-620
-596
-587
-587
-573
-551
-549
-549
-542
-528
-516
-503
-496
-476
-476
-481
-469
-452
-440
-430
-429
-434
-441
-439
-438
-431
-409
-413
-430
-444
-457
-456
-454
-452
-455
-474
-497
-491
-510
-506
-508
-530
-557
-576
-577
-592
-596
-611
-628
-651
-663
-654
-651
-662
-700
-690
-688
-700
-690
-696
-699
-715
-725
-723
-708
-691
-688
-682
-687
-683
-687
-664
-647
-661
-648
-651
-638
-630
-622
-617
-610
-587
-574
-550
-539
-513
-502
-488
-451
-423
-393
