-50
-33
-28
-38
-34
-39
-32
-34
-38
-36
-32
-49
-46
-40
-53
-50
-61
-49
-28
-21
-25
-28
-22
-22
-26
-22
-18
-21
-17
-24
-26
-20
-33
-22
-7
-8
3
-4
-6
-12
-16
-16
-18
-16
-15
-8
-13
-11
-26
-21
-4
-7
-5
-1
-3
-7
-4
-5
2
3
6
6
10
10
-9
-13
3
7
9
12
13
23
29
31
36
33
35
38
32
32
15
26
54
39
43
40
34
33
30
40
42
41
42
41
43
44
10
32
56
61
66
61
64
56
59
58
55
60
66
71
63
79
53
59
82
77
77
75
79
78
77
73
72
70
70
74
72
71
37
48
74
67
69
64
58
58
54
54
50
50
50
52
55
63
25
30
51
47
46
47
56
41
49
46
42
23
28
38
25
27
-11
4
20
18
18
18
20
19
22
18
13
14
6
8
1
-4
-28
-18
8
-5
-4
-14
-6
-10
-18
-19
-4
-1
-18
-21
-25
-27
-44
-31
-33
-31
-37
-43
-46
-55
-47
-51
-56
-55
-60
-64
-63
-72
-85
-75
-63
-59
-63
-63
-58
-54
-62
-55
-60
-60
-54
-61
-64
-59
-73
-65
-56
-66
-68
-72
-71
-74
-69
-70
-66
-60
-57
-63
-58
-59
-73
-66
-60
-56
-58
-68
-72
-70
-75
-74
-75
-71
-69
-66
-71
-74
-86
-73
-62
-69
-62
-66
-73
-71
-75
-69
-70
-74
-71
-76
-67
-65
-86
-72
-71
-79
-78
-80
-80
-80
-71
-69
-72
-76
-74
-79
-82
-81
-83
-64
-57
-59
-52
-58
-60
-65
-63
-62
-67
-73
-75
-73
-78
-84
-96
-93
-87
-83
-85
-84
-75
-72
-78
-81
-79
-88
-92
-91
-93
-91
-112
-111
-111
-120
-114
-116
-118
-119
-116
-123
-126
-129
-126
-123
-127
-127
-146
-130
-126
-128
-120
-134
-131
-127
-138
-140
-133
-139
-150
-141
-142
-147
-152
-140
-137
-137
-136
-147
-146
-145
-140
-137
-132
-137
-128
-129
-125
-121
-144
-129
-120
-124
-124
-120
-124
-117
-105
-108
-107
-114
-115
-105
-100
-101
-111
-101
-88
-87
-76
-75
-78
-79
-70
-67
-64
-61
-60
-55
-57
-49
-51
-42
-36
-32
-32
-39
-17
4
-1
5
4
8
12
13
10
16
4
12
36
43
51
49
57
52
59
59
69
75
80
90
90
102
77
98
124
125
128
131
133
143
151
146
152
158
154
158
162
165
137
147
173
165
177
184
187
192
200
191
191
199
202
201
199
204
171
180
196
191
201
200
206
204
203
193
191
189
187
193
195
193
167
185
194
189
198
193
185
187
183
180
183
172
180
181
180
180
143
150
162
169
167
162
165
153
150
151
151
145
144
146
147
149
118
125
129
128
124
117
116
107
107
109
106
102
96
89
92
83
52
67
72
67
74
66
54
53
49
46
37
31
24
26
26
26
-2
4
20
12
11
-5
8
-1
-5
-8
-21
-24
-26
-34
-42
-43
-66
-62
-51
-61
-58
-64
-71
-72
-73
-81
-94
-91
-94
-95
-82
-87
-104
-105
-96
-94
-95
-97
-101
-107
-112
-115
-111
-115
-128
-129
-127
-132
-141
-139
-136
-133
-140
-142
-140
-145
-146
-144
-150
-148
-155
-155
-156
-154
-174
-166
-158
-163
-164
-169
-169
-170
-171
-167
-169
-173
-176
-179
-174
-174
-196
-189
-183
-191
-183
-185
-170
-177
-177
-184
-183
-182
-191
-186
-190
-193
-211
-207
-207
-206
-207
-212
-205
-197
-199
-195
-204
-205
-195
-189
-198
-205
-210
-204
-189
-187
-188
-179
-180
-181
-173
-170
-167
-166
-160
-154
-143
-143
-152
-145
-127
-126
-122
-118
-116
-109
-110
-113
-98
-88
-87
-80
-73
-72
-81
-59
-42
-36
-32
-31
-30
-29
-27
-24
-9
-14
-6
1
6
1
-12
12
10
22
32
21
27
30
33
33
42
41
49
57
57
62
42
61
81
80
83
76
76
91
98
92
98
96
96
101
106
118
102
107
131
122
127
129
127
133
130
133
139
140
140
148
153
149
131
140
158
154
162
165
165
165
168
166
160
161
162
165
170
174
146
157
178
173
186
192
187
190
189
185
186
188
193
197
188
195
165
179
192
179
186
180
185
183
183
175
173
175
169
168
162
158
137
144
157
147
146
145
146
138
139
131
127
129
131
135
135
124
89
97
124
114
109
108
92
95
97
92
84
78
78
77
64
58
25
29
48
41
47
45
48
45
45
48
47
39
37
34
30
23
-4
0
25
16
10
10
11
3
0
8
0
-7
-10
-8
-6
-11
-32
-25
-14
-16
-19
-23
-25
-31
-28
-39
-37
-36
-44
-45
-40
-41
-58
-54
-56
-58
-57
-55
-55
-63
-68
-67
-68
-68
-66
-64
-67
-71
-91
-86
-86
-87
-85
-86
-89
-91
-95
-98
-103
-109
-108
-107
-108
-108
-113
-112
-105
-97
-99
-101
-104
-116
-112
-111
-117
-116
-118
-113
-118
-112
-124
-123
-111
-111
-111
-116
-109
-109
-105
-98
-108
-116
-110
-110
-114
-110
-129
-123
-110
-111
-109
-111
-98
-105
-103
-105
-114
-103
-104
-95
-95
-99
-106
-101
-88
-92
-94
-95
-89
-82
-67
-86
-88
-82
-93
-80
-79
-85
-93
-83
-91
-93
-87
-80
-84
-82
-72
-72
-66
-60
-55
-54
-49
-47
-60
-52
-50
-47
-61
-50
-23
-52
-35
-23
-44
-31
-21
-54
-39
-22
-44
-38
-31
-33
-24
-26
-32
-27
-25
-23
-23
-16
-18
-22
-11
-8
-19
-15
-15
-12
-13
-19
-17
-19
-14
-13
-9
-7
-18
-18
-12
-8
-18
-27
-30
-44
-44
-52
-60
-37
-33
-36
-37
-45
-31
-31
-39
-40
-106
-23
-22
-70
-19
-32
-60
-32
-20
-53
-54
-49
-54
-51
-36
-34
-66
-61
-38
-49
-27
-4
-45
-38
-33
-19
-121
-116
46
-55
-87
13
-54
-87
7
-12
-55
-9
3
-37
-21
8
-15
-8
12
12
4
17
5
-2
12
15
33
14
25
32
29
20
28
30
23
26
32
44
-4
10
35
29
34
33
32
29
42
46
29
32
33
32
-4
36
28
-14
39
37
21
26
39
27
27
36
35
25
31
27
12
16
-7
-7
10
-3
12
-46
-32
40
-32
-33
23
-103
-35
64
-76
-19
-10
-66
-27
11
-5
-30
-8
-13
-29
-27
-12
-37
-70
-24
-10
-46
-44
-33
-54
-46
-35
-55
-49
-41
-65
-61
-52
-63
-58
-48
-72
-71
-62
-77
-89
-103
-104
-83
-107
-125
-115
-113
-133
-163
-141
-85
-181
-190
-19
-152
-131
-49
-65
-134
-59
-11
-87
-27
-15
-50
-34
18
72
82
28
12
-63
-59
65
91
85
88
37
25
38
57
101
86
47
37
1
-79
18
92
-5
41
42
-48
7
58
21
5
27
4
0
16
-18
4
16
11
7
6
11
6
27
15
6
-20
-19
-8
-7
-3
15
-33
10
30
15
-38
15
-51
-110
-231
-584
-982
-1721
-1858
-1865
-6317
-11221
-4758
-3074
-366
573
-7683
-9906
-12857
-18083
-11634
-3365
-3836
-2623
-2446
-6922
-8260
-2781
-3329
-1679
2021
555
1989
60
-3659
-2834
-1469
-3181
-105
-819
-4817
-6299
-9998
-13811
-9163
-9409
-14564
-11136
-15399
-14568
-10926
-12732
-9299
-5780
-7239
-4785
-5477
-5833
-5778
-6204
2650
682
4620
-4230
-5953
3385
-2154
2559
1918
-2178
-2637
564
-1844
-4966
-3005
-4641
-5465
-1719
-10403
-6345
-9811
-13775
-8203
-14431
-8721
-10024
-10327
-12454
-10352
-11057
-16142
-10992
-10397
-16958
-10454
-13169
-12809
-15532
-17597
-18927
-19883
-14676
-18163
-17331
-18284
-20939
-22310
-21788
-23596
-22444
-22657
-22064
-24579
-26909
-26355
-28107
-27446
-27992
-27461
-25364
-29102
-25848
-26851
-28542
-26749
-27528
-29807
-25167
-22574
-25463
-24128
-23250
-25391
-26030
-23914
-20694
-23685
-21974
-16437
-24159
-20529
-17861
-20453
-18682
-17339
-13665
-14945
-11671
-8938
-11515
-8511
-1925
-4940
-392
5092
4123
11587
16723
16678
22644
27600
29264
32408
32752
32767
32746
32767
32760
32767
32767
32763
32767
32761
32767
32761
32767
32763
32767
32764
32767
32765
32767
32767
32767
32766
32767
32766
32767
32767
32767
32767
32767
32766
32767
32766
32766
32767
32767
32767
32767
32767
32767
32767
32766
32767
32767
32767
32766
32767
32767
32767
32766
32766
32767
32767
32766
32767
32766
32766
32766
32767
32767
32766
32767
32765
32767
32764
32767
32762
32767
32758
32767
32755
32767
32748
32767
32740
32767
32726
32767
32698
32767
32615
32767
31351
20986
13153
3308
-9945
-17732
-30396
-32768
-32358
-32768
-32530
-32768
-32608
-32768
-32657
-32768
-32693
-32768
-32720
-32768
-32740
-32768
-32753
-32768
-32760
-32768
-32764
-32768
-32766
-32767
-32768
-32768
-32768
-32767
-32768
-32767
-32768
-32768
-32767
-32768
-32767
-32768
-32767
-32768
-32768
-32768
-32768
-32768
-32767
-32768
-32767
-32768
-32768
-32768
-32767
-32768
-32767
-32767
-32767
-32768
-32767
-32768
-32768
-32767
-32768
-32766
-32768
-32765
-32768
-32761
-32768
-32757
-32768
-32750
-32768
-32740
-32768
-32728
-32768
-32715
-32768
-32697
-32768
-32673
-32768
-32624
-32768
-31673
-23655
-21058
-16381
-8180
-4329
3601
12360
18535
23221
29708
32767
32488
32767
32633
32767
32692
32767
32725
32767
32745
32767
32757
32767
32764
32767
32767
32765
32767
32766
32767
32766
32767
32767
32767
32766
32767
32767
32766
32767
32767
32767
32766
32767
32767
32767
32767
32767
32767
32767
32766
32767
32766
32767
32765
32767
32764
32767
32763
32767
32762
32767
32763
32767
32764
32765
32767
32758
32767
32745
32767
32722
32767
32679
32767
32566
32767
26148
17856
11965
4301
997
-6130
-8966
-18179
-24992
-26073
-32755
-32595
-32768
-32681
-32768
-32735
-32768
-32763
-32765
-32768
-32757
-32768
-32758
-32768
-32763
-32768
-32768
-32762
-32768
-32757
-32768
-32763
-32762
-32768
-32688
-32768
-30887
-30098
-27669
-15499
-11508
-12127
2357
7482
6968
13032
26764
28954
24554
31840
32767
32716
32767
32738
32767
32736
32767
32734
32767
32738
32767
32742
32767
32748
32767
32752
32767
32755
32767
32758
32767
32759
32767
32764
32766
32767
32751
32767
32723
32767
32675
32767
32582
32767
32355
32767
23515
16943
16134
7635
4148
-600
-10218
-18078
-21396
-23692
-30767
-32768
-32518
-32768
-32636
-32768
-32684
-32768
-32714
-32768
-32733
-32768
-32747
-32768
-32756
-32768
-32762
-32768
-32765
-32768
-32767
-32768
-32767
-32768
-32768
-32767
-32768
-32767
-32768
-32765
-32768
-32759
-32768
-32750
-32768
-32735
-32768
-32710
-32768
-32673
-32768
-32613
-32768
-32495
-32043
-26072
-19725
-19448
-16200
-7823
-722
527
5807
13646
16028
18467
26335
32206
32767
32755
32767
32750
32767
32751
32767
32755
32767
32760
32767
32767
32761
32767
32748
32767
32734
32767
32716
32767
32698
32767
32682
32767
32679
32767
32703
32767
32767
29149
28550
27789
24306
15940
15006
9652
4707
654
-1809
-4111
-5874
-9449
-13324
-14418
-18188
-21196
-22119
-20370
-21714
-22728
-23087
-23404
-23540
-23598
-23200
-21656
-20498
-20240
-16410
-15075
-15811
-13025
-10368
-7842
-7041
-3747
-571
934
470
2359
7848
9233
9423
13158
16019
16153
17849
19007
22231
23534
24909
25898
25955
27348
27406
28932
30573
28088
27061
31763
31810
30030
30704
32574
31711
31330
32262
30310
31343
30700
29245
29091
29560
29100
26275
26521
25057
25721
22314
23553
21680
20171
20062
17927
15536
16451
15429
12222
11058
10921
10832
7835
7129
7057
6210
2160
2914
442
-1070
-1225
-2859
-4695
-5916
-6996
-7570
-8965
-9329
-10476
-10270
-10310
-11207
-13125
-13856
-14013
-14140
-16010
-15532
-14812
-16549
-16130
-16336
-15017
-18402
-18719
-16957
-17537
-17858
-15263
-17456
-19186
-20083
-17754
-16313
-22083
-15098
-17864
-22059
-16556
-19424
-18085
-18197
-17676
-17350
-18635
-14940
-17214
-18003
-13752
-15691
-15063
-13092
-11996
-12647
-13424
-8542
-13592
-10451
-6478
-9366
-9947
-9350
-5963
-6685
-5859
-4408
-4842
-4310
-6293
-2316
-2022
-6941
-354
-2716
-3031
-2599
-2089
-521
-5208
-3692
-1900
-2659
-3797
1313
-1620
-7058
-47
-755
-5393
-2388
343
-4278
-3403
-1819
-563
-4425
-2232
-1648
-7543
-1275
-1592
-2139
-4
-3025
-3989
1315
1227
-953
323
-7148
-44
1359
-5298
1408
1906
-2745
-3912
-2206
-160
-1972
-2604
2089
-2571
-1018
377
-386
-4216
-3107
2185
-4200
-6142
2030
1083
-3119
-3875
-2750
-2087
-4449
-3193
-4120
-2773
-1926
-4166
-3080
-4560
-6583
-5157
-6065
-5345
-3564
-6519
-5497
-4581
-6663
-5649
-5598
-5834
-5744
-3719
-6107
-3872
-484
-6004
-3959
-3150
-3863
-3794
-2676
-1814
-2354
-2209
-1827
227
-692
-2542
-214
-578
-1338
-586
-583
410
1951
-39
933
910
1447
-2416
-1770
198
-3505
-999
-344
-690
-115
-4879
-3911
-659
-5744
-4576
-2192
-2924
-3481
-2991
-2947
-4933
-4681
-5629
-5923
-5404
-6325
-6062
-6156
-5825
-5308
-6211
-7794
-8798
-6595
-8174
-8363
-7842
-6727
-5974
-9332
-8675
-5319
-7489
-8724
-7797
-6157
-5347
-6357
-4941
-4916
-6844
-6168
-3450
-4584
-4609
-2932
-3684
-5762
-2445
-109
-3311
-3164
-1931
-2994
-3490
336
220
-1691
-2255
-1050
-613
-596
479
-709
-1039
379
1881
-107
-726
2175
1482
-292
1334
3178
3131
1360
3592
3223
2229
5861
4209
4704
6127
5707
6756
5821
6796
8989
6395
7109
9186
8455
9787
8156
8930
10475
9662
11229
9941
9758
11785
13124
11681
10362
14507
13386
10862
12151
13586
13641
12298
12588
14288
13751
12159
12116
12937
12503
11887
12036
11107
12789
11663
10262
12271
9514
8107
10130
9081
7142
8037
8984
6390
5592
6685
6997
5159
3565
4709
5060
3682
2471
4660
3458
685
2949
2940
134
747
1193
49
170
-1196
-461
-857
-2143
-2926
-1715
-2525
-4143
-2852
-3862
-3187
-4297
-4309
-4600
-4981
-4979
-4785
-4940
-5348
-6587
-6325
-7202
-8916
-7876
-8636
-9087
-10848
-11217
-11598
-11686
-12789
-12993
-13920
-15237
-14545
-14735
-15302
-15423
-13721
-15420
-15661
-14428
-14856
-15114
-14512
-14016
-12184
-11860
-12320
-10830
-11382
-10065
-8996
-8434
-6977
-5960
-6523
-6488
-3095
-1897
-4002
-2233
-1788
-856
-1176
-1043
997
161
538
1443
1661
1344
2715
1211
1069
3319
4383
2881
3478
4018
3005
3152
4156
3973
2938
1834
2987
5457
3731
2770
3662
2951
891
2413
2798
2929
2802
1997
2598
1672
2238
1689
1740
2579
1692
1791
2617
2726
2034
1686
2624
2354
2475
3057
3397
3654
3350
3321
2724
1581
1640
1482
76
638
1164
-951
-2420
-2755
-3222
-4560
-4231
-4799
-7065
-8100
-7945
-7449
-8477
-9891
-10360
-10358
-10252
-10604
-10416
-9694
-10253
-10423
-9942
-10027
-10908
-10125
-9812
-9246
-9484
-8639
-7682
-8208
-5295
-6694
-6863
-6847
-5692
-3306
-5763
-4075
-1115
-2162
-3904
-408
-1772
-2796
-966
-1309
1400
282
4583
3648
830
2549
4084
5197
4064
6466
6926
6845
9423
9526
6422
8730
10214
6913
10803
12393
9149
10397
12813
11557
9118
9562
10812
9614
12089
11469
9119
10851
10502
8837
7978
10805
11025
8180
8692
10407
8813
8358
9403
9605
7777
7162
9565
9457
9146
9764
9372
6809
7116
8087
6112
4940
4686
4612
2907
2878
2592
693
-322
-1312
-2260
-3248
-4116
-3922
-4535
-4396
-5657
-5858
-5464
-6514
-5782
-5788
-5604
-5184
-4553
-3782
-3381
-2974
-3069
-2616
-1822
-1723
-972
-1105
-1950
-3341
-2671
-1456
-3335
-3380
-2748
-2518
-4509
-4808
-3516
-3062
-3436
-4367
-3033
-3153
-3722
-1313
-2211
-2188
-1459
-2021
1235
862
-770
1869
4416
2327
2095
3842
5896
5859
5910
7327
5450
7851
9999
8200
7892
10247
8220
8252
12691
10451
8004
9298
11960
9514
7665
9976
9846
9152
9461
9699
6662
6760
9508
8516
7953
8439
7589
6974
9686
10387
7395
8523
10100
9007
9073
8576
7109
4793
3613
3222
3073
2486
218
-744
-2440
-4495
-6926
-8384
-8969
-10349
-11074
-10809
-11505
-12529
-13730
-13751
-13986
-14189
-13523
-12341
-10591
-10247
-9604
-8933
-8297
-8149
-6744
-5180
-4368
-3737
-2603
-2073
-2088
-2332
-2549
-3026
-3610
-4837
-6114
-7602
-8951
-9956
-11295
-12054
-13347
-13923
-15046
-16074
-15554
-15596
-14997
-14544
-14376
-13146
-12318
-10996
-11500
-10425
-8193
-8787
-7741
-4576
-3946
-4243
-2981
-1508
-663
133
1721
1610
172
2412
4895
3174
3635
5088
4289
2772
4655
5987
4648
4646
5071
6021
4411
5726
5786
6226
5428
4771
6571
5557
6011
7244
7760
8568
8311
10060
10238
11555
13309
12217
10738
8505
7929
5806
6365
7730
5914
3355
734
-879
-3806
-6942
-7095
-8001
-8838
-10406
-10241
-10632
-13074
-14684
-14920
-13771
-13149
-11500
-8798
-7581
-7392
-7629
-6100
-4480
-2771
-160
2257
4158
4879
5500
6539
6557
6741
6943
7862
7935
8121
7379
5952
3506
198
-1237
-4382
-4900
-5671
-6125
-6977
-10120
-11184
-12840
-13652
-12352
-11266
-8479
-8104
-7226
-5195
-4605
-3390
-2301
505
3089
5044
7847
9852
9869
10039
10749
12201
13828
15314
15960
16480
15885
15631
15366
16511
16664
16240
16552
16750
16634
16374
17400
16094
16693
16499
17815
17342
18127
17773
16495
16207
16554
17559
18412
19139
19623
19392
20069
20469
19123
17802
12987
12223
9415
10044
10420
8046
5441
-551
-4544
-8101
-10530
-10280
-11272
-13397
-14912
-17824
-19065
-22258
-22418
-22135
-21013
-19386
-17123
-15435
-15453
-15681
-15359
-13037
-10534
-7291
-3603
-1773
-1120
-1152
-599
1105
1638
3281
4541
4764
4394
3466
2167
398
-2403
-3580
-4825
-6157
-8820
-11624
-15360
-18004
-18912
-19673
-18333
-20342
-20383
-21217
-21286
-19033
-17704
-15408
-13875
-12551
-9779
-8113
-5695
-4262
-2317
-489
1624
4608
6514
7974
7922
8764
9554
10700
12271
13637
13666
13060
12226
13166
12688
12963
13112
12752
13297
12406
13771
13297
13034
13437
13396
15129
14115
14824
14665
14492
15866
16381
18477
18634
19276
21273
21194
20059
16341
10413
10462
8507
12754
12238
8522
3823
-6533
-11315
-12576
-11544
-9450
-11999
-16364
-20820
-27395
-28137
-27614
-25566
-24284
-23701
-22639
-22026
-23185
-22657
-21384
-18962
-14763
-10853
-6531
-5447
-6872
-7198
-6123
-2907
1082
3648
4796
2592
450
-1722
-1072
-871
-560
-1996
-4257
-7160
-10651
-14627
-17842
-20257
-21081
-20646
-20810
-21220
-24488
-27372
-28244
-25857
-21976
-17999
-16290
-15477
-15922
-15052
-11855
-7883
-4312
-1536
-103
1413
2936
4115
5647
7384
8912
10946
12557
12833
12875
11397
11747
12323
14694
15569
16071
14658
12990
13207
12649
15884
16346
17271
16786
15556
15844
15453
16383
17172
17992
18473
20270
19342
21491
20712
23497
22561
19833
17134
11210
14357
13439
16476
13773
7994
1634
-4954
-7041
-3945
-3630
-4447
-9180
-16187
-19531
-22070
-19172
-16941
-16924
-17270
-18278
-19266
-18122
-17595
-14294
-12039
-9274
-6096
-4728
-3535
-3638
-2955
275
3462
7007
8140
7459
5753
3952
4623
6581
7719
7626
4854
1309
-2032
-4497
-4934
-6920
-9634
-11927
-15353
-16941
-18039
-19709
-20058
-21794
-20673
-18913
-18436
-17233
-16955
-15894
-13696
-10586
-7224
-5052
-4749
-3967
-1858
739
3680
6089
7303
7282
7792
8834
10703
11875
12228
12572
12380
12817
13180
13420
12971
13112
12487
13712
13860
13772
13591
12600
13695
14806
15740
16144
15106
12855
15679
14878
19294
19300
19242
19753
20209
19936
18095
14539
8889
12210
11781
17003
11292
4427
-2636
-9940
-8228
-3689
-2604
-6703
-15350
-22134
-25269
-24445
-18779
-17335
-19447
-23580
-26003
-25022
-22565
-19681
-16502
-15544
-13362
-12456
-11207
-9464
-8730
-5807
-1755
1667
3326
2274
431
528
1819
5167
7403
6406
3467
-710
-2229
-2012
-1527
-2026
-5376
-10251
-14651
-16720
-16410
-16321
-16274
-18318
-20764
-22257
-21817
-20338
-18193
-16214
-13982
-13032
-12203
-10802
-9030
-6389
-3214
274
2477
3129
3348
4938
7104
10090
12553
13718
13532
12598
12969
14668
16018
17517
17274
16772
15735
15689
16596
17143
18009
18030
17972
18271
17233
18321
18038
18855
20064
18524
20661
19043
21292
22379
22918
23846
24062
23144
20605
18527
13862
17556
16319
19348
14141
7715
2821
-2600
-925
1344
602
-3925
-10705
-15911
-17280
-17455
-13582
-13774
-16081
-19150
-20952
-20078
-17899
-16041
-12872
-12256
-10710
-10467
-9912
-7378
-5809
-2199
1116
2693
2907
1851
1956
3691
5867
8386
7940
5899
3617
1700
1804
2490
1906
-134
-4637
-7613
-10994
-12553
-12440
-13184
-13579
-16681
-19137
-20990
-20855
-19003
-16682
-14881
-14518
-15348
-15277
-13085
-9989
-6206
-3770
-2732
-2294
-1993
188
3248
6238
8113
8577
8586
8987
9693
11253
12590
13424
13315
13139
12916
12714
13279
13238
13613
14109
13509
14292
12971
13215
14347
13480
16276
14618
14773
14468
14273
17015
17903
18106
19220
18280
19727
17115
16314
13493
10853
13492
14028
14178
6362
2302
-2151
-3659
-2518
-375
-4576
-11243
-16284
-18287
-17355
-17254
-15845
-18163
-21703
-22904
-22358
-20657
-18910
-17747
-16035
-14978
-14098
-13411
-12185
-9112
-6205
-3447
-824
-946
-1308
-995
1611
4613
5720
6108
4702
2502
2131
2827
3457
2529
440
-2412
-4987
-7759
-7989
-10927
-11678
-13729
-14881
-16255
-19373
-19331
-20153
-18439
-17409
-16342
-16761
-17230
-16273
-12686
-9712
-7608
-6777
-6336
-5343
-3053
261
2987
4158
4709
5397
6646
7896
9233
10402
11034
11241
11457
11862
11201
12113
11748
13135
12758
12630
11874
11624
12370
13544
14264
13607
13608
12502
14218
13717
15362
15206
16046
16183
16870
18166
17482
19881
17945
16489
12924
10789
13780
13349
14904
8317
3218
-425
-2331
-850
-56
-2863
-8830
-13575
-15583
-15373
-15769
-14388
-16295
-18912
-20278
-20333
-19354
-18213
-16162
-13975
-13621
-12938
-13248
-11794
-8687
-5349
-2386
-1100
-1456
-1809
-823
2197
4722
5366
5113
3833
3139
2978
3615
3641
2908
645
-965
-3372
-4459
-7091
-7795
-10169
-11880
-12807
-15690
-15714
-18317
-17384
-17895
-17607
-16788
-16950
-16608
-15054
-13502
-11358
-9965
-8687
-7033
-5788
-3677
-1564
432
1465
2656
3872
5182
6470
7905
8636
9406
9301
9646
10143
10475
11343
11471
11630
11015
10765
11215
11047
12072
11853
12437
11912
11765
12293
12440
12845
13314
13639
13587
15092
14541
15750
15802
17163
17967
18550
15945
13800
8850
11041
14412
14590
11627
2814
86
-3083
-1123
910
-433
-7604
-13260
-15698
-14700
-14947
-14585
-15388
-18579
-20292
-20783
-19678
-18527
-17319
-15147
-13911
-14217
-14298
-13614
-9839
-6258
-3754
-2561
-3093
-3662
-1851
1165
4519
4910
4072
2933
2353
3112
4088
4299
3476
1687
-628
-2067
-3971
-4273
-5564
-7274
-9318
-12798
-13889
-15458
-14845
-14597
-15913
-16867
-18093
-17187
-15906
-14199
-12424
-11563
-11136
-10225
-8350
-6099
-4183
-2183
-849
291
904
2338
4081
5829
6957
7797
7962
8080
8566
9344
10349
10592
10498
10421
10325
10841
10702
11191
10845
10695
11576
10874
12517
11726
12547
12440
12295
13006
12824
14558
15207
15695
15386
15916
17027
17689
19609
16638
14475
8963
11476
15451
15218
11544
3682
1263
-2112
612
2124
-108
-7752
-12120
-13432
-13056
-13236
-13828
-14550
-17653
-18788
-18993
-18425
-17411
-16177
-13765
-12768
-13325
-13924
-12332
-8710
-5255
-3160
-2300
-2899
-3063
-653
2481
4841
4794
4093
3377
3511
3899
5247
4767
3844
2354
714
-429
-2248
-2623
-3754
-5144
-7634
-10167
-12735
-13144
-13192
-12584
-13747
-16169
-17241
-17024
-14689
-13209
-12075
-11808
-12448
-11250
-8670
-6110
-4567
-3782
-2575
-1476
-254
1558
3482
4376
4944
5627
6462
6730
7709
8766
9266
9133
8685
8611
8916
9574
10334
10621
9707
9198
9369
9905
11183
11058
10986
11377
11135
11834
11623
12530
13406
14459
14527
15373
14433
16027
16995
18209
18514
15063
10910
8429
13784
16127
14048
6392
2014
-1454
-835
2351
2403
-3860
-10987
-12387
-12916
-12681
-12739
-12985
-15934
-18182
-18428
-18134
-17748
-16115
-14021
-12912
-13061
-13996
-13399
-10210
-6142
-3549
-2937
-3190
-3818
-2306
1439
4438
4963
3998
3320
3060
3886
5066
5628
5033
3313
1963
236
-444
-999
-1455
-2512
-4974
-7069
-9470
-10590
-11016
-11258
-11683
-13641
-15035
-15503
-15405
-14167
-13177
-12459
-12326
-12334
-10993
-9054
-7481
-5946
-4555
-3721
-2928
-1644
166
1787
2682
3425
4036
4385
5085
6206
7049
7336
7184
7134
7205
7477
7876
8493
8704
8151
8353
8242
8562
9200
10113
9851
10381
9893
10629
11256
11383
12652
12344
13328
13982
14165
14961
15773
15789
17487
17611
17152
14711
9646
10427
14409
16202
12321
5119
1557
-1435
634
3945
1970
-5436
-10945
-12581
-11634
-11409
-10948
-12708
-16575
-17634
-17794
-16962
-15828
-14589
-13224
-12777
-13296
-13441
-12276
-8042
-4911
-3337
-3105
-3823
-3480
-809
2991
5202
4704
3706
3396
3573
5449
6422
6285
4722
3500
2306
1451
607
362
72
-1584
-3566
-6107
-7931
-8182
-8085
-8220
-10389
-13496
-13926
-14172
-12465
-12105
-12045
-13056
-13730
-12403
-10173
-8585
-7382
-6883
-6187
-5196
-3837
-1697
-348
750
1448
1934
2428
3178
4481
5601
5894
5897
5394
5381
5906
6860
7479
7145
6491
5886
6175
7146
7916
8275
7739
7528
7485
8861
9737
10599
9980
10099
10360
11557
12770
13270
13972
13857
14705
15507
16384
17210
17357
18393
17267
10730
9414
13060
18035
14406
7317
2699
-882
-314
4707
4311
-3595
-10661
-12646
-11089
-11067
-10025
-12284
-16387
-18248
-17768
-16691
-15954
-15104
-13880
-13288
-13248
-13737
-12987
-8978
-5555
-3715
-3026
-4018
-4085
-1604
2836
5399
4854
3655
2901
3423
5486
7125
6853
5216
3378
2391
1970
1849
1253
-236
-1360
-2812
-5097
-6605
-7756
-7809
-8327
-9386
-10803
-13485
-14307
-13284
-11809
-11589
-12366
-13403
-13447
-12260
-9359
-7494
-7551
-7508
-6778
-5329
-3612
-1498
-196
-130
-15
990
2076
2754
3570
4490
4262
3788
4000
4384
4646
5021
5235
4858
4014
3972
4829
5183
5631
5406
5366
5471
6069
6980
7755
8094
8202
8655
9526
10081
10807
11746
12422
12803
13233
14131
14378
15480
16552
17341
16536
17091
13148
9239
10195
15858
16600
9194
3335
53
-760
2050
5059
-72
-8567
-12725
-11539
-10699
-9895
-10422
-14681
-18052
-17878
-16366
-15582
-14541
-13576
-13628
-13496
-12964
-12646
-10050
-6222
-4141
-3697
-3906
-3948
-2579
1103
4652
4863
3368
2568
2775
4539
6507
6975
5467
3452
2221
2049
2309
2175
964
-978
-2556
-3909
-4680
-5123
-6114
-6790
-8183
-9630
-10858
-10791
-10472
-10835
-10753
-11373
-11851
-11744
-10199
-8772
-8344
-8101
-7496
-6834
-5444
-3674
-2397
-1835
-1526
-729
186
1177
2170
2819
3050
3005
3165
3546
3767
4077
4227
3972
3597
3411
3509
3813
4006
4268
3955
3797
3992
4436
4993
5579
6211
6405
6644
7034
7881
8745
9495
10009
10370
10884
11899
12724
13265
13910
13926
15318
15726
16739
16321
16888
14957
9904
10122
14332
16902
10846
4723
1866
707
2162
4830
1838
-6121
-10839
-10282
-8865
-8930
-9354
-12916
-16738
-16814
-15017
-14016
-13965
-13703
-13722
-13530
-12629
-12012
-10368
-7490
-5789
-5078
-4529
-4327
-3436
-538
2826
3421
2169
1941
2427
3596
5622
6340
5101
3021
2335
2721
3020
2931
1483
-530
-2011
-2391
-2713
-3646
-4815
-5944
-6926
-7991
-8735
-9167
-9597
-9718
-9587
-10123
-11117
-11106
-9975
-8509
-7912
-7816
-8022
-7778
-6102
-3988
-2690
-2505
-2467
-1999
-820
780
2085
2293
2100
2113
2695
3363
3891
4128
3781
3480
3381
3547
3517
3528
3445
3325
3093
2862
3000
3428
3759
3803
3957
3802
4342
5478
6510
6763
6118
6876
7733
9027
9969
10676
10562
10596
11646
12994
13883
14383
14750
14580
14989
15948
16430
12472
9348
10833
14623
13834
8750
4108
1220
765
3409
4248
-1126
-7343
-10171
-9344
-8422
-7890
-10041
-14413
-16574
-15535
-13819
-13200
-13453
-14211
-14246
-13310
-12080
-11153
-9376
-7785
-6831
-5625
-4997
-4615
-3122
-241
1695
1725
1365
1252
1794
3629
5309
5258
3917
2557
2277
2744
3262
3098
1392
-48
-1693
-2186
-1644
-2135
-3462
-5283
-6160
-7027
-7712
-7391
-7571
-8705
-9186
-9563
-9815
-9945
-8998
-7913
-7996
-8206
-7822
-7299
-6257
-4771
-3339
-3284
-3633
-2815
-1486
-219
606
1112
985
708
1384
2684
3204
3195
2845
2597
2524
2733
3431
3440
3035
2787
2606
2544
2709
3258
3528
3306
3315
3552
3581
4262
5197
5586
5529
5481
6352
6917
7858
8337
8456
8880
9537
10368
10898
11210
11692
12267
12990
13271
13342
13722
14447
14272
11007
8252
9489
12456
11515
7538
3801
849
-413
1655
2662
-1323
-6600
-9416
-9946
-9189
-7996
-9281
-13144
-15459
-15065
-13841
-12767
-12194
-12792
-13465
-12976
-11794
-10257
-8462
-7324
-6670
-5502
-4691
-4192
-2706
-303
1161
1453
1574
1656
1967
3337
4796
4982
4110
2981
2468
2839
3465
3259
1811
177
-1209
-1184
-1010
-1472
-3024
-4469
-5535
-6045
-5950
-6787
-7261
-7920
-7861
-8550
-8757
-8750
-8383
-7825
-7257
-7161
-7288
-6823
-5895
-4474
-3423
-3019
-3240
-2787
-1631
-240
627
970
886
791
1350
2430
3065
3055
2693
2487
2507
2785
3155
3324
2877
2524
2399
2446
2664
2836
2813
2788
2684
2961
3366
3520
4054
4231
4450
4767
5120
5694
6178
6608
7264
7386
7901
8548
8926
9468
9741
10483
10706
11300
11818
12090
12405
12864
13297
12537
9717
7758
8926
11324
10823
6761
2905
473
66
1861
2174
-1118
-5991
-8947
-9184
-8154
-7177
-8550
-12194
-14410
-14280
-12910
-11777
-11507
-12015
-12935
-12734
-11561
-9972
-8431
-7583
-7028
-6062
-5354
-4503
-3068
-1070
197
393
645
997
1556
2779
3970
4384
3688
2722
2560
2965
3545
3396
2280
1048
-291
-343
-179
-552
-1887
-3310
-4094
-4677
-4579
-5120
-6574
-7062
-7121
-6913
-7584
-7809
-7943
-7861
-7206
-6391
-6511
-6689
-6109
-4967
-3764
-3292
-2913
-2965
-2141
-959
384
762
707
752
1226
2076
2976
3202
2816
2431
2655
3276
3458
3354
3069
2605
2500
2627
2924
2727
2371
2333
2466
2402
2547
2687
2948
3112
3499
3858
3918
4305
4675
5310
5839
6310
6645
6920
7193
8060
8319
8919
9193
9490
9797
9890
10393
10501
10610
10829
10915
11026
10930
9059
6039
6169
8612
9290
5487
1674
-499
-1153
104
1010
-1126
-6164
-9099
-9212
-7801
-7009
-7935
-11142
-13602
-13579
-11603
-10127
-10258
-11052
-11949
-11539
-10218
-8415
-6907
-6626
-6634
-5615
-4381
-3514
-2397
-767
320
294
619
1204
1658
2462
3449
3914
3163
2295
2076
2564
2894
2385
1619
520
-141
-725
-722
-1348
-2233
-3053
-3724
-4363
-5013
-5664
-6155
-6052
-6085
-6560
-7385
-7442
-7089
-6253
-5791
-5732
-6048
-5812
-4867
-3639
-2721
-2438
-2579
-2312
-1155
166
915
990
1065
1196
1632
2573
3244
3117
2627
2515
2730
3134
3318
3227
2719
2287
2179
2403
2677
2591
2191
1825
1884
2058
2388
2674
2780
2670
2842
3300
3708
4050
4567
4709
5074
5616
6236
6354
6581
6959
7463
7868
8285
8290
8121
8064
8662
9143
9176
8784
8582
8409
8564
8900
9069
6506
3609
4131
6365
6537
3443
973
-1404
-2442
-1343
360
-1721
-5395
-7839
-8138
-7497
-6294
-6377
-8971
-11095
-11165
-9848
-8736
-8189
-8493
-9450
-9658
-8609
-7057
-5871
-5559
-5437
-4747
-4174
-3620
-2423
-1115
-492
-607
-154
221
348
1027
2054
2260
1711
581
572
1279
1808
1557
494
-366
-1313
-1360
-631
-621
-1859
-3054
-3928
-4480
-4081
-3325
-3818
-5357
-5923
-5762
-5583
-4879
-4198
-4593
-5697
-5214
-4161
-3537
-2999
-2318
-2409
-2676
-2022
-675
-101
84
562
561
560
1015
1894
2303
2184
2179
2102
1830
2180
2721
2798
2405
2129
2103
1923
2072
2455
2461
2004
1893
2161
2245
2379
2665
3025
2795
3040
3525
3812
3715
4071
4679
5030
5076
5449
5608
5822
6289
6729
6874
6659
7032
7168
7115
7325
7631
7577
7278
7153
7219
7078
7303
7614
6519
4102
2803
3959
5440
4351
1990
-391
-2046
-2390
-934
-421
-2648
-5860
-7499
-7520
-6563
-5529
-6441
-8764
-10471
-9948
-8753
-7768
-7420
-8090
-9062
-8986
-7545
-5952
-5248
-5235
-5036
-4580
-3947
-2982
-1686
-909
-958
-810
-278
146
544
1207
1716
1042
818
1050
1162
1007
954
778
-68
-428
-520
-778
-1294
-1337
-2189
-2882
-3294
-3166
-3548
-4120
-4047
-4383
-4675
-4887
-4571
-4501
-4494
-4268
-3948
-3894
-3701
-3133
-2564
-2165
-1875
-1396
-1142
-667
-19
477
776
902
1214
1436
1787
2261
2413
2257
2213
2285
2409
2451
2552
2603
2240
2045
2036
2158
2159
2097
2034
1892
1812
1969
2259
2344
2412
2361
2447
2700
3101
3440
3838
3734
3723
3845
4336
4986
5319
5287
4976
5072
5520
5913
6075
6171
5707
5579
5601
6078
5947
5814
5499
5275
5293
5298
5357
5056
4836
3429
2322
1841
2828
2790
1788
24
-1672
-2380
-2051
-1276
-1968
-3719
-5581
-6226
-6093
-5022
-5042
-6062
-7642
-8179
-7568
-6647
-5962
-6109
-6819
-7280
-6700
-5555
-4558
-4393
-4449
-4425
-4012
-3276
-2353
-1699
-1626
-1632
-1420
-1014
-601
-248
115
99
-206
-418
-397
-193
-124
-158
-534
-1173
-1686
-1603
-1462
-1431
-1788
-2463
-3005
-3194
-2762
-2568
-2654
-3037
-3376
-3388
-2958
-2386
-2140
-2293
-2506
-2220
-1681
-1064
-749
-506
-533
-394
141
664
971
1051
1223
1311
1446
1730
1950
1976
2077
2050
2011
1912
1967
2060
2020
2117
1986
1823
1617
1686
1879
1936
1864
1828
1777
1811
1976
2214
2441
2341
2438
2508
2815
3090
3338
3548
3554
3600
3723
4076
4398
4738
4690
4700
4429
4630
4803
5100
5221
4856
4613
4238
4471
4519
4577
4265
3863
3342
3336
3224
3185
2542
1668
994
540
746
485
-188
-1415
-2322
-2773
-2699
-2805
-3193
-4302
-5135
-5496
-5319
-5076
-5250
-5630
-6160
-6299
-6040
-5459
-5149
-5162
-5318
-5134
-4897
-4302
-3709
-3382
-3315
-3155
-2707
-2344
-1958
-1586
-1381
-1376
-1144
-1008
-868
-860
-630
-638
-901
-1016
-1103
-1244
-1359
-1359
-1519
-1893
-2191
-2218
-2324
-2361
-2409
-2557
-2819
-2886
-2667
-2458
-2425
-2454
-2433
-2301
-2054
-1613
-1328
-1285
-1203
-916
-547
-205
115
347
344
532
941
1241
1312
1373
1533
1591
1686
1849
1912
1718
1673
1773
1858
1793
1749
1655
1488
1509
1628
1680
1546
1529
1594
1573
1706
1889
2008
1918
1896
2110
2247
2452
2670
2767
2743
2752
3189
3374
3454
3442
3455
3567
3626
3886
3958
3865
3707
3803
3734
3712
3731
3751
3535
3317
3306
3189
2892
2773
2773
2618
2315
2091
1744
1382
1177
976
567
-10
-332
-700
-941
-1335
-1837
-2471
-2903
-3120
-3236
-3462
-3972
-4419
-4715
-4670
-4586
-4573
-4734
-4979
-5080
-4750
-4364
-4256
-4218
-4176
-4064
-3820
-3300
-2930
-2893
-2889
-2705
-2387
-2085
-1825
-1688
-1706
-1702
-1606
-1463
-1301
-1251
-1259
-1386
-1452
-1432
-1365
-1326
-1377
-1487
-1545
-1588
-1519
-1400
-1375
-1402
-1440
-1386
-1285
-1133
-943
-838
-805
-702
-511
-253
-12
169
239
316
505
790
1022
1173
1220
1217
1304
1529
1695
1744
1752
1737
1745
1760
1858
1861
1808
1784
1717
1828
1702
1756
1815
1774
1682
1746
1859
1882
1987
2081
2018
1864
2140
2334
2483
2518
2589
2482
2515
2913
3138
3095
2960
3051
3089
3216
3352
3481
3271
3093
3214
3323
3215
3092
3089
2781
2658
2691
2624
2283
2117
1981
1710
1443
1305
1012
690
473
162
-271
-632
-854
-1193
-1445
-1768
-2152
-2564
-2877
-3095
-3228
-3316
-3560
-3937
-4126
-4156
-4148
-4038
-3996
-4096
-4201
-4133
-3857
-3650
-3473
-3367
-3367
-3249
-2964
-2645
-2419
-2276
-2213
-2111
-1921
-1657
-1478
-1380
-1355
-1316
-1241
-1147
-1067
-1062
-1056
-1097
-1132
-1132
-1139
-1129
-1149
-1137
-1186
-1287
-1277
-1224
-1166
-1115
-1070
-1098
-1090
-983
-765
-601
-510
-430
-399
-261
-13
269
408
465
525
658
868
1089
1224
1253
1277
1339
1465
1642
1735
1722
1672
1654
1726
1751
1797
1810
1730
1659
1658
1696
1738
1752
1696
1555
1441
1555
1734
1842
1790
1576
1396
1523
1790
1966
1928
1707
1514
1541
1854
2175
2153
1855
1670
1664
1955
2285
2275
1951
1592
1580
1779
1998
1999
1662
1212
1068
1160
1273
1252
921
500
165
145
193
115
-169
-518
-857
-1040
-1052
-1122
-1270
-1542
-1777
-1959
-2016
-2097
-2165
-2295
-2391
-2439
-2530
-2528
-2596
-2556
-2557
-2580
-2637
-2590
-2541
-2534
-2442
-2337
-2323
-2345
-2319
-2261
-2171
-2022
-1946
-1951
-1991
-1943
-1816
-1705
-1599
-1568
-1571
-1580
-1503
-1353
-1246
-1206
-1185
-1159
-1093
-991
-857
-798
-740
-673
-579
-467
-351
-242
-161
-85
12
129
230
332
406
497
568
647
760
821
905
966
1009
1066
1117
1161
1178
1204
1226
1230
1240
1245
1230
1196
1228
1254
1258
1221
1165
1173
1228
1264
1271
1231
1179
1203
1289
1375
1366
1322
1308
1334
1407
1507
1554
1530
1456
1449
1525
1602
1651
1642
1593
1538
1478
1529
1539
1610
1530
1410
1343
1217
1293
1245
1167
1040
869
735
663
679
640
400
283
120
64
56
19
-107
-329
-436
-449
-466
-525
-607
-730
-867
-900
-900
-924
-1006
-1082
-1112
-1153
-1158
-1158
-1201
-1286
-1280
-1208
-1225
-1296
-1322
-1327
-1326
-1257
-1198
-1223
-1266
-1283
-1236
-1173
-1125
-1095
-1115
-1118
-1078
-1024
-993
-978
-961
-943
-944
-903
-859
-844
-830
-820
-760
-715
-687
-669
-645
-602
-543
-500
-476
-430
-372
-350
-318
-224
-165
-148
-104
-58
-5
57
103
147
164
188
214
271
312
332
349
351
372
412
456
473
468
476
500
520
560
587
584
616
656
705
733
770
788
777
800
858
920
959
971
965
978
992
989
1037
1070
1065
1062
1046
1058
1045
1028
1015
1003
971
939
930
883
821
760
743
678
641
621
587
545
489
418
369
350
318
284
238
212
163
113
111
102
91
100
54
37
21
28
-11
-26
-98
-8
-195
-370
-407
-454
-308
-412
-244
-374
-492
-414
-436
-258
-255
-396
-411
-440
-392
-402
-426
-558
-706
-717
-625
-572
-580
-726
-808
-790
-734
-629
-579
-610
-692
-730
-701
-588
-518
-511
-532
-539
-525
-444
-339
-277
-241
-244
-223
-143
-91
-40
-23
-54
-68
-65
-54
-65
-66
-51
-88
-140
-179
-194
-139
-113
-114
-187
-261
-282
-216
-160
-158
-187
-211
-202
-161
-89
-28
3
-10
-4
45
88
129
143
181
220
215
217
197
188
205
202
197
181
162
159
136
118
99
58
80
97
74
54
27
17
18
71
80
51
5
3
13
64
78
16
74
50
62
78
111
145
87
91
70
62
69
93
114
81
71
28
15
27
47
70
44
-7
-45
-40
-39
-21
-60
-79
-109
-104
-104
-105
-89
-98
-113
-108
-82
-90
-122
-126
61
-112
1
35
-6
47
-47
74
131
130
135
81
162
172
171
200
139
183
153
148
138
159
175
89
62
79
111
110
77
41
7
8
-2
6
-20
-32
-63
-65
-61
-80
-48
-62
-100
-80
-24
17
18
-17
-23
-22
29
84
132
149
113
101
125
159
215
247
257
270
271
274
278
308
339
367
357
329
287
233
259
276
258
224
199
186
179
160
142
116
80
63
22
-4
-38
-68
-30
-24
-18
-15
-33
-61
-74
-69
-58
-39
-41
-29
-23
-8
-9
-5
23
24
41
41
21
34
56
94
113
103
83
61
96
142
157
158
172
138
117
131
149
147
132
127
95
90
90
87
88
76
62
52
77
87
93
91
90
88
85
95
111
129
123
134
123
129
129
122
180
187
212
179
192
136
185
98
382
-13
-82
379
-12
216
62
-6
281
12
12
-36
-98
121
-58
-109
-64
-133
-66
-231
-271
-128
-150
-91
-162
-221
-92
-101
-92
-115
-127
-3
-16
-35
-23
-56
25
8
-19
14
11
71
12
-52
-19
-59
-60
-86
-153
-119
-175
-220
-243
-295
-288
-348
-367
-373
-405
-386
-411
-428
-437
-448
-423
-425
-427
-401
-398
-392
-389
-395
-342
-335
-329
-298
-307
-289
-274
-278
-287
-297
-282
-262
-258
-254
-296
-321
-312
-306
-289
-310
-320
-331
-331
-315
-319
-343
-353
-347
-324
-293
-293
-303
-305
-292
-262
-244
-216
-201
-196
-177
-145
-107
-80
-59
-56
-49
-51
-29
8
38
48
50
58
77
99
121
128
131
117
120
133
130
125
107
146
148
139
137
133
135
131
126
127
148
145
134
113
104
84
68
91
94
83
71
60
62
65
65
64
57
44
35
37
53
38
7
36
36
39
51
64
67
65
76
74
84
84
75
60
54
60
46
72
74
55
32
20
22
4
-10
-45
-66
-90
-115
-131
-148
-165
-204
-201
-217
-247
-249
-264
-254
-253
-262
-260
-267
-260
-246
-241
-241
-253
-252
-216
-188
-173
-171
-176
-159
-132
-109
-107
-107
-93
-77
-59
-54
-57
-73
-66
-51
-34
-24
-36
-30
-27
-10
-11
3
14
31
49
56
67
58
77
102
125
146
165
176
177
186
204
239
259
270
253
251
251
226
269
288
294
312
318
320
313
292
269
242
223
211
206
234
258
255
275
273
250
235
217
212
200
175
144
154
186
225
236
239
233
192
215
225
215
201
169
155
157
162
188
197
196
198
177
166
155
124
141
79
79
64
20
55
35
37
23
-22
-23
-33
-49
-40
-92
-138
-121
-140
-132
-131
-143
-133
-155
-162
-162
-171
-164
-168
-195
-201
-214
-215
-196
-203
-192
-200
-207
-191
-187
-173
-171
-179
-191
-188
-201
-193
-191
-206
-200
-206
-199
-198
-197
-195
-196
-194
-189
-195
-181
-160
-176
-180
-185
-198
-169
-152
-143
-147
-156
-147
-138
-123
-113
-121
-133
-131
-132
-125
-122
-141
-134
-147
-154
-151
-141
-119
-124
-130
-135
-134
-119
-102
-95
-91
-102
-107
-76
-47
-39
-46
-48
-44
-31
-7
6
8
-1
-4
-10
8
-1
-17
-21
-31
-17
-31
-40
-52
-64
-85
-101
-97
-91
-103
-113
-112
-124
-139
-136
-145
-155
-146
-138
-134
-141
-140
-136
-128
-120
-118
-117
-104
-113
-123
-110
-97
-85
-83
-90
-95
-92
-95
-95
-94
-107
-116
-112
-100
-102
-120
-133
-150
-164
-150
-150
-154
-162
-170
-165
-165
-156
-166
-158
-156
-158
-156
-129
-122
-109
-104
-103
-100
-98
-79
-71
-64
-52
-43
-35
-28
-38
-35
-27
-25
-27
-23
-24
-23
-27
-18
-25
-30
-10
-19
-10
-4
-26
-29
-7
-3
3
21
11
5
12
34
46
60
70
77
97
117
134
120
141
144
155
187
188
195
195
191
192
196
208
214
191
183
156
133
148
151
154
132
115
107
89
100
94
94
82
63
55
62
63
37
56
51
54
70
78
76
72
67
74
93
110
119
107
93
77
58
99
101
69
74
56
48
44
33
20
-5
-26
-28
-37
-41
-54
-73
-56
-46
-49
-58
-64
-59
-51
-48
-56
-58
-62
-54
-44
-32
-35
-46
-23
-15
-5
0
-3
-6
-17
-9
10
8
-5
-12
-9
-5
