-72
-67
-68
-61
-58
-63
-69
-63
-62
-73
-63
-75
-71
-59
-64
-69
-63
-72
-76
-62
-73
-69
-64
-72
-67
-65
-70
-77
-82
-72
-70
-65
-67
-63
-68
-71
-65
-76
-71
-64
-62
-61
-56
-77
-68
-58
-56
-47
-48
-48
-50
-48
-42
-43
-46
-40
-43
-44
-34
-46
-40
-30
-40
-28
-22
-12
-21
-14
-20
-23
-19
-29
-17
-20
-23
-25
-29
-23
-25
-18
-21
-13
-18
-8
-17
-26
-16
-30
-19
-20
-27
-33
-31
-23
-19
-27
-20
-15
-22
-24
-22
-26
-21
-27
-32
-19
-26
-35
-31
-25
-29
-33
-25
-29
-29
-21
-28
-33
-33
-36
-35
-23
-19
-43
-35
-19
-26
-18
-16
-25
-15
-10
-18
-20
-18
-17
-14
-14
-11
-14
-15
-4
-5
-9
0
2
4
6
3
12
20
11
23
14
12
-8
-13
14
14
20
21
31
27
33
42
27
37
40
40
38
40
9
17
46
44
40
45
54
44
58
53
52
54
50
57
60
57
25
39
57
49
64
57
52
63
54
51
53
53
54
60
47
60
34
30
60
58
65
60
59
57
64
62
60
64
64
75
66
71
52
49
72
65
68
70
85
81
85
83
84
84
76
79
91
96
72
81
98
92
97
90
98
98
100
105
102
99
84
97
92
100
83
94
111
102
107
106
113
113
110
111
113
111
109
99
92
92
65
72
90
88
97
83
78
79
78
76
79
78
74
87
81
78
48
44
74
65
61
63
64
52
50
47
48
41
36
37
29
25
5
19
31
28
27
22
20
26
16
20
19
20
22
13
18
10
-21
-10
12
5
19
8
8
11
5
9
7
2
2
7
-3
-4
-32
-20
2
-37
-16
-9
-14
-26
-53
2
4
-64
-9
8
-52
-7
-14
-49
-7
5
-31
-8
-3
-13
-12
-17
-12
-7
-11
-21
-19
-25
-37
-26
-23
-27
-26
-39
-42
-44
-41
-39
-44
-39
-45
-43
-41
-37
-57
-62
-47
-54
-45
-49
-36
-45
-47
-43
-46
-50
-58
-65
-74
-61
-78
-74
-60
-57
-67
-71
-60
-68
-68
-59
-63
-68
-64
-58
-66
-64
-74
-74
-59
-66
-69
-60
-56
-53
-46
-53
-53
-51
-52
-60
-56
-61
-80
-69
-62
-65
-66
-62
-66
-67
-67
-71
-71
-76
-70
-65
-67
-54
-70
-70
-52
-50
-56
-56
-64
-61
-47
-39
-44
-49
-44
-42
-43
-33
-42
-48
-31
-29
-30
-28
-22
-21
-22
-14
-20
-27
-26
-22
-24
-24
-35
-32
-27
-19
-15
-23
-14
-23
-26
-18
-12
-17
-9
-11
-8
-10
-29
-17
-15
-9
-7
-19
-12
-10
-15
-12
-6
-7
-18
-16
-19
-22
-32
-29
-17
-21
-29
-37
-35
-38
-36
-42
-33
-43
-52
-35
-50
-55
-56
-62
-62
-54
-62
-73
-59
-64
-76
-64
-72
-76
-87
-103
-96
-100
-107
-91
-102
-110
-96
-104
-86
-66
-81
-95
-86
-90
-106
-100
-118
-118
-81
-151
-122
-34
-139
-124
-56
-145
-123
-38
-108
-113
-59
-99
-113
-68
-95
-111
-80
-80
-91
-80
-79
-81
-70
-70
-93
-118
-56
-41
-126
-127
-9
-80
-120
6
-58
-130
-23
-34
-96
-9
9
-54
-21
13
-16
-9
-9
-31
-13
-10
-14
-2
13
-1
-60
5
0
-18
43
9
-31
36
10
-20
26
27
4
23
41
15
43
29
-4
29
42
17
26
20
0
35
47
32
31
11
12
21
51
43
28
39
11
43
162
-10
-34
111
-7
89
144
-3
36
110
24
58
95
25
26
37
-14
-23
-16
-27
-3
24
37
34
55
74
72
88
103
89
65
91
85
96
82
82
84
115
98
79
81
58
23
-11
-116
-368
-775
-1062
469
-91
-38
773
-501
-319
422
-218
-119
665
-13
-28
375
-101
-105
240
-21
-33
101
-91
-169
-98
-413
-728
-1708
-4636
-7883
-2692
-649
-1546
-1020
-1839
-2138
-2930
-1527
20
-1038
-2873
-6451
-2541
3684
-1547
-1380
1831
-1100
-514
2325
-1256
-1597
1868
-128
403
-322
-2692
79
900
-1017
697
916
762
347
1686
-943
-1925
-777
-8092
-2556
2864
-3472
-4940
-5627
-11041
-5620
-231
-4587
-498
-177
-4988
-966
446
-3151
1199
1702
861
3503
2786
939
1223
2164
1144
3638
4414
2351
1771
4326
757
2654
-380
256
4673
573
2770
3092
2080
522
1563
1688
383
1620
1622
2918
284
-26
2333
-125
1191
661
1730
-1253
1146
1470
-479
1705
-364
-589
-692
1985
-990
-546
902
601
-2103
1523
665
-2061
231
386
-572
-2729
-39
-2276
-2759
925
-393
-1631
-238
-830
-344
948
-781
1945
-444
-1541
1395
365
-234
-55
62
-265
1078
-336
638
-1783
389
278
-715
2541
-2413
560
671
-1170
1457
-849
151
1099
640
1349
-70
1877
-1745
-194
38
-922
923
-871
-460
746
-840
-1775
595
-2887
-1785
744
1635
-2809
1395
-2203
-2348
1342
-1777
-1918
726
-2
-1111
-371
-2857
-554
-420
-808
-162
360
-2060
-1819
1757
-5244
-49
-680
-3495
663
-424
-2394
-2665
-1161
244
-2355
-1247
272
-871
-4275
-1968
563
-5929
1753
927
-4220
-3580
-5863
-1515
-2872
-2202
-3512
-4627
-1723
-4557
-2123
-4831
-7434
-512
-343
519
-2585
-1428
-2946
-3288
811
124
985
2190
-636
-1192
659
-156
-1282
-1622
1922
-1527
603
2536
-354
-2600
69
563
-5291
4564
2018
-3456
456
1787
-3003
362
2147
2060
463
3327
6383
228
-1501
6640
-1106
-559
8566
1603
-1552
4075
3143
-631
1090
5568
2043
-158
7610
3596
92
2173
4766
-2202
3546
4976
101
2470
5100
3156
1585
5676
316
1972
4900
2680
4423
6163
572
3714
2945
3440
6929
-648
1983
6224
658
-504
5409
2190
-1575
2663
1786
153
2538
3038
762
2317
3223
1808
1767
1802
3811
541
932
3449
1429
-1055
5607
3000
-1566
3783
3706
-141
1662
5292
395
3352
2389
3098
278
-1421
5474
-393
-73
3043
3580
570
1599
8016
1373
2657
10244
6776
709
8442
9907
6720
7447
10174
9056
6759
11822
12955
10364
13406
17486
10331
15877
16861
16619
18182
22860
23442
20274
23827
25450
22944
25292
31826
29044
28207
32491
31210
30365
32767
32343
32767
32566
32767
32645
32767
32679
32767
32560
32629
32767
32731
32767
32726
32767
32706
32767
32671
32767
32612
32767
32506
32767
31440
32747
31970
27759
31124
32206
25036
27689
30297
22479
22563
24161
21351
18630
21461
13461
15124
11617
10029
9183
3145
5710
1461
-2782
-2147
-3919
-11003
-11542
-13095
-16517
-16662
-18635
-24128
-25306
-24674
-30883
-32469
-32088
-32768
-32642
-32768
-32694
-32768
-32722
-32768
-32739
-32768
-32751
-32768
-32758
-32768
-32764
-32768
-32767
-32768
-32768
-32768
-32768
-32767
-32768
-32767
-32768
-32768
-32768
-32768
-32768
-32767
-32768
-32768
-32767
-32768
-32767
-32768
-32765
-32768
-32763
-32768
-32760
-32768
-32758
-32768
-32753
-32768
-32750
-32768
-32748
-32768
-32752
-32768
-32768
-32749
-32768
-32647
-32768
-30797
-31118
-32768
-30967
-25379
-30108
-32768
-23971
-21528
-26843
-20303
-18533
-22078
-20826
-15932
-17918
-17722
-10239
-9982
-13358
-10244
-2866
-9931
-7002
-673
-3272
-3450
-873
3663
2218
3689
7255
5617
4969
9717
10323
7527
11714
16077
15678
15533
16775
14500
16647
17783
19168
20293
23140
22886
19126
22123
23646
23265
23000
25596
28118
27405
26826
28809
28037
27098
28069
28101
29261
31206
32741
27943
27584
29005
28176
30644
30481
26815
26604
29256
27007
24249
25201
26725
23292
21861
23508
20629
20840
21474
19639
18996
21948
13739
15585
18384
14616
12016
16098
10014
10811
12958
7786
6861
8227
6616
2378
5929
3654
720
-938
4746
-1512
-3017
-1136
-2039
-4542
-5812
-3136
-5337
-6088
-9194
-9396
-5435
-8552
-11228
-8334
-10827
-9390
-10920
-12660
-12494
-11488
-13463
-14999
-11386
-11058
-14682
-14806
-10640
-15259
-16052
-12015
-14201
-13947
-10584
-8907
-12192
-14559
-10855
-10040
-13404
-15089
-10849
-7624
-10713
-8082
-8047
-9472
-7793
-8079
-8865
-5437
-3581
-4479
-3560
-500
-3917
-1403
1462
-1031
720
-1281
3779
3034
3601
2991
5109
5814
2054
3524
7283
8647
6724
6666
5987
9832
11648
7674
6349
11594
12468
10442
10953
15648
17741
11200
10315
15524
16383
13867
16976
15586
18774
20030
15903
15379
17115
18649
16384
18010
21230
20366
18075
18479
17250
16073
19375
17594
18090
17953
18323
19771
15898
16527
16612
17514
16818
17046
16425
16831
18993
16357
14426
14543
17709
16707
15328
14020
13762
14970
13373
13372
13583
14808
14479
10686
11499
11586
10861
10568
11155
10091
9866
8304
7139
8978
7804
7178
5340
6870
3462
4942
6128
4234
4355
2173
4993
4192
701
-3221
-1673
-258
747
-263
-4448
-3440
-4612
-1408
-5934
-7428
-9677
-3552
-3403
-5874
-8846
-9616
-8813
-9012
-6921
-7989
-9428
-13546
-11117
-10378
-7707
-10388
-9371
-12693
-11883
-12052
-9976
-12059
-10212
-10570
-12633
-11749
-11100
-10480
-10779
-12622
-13116
-12296
-12856
-9614
-9137
-9523
-12177
-11126
-12663
-7957
-8690
-8349
-9532
-11864
-7722
-7052
-8841
-9157
-7440
-10035
-5476
-7273
-6621
-9480
-9523
-11061
-7894
-3612
-4953
-6498
-7937
-7873
-6064
-2267
-3430
-6113
-5591
-3704
-3064
-2104
-3719
-4537
-4335
-1943
-1893
-1117
-2893
-2383
-2420
-273
-651
-1752
-2131
-1035
-40
1556
293
-1573
-2665
614
1795
1291
844
-381
-1368
947
3023
1956
633
1130
1433
1337
1143
1382
2145
2174
1509
83
1355
1418
2735
1337
921
1170
2478
2316
1321
897
559
2739
1848
1331
712
598
1424
2218
494
345
757
1063
1262
920
319
-76
1082
1581
1265
797
-873
-684
502
2104
541
-1099
-1007
368
882
523
-517
-722
-405
-963
-982
-406
1043
616
-56
-1293
-1692
-581
134
720
-383
-1000
-687
243
792
210
-2060
-3474
-1243
1399
933
-767
-1036
-1726
-1558
86
-177
-1147
-981
-559
-311
-103
-434
-972
-577
-330
-761
-504
-341
-711
-1550
-1175
-727
758
210
-470
-1918
-1519
-167
-779
421
-1170
-761
-3149
-4652
-3627
-2044
-665
-4205
-7549
-4375
3261
4271
-2702
-7235
-4929
1529
4887
1759
-2349
-3610
-297
2725
1178
-5839
-5886
-1277
2988
4270
-644
-4533
-3211
1356
2049
694
-1512
845
1289
3147
1981
-559
-382
1196
2335
409
1306
598
152
1715
3895
2173
172
1291
3343
2916
792
2657
5654
1703
-104
3769
4292
1171
374
1774
1389
3514
3342
-1651
1002
3801
2183
-973
-1410
653
2554
1182
602
3104
1278
636
1638
2404
3449
1262
2345
3142
223
2849
3834
1751
324
3112
1009
794
2530
1294
-1726
2283
-318
754
1223
-500
-573
57
3259
-1989
-4537
2493
3791
3468
-527
-4419
2553
6622
-954
-1533
2957
3229
3183
2221
991
3617
5592
1757
-1184
2275
6132
4586
-1162
1362
3612
2640
3535
338
2345
1480
927
2981
75
-1861
3382
4698
581
-3509
-545
1751
3958
-120
-5935
1598
3616
2097
-1260
-1788
-1006
1480
1363
-2438
1332
992
1198
2612
-3951
-2502
2229
2874
-1622
-715
100
61
1844
1175
-659
-2841
-1247
-135
3772
703
-1800
-2747
272
1565
-776
-803
-1832
-1104
416
-13
-1759
-1772
1121
31
-2905
-2443
-2080
-749
460
-1229
-3044
-2906
-1202
-393
-909
-3684
-3605
-1405
-2062
-3113
-696
-1681
-3514
-2087
-2972
-1756
-2966
-3519
-1632
-163
-2254
-3169
-3202
-2462
-397
-1035
-2287
-4008
-1946
-767
-698
-1203
-2230
-2061
-1735
-1225
-923
-880
-3109
-1338
-962
-1179
159
-785
-2513
-2778
415
-447
-618
-1542
-2750
-537
1041
-542
-1792
-1743
-1534
-11
736
-1030
-2813
-499
416
-88
-1388
-1133
-1436
-646
-214
-515
-1659
-1686
-50
-60
-1528
-818
-849
-855
667
-37
-2154
-1375
1213
543
-194
-652
-1063
-65
877
513
-693
-1042
935
466
-131
-10
-62
428
-21
210
415
145
403
844
-479
-594
180
289
185
542
-247
-231
317
-94
-238
-344
-446
337
278
-1248
-937
-141
-372
-782
-822
-1321
-1141
-1153
-1312
-1810
-1685
-887
-1114
-2904
-3211
-2031
-1746
-2667
-3358
-3220
-2337
-1883
-3170
-3861
-3250
-1721
-3127
-4224
-2812
-1766
-1592
-2727
-2858
-1559
-851
-1279
-1760
-1629
-1201
-298
-887
-70
-673
-30
-108
-614
134
928
99
44
1695
1747
2118
11
988
1627
2917
1929
882
2514
2739
3649
845
619
3417
2256
1554
1745
3565
2116
577
2959
2687
2127
1062
1455
1536
3174
2696
1162
864
1772
2446
1086
1782
-356
1707
2758
1372
504
369
1821
1731
432
-170
1125
1590
1587
1334
151
296
1464
375
766
1979
1230
577
432
855
1047
1244
732
749
704
1536
133
-33
681
-502
-1623
-1952
-1449
-1627
-1656
-1971
-2825
-3175
-3375
-4147
-4895
-4004
-3720
-4682
-5579
-5539
-4204
-4872
-6233
-6321
-6030
-6078
-5095
-3917
-6141
-5788
-5104
-5164
-3560
-2871
-5051
-4899
-1982
-2337
-3935
-2784
-1901
40
-2157
-2706
148
-935
-1984
-350
2602
-888
134
1621
-14
1731
2867
28
779
3156
1503
2652
3044
2538
2039
1897
2380
3608
4445
2079
732
4463
5809
3654
1789
3716
4255
3756
4831
3414
2224
5174
5166
3132
2941
3632
4351
3729
3482
1864
3540
3745
3304
3515
3506
2417
2833
3186
3085
2801
3025
3973
3265
2878
3340
3625
3797
3618
4036
4463
3804
4064
3744
2836
1486
-143
-1041
29
1168
87
-1791
-2918
-3597
-4231
-4842
-5832
-6085
-6074
-6259
-6173
-6353
-6508
-7055
-7414
-7373
-6884
-6365
-5616
-4937
-4031
-4265
-4151
-3794
-4145
-2348
-2696
-3070
-2805
-2040
-1580
-1886
-2669
-4227
-4116
-3934
-4511
-3298
-2392
-3913
-4540
-4538
-3978
-4868
-4147
-3163
-3822
-3315
-1912
-2007
-1874
-554
-922
-2435
-1391
1148
2182
2566
1164
1536
3181
4086
1383
2354
4889
4939
5186
4797
4100
4146
6357
6082
5389
4357
4838
7545
7773
5918
5267
6258
7985
6194
5861
6157
6851
7613
6801
7127
6713
7232
6258
5841
6770
5953
5382
6505
7772
7014
5848
5659
6504
7480
7461
6426
6527
7565
8036
7504
5960
3583
1367
1491
2483
2660
2192
771
-1149
-3010
-4337
-4956
-5442
-6099
-6362
-6289
-6375
-6569
-6670
-7045
-7574
-8272
-8171
-6983
-5129
-3483
-2882
-3370
-3945
-3616
-2617
-1339
-1028
-941
-169
935
1421
1265
450
-181
-486
-1297
-2065
-2115
-1718
-2863
-4622
-5849
-6260
-6762
-7247
-7298
-7635
-7479
-7382
-7106
-6752
-5900
-5866
-6104
-5486
-4029
-3159
-2390
-1600
-884
-967
-885
222
1840
2140
1987
3137
2376
3903
5588
4045
2123
4675
5382
5285
4752
4413
4303
4219
4576
4507
5114
5482
5617
5515
6324
5281
4768
5199
7016
7054
5983
7041
6833
5996
6583
7210
6313
5603
6041
6413
6575
6714
6683
6533
7151
7512
7768
8095
7214
4650
1152
-785
224
1567
1896
602
-1914
-5274
-8641
-9601
-9197
-9276
-10256
-10960
-10844
-10996
-11774
-12262
-12994
-13755
-13666
-11972
-9236
-6918
-5786
-5980
-6599
-6829
-5995
-4022
-1578
-197
336
449
669
798
552
240
-360
-1089
-1057
-578
-233
-874
-2713
-4977
-7377
-9288
-10701
-10790
-10352
-10473
-11112
-12317
-13197
-13571
-13695
-13441
-12295
-10663
-8934
-7386
-6198
-5489
-5020
-4557
-3831
-2247
-373
1115
2078
2254
2521
2609
1946
2720
3561
3887
4533
4259
4322
4499
3531
3298
3866
3574
3460
4284
4902
5470
4945
4329
4612
5520
6321
6980
7876
7948
8004
8539
8721
8988
8777
8413
8935
9096
8872
8540
9095
9010
8752
9125
9411
9822
10197
8671
4433
-680
-2279
164
2163
2224
559
-3085
-9194
-13235
-12510
-10199
-10209
-11451
-11644
-12104
-13568
-14719
-14060
-13614
-14492
-13971
-10639
-6552
-4754
-5165
-5879
-6302
-6372
-4824
-864
3295
4443
3407
2436
2079
2091
2085
2942
3823
3741
2757
2278
2135
747
-1943
-4478
-5220
-5285
-5748
-6787
-8162
-10143
-12745
-14281
-13677
-12711
-12320
-12585
-12290
-11679
-11074
-10372
-9154
-7484
-6415
-4945
-2844
-780
456
968
1306
1967
3144
4785
6388
7639
7941
7333
6755
6569
7095
7549
7314
7342
7580
7538
6747
6217
6014
5678
5877
6612
7654
8284
8730
8997
8959
9001
9556
10787
12015
12762
13523
13892
13920
13344
13033
13368
13642
13515
14025
14772
14997
14460
14550
14784
10886
4100
-1375
1206
5522
6194
4142
51
-7135
-15863
-16929
-11629
-7841
-9438
-11466
-13170
-17048
-20302
-18898
-14538
-13114
-13613
-11575
-8072
-6753
-7539
-7958
-6966
-6417
-4291
938
5687
6504
3391
1187
529
1195
3536
6692
8362
6369
2754
105
-860
-1484
-1593
-1764
-2511
-4127
-5675
-7005
-9259
-12187
-14602
-15132
-13813
-11618
-10597
-11936
-14847
-16922
-16542
-13739
-9655
-6368
-5299
-6057
-6858
-6285
-4223
-1496
892
2496
3257
3761
4399
4632
4415
4523
5066
6314
7946
9003
8464
6330
4469
4103
5177
7238
8750
9064
7360
5151
4708
5516
7845
9145
10143
10257
9986
10210
10720
11840
12687
13355
14358
14991
15597
15487
15092
14637
14397
15190
15622
16440
16577
16850
16669
16442
11083
4423
423
4044
9333
8802
6450
-699
-9281
-16587
-14196
-6628
-4192
-6426
-10655
-15234
-20805
-21333
-15849
-10516
-9856
-10998
-10139
-9674
-10001
-9165
-6887
-4676
-3022
10
4193
5035
3248
842
739
2931
5388
9211
10391
7932
3264
-443
-495
1149
2954
3399
1397
-2801
-6630
-8550
-8469
-8319
-8845
-9876
-11670
-13079
-14182
-14455
-15459
-15861
-15227
-13141
-11116
-10537
-10271
-11099
-10905
-9167
-5366
-1816
-383
-571
-1422
-1408
28
2766
5154
6089
5748
4792
4498
4850
5930
6924
6783
6669
6349
6298
6202
5929
6300
6074
6331
7177
8017
8452
7985
8175
8386
9976
11551
13454
14247
13529
13642
13104
15431
16538
18176
18163
17081
16560
15125
16658
17261
18813
19037
18015
18302
17543
12481
5891
2661
7601
12697
11420
7843
-466
-9309
-14116
-9391
-1139
223
-4063
-10585
-16593
-20554
-17783
-9878
-5172
-6388
-9666
-11360
-11522
-10127
-6837
-2953
-509
117
1219
2387
1926
1234
1742
4379
7614
9227
9877
7911
3961
1300
1768
4965
7233
6811
3549
-1210
-5315
-6081
-4300
-2387
-2551
-5010
-9106
-12252
-13359
-12950
-11406
-11166
-10948
-11998
-13510
-13948
-14063
-12883
-10944
-8315
-6335
-6024
-6665
-7253
-6581
-4718
-1362
1482
2021
895
-410
-660
332
2494
4436
4928
3416
1852
1477
1478
2242
3181
3700
3169
2227
1945
1604
1660
1900
3481
4470
4484
4330
3865
4167
4804
6588
8473
9320
8270
8664
8396
9109
10233
10685
11893
10414
10116
10241
10647
11445
11834
12279
12385
10518
4459
-1061
-1349
5056
7940
4676
-1316
-9840
-15872
-16168
-8706
-3757
-7197
-14493
-20526
-23894
-23299
-17419
-11895
-12331
-16814
-19019
-18667
-16901
-13771
-10484
-8285
-7964
-7424
-5631
-5048
-5148
-4016
-1322
2002
3668
3718
2310
-25
-1090
612
3869
5555
3937
314
-3205
-4952
-4059
-2055
-1372
-3196
-6843
-9896
-11260
-11091
-10005
-9895
-10557
-12391
-13957
-14389
-14193
-13106
-12015
-10768
-9979
-9490
-9614
-9142
-8021
-6154
-3477
-1583
-713
-1072
-1328
-734
1016
3166
4693
4988
3890
3097
3175
4234
5588
6120
5857
4783
4054
3815
4501
5074
5420
5344
5130
4763
4684
5464
6131
6828
7346
8296
8116
8839
9410
10269
10974
11146
12449
12628
12704
12549
13080
12889
13641
14129
13991
14351
13698
14646
14463
15475
13137
6530
2913
5438
11791
10712
6164
-117
-7255
-9891
-5659
1001
-66
-6901
-13619
-16397
-17026
-12998
-7819
-8338
-12253
-15632
-14983
-13403
-10983
-8191
-6928
-6986
-6562
-5096
-4168
-3978
-3196
-455
2462
4205
3696
2076
712
741
3319
6384
7359
5242
1432
-962
-1031
841
2656
2072
-676
-3981
-6330
-6590
-5462
-5073
-6012
-8205
-9845
-10884
-11397
-11446
-10954
-10450
-10160
-9872
-10196
-10415
-10342
-8706
-6367
-4726
-3936
-3992
-4458
-3839
-1749
847
2456
2349
1728
1222
1717
3296
5044
5672
4916
4034
3615
3935
4497
4942
4962
4650
4400
4319
4124
3792
4030
4456
5355
6261
6030
5529
5073
5983
7560
8940
9264
8950
8448
8477
9834
10662
12088
11449
10811
10619
11039
11778
12728
13291
12775
13062
13583
11275
4998
2237
6389
11935
10347
5127
-1089
-7564
-8837
-3415
2177
-470
-7986
-14017
-16500
-15874
-11341
-7647
-9513
-14050
-16402
-15788
-14094
-11752
-9543
-8868
-8763
-8103
-7284
-6882
-6666
-4788
-1683
1561
2330
669
-995
-1076
1093
4356
6419
5888
3006
114
-94
1655
3780
4036
2025
-1043
-3189
-3554
-2882
-2290
-2904
-4364
-6443
-7788
-8634
-8679
-8423
-8505
-8423
-8890
-9473
-10280
-9997
-8624
-6993
-5815
-5320
-5452
-6086
-5195
-2889
-469
726
877
550
187
890
2811
4732
5050
4562
4106
3771
4148
4948
5749
5733
5190
4829
4451
4136
4490
5140
5418
5493
4862
4504
4329
4938
6070
7006
7628
7497
7066
6927
8064
9091
10729
10718
10709
9761
9505
10904
11147
12774
12171
12771
12476
12131
12614
13075
12358
7475
4809
6918
11276
9984
4864
99
-4045
-4575
-1455
1953
-1520
-8114
-12023
-12994
-11793
-9636
-8087
-10903
-14485
-14987
-13193
-12273
-11589
-10384
-9938
-9319
-8520
-7208
-7001
-6716
-4937
-2170
114
223
-961
-1503
-136
2122
4141
4710
3503
1652
827
1736
3339
3968
2813
617
-1165
-1670
-1166
-1193
-1427
-2642
-4319
-5724
-6581
-6601
-7102
-7131
-7755
-8144
-9171
-10050
-9913
-9338
-8086
-7641
-7533
-7966
-7816
-6897
-5398
-3979
-2990
-2570
-2638
-2061
-1043
346
1236
1668
2108
2194
2310
2678
3363
3765
3909
4047
3762
3434
3233
3568
3899
4297
4350
3924
3365
3170
3839
4753
5346
5220
5358
5188
5834
6327
7849
8109
8123
8204
8500
9156
9103
10626
10005
10122
9884
10864
11322
11222
11599
11767
11395
11480
10486
6009
4344
7214
10654
7892
3101
-436
-3648
-3927
-292
1381
-2903
-8395
-10594
-11477
-11146
-8381
-7755
-10871
-13535
-13401
-12649
-12302
-10812
-9182
-9325
-8865
-8544
-8523
-7924
-6442
-3981
-1772
-817
-1634
-2928
-2402
58
2296
3639
3299
1640
369
747
2356
3507
3368
2083
211
-802
-601
-334
-615
-1198
-2119
-3571
-4846
-5288
-5435
-5649
-6062
-6540
-7556
-8771
-9197
-8873
-7826
-7289
-7342
-8228
-8639
-7991
-6550
-4901
-3996
-3859
-4198
-3852
-2798
-1213
137
738
750
709
1141
1675
2414
3153
3637
3537
3045
2965
3123
3514
3897
4120
3927
3550
3234
3415
3846
4197
4645
4175
4432
4468
5060
5608
5831
6415
6120
6794
7017
8083
8237
8039
7958
8131
9153
9445
10059
9479
9589
9427
10369
11123
10949
11027
8981
6043
4178
7046
9982
8409
3731
-179
-2388
-2364
527
1332
-2077
-6949
-9029
-9453
-9129
-7712
-7817
-10260
-12359
-11935
-11221
-11396
-10937
-9993
-9309
-9013
-8662
-8562
-8107
-6828
-4732
-2749
-2077
-2542
-3307
-2300
-67
1994
2820
2311
1327
970
1842
3151
3863
3434
2319
1217
865
1034
978
238
-325
-783
-1571
-2833
-3948
-4222
-4444
-4522
-5310
-6473
-7617
-8165
-7868
-7179
-6643
-7326
-8251
-8338
-7623
-6403
-5063
-4505
-4721
-4757
-3969
-2582
-1522
-614
-39
11
442
1383
2298
2540
2768
3368
3625
3496
3749
4030
4090
4076
4308
4277
3820
3579
3709
3874
3954
4238
4117
3821
3618
4194
4561
4809
5360
5456
5173
5141
5963
7074
7547
7107
7187
6824
7622
8731
9446
9628
8782
9172
9584
10076
10688
10585
8921
6647
5815
7257
8363
7294
4043
729
-651
-584
386
-49
-2648
-5918
-7986
-8376
-8076
-7977
-8424
-10045
-11623
-11775
-11338
-11144
-10838
-10101
-9272
-9168
-9052
-8523
-7931
-6552
-4781
-3267
-2748
-2931
-2750
-1631
203
1795
2298
1975
1489
1775
2545
3285
3735
3316
2488
1823
1747
1638
1298
569
-26
-440
-1134
-2066
-3230
-3687
-3871
-4155
-4924
-6167
-7119
-7382
-7108
-6689
-6709
-7397
-8168
-8008
-6950
-5893
-5173
-4989
-5009
-4733
-3714
-2401
-1394
-806
-289
80
501
1234
2008
2570
3010
3436
3536
3391
3417
3784
4107
4326
4167
3726
3266
3227
3477
3920
3824
3304
2750
2757
3362
3751
4051
4007
3829
3806
4267
5006
5633
6018
6354
6075
6160
6497
7367
8167
8372
8521
8307
8395
8747
9515
10039
9894
9587
9084
8172
6790
6352
6692
6882
6050
3484
1051
-443
-508
-480
-902
-2634
-5330
-7336
-7864
-7538
-7702
-7966
-9121
-10422
-10949
-10260
-9764
-9562
-8956
-8602
-8522
-8302
-7325
-6362
-5383
-4160
-3189
-2676
-2400
-1767
-769
534
1514
1899
1914
1798
2196
2707
3255
3366
3057
2514
1927
1747
1471
1173
773
444
-221
-1410
-2237
-2764
-2890
-2987
-3532
-4857
-6042
-6401
-6175
-5867
-5692
-5972
-7000
-7385
-6791
-5748
-5038
-4537
-4431
-4560
-4177
-3212
-2057
-1306
-706
-318
-71
301
1081
1880
2285
2658
2822
2874
2932
3195
3644
3602
3461
3302
3183
3069
3040
3117
2908
2704
2595
2618
2561
2664
2755
2793
2641
2912
3317
3682
3892
4077
4326
4341
4909
5311
6029
5933
6336
6338
6674
7188
7432
8141
7858
8149
7843
8383
8407
8701
8051
6765
5452
4899
5663
5583
4748
2022
-20
-1189
-1124
-1076
-1914
-3604
-6036
-7400
-7810
-7622
-7731
-8294
-9364
-10360
-10396
-10043
-9574
-9371
-8759
-8421
-8262
-7763
-7228
-6209
-5223
-3939
-3198
-2792
-2480
-1833
-770
450
1346
1431
1327
1290
1815
2495
2962
2940
2324
1675
1353
1381
1284
929
697
15
-1024
-2058
-2370
-2439
-2689
-3083
-4088
-5470
-6199
-5894
-5428
-5489
-5853
-6495
-7129
-6937
-5855
-4993
-4875
-4859
-4569
-4184
-3642
-2488
-1602
-1296
-909
-254
268
593
1293
1993
2293
2476
2733
2739
2696
3127
3557
3433
2992
2824
2708
2658
2829
2983
2583
1947
1919
1979
2168
2366
2401
2183
2170
2584
2894
3035
3491
3645
3766
4341
4689
4800
4721
5464
5820
6263
6583
6766
6481
6700
7431
7574
7642
7450
7882
7559
7770
7625
6449
4742
4023
4802
5060
4282
2190
-256
-1893
-1784
-1104
-1488
-3403
-5621
-7201
-7689
-7090
-6682
-7267
-8607
-9616
-9558
-9029
-8359
-7797
-7522
-7416
-7290
-6804
-6036
-5135
-4125
-3056
-2375
-2093
-1917
-1370
-325
880
1757
1849
1527
1311
1652
2409
3044
3158
2518
1696
1150
1130
1061
1190
950
156
-1174
-1968
-2020
-2091
-1962
-2622
-3898
-5025
-4862
-4659
-4690
-4635
-4834
-5570
-5905
-5214
-4585
-4250
-3870
-3481
-3449
-3185
-2456
-1809
-1355
-685
-66
132
273
878
1354
1573
2015
2435
2347
2173
2462
2757
2760
2646
2651
2405
2250
2387
2498
2346
2042
1935
1756
1941
2094
2256
2198
1995
2128
2251
2585
2949
3484
3581
3366
3391
3880
4530
4857
5210
5217
5159
5241
5727
6164
6325
6438
6372
6242
6187
6444
6663
6586
6495
6430
6126
5195
3961
3153
3287
3844
3334
1600
-760
-2046
-2063
-1501
-1751
-3169
-5081
-6714
-7107
-6520
-5952
-6445
-7571
-8574
-8796
-8260
-7393
-6908
-6809
-6800
-6729
-6344
-5609
-4669
-3886
-3308
-2797
-2398
-2123
-1551
-688
212
750
859
745
694
1004
1628
2068
1911
1580
987
549
644
901
782
-64
-674
-1183
-1488
-1549
-1775
-2428
-3383
-3577
-3599
-3677
-3839
-4112
-4590
-4857
-4438
-4105
-4033
-3994
-3675
-3656
-3369
-2811
-2338
-2053
-1754
-1092
-667
-383
-136
236
550
990
1455
1652
1601
1643
1890
2038
2146
2241
2217
1986
1943
2102
2010
1872
1795
1757
1538
1463
1661
1676
1705
1739
1804
1621
1790
2182
2562
2626
2662
2809
2847
3162
3578
4016
3825
3846
3970
4179
4350
4604
4698
4491
4468
4516
4654
4363
4512
4410
4390
4159
4018
3962
3590
3694
3315
2379
1008
1006
1712
1709
686
-966
-2261
-2858
-2184
-1647
-2301
-3952
-5276
-5878
-5661
-4753
-4474
-5324
-6524
-6712
-6273
-5732
-5082
-4720
-4882
-5160
-4851
-4249
-3563
-2990
-2551
-2211
-1935
-1669
-1487
-963
-325
254
409
279
121
107
430
799
1069
796
231
-233
-287
-48
17
-201
-735
-1333
-1729
-1610
-1368
-1496
-1904
-2430
-2737
-2672
-2303
-2134
-2188
-2379
-2492
-2390
-2091
-1693
-1455
-1271
-1150
-962
-711
-395
-40
377
686
780
847
1049
1320
1532
1799
1927
1864
1773
1840
1986
2127
2231
2083
1801
1751
1872
2026
2070
1950
1734
1623
1741
1920
2052
2040
1940
1831
2072
2209
2318
2465
2482
2502
2531
2805
2884
3014
3155
3258
3307
3362
3400
3494
3523
3501
3546
3603
3605
3603
3614
3466
3293
3323
3368
3260
3227
2671
2051
1579
1413
1129
961
779
-284
-1430
-1937
-1994
-2204
-2410
-3026
-4060
-4824
-4805
-4754
-4839
-4882
-5281
-5823
-5847
-5369
-5001
-4866
-4703
-4564
-4460
-4117
-3653
-3147
-2751
-2417
-2111
-1767
-1428
-1120
-817
-469
-265
-85
23
75
168
272
272
98
-7
-228
-373
-501
-569
-842
-1082
-1310
-1615
-1855
-1998
-1937
-2087
-2214
-2421
-2608
-2663
-2457
-2209
-2179
-2123
-2095
-2023
-1834
-1322
-968
-830
-678
-456
-227
100
548
773
866
1020
1231
1325
1481
1677
1752
1728
1774
1774
1668
1639
1694
1673
1534
1445
1336
1232
1154
1252
1210
1101
990
911
1024
1137
1287
1287
1302
1229
1237
1457
1779
2020
2062
1885
1725
1928
2424
2923
2927
2666
2323
2414
2727
3240
3445
3066
2674
2488
2747
2915
3167
2984
2569
2180
2163
2215
2221
2213
1839
1441
941
799
568
450
228
-197
-738
-1144
-1362
-1761
-2016
-2227
-2460
-2902
-3195
-3467
-3662
-3672
-3604
-3666
-3938
-4010
-4016
-3833
-3587
-3325
-3254
-3280
-3103
-2812
-2460
-2181
-1975
-1872
-1674
-1405
-1105
-897
-825
-784
-710
-532
-390
-304
-327
-418
-493
-487
-494
-558
-598
-736
-874
-996
-973
-992
-1106
-1137
-1154
-1183
-1170
-1080
-1029
-1007
-936
-769
-629
-460
-327
-174
-108
244
66
437
795
750
1083
1322
1286
1396
1598
1782
1871
2055
2048
1947
2166
2029
2122
2130
2127
2044
2057
1969
1939
1943
1891
1863
1898
1807
1764
1759
1639
1814
1802
1663
1840
1979
1850
1878
1927
1963
2165
2361
2283
2191
2142
2259
2395
2613
2518
2394
2262
2187
2276
2316
2319
2068
1832
1682
1729
1650
1494
1247
891
560
400
295
-19
-255
-644
-1046
-1315
-1547
-1780
-2109
-2346
-2533
-2673
-2944
-3127
-3222
-3254
-3218
-3178
-3186
-3263
-3225
-3125
-2886
-2631
-2501
-2456
-2387
-2215
-2007
-1757
-1512
-1389
-1331
-1282
-1161
-966
-855
-813
-776
-769
-788
-787
-783
-801
-884
-943
-953
-992
-1023
-1068
-1117
-1166
-1154
-1156
-1144
-1070
-985
-914
-884
-762
-716
-561
-330
-149
-30
66
217
344
531
683
852
905
927
1038
1148
1228
1313
1345
1299
1293
1364
1380
1368
1351
1293
1209
1209
1272
1263
1208
1176
1211
1196
1214
1300
1285
1242
1291
1383
1407
1450
1543
1580
1510
1507
1557
1612
1687
1776
1704
1580
1498
1595
1637
1665
1680
1498
1307
1265
1474
1469
1324
1129
999
931
937
1112
943
662
454
500
480
466
466
211
-27
-82
28
-107
-206
-294
-494
-644
-652
-632
-798
-930
-980
-1104
-1287
-1381
-1426
-1579
-1636
-1693
-1813
-2014
-2128
-2143
-2172
-2184
-2251
-2359
-2480
-2456
-2368
-2326
-2339
-2317
-2330
-2349
-2248
-2109
-2041
-2014
-1968
-1923
-1854
-1721
-1570
-1494
-1455
-1402
-1318
-1230
-1117
-1005
-977
-961
-899
-768
-709
-655
-585
-555
-537
-494
-412
-364
-318
-256
-230
-223
-176
-86
-14
75
131
133
164
239
348
449
539
593
619
645
760
907
1027
1085
1086
1134
1162
1246
1365
1444
1437
1417
1405
1393
1417
1450
1478
1460
1407
1354
1308
1295
1293
1283
1264
1261
1212
1099
1041
1068
1081
1041
1041
982
890
856
878
931
908
856
736
711
793
848
814
713
630
589
627
708
749
649
446
408
474
542
523
467
336
179
155
170
150
46
-56
-168
-255
-317
-405
-495
-593
-649
-715
-819
-908
-973
-1044
-1098
-1091
-1120
-1234
-1336
-1348
-1326
-1304
-1256
-1281
-1386
-1454
-1407
-1318
-1256
-1213
-1277
-1339
-1341
-1250
-1173
-1128
-1126
-1179
-1168
-1099
-995
-972
-995
-1005
-976
-922
-869
-788
-760
-760
-744
-688
-627
-564
-479
-444
-422
-386
-349
-303
-248
-159
-84
-71
-47
-12
35
108
192
236
270
307
358
436
512
582
619
635
675
737
783
812
854
883
924
960
1027
1022
979
976
1020
1079
1113
1089
1011
933
874
926
982
1021
967
872
828
773
798
877
907
870
839
799
778
783
829
880
889
896
845
738
778
867
926
951
913
833
751
789
859
901
839
777
700
666
663
640
602
469
406
362
325
291
236
99
3
-39
-61
-121
-203
-287
-388
-456
-458
-495
-550
-621
-668
-670
-670
-680
-718
-752
-757
-709
-681
-671
-724
-761
-737
-680
-615
-608
-643
-702
-696
-672
-637
-615
-634
-682
-733
-696
-679
-668
-660
-660
-691
-727
-722
-682
-655
-651
-621
-638
-641
-660
-637
-608
-570
-500
-467
-467
-474
-441
-402
-335
-256
-226
-226
-208
-179
-132
-77
-49
-32
-12
51
97
111
127
145
157
174
204
207
192
171
194
209
209
181
135
162
169
190
212
205
201
199
222
257
308
320
276
258
278
331
360
445
461
440
445
478
521
567
565
553
548
562
563
555
577
545
513
516
471
444
409
386
407
403
336
235
146
104
105
117
90
13
-100
-142
-126
-97
-92
-135
-180
-237
-226
-212
-194
-220
-263
-268
-265
-237
-253
-250
-270
-283
-259
-242
-236
-258
-286
-312
-326
-335
-307
-326
-364
-406
-441
-425
-435
-433
-436
-446
-444
-454
-461
-453
-457
-450
-442
-450
-424
-395
-389
-374
-403
-422
-408
-348
-288
-264
-295
-325
-338
-294
-225
-188
-181
-217
-239
-224
-174
-127
-130
-159
-183
-157
-126
-104
-89
-108
-119
-110
-79
-69
-57
-38
-40
-54
-75
-80
-79
-54
-40
-39
-39
-63
-77
-74
-57
-37
-18
-13
-6
9
27
56
78
98
105
105
118
147
175
213
226
213
184
230
260
276
284
259
230
208
201
207
223
211
197
157
135
102
75
85
47
8
-13
-50
-85
-113
-156
-193
-201
-227
-239
-254
-272
-289
-311
-292
-287
-285
-289
-284
-283
-282
-272
-244
-225
-218
-202
-189
-168
-162
-147
-119
-87
-80
-95
-90
-97
-90
-99
-115
-139
-161
-154
-152
-153
-176
-185
-172
-171
-163
-161
-168
-172
-163
-149
-133
-112
-115
-93
-74
-59
-38
-21
28
51
70
67
70
93
124
149
168
165
143
119
109
117
123
104
101
85
59
39
13
-14
-33
-24
-29
-30
-37
-84
-124
-130
-123
-114
-88
-102
-115
-118
-106
-69
-48
-29
-13
17
42
69
100
122
153
173
229
257
248
243
257
280
296
287
256
236
230
229
225
199
147
71
47
47
39
16
-41
-100
-151
-171
-177
-185
-203
-229
-259
-281
-303
-295
-255
-246
-244
-247
-255
-236
-207
-181
-173
-167
-153
-138
-102
-60
-53
-62
-36
-15
-12
-10
-8
-14
-16
-7
13
15
-19
-45
-61
-65
-59
-57
-38
-60
-85
-84
-63
-54
-42
-39
-45
-28
-1
26
34
59
77
87
142
187
200
219
240
255
275
296
306
315
310
317
310
295
283
260
268
256
239
210
196
183
162
141
117
102
92
84
68
54
27
-3
32
62
59
46
43
43
51
78
86
92
87
94
106
130
143
133
154
155
144
143
152
170
167
154
133
113
107
99
91
81
60
18
17
8
-24
-52
-72
-83
-93
-123
-151
-173
-198
-206
-220
-226
-237
-261
-257
-258
-261
-282
-304
-308
-308
-300
-291
-289
-307
-322
-340
-341
-330
-313
-296
-301
-312
-313
-305
-290
-271
-264
-262
-265
-250
-237
-231
-206
-186
-200
-184
-163
-132
-116
-105
-99
-102
-85
-69
-55
-55
-61
-50
-26
-24
-27
-26
-23
-5
2
24
33
29
47
52
64
81
104
112
109
111
94
136
170
184
192
184
180
188
201
212
228
224
215
210
209
195
173
192
184
179
183
180
178
162
144
117
98
98
114
126
126
89
25
27
28
54
86
93
92
55
46
58
67
88
86
73
76
70
52
66
71
69
59
55
67
60
66
51
39
12
-6
-11
-11
-18
-54
-64
-92
-119
-132
-132
-134
-148
-169
-196
-220
-242
-242
-237
-235
-252
-276
-280
-288
-274
-270
-273
-271
-269
-266
-266
-267
-248
-229
-226
-220
-218
-238
-210
-190
-181
-153
-155
-154
-150
-141
-135
-135
-134
-120
-110
-109
-115
-124
-105
-104
-93
-70
-70
-73
-67
-51
-43
-37
-32
-27
-24
-6
3
11
30
45
48
65
91
117
133
154
154
152
161
183
205
228
249
229
241
237
246
264
280
290
281
303
260
228
278
267
209
297
263
106
194
288
135
143
280
181
91
195
196
79
141
217
120
98
172
112
55
108
170
125
92
140
109
52
82
107
71
61
70
42
15
0
22
15
-5
-22
-35
-41
-59
-59
-57
-68
-91
-93
-100
-123
-141
-151
-140
-160
-159
-153
-178
-184
-189
-188
-195
-198
-185
-198
-216
-214
-218
-222
-205
-191
-199
-197
-187
-192
-190
-183
-161
-141
-140
-133
-142
-151
-143
-131
-114
-115
-112
-107
-111
-105
-85
-74
-84
-73
-78
-91
-83
-69
-56
-64
-47
-48
-54
-36
-22
-3
0
-1
1
3
13
27
53
56
67
55
66
84
96
119
120
142
152
160
170
173
174
176
169
174
176
153
173
184
172
152
131
126
121
126
126
107
86
84
73
74
63
30
43
35
30
43
39
51
52
41
37
41
50
49
46
46
42
12
41
48
33
39
38
34
16
24
21
14
1
-6
-18
-29
-31
-71
-48
-50
-69
-81
-108
-106
-113
-104
-115
-128
-145
-149
-151
-147
-158
-164
-148
-153
-154
-157
-154
-153
-139
-118
-105
-106
-106
-113
-109
-99
-98
-103
-88
-85
-76
-64
-62
-69
-72
-73
-65
-57
-54
-33
-36
-54
-52
-54
-31
-17
-21
-4
-18
-6
6
25
41
41
58
80
92
100
95
90
114
138
153
174
175
184
194
199
208
214
224
231
240
233
214
183
199
216
222
214
204
190
180
172
162
154
149
143
127
116
91
62
75
81
77
65
39
25
15
26
37
38
24
5
-11
8
23
5
21
14
-1
-4
0
11
7
-5
-14
-19
-24
-18
-18
-18
-39
-68
-58
-68
-87
-82
-80
-87
-88
-99
-114
-138
-140
-142
-152
-146
-162
-182
-171
-167
-170
-168
-179
-189
-191
-180
-172
-162
-183
-184
-192
-178
-173
-171
-157
-160
-160
-158
-150
-146
-131
-118
-119
-121
-117
-123
-109
-111
-104
-101
-83
-80
-80
-76
-67
-34
-17
-5
-6
2
14
16
37
52
55
43
63
85
93
125
130
133
142
137
150
155
155
173
186
186
170
146
166
187
197
203
197
192
182
178
187
191
187
190
178
176
178
153
160
158
152
152
168
167
155
153
160
136
116
146
153
127
100
65
95
105
84
100
110
94
73
87
79
74
85
78
66
69
53
25
53
63
49
44
30
16
16
15
-6
-17
-24
-38
-49
-53
-74
-103
-91
