-17
-9
-31
-48
-25
-33
-45
-25
-12
-25
-12
-26
-21
-36
-39
-23
-51
-41
-27
-45
-46
-31
-23
-24
-38
-44
-49
-49
-42
-33
-31
-35
-32
-40
-59
-69
-42
-49
-56
-44
-50
-44
-37
-41
-40
-28
-49
-50
-30
-29
-56
-73
-32
-47
-32
-9
-22
-25
-23
-29
-29
-33
-36
-27
-33
-14
-7
-24
1
-1
-18
-2
-18
-10
10
-2
4
4
12
13
6
1
4
-24
-15
3
15
28
15
24
6
4
26
32
25
16
16
17
13
13
37
57
49
40
27
40
32
53
57
49
61
62
66
56
59
9
32
49
42
47
46
41
32
50
40
44
38
32
42
29
43
27
35
36
31
23
26
29
27
31
15
7
20
-22
-8
44
5
-64
-18
11
-24
-11
-16
-21
-9
-4
-10
-15
-22
-35
-32
-15
-33
-45
-33
-32
-33
-30
-20
-14
-6
-21
-32
-31
-42
-35
-26
-28
-29
-40
-38
-29
-31
-19
-16
-26
-15
-29
-38
-25
-37
-41
-32
-68
-43
-10
-16
-45
-48
14
-84
-148
24
70
-93
-96
29
-3
-61
-53
1
-34
-55
-48
-51
-26
-28
-20
-38
-34
-31
-50
-43
-29
-4
-40
-50
-44
-52
-38
-38
-18
-33
-36
-39
-28
-15
-29
-23
-31
-35
-25
-39
-22
-12
-17
-24
-15
-11
-31
-5
17
-2
-8
3
-4
-13
20
16
-23
15
17
10
29
23
30
28
4
15
12
14
13
31
41
13
-13
3
18
11
29
25
4
9
13
9
-11
-5
13
-5
-16
-25
-104
-89
1
19
-65
-87
-20
-28
-47
-34
-30
-55
-68
-72
-57
-45
-78
-84
-65
-62
-58
-57
-53
-78
-80
-80
-91
-75
-75
-77
-83
-84
-83
-81
-90
-82
-75
-93
-101
-178
-120
-35
-85
-152
-119
-73
-98
-111
-118
-93
-99
-101
-103
-111
-79
-78
-82
-71
-76
-70
-79
-53
-37
-70
-78
-58
-61
-53
-48
-50
-30
-45
-69
-73
-78
-80
-57
-41
-13
-14
-54
-49
-37
-1
-8
-19
-27
-26
-5
-5
-11
-17
-7
-3
-31
-37
-43
-38
-16
-13
-39
-61
-39
-30
-47
-59
-46
-39
-55
-52
-49
-51
-46
-50
-54
-59
-86
-66
-109
-60
14
-41
-76
-57
-20
-24
-17
-22
-34
-32
-21
-7
-9
-7
-16
-19
-24
-36
-63
-55
-79
-137
-301
-510
-853
-1266
-1463
-797
-19
-1477
-1091
1055
448
-1388
-774
615
-220
-1540
-1831
-2362
-3069
-3003
-5533
-3598
-691
-2801
-2362
-3378
-6235
-3837
554
-1897
-5072
-3355
-351
-424
-2141
-2771
-3916
-2763
-15
832
25
-1044
-735
-1880
-1536
446
545
386
1399
1319
519
724
86
403
799
-137
2044
3359
1766
-88
979
1728
582
1356
947
-3118
-2491
459
753
-421
-1585
-911
-222
-4
1110
1631
1061
1401
3036
2082
-62
980
2726
1028
2359
5054
2650
2169
1641
964
1322
1189
1454
1749
687
643
1469
-106
-1924
-1063
-39
-678
-516
662
-388
-2083
-2328
-2541
-1714
-2798
-1787
-2761
-5293
-3575
-1734
-2628
-4743
-2740
-2214
-2213
-1275
-876
-1667
-2067
-1666
-2323
-1326
-988
-1929
-1262
-958
-808
-383
-1838
-1328
-625
-1451
-1351
-101
-1042
-1783
-383
-287
-2397
-1314
21
-1543
-1737
1015
1453
-1425
-830
340
-134
213
281
1441
1103
33
444
749
263
-248
498
1049
-16
-93
120
-161
-280
640
584
-199
228
582
578
-366
586
36
-112
311
349
599
-53
532
-315
-167
-514
-813
-27
-432
895
-408
-699
-617
-1487
-94
-659
807
-760
-1350
-37
-449
-1145
-908
1674
-35
-117
1154
-629
216
779
856
569
1328
-341
-1349
864
891
884
809
517
-1149
-546
439
87
7
202
1440
-18
-477
-147
-481
-641
-57
1351
1275
26
-522
435
-562
-1279
-74
1316
836
584
-662
-1425
-1431
-1336
-500
148
597
261
-608
-495
-1227
-1158
-981
-941
1406
1415
1108
1047
-473
-136
323
555
1686
1987
1243
1686
1430
617
703
357
441
1826
1996
1142
1345
1063
176
566
1016
729
1030
614
391
1153
513
-585
-74
-78
-277
-155
354
946
309
-867
-83
753
-171
-574
875
1626
1106
1242
1871
1029
733
1747
2411
2685
1390
2507
3360
2380
2471
2859
3065
2596
2561
3422
2980
3071
3998
3021
2478
3367
3484
3621
4066
4037
3508
2982
4392
4919
4230
3786
3990
4275
4486
5120
5244
4518
4216
4469
5028
5342
4507
4188
5003
5853
5675
5686
5578
4049
4526
6178
6916
6732
6054
6161
6217
5972
6172
7206
6251
6625
7865
8290
7891
6389
6670
7060
7682
7555
7871
8466
7375
6976
7045
7576
7075
6951
8134
8411
7292
7794
8969
7694
6766
7332
7647
6509
7337
9131
8187
6579
6363
7297
5894
6149
7374
7481
6597
5770
6716
6338
4997
5122
5902
6214
6608
6464
6542
4804
4174
4430
4668
4607
5043
5090
4239
4218
3532
2415
2216
3169
2820
3205
2951
2197
1887
385
777
614
-221
74
-86
266
-918
-1342
-1933
-2815
-2559
-2173
-2227
-3326
-3096
-3230
-4096
-5136
-4889
-3971
-5399
-5607
-4888
-5804
-5903
-6193
-6889
-6666
-6716
-6761
-6453
-6658
-6604
-7204
-7599
-7866
-8053
-7681
-6986
-6840
-7070
-7059
-6500
-6663
-6855
-6231
-6320
-5252
-5169
-5331
-5432
-4941
-4772
-6475
-5678
-4063
-4262
-4556
-4876
-5393
-4957
-5220
-5674
-5882
-5371
-6146
-6409
-5221
-6587
-6746
-7142
-6942
-7048
-7109
-6964
-8197
-7736
-7797
-7806
-8404
-9114
-8970
-9410
-9043
-9698
-9595
-10156
-10594
-11056
-10810
-10744
-11853
-11508
-12197
-12156
-11212
-11364
-12861
-13233
-13017
-12336
-12584
-13188
-12941
-12564
-12037
-13571
-13966
-13982
-13292
-12979
-14552
-14761
-13547
-12865
-13484
-14434
-15024
-14736
-13740
-12448
-13386
-14419
-13364
-12519
-12259
-12936
-12478
-12517
-11097
-9624
-10725
-10219
-10569
-9074
-7738
-8911
-8724
-6881
-7003
-6159
-4777
-5853
-5740
-5577
-4095
-3786
-3472
-2428
-2413
-1685
-2890
-1862
-783
153
923
-365
130
1042
2425
2240
1737
1843
2911
3650
4032
3499
3456
4434
5004
5448
5345
5546
5979
6648
7166
7135
7249
7400
7860
8432
8618
8630
8678
9030
9408
9642
9713
9778
10115
10393
10681
10783
10836
10972
11180
11385
11278
11344
11395
11438
11551
11472
11408
11366
11292
11220
11130
11007
10919
10822
10798
10551
10433
10199
9954
9850
9577
9350
9126
8963
8651
8351
8016
7841
7551
7445
7049
6885
5895
5028
5831
5841
6122
5935
4775
3407
3615
3720
3823
3941
3574
2973
2948
2801
2522
2516
2245
2199
2686
2777
2489
2395
2235
2219
2428
2869
2617
2584
2749
2750
2876
3043
2936
2910
3243
3215
3282
3261
3019
3150
3505
3339
3164
3207
2999
3165
3185
2972
2867
2860
2876
2857
2612
2502
2532
2414
2324
2381
2294
2216
2224
2065
1922
1881
1809
1847
1932
1695
1620
1511
1425
1310
1404
1236
1149
1246
1137
1028
850
716
630
622
554
502
382
256
149
-7
-165
-239
-341
-469
-538
-586
-855
-1060
-1113
-1216
-1420
-1554
-1753
-2040
-2163
-2307
-2527
-2756
-2902
-3059
-3287
-3488
-3817
-4059
-4152
-4121
-4385
-4644
-4917
-5076
-4801
-5193
-5639
-5382
-5163
-5658
-5660
-5485
-5881
-5702
-5708
-5927
-5579
-5365
-5522
-5733
-5378
-5118
-5326
-5426
-5419
-4936
-5002
-4661
-4514
-4618
-4509
-4330
-4372
-4337
-3764
-4265
-3838
-3752
-3769
-3667
-3653
-3678
-3357
-3145
-3233
-3435
-3077
-3223
-3040
-2786
-3213
-2688
-3030
-2823
-2757
-2788
-3014
-2652
-2809
-2658
-2447
-2857
-2954
-2726
-2373
-2848
-2667
-3162
-2810
-5244
-6996
-6207
-3086
-1441
-1994
-3545
-4987
-2968
-2251
-1709
-2434
-2328
-188
379
-780
-2283
-1422
-1075
-588
-497
-308
170
1167
499
-1071
-1403
-1149
326
17
-177
-128
-3
-898
-932
-1052
-1096
-949
-1995
-1170
-161
-988
-2499
-1263
-776
-2055
-2168
-2068
-1701
-1440
-907
-1058
-1405
-1382
-2355
-1013
-1678
-1594
-454
-2691
120
100
-1040
-956
-391
-1014
-84
410
116
805
1140
60
560
1579
1470
1013
2127
2854
1228
2702
2015
1551
2183
2239
2061
3560
2678
1608
2544
5249
1978
1705
3520
3751
3212
3157
3389
2302
4051
4160
3035
1411
4059
3492
1509
-208
620
2984
4851
2480
-1151
1090
3424
5105
2859
1451
2277
3866
5644
3405
1503
2620
4273
2084
947
2988
3478
2668
2316
1277
2043
1930
1623
2579
3401
2600
2588
1861
1159
2007
1173
354
1616
2319
1141
418
-701
-970
-933
-492
-1398
-2043
-1808
-1981
-2127
-2565
-3274
-3889
-3737
-2583
-4185
-4090
-3202
-2709
-3072
-5037
-3410
-1946
-3835
-4460
-2164
-2222
-1598
-2675
-1793
-1485
-1678
-859
-1006
-1319
66
834
377
-1416
903
1467
-312
630
1131
2003
379
1758
2565
1443
1595
2862
1343
2469
2616
3169
2634
2115
3297
3047
2489
2044
2387
3272
3079
3143
2813
1931
2935
2538
2936
2298
2883
3136
3405
4697
4468
2891
2259
4485
5140
4083
3266
3351
4335
4448
2906
2698
3584
3932
3504
2687
2434
3211
3465
1674
-54
-562
-362
-301
-616
-929
-1876
-2892
-3225
-3913
-4872
-5337
-5048
-5032
-4400
-4193
-4168
-5295
-5943
-5633
-4974
-4347
-3514
-2768
-3076
-3287
-3252
-2705
-2749
-2788
-2702
-2003
-969
-1488
-1786
-2221
-2746
-2903
-2793
-2328
-1501
-1416
-2536
-2395
-2259
-2112
-2313
-2029
-2014
-2035
-485
-489
-422
-1554
-1136
586
612
827
-249
1835
2607
1910
1548
2982
3262
1895
2922
4296
4026
3493
4120
4847
4562
3824
3697
5417
5448
4197
4354
4984
5121
4838
4291
3807
4127
4876
4962
4174
4438
4524
3964
4059
4518
4759
4184
3660
4753
4394
4520
4134
4209
4131
3674
2687
1300
748
689
820
213
-567
-1218
-2094
-3019
-3755
-4220
-4477
-4611
-4781
-5036
-4984
-5185
-5340
-5857
-6221
-5829
-5024
-4115
-3944
-4082
-3963
-3514
-3418
-3404
-2954
-2549
-2113
-1749
-1394
-1641
-2101
-2221
-2499
-2526
-2404
-2563
-2861
-2709
-2549
-2774
-3388
-3598
-3199
-3254
-3100
-2628
-2470
-2189
-2004
-2243
-2526
-1503
-1014
-739
290
443
23
882
1516
925
1487
1768
2851
3697
3555
3485
3390
4157
4589
4203
3984
5469
5333
4990
5392
6010
5713
4525
5404
5690
5655
5086
5689
5995
5656
5659
5494
4962
5908
6420
6093
5972
6326
6219
6320
6361
6245
6387
5634
3964
2407
2047
2241
2469
1519
65
-1320
-2580
-3350
-4072
-4952
-5718
-6051
-6113
-6203
-6417
-7110
-7909
-8441
-8042
-7015
-5891
-5100
-4847
-4724
-4601
-3986
-3251
-2652
-2101
-1509
-797
-252
248
450
-63
-1170
-1548
-1008
-310
-433
-1586
-2884
-3730
-3884
-3885
-4264
-5187
-5975
-5967
-5430
-5059
-4971
-5616
-5991
-5295
-4388
-3443
-2722
-2400
-2628
-2307
-995
357
604
495
1023
1996
2358
3373
4494
4151
3668
4754
6413
6062
5678
5753
6307
6860
7348
7724
7729
7409
7262
7252
7159
7803
8220
8076
7731
7808
7832
7803
8017
7915
8532
9394
9897
9834
9606
8727
6711
4181
2980
3783
4931
4736
2572
-114
-2640
-4421
-5260
-5798
-6421
-7165
-7693
-8062
-8673
-9608
-10894
-11951
-11856
-10289
-8269
-6855
-6526
-6985
-7235
-6741
-5264
-3536
-2099
-1048
-289
524
1177
1429
1243
963
1145
2088
3010
3193
2416
949
-510
-2052
-3150
-4155
-4800
-5061
-5495
-6208
-7777
-9500
-10857
-11279
-10797
-9797
-8777
-8228
-7965
-7880
-7511
-6893
-5806
-4130
-2221
-242
1309
2225
2376
2411
3274
4325
6108
7883
8521
8424
8244
7959
8236
8790
8594
8717
9301
9948
9993
9393
8842
8514
8349
8223
8827
9491
9399
9166
8926
8803
8941
9660
10299
10777
11358
11782
12049
10969
7811
3950
2825
4711
6684
6071
3060
-1015
-4931
-6868
-6863
-6565
-7347
-8964
-10367
-11363
-11871
-12747
-14262
-15249
-14533
-12266
-9828
-8484
-8970
-10238
-10521
-8864
-5952
-3295
-1775
-1508
-1344
-708
324
1264
1599
1599
1916
2708
3502
3127
1734
-337
-1729
-1796
-1661
-2582
-5315
-8236
-10294
-10599
-10365
-10692
-12268
-14041
-14780
-14319
-13141
-12425
-12267
-12105
-10928
-8904
-7072
-5927
-5269
-4389
-2669
-190
2021
3221
3590
4180
5499
7230
8684
9265
9220
9076
9750
10522
10828
10412
9771
9438
9699
10462
10084
9629
8923
8583
8686
8365
8677
8329
8282
8062
8259
9052
9647
10457
10778
11361
11705
10769
7304
3310
3127
5772
8268
6654
3085
-1596
-5948
-7122
-5951
-4420
-5866
-8611
-11315
-12873
-13242
-13715
-14292
-14650
-13750
-12160
-10735
-10329
-11367
-12185
-11574
-8545
-5007
-2730
-2464
-3420
-3369
-2197
72
1922
2723
2549
2149
2497
2835
2594
1756
756
-123
-31
-114
-1490
-4870
-8289
-10120
-10304
-9193
-9299
-10776
-13658
-15406
-15163
-14002
-12586
-12059
-11821
-11201
-9694
-8049
-7128
-6297
-5104
-3068
-612
1575
2573
2537
3069
4614
6885
8493
9274
9285
8888
9319
10376
11164
11378
11044
11073
11132
11316
11446
10859
10747
10522
11014
11028
10842
10359
9683
9613
10138
11404
12103
12371
12399
12589
12737
10654
6202
3206
4631
8458
9103
5736
735
-4736
-7551
-6848
-3720
-3009
-6436
-10901
-13912
-14385
-13489
-12704
-12753
-12943
-12854
-12182
-11382
-11096
-11287
-10907
-8458
-5128
-2799
-2576
-3764
-3997
-2470
389
3122
4274
3520
1899
1329
2411
3650
3889
3179
1778
319
-413
-612
-1564
-4168
-7173
-8431
-8924
-8611
-9240
-10990
-13125
-14519
-13663
-12352
-11588
-11702
-11838
-11232
-9632
-7613
-6114
-5427
-4422
-2854
-1016
817
2057
2709
3519
5181
7086
8101
8405
8451
8750
9627
10858
11864
11548
10672
10807
11057
11757
12004
11862
11405
10786
10903
11083
11070
11190
10987
10792
11371
11451
12691
12354
13256
13667
13978
13602
9137
4875
4670
8828
11321
8577
3533
-2035
-6495
-5751
-2227
-435
-3729
-9561
-13531
-14472
-12832
-10600
-10925
-12152
-13246
-13415
-12373
-11335
-10401
-10185
-8753
-5972
-3843
-3501
-4345
-4456
-2283
717
3616
4704
3502
1527
1098
3149
5647
6090
5004
2830
969
398
853
1215
-510
-3420
-6549
-7513
-7982
-7876
-8924
-10311
-11847
-12749
-12328
-12099
-11928
-11935
-10820
-9540
-8306
-7282
-6626
-6039
-4465
-2021
145
1236
1849
2366
3575
5403
7400
8461
8679
8607
9005
10049
11012
11993
11777
11401
11142
11718
11837
12251
11950
11591
11629
11357
11754
10974
11204
11056
11112
12144
12213
12932
12418
13145
13670
14016
12339
6676
4218
6813
11915
10289
5676
262
-4493
-5732
-2504
1424
-1445
-7276
-12602
-14213
-12662
-9620
-8779
-11362
-13470
-14151
-13563
-12043
-10159
-9757
-9871
-8065
-5976
-5074
-5784
-5466
-3579
-566
1802
2594
1924
139
-177
2161
5450
6190
4254
2045
842
706
1771
2834
1488
-2076
-3819
-5309
-6435
-7557
-7972
-8414
-9841
-10719
-12261
-13704
-14150
-12921
-11341
-10611
-10455
-10908
-11495
-9983
-6966
-4867
-3838
-3183
-3037
-2384
-396
2315
3686
4101
4706
5546
6088
6773
8086
8759
9123
9580
9968
9356
9239
9550
10180
10623
10893
10542
9209
8675
9063
9949
10309
10813
10312
9176
9246
10493
12288
12715
12808
11346
6507
2472
3948
9869
11263
6538
387
-4519
-6782
-4414
58
-29
-5845
-12195
-14821
-14203
-11165
-9229
-10814
-13580
-14862
-14780
-14268
-12456
-10563
-10205
-9490
-7946
-7108
-7726
-7671
-4981
-1262
830
907
80
-1035
-920
1595
5413
6528
4284
1733
809
1609
2871
3951
3125
524
-2239
-3290
-3698
-4502
-5685
-6707
-7330
-8577
-9982
-11892
-12787
-12133
-10459
-9480
-10210
-11597
-12198
-10859
-7868
-5009
-4168
-4986
-5398
-4095
-1653
947
2778
3232
3115
3635
5091
6535
7466
8320
8838
9242
9430
9743
9790
9946
10396
11009
11421
11116
10240
9562
9994
10660
11349
10926
10221
9525
9985
11125
11790
12061
12307
11899
11866
11029
7346
4385
6374
11180
10505
5025
51
-3672
-4362
-1220
2060
-246
-7127
-12427
-13642
-11341
-7819
-7262
-10740
-14019
-15138
-14072
-12114
-9636
-8952
-10041
-9842
-8546
-7336
-6813
-5709
-3132
-809
-237
-624
-804
-350
1053
3736
5991
5168
2544
1223
2032
3833
4831
4583
2333
-368
-1910
-1554
-1319
-2869
-5015
-6339
-6751
-7962
-9076
-10553
-11209
-10933
-9924
-9815
-11039
-11882
-11489
-9664
-7338
-5701
-6198
-7157
-6168
-3564
-1216
478
1352
1047
1191
2929
5223
6549
6901
7298
7522
7801
8628
9553
9925
10027
10294
10287
9999
10120
10011
10140
10410
10978
10257
9580
9346
9647
10259
10976
11315
10848
10491
10654
11449
12203
11793
7083
3855
6145
10496
9722
4870
415
-3046
-3641
-357
1761
-1244
-7219
-11371
-11921
-9607
-7095
-8034
-11493
-13500
-13363
-12603
-11012
-9584
-9445
-10259
-9434
-7726
-6918
-6777
-5649
-3048
-998
-751
-996
-844
-217
1352
3846
5283
4017
1900
1646
2943
4325
4695
3582
1549
-419
-925
-663
-674
-2707
-5073
-6094
-6460
-6974
-8271
-9605
-10660
-10498
-9817
-9943
-10776
-11263
-10860
-9672
-7952
-6692
-7056
-7466
-6014
-3694
-2243
-1093
-255
-39
789
2680
4533
5018
5302
5886
6757
7336
8110
8770
8817
9051
9530
9358
8978
9420
9916
10238
9886
9491
8664
8595
9270
10144
10100
9159
9065
9216
10014
10519
11157
10578
10282
8928
4976
3883
7146
10383
7315
2020
-1728
-3658
-2540
618
1203
-3634
-9403
-12007
-10991
-8194
-6226
-8493
-12630
-13921
-13240
-11841
-10130
-8626
-9290
-10381
-9482
-7918
-6876
-6172
-4475
-2460
-1498
-1895
-1837
-872
593
2419
4018
4086
2281
1232
2184
3949
4779
4260
2545
599
-255
172
354
-333
-2043
-4738
-6156
-6146
-5649
-6600
-8321
-9665
-10345
-10125
-9618
-9402
-9824
-10044
-9623
-8684
-7812
-7013
-6484
-5609
-4110
-2818
-2022
-1418
-350
1003
2425
3620
4170
4316
4845
6152
7272
7741
7712
7711
7908
8713
9335
9398
8804
8523
8568
9262
9444
9424
8716
8212
8594
9032
9375
9103
9464
9089
9514
9751
10470
10038
10504
9840
6360
3811
5970
9805
8364
3836
-37
-2396
-2340
547
1619
-1588
-6928
-10089
-10225
-7861
-5730
-7258
-11078
-12721
-12206
-11170
-9965
-8518
-8734
-9987
-9578
-7984
-6754
-6204
-5040
-3094
-1931
-2195
-2132
-1080
416
1788
3235
3662
2377
1427
2273
3921
4812
4214
2800
1238
643
1138
1361
679
-988
-3524
-4986
-4865
-4310
-5009
-6950
-8543
-9574
-9561
-9126
-8702
-8923
-9557
-9746
-9073
-8102
-7212
-6547
-5760
-4583
-3806
-3237
-2355
-1019
394
1604
2505
2821
3110
3980
5334
6544
6997
6877
6650
6812
7705
8655
8805
8388
7804
7569
8318
8882
9067
8082
7661
7579
8183
8670
8396
8204
7823
8407
8980
9467
9266
8747
8738
9885
8683
4881
3558
6833
8864
6370
2334
-822
-2737
-1435
1310
1141
-3168
-8084
-10211
-9166
-6088
-5074
-8060
-11763
-12393
-11563
-10202
-8392
-7661
-9277
-10383
-9101
-7093
-6080
-5579
-4455
-3123
-2708
-2656
-1863
-624
578
1754
2724
2438
1324
1201
2709
4283
4534
3278
1662
529
884
1739
1933
705
-1341
-3467
-4876
-4228
-3742
-4063
-6144
-7943
-9104
-9345
-8583
-7720
-7608
-8789
-9469
-9273
-8358
-7058
-5519
-5005
-5039
-4834
-4078
-2694
-1036
502
1112
1073
1371
2247
3515
4715
5626
5651
5342
5629
6314
6852
7465
7731
7401
7077
7095
7475
7672
7863
7693
7600
7324
7282
7412
7647
8082
8127
8160
7700
8236
8794
9133
9196
8944
9475
8150
5310
4180
7125
9053
6821
2616
-623
-1825
-456
1818
1116
-2770
-7477
-9430
-8145
-5484
-4809
-7777
-11249
-12047
-11006
-9676
-8255
-7734
-9052
-10139
-9262
-7412
-6241
-5551
-4714
-3485
-3022
-3117
-2372
-861
567
1574
2212
1899
1140
1261
2732
4166
4395
3213
1768
996
1442
2412
2372
1301
-510
-2053
-2673
-2549
-3032
-3715
-4943
-5929
-6862
-7631
-7910
-7826
-7418
-7793
-8279
-8657
-8534
-7792
-6637
-5678
-5310
-5582
-5157
-3854
-2450
-1200
-436
-276
-35
880
2263
3306
3868
3936
3976
4379
5017
5847
6144
6149
5981
5740
5830
6353
6997
7040
6725
6379
6218
6258
6835
7258
7347
7042
6802
7077
7255
7946
8306
8460
8538
8477
8432
8704
9219
7218
4525
5138
7905
7880
4613
1225
-711
-739
828
1641
-712
-4670
-7645
-7866
-5988
-4583
-6019
-9474
-11119
-10404
-9372
-8426
-7864
-8457
-9609
-9436
-7849
-6371
-5913
-5556
-4668
-3543
-3232
-2981
-1791
-514
480
1188
1579
1327
1147
1996
3406
4069
3555
2442
1679
1864
2569
2838
2206
913
-401
-1135
-1165
-970
-1677
-3132
-5056
-5508
-5381
-5601
-6097
-6968
-7702
-8367
-7793
-7232
-7153
-7446
-7274
-6796
-6142
-5365
-4511
-4124
-3499
-2412
-1798
-1229
-362
525
1201
1939
2558
2776
2971
3706
4487
4806
4743
4866
4962
5111
5481
5772
5676
5538
5446
5541
5574
5875
6017
5924
6164
5826
5969
6016
6777
6952
7295
7005
7083
7534
8073
8704
8607
9045
8186
7211
5304
5861
7827
8160
5770
2317
488
314
1646
2106
658
-2875
-6047
-6844
-5444
-4220
-5092
-7630
-10015
-10214
-9276
-8251
-7646
-8067
-9146
-9602
-8522
-7006
-6048
-5650
-5034
-4347
-3925
-3504
-2269
-847
75
792
1007
991
1037
1830
3141
3944
3661
2681
1976
2144
2929
3290
2749
1445
399
-139
-93
28
-611
-1770
-3424
-3891
-4253
-4682
-5011
-5380
-6126
-7061
-7244
-7231
-6994
-6804
-6382
-6461
-6524
-6285
-5434
-4639
-3651
-2806
-2843
-2507
-1541
-535
362
1250
1611
1646
1992
2869
3641
3938
3994
4106
4067
4181
4668
4858
4576
4514
4378
4293
4493
4568
4568
4403
4567
4644
4593
4844
4963
5330
5498
5881
6298
6123
6566
7281
8008
8092
8097
8252
8910
9106
8174
6788
6205
7229
7892
7084
4373
1995
1009
1368
2180
1496
-1204
-4389
-5935
-5474
-4453
-4731
-6523
-8782
-9911
-9493
-8350
-7675
-8114
-8904
-9409
-8776
-7431
-6493
-5921
-5548
-5009
-4375
-3625
-2661
-1605
-720
-13
419
699
946
1535
2566
3254
3298
2754
2206
2253
2721
3109
2962
2081
1006
305
255
454
201
-729
-1984
-2918
-3345
-3557
-3594
-3999
-4868
-5762
-6449
-6350
-6041
-5851
-6069
-6380
-6510
-6295
-5644
-4928
-4412
-4149
-4036
-3596
-2761
-1965
-1171
-653
-352
-48
426
1124
1837
2275
2485
2481
2553
2811
3213
3484
3549
3481
3283
3230
3354
3540
3554
3378
3298
3350
3553
3717
3820
3876
3947
4006
4288
4644
5041
5289
5362
5657
5764
6427
6827
7391
7484
7667
7757
8052
8662
7485
6089
5234
6681
7261
6371
3849
1449
585
1053
1982
1130
-1191
-4338
-5687
-5282
-3789
-4027
-6045
-8223
-9100
-8550
-7513
-6694
-7056
-8078
-8738
-8149
-6819
-5823
-5479
-5219
-4787
-4350
-3777
-2950
-1939
-1140
-611
-216
-24
241
697
1628
2415
2595
2074
1518
1552
2177
2748
2712
2038
1007
310
274
762
820
65
-1168
-2197
-2458
-2412
-2537
-3002
-3679
-4563
-5149
-5106
-4894
-5020
-5380
-5537
-5629
-5559
-5288
-4735
-4321
-4028
-3767
-3580
-3203
-2420
-1581
-1120
-689
-347
-169
300
1144
1719
1834
1895
2142
2412
2636
2925
3096
2885
2736
2854
3000
3036
3053
2928
2711
2763
2847
2882
3027
3087
3008
3023
3419
3593
3746
3812
4096
4613
4721
5163
5223
5515
5761
6303
6652
6785
7032
7112
7620
7772
7205
5211
4691
6179
7616
6227
3352
1431
865
1668
2280
1677
-899
-3629
-4957
-4197
-3052
-3317
-5556
-7764
-8257
-7581
-6883
-6663
-6891
-7915
-8581
-7949
-6632
-5882
-5911
-5845
-5219
-4558
-4103
-3419
-2529
-1798
-1306
-799
-328
-109
334
1104
1936
2126
1771
1443
1658
2267
2721
2540
1917
1300
870
873
1118
1228
548
-594
-1464
-1510
-1452
-1570
-1997
-2610
-3752
-4251
-4092
-3744
-3741
-4297
-4908
-5471
-5036
-4364
-3846
-4015
-4188
-4283
-3952
-3127
-2165
-1971
-2102
-1815
-1378
-711
-25
508
570
639
952
1402
1806
2179
2359
2308
2263
2501
2664
2751
2984
3019
2757
2576
2697
2939
3049
3090
2910
2804
2875
3260
3379
3468
3588
3764
3854
4077
4456
4497
4952
5138
5438
5415
5633
5841
6340
6538
6558
6688
6759
6586
4910
3908
4782
6584
5780
3277
1095
144
602
1424
1517
-342
-3212
-5305
-5025
-3587
-3050
-4634
-7031
-8267
-7973
-7157
-6526
-6239
-7204
-8489
-8426
-7094
-5862
-5548
-5572
-5273
-4853
-4458
-3632
-2515
-1703
-1358
-974
-558
-223
241
933
1797
2263
2006
1571
1561
2088
2654
2757
2384
1713
1052
472
920
1470
1059
-261
-1379
-1791
-1655
-1488
-1725
-2392
-3497
-4250
-4317
-3789
-3692
-3909
-4634
-5078
-4960
-4518
-4091
-3619
-3498
-3846
-3790
-3207
-2365
-1703
-1382
-1319
-1110
-886
-274
561
1127
1230
1198
1172
1463
2018
2420
2577
2521
2263
2039
2269
2580
2759
2579
2197
1987
1981
2023
2195
2223
2000
1938
1987
1964
2143
2325
2563
2708
2834
2838
3011
3318
3639
4109
4135
4272
4275
4658
4851
5294
5359
5422
5477
5436
5757
6020
6068
5133
4076
3212
4104
5062
4475
2353
465
-291
34
815
490
-1140
-3601
-4955
-4696
-3677
-3613
-4807
-6629
-7672
-7341
-6510
-5953
-6029
-6723
-7511
-7280
-6219
-5257
-4833
-4700
-4457
-4129
-3657
-2853
-1876
-1187
-774
-435
-151
183
697
1429
2064
2328
2087
1785
1844
2298
2639
2240
2089
1855
1379
751
690
688
295
-169
-931
-1541
-2069
-2187
-2295
-2536
-3191
-3779
-4181
-4038
-3640
-3731
-4092
-4141
-3996
-3885
-3287
-2727
-2677
-2684
-2353
-1810
-1178
-735
-365
-131
82
448
939
1333
1617
1772
1759
1893
2208
2286
2255
2398
2334
2114
2104
2211
2230
2103
1940
1898
1821
1847
1918
1893
1869
1998
2128
2138
2319
2570
2668
2791
3026
3362
3659
3869
3951
4020
4291
4574
4871
4907
4990
4971
4819
5047
5339
5392
5139
5239
4985
3979
2645
2501
3789
4209
2657
208
-1075
-1127
-390
39
-707
-2797
-5034
-5707
-4556
-3227
-3705
-5614
-7347
-7473
-6527
-5511
-5010
-5426
-6601
-7170
-6159
-4626
-3893
-4046
-4192
-4008
-3520
-2797
-1913
-1241
-1028
-937
-694
-239
199
597
1029
1366
1380
1061
885
1235
1704
1784
1505
1032
426
130
455
916
601
-437
-1300
-1461
-1175
-1014
-1200
-1881
-2547
-2845
-2616
-2224
-2044
-2428
-2934
-2923
-2526
-2073
-1810
-1736
-1704
-1608
-1364
-811
-433
-275
-39
278
529
711
861
1086
1447
1704
1763
1642
1616
1759
1939
2142
2124
1906
1521
1538
1733
1899
1801
1541
1256
1026
1178
1466
1548
1373
1098
890
1004
1455
1825
1681
1462
1387
1517
1901
2278
2568
2425
2183
2224
2497
2850
3267
3413
2958
2785
2889
3244
3516
3741
3403
3040
2959
3192
3446
3366
3144
2738
2371
2229
2169
1729
1205
946
689
134
-426
-1133
-1619
-1872
-2058
-2449
-3020
-3761
-4206
-4303
-4240
-4301
-4681
-5146
-5307
-5036
-4761
-4554
-4546
-4625
-4552
-4152
-3622
-3171
-3001
-2858
-2568
-2141
-1679
-1289
-1038
-935
-698
-326
-11
112
124
168
332
462
454
313
146
89
131
108
-64
-366
-677
-832
-742
-713
-997
-1216
-1372
-1567
-1613
-1414
-1333
-1416
-1533
-1588
-1476
-1175
-920
-809
-787
-670
-396
-68
216
429
507
525
861
1186
1329
1464
1568
1548
1659
1866
1959
1969
1951
2017
2006
1921
1957
1966
1972
2032
2114
1914
1666
1843
2069
2157
2200
2122
1898
1928
2410
2688
2595
2484
2324
2302
2720
3170
3144
2859
2734
2730
2822
3103
3362
3186
2829
2738
2857
2839
2932
2660
1929
1527
1446
1350
1097
710
-39
-787
-1189
-1310
-1483
-1950
-2631
-3221
-3597
-3754
-3785
-4040
-4368
-4612
-4756
-4775
-4610
-4487
-4493
-4404
-4237
-4014
-3765
-3513
-3207
-2861
-2562
-2222
-1902
-1661
-1403
-1079
-704
-390
-219
-157
-9
256
471
501
485
461
444
381
299
316
172
-94
-388
-528
-633
-678
-833
-1108
-1396
-1595
-1657
-1606
-1557
-1704
-1890
-1998
-1855
-1657
-1490
-1431
-1388
-1332
-1140
-806
-501
-320
-195
-26
182
505
764
926
1041
1144
1288
1487
1634
1755
1776
1762
1801
1878
1896
1885
1832
1704
1619
1584
1604
1479
1399
1296
1207
1116
1085
1114
1084
978
832
894
960
1020
1047
984
1055
1119
1227
1304
1464
1477
1538
1632
1796
1790
1824
1970
2083
2158
2018
2078
2087
2235
2220
2285
2077
1956
1902
1853
1957
1815
1556
1181
1131
979
835
642
363
-55
-454
-636
-781
-943
-1359
-1777
-2143
-2356
-2524
-2714
-2959
-3225
-3456
-3632
-3644
-3705
-3803
-3886
-3872
-3776
-3671
-3582
-3481
-3329
-3215
-3025
-2770
-2526
-2363
-2172
-1940
-1734
-1526
-1317
-1108
-908
-787
-680
-524
-404
-325
-278
-215
-183
-203
-251
-261
-260
-252
-294
-383
-430
-451
-476
-503
-476
-537
-573
-537
-444
-376
-339
-281
-239
-105
75
249
375
510
632
786
970
1167
1316
1434
1603
1744
1825
1923
2040
2130
2221
2279
2320
2309
2320
2373
2376
2377
2354
2357
2293
2132
2061
2146
2207
2181
2052
1857
1758
1868
2008
1983
1880
1802
1718
1673
1859
1946
1878
1807
1785
1746
1807
1913
1887
1794
1644
1602
1537
1535
1392
1036
722
569
378
14
-249
-509
-931
-1406
-1648
-1924
-2209
-2510
-2834
-3107
-3353
-3589
-3733
-3755
-3796
-3894
-4001
-3960
-3846
-3760
-3593
-3347
-3182
-3100
-2933
-2624
-2309
-2026
-1788
-1549
-1348
-1139
-903
-620
-404
-292
-190
-108
8
128
178
142
133
63
-50
-166
-220
-198
-311
-474
-692
-869
-942
-905
-870
-1009
-1206
-1363
-1379
-1247
-1084
-1045
-1155
-1204
-1131
-902
-652
-485
-395
-404
-326
-62
224
416
546
622
677
795
994
1176
1259
1273
1322
1355
1412
1470
1484
1459
1435
1403
1345
1332
1338
1312
1238
1232
1204
1139
1088
1021
1006
1103
1196
1120
988
941
1056
1146
1215
1218
1170
1171
1203
1321
1398
1451
1492
1484
1554
1609
1633
1600
1675
1762
1764
1730
1675
1664
1623
1669
1680
1641
1509
1423
1271
1248
1266
1117
969
742
608
461
419
314
90
-167
-346
-457
-556
-649
-829
-1021
-1264
-1373
-1461
-1516
-1610
-1756
-1916
-2014
-2072
-2109
-2094
-2152
-2242
-2317
-2301
-2263
-2220
-2202
-2221
-2220
-2207
-2144
-2063
-1988
-1949
-1923
-1863
-1810
-1736
-1654
-1572
-1490
-1422
-1372
-1316
-1235
-1144
-1048
-975
-894
-879
-830
-740
-641
-524
-461
-435
-420
-357
-269
-178
-110
-71
-54
-29
30
102
151
205
256
292
326
387
436
472
523
556
592
624
681
722
779
814
845
889
902
993
1088
1147
1172
1155
1173
1250
1326
1365
1369
1357
1371
1406
1485
1532
1502
1434
1413
1428
1526
1552
1468
1314
1273
1330
1392
1393
1344
1205
1068
1123
1179
1222
1154
1047
903
914
975
935
854
785
718
651
663
636
558
446
354
298
275
183
75
-30
-155
-273
-356
-467
-561
-715
-825
-996
-1083
-1134
-1325
-1382
-1493
-1634
-1738
-1821
-1890
-1955
-2020
-2037
-2094
-2132
-2192
-2147
-2083
-2075
-2042
-2037
-2034
-1916
-1810
-1716
-1642
-1621
-1589
-1505
-1376
-1262
-1159
-1149
-1107
-1002
-912
-817
-720
-694
-686
-608
-545
-484
-427
-401
-377
-334
-287
-264
-241
-190
-159
-106
-52
-14
21
29
74
154
232
315
357
371
415
475
574
680
736
776
809
887
973
1058
1126
1148
1181
1208
1254
1310
1356
1374
1396
1414
1407
1390
1394
1444
1483
1481
1371
1277
1283
1331
1357
1349
1274
1131
1054
1098
1163
1156
1044
899
856
891
941
960
879
761
714
745
766
774
679
643
642
653
645
614
641
524
578
542
545
495
423
400
418
395
291
221
110
64
85
29
-93
-200
-362
-441
-450
-500
-621
-766
-923
-1013
-1013
-1035
-1099
-1208
-1346
-1393
-1376
-1365
-1377
-1419
-1499
-1505
-1442
-1430
-1387
-1389
-1398
-1359
-1300
-1265
-1209
-1168
-1141
-1082
-1041
-1024
-969
-899
-875
-843
-840
-842
-812
-746
-695
-651
-647
-667
-636
-586
-511
-452
-413
-409
-400
-373
-304
-203
-144
-101
-86
-44
9
119
206
267
291
288
355
435
531
576
611
600
623
678
708
748
765
748
749
751
738
721
710
694
681
650
614
589
563
580
562
554
546
540
519
490
498
519
569
564
524
533
593
643
626
637
595
638
721
776
802
705
627
611
689
758
786
671
513
459
515
602
624
541
357
270
316
389
409
341
233
77
41
122
159
86
-32
-109
-196
-187
-163
-192
-264
-335
-410
-469
-477
-477
-541
-609
-625
-670
-760
-773
-764
-787
-818
-819
-853
-896
-906
-884
-861
-845
-844
-877
-873
-865
-803
-737
-726
-718
-745
-737
-672
-594
-580
-598
-601
-580
-543
-498
-458
-455
-468
-460
-434
-403
-376
-361
-359
-372
-360
-339
-322
-289
-257
-252
-233
-222
-201
-167
-118
-95
-80
-59
-32
0
45
77
102
118
144
141
221
194
156
186
195
235
263
343
323
290
281
276
341
357
343
298
320
250
295
404
313
308
376
325
337
437
449
409
434
489
503
498
520
518
470
505
535
517
495
525
507
476
481
471
430
404
381
355
328
269
214
203
160
134
132
88
31
-18
-47
-48
-30
-37
-71
-117
-144
-148
-122
-92
-138
-153
-165
-148
-112
-104
-118
-148
-168
-178
-147
-141
-158
-175
-201
-212
-229
-241
-259
-260
-272
-294
-306
-339
-375
-380
-374
-381
-388
-431
-475
-455
-421
-389
-384
-402
-434
-416
-365
-310
-280
-297
-304
-287
-236
-186
-147
-127
-133
-118
-81
-21
3
-16
-6
17
56
91
88
67
80
111
122
162
140
98
89
125
152
159
139
80
57
65
113
116
112
59
36
71
94
125
115
94
81
91
128
155
156
144
158
176
208
222
227
257
265
292
317
345
360
358
368
370
380
393
393
383
382
361
351
361
351
338
333
324
310
283
241
215
223
200
172
129
80
63
59
92
63
34
-11
-21
7
10
5
-43
-71
-88
-72
-65
-67
-96
-135
-120
-114
-94
-80
-67
-88
-91
-80
-77
-56
-23
-16
-32
-37
-50
-32
-12
-1
-15
-25
-63
-49
-20
-6
-7
-16
-22
-34
-17
5
13
3
-7
-13
-3
12
27
32
42
30
22
20
16
39
23
34
11
-21
-18
-20
-12
-23
-42
-71
-61
-64
-86
-95
-101
-111
-115
-110
-139
-148
-136
-121
-95
-75
-88
-106
-97
-80
-51
-37
-38
-42
-34
-8
8
20
39
58
72
94
99
116
114
119
143
142
133
124
108
101
84
64
77
55
47
39
31
35
27
21
2
-8
-28
-36
-44
-63
-105
-122
-96
-115
-115
-115
-137
-140
-148
-159
-162
-166
-172
-176
-185
-188
-206
-209
-185
-173
-166
-166
-170
-147
-132
-113
-92
-96
-93
-87
-69
-55
-59
-60
-54
-55
-43
-17
-28
-33
-37
-44
-42
-40
-38
-47
-52
-64
-84
-69
-55
-68
-85
-85
-90
-76
-64
-65
-63
-75
-69
-63
-51
-26
-21
-15
-20
-16
-12
1
25
39
29
39
37
21
29
27
27
31
12
-26
-6
-13
11
22
9
-9
-38
-40
-43
-28
-31
-34
-46
-53
-75
-74
-44
-44
-33
-31
-47
-54
-41
-18
-10
-10
-19
-24
-37
-16
-16
-14
-8
-21
-12
1
15
9
-2
-10
-20
-10
-10
-24
-28
-37
-64
-68
-58
-72
-72
-70
-64
-66
-62
-65
-78
-70
-75
-65
-64
-79
-95
-93
-78
-82
-82
-99
-100
-98
-87
-73
-77
-83
-101
-105
-96
-80
-87
-100
-111
-119
-115
-102
-107
-103
-109
-110
-102
-98
-84
-91
-104
-93
-76
-67
-48
-45
-40
-28
-16
5
13
13
6
13
34
49
57
58
38
21
43
53
56
60
56
71
84
110
108
108
101
94
97
110
91
73
97
101
108
124
131
126
115
95
86
93
91
81
61
51
29
18
51
31
14
-1
-13
7
12
6
1
-10
3
11
5
2
-18
-25
2
24
37
27
21
33
40
56
61
55
41
42
45
58
48
23
45
36
23
29
18
11
7
2
-15
-33
-45
-45
-49
-51
-88
-118
-98
-100
-97
-105
-124
-137
-150
-150
-146
-154
-163
-165
-171
-163
-162
-163
-152
-150
-145
-138
-131
-126
-126
-122
-122
-114
-103
-105
-104
-103
-118
-111
-82
-78
-60
-50
-39
-23
-10
5
14
21
35
42
43
58
59
55
73
81
84
101
112
120
109
114
106
106
116
122
111
95
81
67
108
108
116
110
92
89
87
91
85
101
99
102
104
105
92
73
106
114
112
115
106
108
107
110
112
112
93
88
88
93
79
68
75
61
57
43
33
30
26
22
19
7
3
1
-10
-11
-34
-58
-34
-44
-43
-57
-49
-45
-71
-61
-80
-88
-79
-85
-101
-100
-121
-134
-128
-123
-123
-134
-139
-149
-155
-153
-149
-154
-165
-160
-155
-151
-158
-161
-161
-158
-153
-159
-159
-152
-145
-131
-124
-123
-128
-117
-105
-88
-95
-107
-96
-89
-85
-67
-57
-57
-46
-40
-36
-30
-24
-30
-12
-2
-12
-14
6
8
1
-1
6
18
25
32
29
36
29
33
38
48
33
19
56
58
66
80
103
115
126
128
134
145
157
171
177
190
192
178
210
219
232
241
233
243
236
230
220
224
225
223
206
191
174
146
157
146
117
110
93
77
69
54
35
17
8
6
-12
-18
-38
-52
-25
-32
-30
-23
-17
-23
-26
-15
-14
-8
9
26
22
19
14
2
29
31
28
20
20
24
15
13
3
-10
-25
-27
-39
-40
-73
-97
-90
-106
-109
-117
-131
-138
-151
-161
-164
-160
-164
-176
-172
-158
-159
-173
-165
-156
-142
-133
-122
-116
-117
-108
-103
-100
-101
-93
-91
-80
-86
-87
-69
-62
-50
-47
-49
-48
-54
-51
-36
-23
-15
-23
-31
-15
-10
-1
17
18
29
40
68
84
89
95
