-89
-111
-116
-115
-117
-112
-112
-117
-106
-115
-105
-101
-110
-117
-111
-113
-117
-136
-127
-116
-121
-113
-117
-105
-104
-100
-94
-87
-92
-96
-89
-91
-90
-99
-87
-72
-76
-75
-77
-62
-45
-52
-46
-38
-45
-44
-41
-46
-30
-38
-21
-7
-20
-21
-24
-22
-5
-2
1
7
11
10
-3
-2
-5
-23
-9
1
8
10
11
20
21
19
20
22
18
24
28
25
15
-6
2
32
38
42
44
49
55
54
55
59
67
64
65
61
69
49
49
67
68
75
71
75
72
71
64
67
62
69
80
68
72
44
55
70
67
75
74
77
78
78
77
81
71
71
84
83
81
56
58
81
81
80
70
73
73
76
76
71
70
63
60
60
64
39
45
60
56
62
55
58
57
50
61
58
52
44
41
36
35
10
9
34
25
30
26
17
26
22
24
19
13
16
22
16
16
-15
-5
20
10
12
1
4
1
1
9
13
15
16
13
-1
1
-28
-26
7
-5
5
5
20
31
18
14
6
1
-2
-3
-10
-8
-37
-33
-10
-11
-4
-5
-6
-8
-13
-9
-15
-24
-22
-30
-34
-30
-41
-43
-35
-37
-39
-33
-29
-22
-17
-18
-24
-33
-28
-18
-22
-16
-24
-22
-8
-6
-3
3
3
-1
4
-2
-4
-8
-5
3
-4
4
-8
-3
-2
5
10
9
6
0
1
14
11
5
15
15
13
14
-4
0
24
27
22
13
8
3
17
28
28
37
39
31
28
36
9
15
45
40
54
53
54
53
45
55
59
55
61
57
50
48
23
40
57
48
56
50
52
49
40
38
36
42
34
27
22
12
-20
-3
29
29
22
7
-5
-1
0
-15
-16
-32
-28
-28
-40
-44
-74
-65
-46
-55
-58
-66
-61
-62
-71
-73
-78
-82
-80
-74
-72
-69
-97
-89
-83
-89
-84
-91
-88
-101
-59
-52
-96
-85
-64
-101
-90
-53
-96
-95
-63
-73
-92
-74
-71
-78
-67
-61
-81
-94
-83
-86
-85
-81
-90
-89
-82
-78
-74
-73
-67
-63
-62
-53
-54
-56
-58
-46
-47
-43
-41
-43
-31
-21
-21
-22
-18
-17
-18
-11
-8
-14
-11
-6
-15
-13
-25
-21
-11
-2
9
6
14
19
17
15
11
10
1
-2
-2
1
-27
-15
13
9
18
13
14
7
11
4
7
20
19
22
11
20
-5
3
36
29
32
26
25
23
35
40
43
45
38
37
39
46
25
40
60
53
59
54
58
56
56
50
52
45
44
51
44
48
16
28
45
31
37
33
19
23
14
16
12
5
6
8
4
2
-26
-21
7
-11
-4
-14
-15
-18
-16
-13
-17
-11
-15
-5
-3
-7
-23
-28
-14
-21
-22
-21
-32
-30
-29
-24
-26
-22
-23
-35
-30
-32
-50
-47
-32
-34
-30
-32
-30
-33
-42
-62
-28
-19
-51
-29
-17
-42
-46
-21
-23
-32
-12
-19
-31
-13
-8
-20
-11
-5
-17
-17
-11
-10
-20
-14
-2
-9
8
-1
-10
-2
-10
-6
-6
-4
-7
2
-7
-4
-19
-24
-12
-19
-23
-15
-18
-24
-20
-26
-27
-17
-4
-13
-9
-15
-32
-28
-24
-23
-14
-13
-16
-12
-13
-15
-20
-12
-1
1
5
4
-8
-14
-11
-7
-11
-18
-8
-5
-4
-8
-2
-3
-7
2
2
14
-3
-3
20
22
19
14
5
-3
5
13
10
8
0
-7
-13
3
-17
-16
13
5
-7
-11
-17
-19
-22
-17
-6
-10
-7
-6
-11
-19
-38
-18
-13
-18
-9
-19
-22
-26
-32
-31
-29
-34
-38
-30
-32
-39
-50
-51
-51
-60
-62
-62
-40
-47
-52
-48
-50
-50
-60
-61
-60
-66
-78
-80
-78
-72
-89
-105
-98
-120
-131
-128
-147
-172
-190
-210
-259
-290
-377
-448
-525
-627
-768
-895
-930
-1026
-1450
-1982
-2637
-3269
-3577
-2904
-2276
-2818
-1923
-582
-1163
-1531
-1106
-865
23
926
1452
503
150
1630
1706
1431
1915
796
915
3071
2225
-122
2644
2042
537
2077
1516
1370
3210
269
80
3928
1714
-912
1648
3012
-1217
796
4483
707
-1375
3208
316
-509
2716
355
-30
1630
-300
1031
1657
-1857
846
1222
-1370
262
806
-1935
109
1105
-1241
-597
1109
-744
-1445
1345
-465
-853
519
-558
-1038
112
-421
-723
32
-138
-598
232
197
-715
455
-72
-319
464
256
-482
-112
-357
28
-42
-479
-531
-1
-136
-639
-164
-356
-923
-314
-95
-1781
-1241
-485
-930
-422
-332
-800
-325
-2133
-816
1191
-503
-995
587
-588
-2058
913
-368
-1845
694
663
-1548
-344
625
-97
-232
-106
-246
-273
122
-229
-413
-145
297
-879
-169
279
-1143
700
624
-765
264
-679
448
828
-2113
1703
961
-3229
329
2658
-808
-1335
11
-2005
-771
2413
555
-2225
-498
787
-995
-263
1510
-664
-395
1154
768
1183
-682
-11
1782
-328
-795
1820
680
-1423
1224
875
-796
-1101
-1494
-2004
-2878
-1607
985
-2557
-2708
248
-2094
-1074
1290
-39
-2221
-109
695
-848
-553
1405
-292
994
2797
244
1490
2214
-1232
-1253
2813
666
-492
1727
-87
-931
2137
-389
-1645
1249
72
-1135
588
-399
-1426
382
800
-641
366
1003
-277
253
1057
-405
289
1118
-2075
-3679
1650
2990
-362
682
1135
-2262
309
1977
-156
1340
1282
-383
722
-11
371
26
37
550
913
-217
78
664
-990
-773
590
-383
-460
-24
-42
-760
459
-172
-1269
697
-893
-728
1161
-682
-410
-139
-1278
-68
-208
-958
-1179
-2751
-3388
-1837
1282
-110
-1650
935
-704
-851
2596
177
277
2205
604
1233
1715
137
333
2100
1203
856
2418
387
-429
2152
210
-409
2697
7
-603
1554
-182
-946
580
812
-1878
974
637
-1141
643
-411
-40
-1471
965
977
-2827
1124
-565
-1095
-1328
-1327
-2
-2070
805
-1
-2571
1364
-420
-1214
1444
-207
-606
570
1133
-1059
1444
930
-1521
2114
211
234
297
169
611
-643
209
-112
-474
-86
-783
460
61
-617
-1326
153
-348
-423
707
-1389
31
-704
-1364
589
-1764
741
502
-638
1365
-1571
159
291
-116
557
-594
1718
-369
-236
1153
428
2
-221
1945
-1146
93
1000
113
-1024
-370
590
-2317
215
-1210
-3819
45
-940
-923
-1245
-334
-383
-1429
752
-306
529
286
449
1481
-1350
1053
1049
-511
1398
40
572
830
100
-61
28
401
52
306
-199
-643
1050
476
-1078
-613
848
-244
-1184
1417
-230
-117
597
-402
-1195
6
937
-1094
61
128
-2184
-1014
-415
-1114
-274
-698
-336
-1431
-24
-751
-281
92
-795
625
618
299
-227
1039
-938
-54
2554
-1217
-368
1958
-1214
-879
1359
-838
-690
637
-1054
-1739
-369
788
-611
-1237
1754
-1342
-813
1679
-929
-123
-705
481
433
-1112
1541
-1133
-476
1137
302
446
85
399
-670
356
311
-314
94
-927
-830
-262
-546
-1481
-1190
148
-1154
-1435
434
-1924
-1640
-464
-1421
-1984
41
-1103
-3019
-1130
-843
-3024
-2608
-208
-1977
-2543
-1467
-1543
-3558
-1243
-148
-4043
-680
-550
-2682
-1079
-907
-1708
-1690
-850
-882
-1438
-1616
-113
-2393
-1451
168
-2100
-1321
-818
-1108
-2458
-558
-942
-1843
-1317
-1564
-1483
-1850
-1193
-2087
-858
-2310
-1201
-1964
-2096
-991
-2326
-1295
-1759
-2230
-1319
-2656
-1748
-2417
-1620
-1451
-2274
-1251
-2924
-1595
-2057
-2694
-1764
-1906
-2518
-2666
-1725
-4132
-3559
-1441
-3132
-1696
-1216
-2159
-1928
-429
-1372
-1091
397
38
-666
145
1010
-99
-188
762
513
-148
-363
75
-1347
-928
-144
-2258
-1716
-544
-2139
-3658
-2151
-2686
-3168
-2756
-2509
-3159
-4445
-2581
-2969
-4943
-2606
-2898
-4151
-3001
-1557
-4098
-4423
-2169
-2363
-2535
-2815
-2046
-3037
-2720
-1666
-2531
-2391
-928
-2905
-2278
-653
-1896
-2121
-1707
-826
-2077
-1302
-410
-2517
-1716
-630
-1542
-1304
-624
-300
-1458
-1227
790
-7
-616
1075
753
-479
1563
2008
1369
1436
3406
2097
951
3563
3822
2359
3336
4814
3159
3559
4935
4307
3509
4701
5140
5187
5150
5857
5545
4618
6405
5844
5440
7268
7112
6633
7717
7783
7586
7648
8305
8593
8821
9304
9407
8667
9758
9013
9028
9641
9835
10191
9188
9862
10294
8875
9146
10373
9704
9447
10126
9662
9900
10123
9985
9842
10223
10068
10335
9427
9649
10787
8791
8952
10223
8929
8709
9235
8996
8753
8071
7827
8370
7657
7274
7521
6993
6124
5921
6266
5776
6140
5845
4929
4399
5019
3978
3222
3507
3121
2886
2632
2068
1855
1174
583
787
575
432
587
-80
-453
-206
-826
-1135
-720
-1267
-1821
-1340
-1045
-1270
-2060
-2323
-2375
-2409
-2635
-3274
-2989
-3411
-4519
-4488
-4684
-5134
-5382
-6275
-6664
-6117
-6522
-7337
-7115
-7440
-7968
-8350
-8204
-8085
-8703
-9025
-8711
-8845
-8987
-8717
-9209
-9360
-9176
-9079
-9209
-8684
-8318
-8528
-8654
-8306
-7772
-7670
-7720
-6993
-6269
-6310
-6151
-5215
-4775
-5054
-3588
-3396
-3591
-2105
-1473
-1692
-1044
389
-240
266
1843
2143
2304
2803
3235
2900
4000
5005
4990
5243
5459
6316
6056
6361
7785
7976
7234
7408
8039
9057
9962
9881
9107
8882
10100
10703
10065
10300
10173
9677
9395
9772
10317
9597
8473
8002
8849
8802
8550
8374
8204
8430
8161
8079
8846
8975
8623
9038
8328
5769
2438
572
650
432
-322
-1428
-3690
-6955
-9897
-11803
-13448
-14976
-16068
-16777
-17504
-18094
-18926
-20667
-22668
-23591
-23020
-21809
-20561
-19121
-18078
-18716
-19745
-19057
-17526
-16970
-16091
-14338
-12668
-12278
-12433
-11920
-11888
-12352
-12140
-10891
-9839
-9587
-9488
-9518
-10109
-10441
-9932
-9225
-9044
-8494
-7415
-6782
-6022
-5648
-5187
-4913
-3994
-2561
-1672
262
936
1074
1852
2429
2565
3153
4217
4734
5496
5448
6239
7082
5346
4911
6174
6654
6609
6817
6705
6691
6912
5920
5528
5739
7639
6911
5622
6026
6877
7597
5935
4539
5257
6249
7072
6187
5775
6693
5541
5630
5437
4616
4603
5662
5486
5519
5700
5347
4193
4371
5537
5965
6351
7030
7565
7067
5385
2310
-54
464
2288
2653
1355
-363
-2183
-4084
-5730
-7067
-7837
-8378
-9091
-9624
-9580
-9608
-10584
-12788
-14487
-14461
-13145
-11610
-10470
-9951
-9806
-9706
-9380
-8751
-8090
-7277
-6482
-5516
-4663
-3546
-2504
-2221
-2862
-3539
-3270
-1449
-174
-185
242
624
564
1023
1421
1858
2421
2790
3359
4485
5073
5078
4413
5796
6346
5312
6301
8418
8554
8329
8548
8833
9745
10289
9816
10244
10779
11525
12395
11289
10775
11758
12129
11632
11657
11980
11345
11507
11387
10940
10968
10631
10388
10385
9787
9550
9304
8684
8662
8410
7851
7363
7281
6953
6408
5614
4896
4948
4931
4403
3577
2855
2661
2673
2162
1514
1014
612
322
-86
-771
-1198
-1339
-1810
-2302
-2705
-3159
-3369
-3553
-4007
-4383
-4602
-4784
-4997
-5185
-5399
-5583
-5710
-5751
-5825
-6020
-6175
-6405
-6573
-6550
-6526
-6609
-6786
-6970
-7208
-7390
-7520
-7752
-7935
-8063
-8239
-8383
-8427
-8581
-8859
-9085
-9267
-9391
-9487
-9538
-9577
-9628
-9717
-9790
-9840
-9851
-9873
-9901
-9861
-9758
-9633
-9529
-9403
-9260
-9147
-9012
-8817
-8610
-8375
-8102
-7814
-7559
-7268
-6978
-6687
-6405
-6069
-5690
-5269
-4837
-4472
-4094
-3734
-3339
-2937
-2539
-2141
-1757
-1376
-1021
-620
-225
104
460
759
1084
1474
1901
2311
2678
3032
3329
3668
4052
4375
4686
4934
5283
5631
5854
6103
6304
6487
6685
6870
6989
7217
7416
7494
7620
7719
7775
7906
8041
8128
8150
8310
8376
8397
8542
8557
8517
8602
8654
8677
8711
8745
8793
8788
8732
8686
8675
8663
8656
8592
8568
8541
8439
8432
8377
8304
8209
8103
8067
8014
7883
7833
7726
7668
7380
6951
6937
7240
7371
6986
6581
6498
6457
6212
5972
5712
5540
5508
5051
4515
4233
4000
3823
3458
2999
2640
2275
2074
1888
1369
1009
937
313
17
72
-179
-628
-1286
-1003
-1232
-1638
-1951
-2191
-2232
-2279
-2714
-2808
-3372
-2945
-3136
-4027
-3956
-3897
-3348
-4309
-4444
-4355
-4498
-4357
-4609
-4511
-4464
-4690
-4538
-4721
-4753
-4349
-4135
-3977
-4255
-5439
-4675
-2853
-3036
-3724
-3935
-3816
-4588
-3310
-2875
-2301
-3445
-5975
-3844
-2553
-2285
-3323
-2144
-2390
-3969
-2879
-1786
-2595
-3577
-1439
-1172
-5814
-6866
-4368
-2742
-197
-1444
-4203
-4798
-5828
-4967
-2967
-4535
-5077
-2876
-3449
-3490
-3149
-1139
-625
-707
-2284
-3213
-703
-911
-1187
-2599
-1926
-987
-168
-608
-443
2131
2139
1514
1811
1617
1358
1689
2440
2574
2328
2580
482
2209
2588
430
1711
2118
1064
1389
1616
1283
1908
2065
67
426
1440
1676
802
821
1650
1018
-329
-707
-530
-516
-1178
-2036
-1504
-1509
-2337
-3273
-4111
-3727
-4091
-4981
-4743
-4250
-4517
-5599
-6106
-5784
-6023
-6683
-6880
-6510
-5704
-5406
-5891
-6241
-6369
-5541
-6310
-5649
-4256
-4366
-4348
-3804
-3929
-4247
-3646
-3437
-3240
-2628
-1880
-1696
-2047
-883
-1798
-1388
-1157
-960
953
1988
921
719
1626
1566
2019
1560
2067
3105
3038
4191
3222
3306
2959
3426
4617
3155
4703
1714
2158
6197
5896
1587
3713
3297
2758
6600
5303
3321
3700
4684
3100
3311
3571
4907
5198
4646
3182
4358
4061
3375
3120
4395
5473
4600
3936
4531
4402
2432
3132
3171
4888
2610
-561
2054
5245
4898
1494
-213
2534
5773
4873
2196
2599
5768
4585
2887
4290
4967
5338
3630
1738
887
1193
1271
581
-922
-636
-557
-3414
-4887
-4350
-4458
-5365
-6494
-7105
-6246
-6282
-7808
-9039
-8733
-8303
-8350
-8522
-8340
-7175
-7207
-8306
-8343
-7505
-7381
-7404
-7397
-6367
-5679
-5621
-5208
-5289
-3970
-5144
-6015
-3853
-3538
-3370
-3577
-3499
-3381
-4098
-3173
-2751
-3372
-2947
-2600
-1622
-2573
-1779
-1551
-1239
-1376
-2185
-1251
946
637
-949
-743
1928
2029
156
591
1894
2497
2013
2316
2718
4112
3152
2197
3607
3988
3959
5793
3678
3478
4643
4010
4415
5507
4158
4543
5227
4279
3780
4996
3901
5138
5665
4092
4917
4033
4956
3990
4542
4731
4122
3872
4235
4472
2935
3473
3888
2434
3813
4349
2583
2084
3871
3459
3420
2679
2248
3035
3420
3395
3026
3211
3970
3982
2020
673
-30
-646
-689
364
300
-618
-2148
-3811
-4869
-4975
-4993
-5741
-6307
-6095
-6158
-6553
-7233
-7929
-8383
-8953
-8846
-8419
-7747
-6459
-6733
-7837
-7918
-7714
-7377
-6840
-6603
-6129
-5895
-5526
-5550
-5604
-5835
-5420
-4556
-5192
-4837
-3844
-3193
-3560
-4492
-3846
-2753
-3043
-2815
-2923
-2196
-1822
-1807
-2041
-1528
-919
-727
-734
-1438
412
1424
284
-460
1240
1790
1274
2314
2257
1408
2963
3721
2095
2645
3133
3632
4204
3931
3410
3981
5129
4008
3986
4613
4312
5426
6211
4684
3353
6923
5571
3694
5659
5993
5827
5854
5524
6090
6462
5773
5421
5949
6321
6057
6423
4948
5833
7049
5765
4926
5865
5544
4894
6172
6307
4939
6049
6792
6183
6081
5949
6595
7684
8219
7686
5390
2987
1650
1952
2736
2637
2190
469
-2049
-4118
-5386
-6067
-6584
-7217
-7946
-8601
-8817
-9152
-10188
-11769
-12810
-12774
-11954
-10521
-9035
-8611
-9243
-9954
-10060
-9217
-8309
-7502
-6095
-5223
-4973
-4935
-4800
-4994
-5199
-5000
-4571
-3785
-3602
-3313
-3573
-4571
-4976
-5198
-4814
-4053
-4011
-3548
-3301
-4028
-4208
-2934
-3297
-3320
-1581
-1727
-1547
-334
245
-436
-305
386
1289
2073
2956
3400
3285
3563
3478
3861
5436
5710
5036
6123
6291
6752
6394
5745
6874
6528
5972
6501
9304
7970
4810
6917
9342
6343
4999
8201
10427
9329
6662
7450
9597
9346
8312
9286
9365
10833
9316
7120
8879
9861
9557
8928
9101
9998
9767
9040
8917
9662
10381
11147
11616
11646
10729
7680
3734
2027
2863
4585
4627
2415
-751
-4454
-7619
-9455
-9847
-9656
-10440
-12270
-13734
-14278
-14954
-16604
-18183
-18263
-17225
-15809
-13733
-11816
-11440
-12508
-13490
-12522
-9868
-7292
-5240
-3724
-3013
-3114
-3354
-3047
-2605
-2495
-2200
-1213
-309
-420
-1706
-3741
-5582
-6631
-6742
-6403
-5911
-6291
-7771
-9544
-10671
-10612
-10269
-9733
-8890
-7966
-7198
-7078
-6625
-5793
-4990
-4083
-2319
2
1332
2067
2664
2917
3082
3950
5492
6792
7508
7529
7335
7565
7681
7834
7428
7952
8580
8430
7471
7798
7987
7313
7156
6635
7904
8265
7563
8166
8325
7948
8392
8993
9696
10297
10117
10294
10828
10929
10954
11082
10366
10588
11346
10604
11279
11850
10798
10161
10458
10617
10605
11160
12240
11256
6747
1382
-1185
598
3209
2892
165
-3796
-8414
-12526
-14442
-13879
-12747
-13899
-16929
-18799
-19060
-19252
-20692
-22490
-22286
-20820
-19213
-16804
-14341
-13530
-14881
-16376
-14970
-10900
-7036
-4632
-3280
-2702
-2982
-3091
-2090
24
783
125
122
913
1383
394
-1566
-3455
-5084
-5960
-5776
-5198
-5866
-8055
-10990
-12797
-12663
-11995
-11489
-11170
-11186
-11311
-11357
-10454
-8845
-7677
-6590
-5006
-2823
-709
961
2052
2868
3755
5096
7134
8959
9993
10467
10106
9865
10104
11013
10972
10794
11240
10906
10322
9878
9716
9249
8577
8659
8998
8962
8832
9187
9445
9345
9729
10255
11110
11802
12475
12503
12791
13169
13237
14308
14953
15332
15472
15256
15159
14907
15108
15246
15677
15939
16046
16291
16232
16216
11755
4789
977
2231
6347
6868
3473
-2244
-9279
-14720
-17433
-15641
-12661
-12633
-16800
-22001
-23813
-24144
-24160
-24608
-23536
-21011
-20112
-18462
-16303
-15136
-15926
-17300
-15186
-9879
-4246
-1489
-824
-1220
-2501
-2477
-625
3482
6543
6417
4669
2632
1849
1058
280
-106
-1280
-2711
-4397
-5737
-7461
-10111
-13451
-15719
-15132
-13893
-12980
-13669
-15921
-17685
-18524
-17021
-13842
-10668
-8719
-8411
-8139
-7159
-5171
-2888
-385
2204
4431
6375
7559
8525
9087
9267
10172
11641
13444
14605
14151
12659
11243
10496
10446
11114
11618
11458
9855
8056
7286
7169
7531
8213
8990
9116
9262
9545
10164
10719
11592
11986
12790
13800
15338
16244
16274
16756
16533
16626
17264
17645
18994
19389
19251
18841
18786
19041
20387
17929
9858
3625
2539
7375
10309
6957
799
-7985
-15456
-18754
-17340
-12820
-11749
-16513
-24384
-28996
-29087
-27363
-26361
-25544
-23162
-23094
-23085
-21242
-19443
-18271
-18772
-17134
-11654
-5547
-2307
-2163
-3022
-3952
-2823
429
5367
9332
8952
6078
2856
2026
3137
3864
4191
2789
89
-3014
-5613
-7393
-8955
-11170
-13400
-13929
-13994
-15089
-16878
-19298
-20870
-20542
-18549
-15838
-13804
-13630
-14481
-14308
-12176
-8460
-4909
-2352
-812
61
1177
2662
5008
7426
9080
10179
11082
11832
12024
11897
11537
11693
12258
12676
12774
11963
10651
9160
8262
8270
9034
9696
9279
8463
7594
7560
7943
8972
9792
10463
11406
11792
12374
12967
13487
14506
15347
16038
17326
17905
18261
17847
17407
17945
18690
20066
21253
21114
21115
19793
12075
4828
3807
8712
13288
10674
3876
-5279
-13853
-17308
-15706
-11191
-8919
-12917
-21965
-29035
-30231
-27793
-25652
-24528
-21801
-21561
-23789
-23878
-22392
-20437
-18843
-16213
-11193
-5866
-3818
-5010
-6167
-5409
-2128
1979
6646
9839
8831
5162
2303
2871
5544
7652
7929
5953
2577
-1164
-3949
-5155
-5086
-5826
-8185
-10652
-12298
-14219
-17222
-18771
-18581
-17418
-16071
-15796
-16079
-16865
-17276
-16131
-12762
-8729
-5909
-4871
-5021
-4236
-2235
647
3591
6357
8297
8494
8550
9226
10284
11277
11970
12765
13261
13112
11804
10661
9937
9715
10170
10408
10320
9298
7863
6620
6618
7805
9139
9566
9764
9257
9090
9884
11203
12573
13702
14290
14791
15609
15779
16535
17322
17860
18660
19197
19379
19704
19880
20115
20664
21572
22163
15236
6852
5512
9488
14010
12193
5526
-3114
-11090
-14557
-12700
-8418
-7305
-11796
-21543
-28736
-28397
-25197
-23129
-23107
-22127
-22741
-25351
-25356
-22857
-20254
-18778
-16610
-12730
-8278
-6794
-8344
-8624
-6374
-2003
2300
5374
7079
5602
2415
1390
4003
7653
9176
8037
5214
2246
-192
-1524
-1790
-1572
-2260
-5172
-8478
-10862
-12806
-14744
-16007
-15531
-14506
-14658
-16447
-17997
-18475
-17842
-15685
-12596
-9842
-9025
-9546
-9547
-7750
-4288
-811
1543
2970
3783
4163
4934
6513
8761
10536
11063
11170
11309
10983
10340
10074
10707
11351
11463
10778
9415
8249
7392
7269
8177
8978
8854
8293
7352
7299
8507
9090
9980
11227
11403
12007
12218
12884
13937
14643
15358
16803
17514
17715
17238
16885
17534
19068
20431
21364
20978
21144
16594
7956
5748
9903
15765
15422
8171
-859
-8424
-11513
-9506
-5348
-4000
-7994
-17250
-25905
-26816
-23035
-19835
-20310
-20993
-21146
-23881
-25801
-24259
-21133
-18432
-16241
-13735
-10745
-9606
-11415
-11872
-8768
-2930
2037
3775
3645
1997
-41
284
3912
8574
10477
8434
4541
1775
1098
1819
2413
2256
1216
-1866
-5593
-7816
-8847
-9695
-10705
-11250
-11577
-12974
-15548
-17503
-17623
-16178
-14185
-12889
-12422
-12899
-13562
-12904
-10299
-6525
-3624
-2739
-2621
-1942
-613
1385
3796
6058
7490
7754
7629
8063
8773
9374
9917
10460
10970
10748
9767
8731
8335
8527
8979
9023
8777
8044
6693
6115
6635
7972
9053
9089
8453
8265
8850
9909
11285
12146
12740
13326
13293
14097
14878
15907
15953
16276
17101
17895
18827
18952
18846
18817
19903
18046
11282
7631
9723
14426
14558
8656
1443
-4798
-7478
-6558
-4003
-3376
-6975
-14905
-22584
-23557
-19702
-16802
-18218
-20478
-21231
-23249
-24550
-22961
-19821
-17563
-16473
-15215
-13151
-11591
-12094
-12034
-9073
-3968
97
990
611
18
-262
989
4227
8004
9079
7113
3985
2424
3292
4752
5299
4330
2651
-264
-3244
-4646
-4518
-4537
-6007
-8077
-9864
-11419
-13177
-14287
-14276
-13566
-12924
-13204
-13686
-14017
-13903
-12996
-10860
-8257
-6514
-6072
-6191
-5348
-3264
-648
1567
3146
3962
3977
4212
5235
6993
8565
9151
8985
8688
8460
8240
8285
8699
9104
9139
8267
7404
6805
6702
7019
7257
7602
7438
7195
6913
7181
7832
8851
9714
10368
10041
10342
10840
11845
13363
14021
14396
14372
14402
14766
15535
16385
17073
17712
17638
17568
17595
16555
12673
8035
8628
12213
13914
10021
2650
-3314
-5963
-5399
-3314
-2660
-5679
-12024
-18870
-21725
-18902
-15780
-15943
-18668
-20814
-21840
-23007
-22585
-19995
-17372
-16042
-15457
-14712
-13714
-13178
-12804
-10295
-5893
-2080
-929
-2016
-2576
-1781
376
3363
6376
7023
5318
3450
2587
3976
5277
5657
4775
3393
1970
-45
-1917
-2822
-2846
-3460
-4664
-6123
-8038
-10340
-12475
-12469
-11196
-10500
-11317
-13180
-14462
-14277
-12812
-10818
-9118
-8492
-8648
-8736
-7795
-5275
-2765
-1324
-483
313
1142
1955
2952
4388
5885
6651
6936
7102
7157
7121
7196
7608
8232
8510
8018
7105
6516
6470
6670
6879
6978
6906
6290
5474
5685
6750
7534
7769
7559
7640
7860
8689
9712
10734
11178
11080
11402
12285
13169
13739
13787
13457
14366
15401
16065
16164
16188
16184
14714
13316
10659
8754
9995
11178
10093
5513
329
-3148
-4226
-3858
-3612
-4922
-9114
-13927
-17550
-18365
-16801
-15837
-16792
-19239
-20590
-21297
-21838
-20796
-18628
-16932
-16132
-15466
-15075
-14366
-13219
-11457
-8311
-5230
-3299
-3043
-3388
-2577
-513
2008
4280
5639
5505
4495
3908
4154
5130
6579
6802
5271
3313
2106
994
292
-23
-968
-2140
-3930
-5815
-7470
-8728
-9454
-9667
-10024
-10996
-11694
-12636
-13457
-12903
-11491
-10505
-10088
-9667
-9640
-8984
-7268
-5280
-3409
-2206
-1733
-1118
59
1410
3185
4646
5196
5628
5984
6154
6640
7463
7932
7992
7885
7439
6911
6660
6555
6777
6970
6562
5796
5200
4698
4718
5595
5898
6192
6007
5463
5160
5535
7291
8573
9406
9139
8628
9214
10034
11434
12317
12937
12747
12884
13037
13671
14512
14972
15105
15395
15886
14775
13051
10468
7952
8652
10559
10490
6729
1366
-2795
-4382
-3848
-3216
-4076
-7704
-12495
-16325
-17582
-16395
-15285
-15894
-18203
-19805
-20219
-20746
-20412
-18682
-16878
-15839
-14989
-14612
-14226
-13280
-11683
-8734
-5429
-3257
-2880
-3437
-2945
-906
1841
4152
5538
5508
4497
3809
4174
5311
6641
7066
5720
3759
2220
1248
820
772
246
-1613
-3486
-5381
-6845
-7720
-8349
-8706
-9249
-10214
-11365
-12082
-12495
-12027
-10830
-10257
-9821
-9462
-9338
-8886
-7335
-5355
-3837
-2635
-1991
-1555
-680
777
2366
3749
4560
4713
4924
5181
5669
6499
6892
6797
6673
6352
5813
5623
5646
5529
5398
5058
4624
4188
3832
3738
3872
4131
4351
4563
4449
4240
4875
5414
6541
7264
7726
7697
8155
9131
10047
11059
11424
11382
11884
12167
12697
13591
14025
13970
13952
13839
14206
14343
13403
12046
11212
9193
7412
7522
7597
5834
2253
-1196
-3515
-4203
-4475
-5932
-8197
-10796
-13449
-15507
-16083
-15549
-15381
-16862
-18634
-18481
-18070
-18098
-17335
-15999
-14866
-13839
-13108
-12441
-11051
-9386
-7780
-5788
-3674
-2190
-1835
-1519
-205
1902
3673
4593
4909
4851
4578
4762
5172
5478
5891
5481
4011
2956
1968
1071
770
430
-846
-2505
-3936
-5248
-5883
-6584
-7385
-7970
-8538
-9343
-9999
-10166
-10102
-9546
-9107
-9001
-8430
-7770
-7425
-6513
-4916
-3800
-2887
-2030
-1490
-529
799
1936
2986
3815
4046
4202
4602
5140
5997
6464
6156
5795
5645
5241
5104
5336
5286
4861
4463
3899
3561
3610
3594
3560
3598
3602
3667
3846
3873
4329
4938
5499
6049
6721
7287
7510
8102
8802
9463
10320
10758
10966
11258
11529
12035
12168
12606
12852
12862
12807
12606
12966
12670
11672
10544
9885
8492
6442
5808
5640
4908
2171
-1198
-3492
-4487
-4854
-5992
-7752
-9796
-11818
-13971
-15100
-14504
-13951
-14713
-16404
-16857
-16413
-16186
-15595
-14525
-13294
-12370
-11861
-11370
-10170
-8574
-7144
-5570
-3874
-2368
-1717
-1477
-480
1223
2895
3905
4250
4194
4188
4245
4668
5041
5314
5221
4131
3003
2281
1777
960
497
132
-1089
-2867
-4200
-4957
-5494
-5765
-6260
-7137
-7889
-8570
-8896
-8772
-8285
-7708
-7450
-7678
-7406
-6468
-5841
-5099
-3656
-2548
-2164
-1655
-936
-173
975
2096
2818
3252
3433
3538
3826
4305
4941
5333
4960
4394
4320
4266
4035
4102
4212
3799
3254
2927
2680
2725
2869
2939
2867
2852
2958
3325
3501
3769
4536
4982
5356
5857
6299
6966
7566
8221
8637
9226
9579
9943
10233
10256
10903
11161
11319
10896
11061
11254
11062
11132
10910
10749
9896
9252
8457
8030
7395
4849
3129
2617
3004
1870
-963
-3724
-5362
-6057
-6856
-7322
-8398
-10206
-12435
-14175
-13947
-12980
-12619
-13843
-14888
-14587
-14141
-13829
-12948
-11586
-10804
-10337
-9790
-8755
-7289
-6326
-5330
-3969
-2423
-1326
-1051
-786
253
1633
2555
3036
3288
3325
3138
3007
3306
3689
3680
3056
2121
1698
1410
794
-83
-633
-1207
-2072
-2715
-3405
-4066
-4862
-5531
-5934
-6032
-5928
-6431
-6941
-6956
-6602
-6136
-5793
-5483
-5118
-4707
-4400
-3493
-2383
-1801
-1293
-712
-146
575
1395
1812
2211
2778
3048
3271
3564
3853
3952
3925
3829
3767
3782
3548
3322
3324
3154
2842
2688
2442
2288
2450
2437
2345
2582
2556
2434
2688
3145
3665
4354
4233
4436
4920
5578
6146
6661
7329
7438
7689
8170
8616
8974
9109
9083
9182
9673
9878
9788
9535
9056
9246
9319
9475
9092
8472
7466
6655
6314
6321
5245
2611
1019
1045
1286
-66
-2586
-4740
-6131
-6752
-7097
-7491
-8517
-10108
-12056
-13238
-12549
-11289
-11363
-12721
-13274
-12680
-12216
-11717
-10679
-9622
-9129
-8724
-7980
-6797
-5614
-4850
-4075
-2869
-1439
-603
-514
-249
676
1707
2419
2838
3005
2784
2390
2264
2660
3202
3005
2057
1026
537
46
-261
-707
-1425
-1868
-2610
-3505
-4236
-4695
-5141
-5267
-5179
-5368
-5526
-6018
-6232
-5845
-5157
-4647
-4217
-3848
-3787
-3223
-2491
-1897
-1069
-255
11
385
1087
1559
2031
2579
2796
3112
3379
3340
3448
3620
3605
3592
3632
3341
3068
2866
2592
2495
2621
2420
1941
1740
1633
1543
1792
1863
1749
1783
1869
2109
2601
3028
3145
3535
4015
4332
4946
5487
5868
6290
6598
6753
7310
7877
7935
7969
8069
8143
8333
8240
8015
7850
7905
7718
7509
7268
6969
6502
5959
5405
4934
4680
4156
3363
1703
-406
-996
-408
-386
-1859
-4035
-6171
-7194
-7174
-7027
-7139
-8027
-9653
-11284
-11822
-10963
-9882
-9843
-10581
-10850
-10663
-10393
-9771
-8677
-7762
-7297
-6892
-6402
-5657
-4784
-4113
-3319
-2197
-1301
-958
-924
-727
-85
697
1241
1586
1628
1192
687
516
939
1355
1144
261
-774
-1448
-1586
-1515
-1595
-2023
-3069
-4033
-4515
-4378
-4011
-4068
-4553
-5070
-5232
-5054
-4648
-4193
-3860
-3654
-3450
-3157
-2720
-2156
-1596
-1027
-419
62
325
573
872
1392
1990
2383
2561
2543
2361
2320
2564
2869
3009
2799
2290
1984
1962
2022
1990
1957
1771
1511
1384
1310
1443
1591
1697
1741
1909
2037
2196
2463
2937
3420
3744
4084
4195
4696
5184
5659
6134
6570
6560
6679
6951
7234
7636
7722
7618
7427
7442
7278
7132
7046
6755
6663
6530
6353
5915
5523
5010
4475
4356
4035
3690
3198
2430
1623
750
-465
-1235
-1091
-1182
-2099
-3625
-5196
-6052
-6128
-6047
-6214
-6687
-7787
-9036
-9546
-9150
-8303
-7946
-8376
-8886
-8900
-8666
-8212
-7275
-6454
-6113
-5993
-5780
-5275
-4500
-3735
-3070
-2355
-1810
-1561
-1422
-1194
-602
154
620
756
732
531
329
216
533
915
832
159
-727
-1179
-1237
-1141
-1223
-1606
-2261
-2929
-3362
-3472
-3274
-3183
-3392
-3785
-3991
-3849
-3694
-3541
-3192
-2809
-2590
-2477
-2271
-1937
-1456
-925
-390
30
236
389
521
865
1454
2000
2172
2033
1948
1940
2072
2345
2634
2636
2358
2019
1861
1984
2144
2128
2074
1904
1698
1612
1626
1730
1972
2137
2065
2055
2138
2193
2449
3032
3502
3764
3782
3756
4056
4630
5199
5629
5910
5837
5666
5745
5969
6486
6991
6846
6399
5987
5816
5855
6148
6103
5844
5349
4908
4541
4478
4537
4304
4007
3238
2764
2376
2244
2012
1715
1105
227
-553
-1518
-1897
-1895
-2021
-2814
-3915
-4964
-5737
-5870
-5829
-5794
-6156
-6875
-7672
-8082
-7859
-7351
-6959
-7013
-7147
-7192
-7145
-6809
-6092
-5331
-4907
-4619
-4395
-4068
-3554
-2975
-2355
-1748
-1291
-1071
-954
-780
-422
10
343
553
585
223
-19
14
225
168
-82
-481
-904
-1123
-1337
-1531
-1817
-2064
-2314
-2535
-2665
-2791
-2927
-3156
-3157
-2947
-2800
-2806
-2767
-2641
-2496
-2147
-1721
-1390
-1200
-993
-754
-451
23
459
701
719
910
1188
1406
1626
1810
1896
1841
1863
1960
2060
2001
1958
1887
1801
1843
1847
1773
1607
1561
1589
1656
1772
1892
1877
1736
1828
2074
2349
2583
2780
2898
2894
3092
3488
3804
3997
4227
4473
4609
4672
4786
4772
4965
5212
5318
5172
5037
4831
4565
4575
4698
4681
4444
3927
3615
3460
3425
3245
3177
2897
2610
2307
2089
1935
1721
1503
1130
975
802
373
5
-409
-706
-1024
-1431
-2055
-2451
-2704
-3116
-3461
-3934
-4379
-4844
-5153
-5334
-5430
-5560
-5926
-6232
-6349
-6247
-6089
-5966
-5873
-5828
-5715
-5579
-5242
-4769
-4362
-4072
-3805
-3513
-3146
-2723
-2290
-1819
-1407
-1176
-955
-708
-403
-122
-115
30
190
285
148
53
-242
-412
-278
-277
-433
-812
-1271
-1683
-1734
-1567
-1540
-1764
-2242
-2549
-2606
-2437
-2232
-2019
-2117
-2387
-2266
-2097
-1827
-1404
-1091
-1069
-914
-636
-441
-115
209
541
818
1000
1205
1411
1525
1619
1924
2170
2292
2386
2309
2116
2107
2336
2412
2494
2432
2137
1961
1927
2036
2166
2155
1965
1865
1831
1832
2043
2149
2029
1976
2059
2236
2449
2671
2698
2648
2707
2912
3261
3490
3524
3432
3414
3479
3733
3917
3766
3633
3580
3513
3534
3557
3449
3211
2969
2865
2918
2900
2717
2537
2225
2019
1918
1899
1779
1622
1431
997
768
668
588
327
55
-286
-655
-931
-1217
-1381
-1648
-2030
-2431
-2785
-3102
-3275
-3424
-3718
-3939
-4164
-4391
-4558
-4606
-4606
-4622
-4614
-4619
-4608
-4548
-4412
-4254
-4016
-3767
-3567
-3390
-3256
-3047
-2749
-2461
-2175
-1923
-1809
-1718
-1538
-1335
-1080
-888
-943
-1009
-895
-748
-665
-654
-740
-855
-871
-856
-823
-811
-912
-1084
-1160
-1124
-1039
-981
-1077
-1225
-1196
-1120
-1067
-890
-786
-821
-787
-635
-483
-269
-90
-31
83
254
450
618
722
803
941
1098
1229
1356
1446
1402
1369
1462
1576
1691
1756
1689
1575
1571
1598
1672
1738
1740
1713
1637
1605
1686
1759
1780
1811
1795
1784
1766
1857
1997
2166
2214
2198
2114
2096
2274
2473
2657
2615
2502
2411
2370
2482
2653
2788
2687
2544
2349
2252
2274
2372
2486
2355
2147
1891
1752
1764
1809
1817
1704
1552
1315
1232
1125
1120
1120
961
766
497
387
201
55
-90
-239
-467
-771
-1001
-1229
-1430
-1663
-1862
-2111
-2393
-2614
-2871
-3066
-3225
-3334
-3467
-3614
-3750
-3882
-3976
-3995
-3914
-3832
-3823
-3843
-3805
-3714
-3575
-3364
-3171
-3015
-2879
-2750
-2573
-2327
-2072
-1836
-1665
-1539
-1407
-1257
-1089
-896
-734
-638
-602
-577
-495
-438
-391
-338
-328
-352
-383
-432
-454
-484
-502
-535
-584
-626
-676
-752
-775
-742
-712
-693
-698
-705
-696
-645
-562
-455
-351
-259
-185
-87
25
167
309
420
540
675
802
921
1075
1191
1304
1385
1466
1552
1638
1731
1774
1818
1881
1922
1941
1931
1951
1963
1962
1987
2007
1956
1942
1983
2012
2050
2043
2020
2028
2072
2095
2124
2189
2184
2200
2233
2212
2211
2231
2209
2214
2226
2152
2089
2136
2089
2023
1976
1908
1851
1788
1721
1636
1583
1448
1334
1256
1160
1019
869
777
633
509
302
109
-25
-184
-367
-557
-747
-962
-1117
-1296
-1438
-1598
-1822
-2013
-2149
-2260
-2372
-2454
-2569
-2688
-2779
-2861
-2910
-2925
-2904
-2926
-2928
-2940
-2921
-2847
-2809
-2683
-2633
-2535
-2451
-2399
-2312
-2235
-2124
-1991
-1872
-1765
-1709
-1710
-1645
-1529
-1424
-1308
-1219
-1179
-1154
-1121
-1071
-985
-907
-865
-842
-814
-774
-746
-710
-646
-560
-506
-469
-418
-363
-302
-233
-174
-107
-27
37
136
116
251
130
294
434
486
650
781
888
891
986
1086
1263
1406
1505
1520
1528
1529
1517
1637
1747
1769
1764
1678
1587
1655
1684
1719
1849
1831
1769
1727
1706
1724
1825
1887
1940
1978
1876
1840
1841
1925
2033
2094
2079
1994
1973
1985
2043
2103
2134
2064
1957
1888
1863
1926
1917
1847
1755
1595
1429
1371
1361
1334
1317
1136
915
766
672
642
605
544
378
176
-31
-128
-205
-246
-338
-475
-624
-827
-934
-992
-1065
-1143
-1241
-1366
-1462
-1525
-1630
-1698
-1794
-1869
-1926
-1974
-2003
-2082
-2189
-2273
-2295
-2314
-2320
-2342
-2403
-2481
-2531
-2513
-2492
-2469
-2472
-2499
-2526
-2519
-2476
-2396
-2348
-2341
-2327
-2299
-2243
-2138
-2030
-1961
-1898
-1842
-1763
-1653
-1537
-1418
-1307
-1200
-1102
-999
-888
-772
-653
-546
-448
-355
-275
-202
-117
-21
65
141
202
269
333
411
484
539
573
619
684
739
795
859
912
963
1016
1047
1071
1153
1181
1227
1242
1301
1395
1428
1473
1502
1544
1585
1653
1715
1772
1784
1755
1774
1793
1824
1851
1840
1832
1798
1791
1796
1762
1741
1706
1671
1660
1627
1602
1584
1541
1486
1452
1414
1387
1357
1304
1257
1208
1166
1142
1118
1086
1035
958
945
904
883
888
878
849
772
694
622
570
530
516
466
392
299
159
97
45
-21
-89
-178
-282
-395
-490
-577
-663
-742
-831
-937
-1028
-1097
-1199
-1236
-1294
-1376
-1422
-1483
-1535
-1560
-1590
-1622
-1651
-1667
-1678
-1703
-1729
-1750
-1761
-1743
-1735
-1733
-1729
-1716
-1723
-1723
-1703
-1668
-1622
-1603
-1580
-1563
-1545
-1524
-1476
-1395
-1334
-1281
-1264
-1230
-1148
-1059
-982
-903
-833
-789
-734
-681
-610
-532
-466
-392
-334
-279
-221
-167
-94
-26
41
94
116
156
206
264
329
381
419
466
497
526
574
613
644
680
721
756
779
808
838
878
912
931
937
966
984
994
1021
1054
1084
1080
1071
1069
1064
1062
1081
1091
1097
1083
1022
1005
988
982
982
990
1001
961
931
893
855
839
833
820
812
779
721
702
684
670
645
598
558
527
520
495
478
439
391
355
331
313
283
294
245
212
180
137
113
64
38
5
-37
-88
-132
-196
-256
-325
-412
-440
-477
-518
-564
-624
-686
-756
-804
-847
-870
-908
-932
-970
-1000
-1026
-1068
-1053
-1061
-1063
-1064
-1070
-1066
-1056
-1032
-1034
-1024
-1002
-993
-967
-960
-942
-937
-888
-857
-838
-818
-801
-791
-770
-735
-718
-701
-691
-663
-630
-598
-575
-552
-536
-515
-497
-494
-439
-377
-345
-334
-330
-313
-284
-229
-173
-117
-63
-26
2
43
84
116
178
232
290
327
337
364
401
434
473
519
541
535
565
578
581
584
584
602
617
645
654
650
636
622
604
590
577
560
589
605
607
575
555
546
519
524
535
559
543
520
508
497
481
453
478
490
477
453
424
409
395
398
384
372
358
336
303
256
236
211
218
231
237
219
173
140
129
132
139
124
82
52
24
9
8
-1
6
-22
-70
-85
-86
-76
-77
-100
-116
-120
-141
-144
-165
-166
-174
-196
-196
-214
-230
-251
-266
-283
-287
-291
-300
-312
-320
-324
-334
-328
-336
-352
-329
-314
-309
-287
-271
-272
-267
-257
-243
-231
-220
-195
-177
-157
-141
-140
-111
-92
-84
-73
-70
-74
-64
-50
-25
-10
8
22
5
-7
-5
-6
8
29
27
17
-5
-22
-24
-7
-2
-22
-57
-62
-67
4
37
16
49
-8
-77
-112
-142
-87
-47
-2
32
53
78
119
163
172
131
52
32
14
27
60
73
79
59
61
92
112
132
116
81
28
-30
-67
-52
-58
-72
-92
-97
-86
-72
-45
-36
-46
-69
-86
-101
-125
-141
-184
-197
-204
-197
-167
-148
-135
-126
-98
-71
-44
-36
-18
-29
-48
-69
-105
-67
-64
-70
-71
-62
-64
-58
-44
-4
-21
-46
-59
-65
-65
-94
-104
-96
-133
-156
-146
-130
-117
-112
-118
-121
-116
-102
-79
-58
-57
-76
-78
-49
-26
-1
-2
1
15
27
53
71
97
98
106
125
144
158
133
137
139
142
157
167
176
157
141
115
115
120
141
158
139
111
74
78
97
105
110
96
83
64
59
50
44
53
58
54
39
47
36
58
84
87
94
100
101
104
118
129
150
169
160
164
162
153
130
151
172
163
161
162
162
142
123
119
134
119
106
90
70
41
15
27
27
14
-18
-42
-50
-51
-48
-68
-76
-100
-111
-111
-116
-135
-153
-143
-150
-140
-137
-131
-136
-146
-149
-157
-152
-160
-138
-135
-140
-145
-152
-131
-129
-120
-130
-129
-115
-120
-118
-124
-132
-137
-129
-118
-128
-142
-153
-132
-129
-135
-124
-132
-125
-117
-117
-115
-108
-109
-110
-99
-90
-85
-93
-72
-60
-56
-42
-41
-29
-17
-31
-45
-49
-52
-41
-28
-19
-15
-32
-44
-55
-57
-48
-40
-39
-43
-48
-51
-50
-38
-31
-23
-31
-54
-59
-45
-32
-25
-22
-26
-32
-33
-37
-29
-39
-49
-44
-48
-35
-35
-54
-32
-24
-24
-26
-14
-23
-23
-2
11
31
38
39
32
36
54
35
51
54
52
74
56
64
57
61
64
73
77
75
62
52
38
13
46
59
48
28
14
2
0
-2
-16
-11
-24
-18
-21
-31
-42
-72
-51
-38
-37
-39
-43
-59
-57
-41
-19
-3
-12
-20
-31
-25
0
-15
3
7
-5
-5
-9
6
-4
0
-7
-21
-18
-15
-23
-30
-39
-51
-45
-41
-55
-75
-84
-103
-90
-83
-99
-103
-104
-106
-108
-93
-88
-98
-88
-92
-87
-86
-94
-96
-105
-96
-82
-69
-75
-85
-88
-95
-94
-92
-70
-69
-78
-97
-97
-94
-82
-66
-79
-89
-89
-81
-83
-71
-72
-83
-72
-62
-51
-44
-39
-45
-39
-30
-24
-21
-16
-18
-23
-19
-26
-36
-7
4
1
10
10
15
11
16
20
15
18
15
21
41
49
16
12
21
12
19
26
42
28
22
17
7
18
27
40
54
57
21
28
51
56
64
74
88
98
107
114
117
120
127
135
158
164
136
161
168
156
182
193
200
201
191
183
173
170
183
193
195
173
127
137
129
127
135
126
125
104
74
52
62
61
53
43
27
3
-46
-28
-16
-8
-5
-13
-30
-36
-31
-51
-46
-55
-66
-78
-83
-97
-110
-89
-86
-90
-101
-108
-120
-124
-114
-114
-121
-119
-132
-146
-150
-171
-177
-166
-171
-170
-172
-172
-178
-189
-204
-209
-204
-201
-190
-190
-196
-206
-216
-192
-188
-190
-177
-167
-174
-161
-141
-134
-125
-125
-119
-110
-93
-90
-95
-79
-66
-51
-49
-45
-44
-28
-11
-10
-14
-5
0
-2
16
11
1
14
16
21
32
43
50
51
64
83
85
87
93
91
108
108
87
121
140
137
135
127
140
144
148
158
150
142
145
142
141
143
110
126
126
126
124
116
120
108
112
91
82
74
58
54
46
35
-4
1
9
14
7
2
0
-18
-24
-19
-17
-36
-48
-58
-72
-53
-133
-175
-80
-90
-123
-106
-107
-157
-206
-163
-124
-196
-200
-195
-240
-268
-278
-247
-294
-323
-290
-321
-321
-307
-305
-331
-373
-353
-342
-363
-351
-354
-388
-406
-396
-362
-351
-366
-345
-348
-369
-350
-319
-307
-324
-328
-332
-342
-361
-328
-303
-309
-310
-294
-296
-305
-295
-265
-257
-258
-249
-234
-235
-235
-224
-204
-188
-178
-146
-131
-127
-107
-85
-79
-59
-40
-25
-18
4
16
11
25
46
48
53
68
78
88
85
93
101
88
106
123
121
109
76
108
126
134
145
136
148
143
139
147
149
168
176
176
168
151
127
140
154
159
163
168
158
167
187
191
206
206
190
183
200
180
141
194
202
186
193
189
187
178
198
192
167
170
168
154
159
167
141
138
140
129
122
119
119
97
94
85
72
70
67
62
43
34
-12
-5
14
-2
-2
-7
-14
-22
-44
-55
-58
-55
-51
-56
-56
-54
-66
-53
-44
-45
-63
-69
-64
-68
-51
-42
-38
-52
-60
-62
-61
-62
-69
-50
-60
-72
-74
-69
-47
-28
-39
-51
-64
-56
-47
-36
-21
-32
-42
-45
-43
-31
-27
-17
-20
-19
-10
-16
-21
-18
-4
2
13
27
11
23
27
30
41
46
57
45
43
42
53
67
76
74
73
67
33
51
69
71
78
75
80
85
88
101
94
97
107
108
116
