291
292
289
278
269
256
242
228
217
204
194
188
173
160
137
111
86
56
39
6
-32
-50
-72
-96
-107
-121
-148
-171
-190
-216
-228
-252
-265
-275
-306
-325
-327
-334
-345
-359
-373
-377
-384
-393
-401
-407
-423
-439
-448
-441
-434
-435
-442
-448
-456
-470
-473
-470
-477
-489
-494
-508
-520
-519
-526
-528
-529
-530
-534
-538
-534
-532
-533
-539
-534
-534
-535
-530
-530
-526
-521
-508
-506
-502
-500
-504
-500
-496
-494
-491
-483
-478
-463
-447
-444
-441
-438
-426
-415
-404
-403
-403
-410
-400
-384
-366
-349
-329
-327
-316
-299
-282
-269
-252
-245
-256
-255
-254
-256
-251
-256
-261
-272
-297
-313
-334
-331
-334
-340
-354
-356
-357
-352
-349
-353
-343
-335
-323
-315
-294
-292
-287
-281
-274
-256
-237
-216
-201
-197
-204
-205
-214
-218
-213
-221
-220
-215
-225
-244
-257
-259
-267
-267
-260
-255
-249
-236
-234
-226
-214
-214
-204
-193
-189
-175
-166
-161
-156
-126
-107
-87
-59
-35
0
21
66
100
139
181
219
258
287
316
353
364
387
425
448
455
466
484
497
499
503
503
504
490
474
458
439
417
389
374
366
365
367
363
351
340
321
307
303
294
273
254
230
202
181
150
117
96
74
43
15
-7
-32
-69
-104
-124
-158
-192
-220
-246
-266
-291
-309
-340
-368
-402
-433
-445
-457
-464
-469
-488
-490
-496
-491
-473
-464
-456
-449
-440
-438
-429
-420
-410
-391
-378
-372
-364
-357
-345
-327
-307
-294
-282
-271
-263
-254
-236
-218
-210
-204
-187
-181
-166
-149
-123
-100
-88
-73
-58
-42
-36
-32
-35
-43
-45
-49
-46
-45
-55
-53
-59
-64
-67
-59
-54
-45
-44
-50
-51
-64
-66
-73
-62
-48
-45
-51
-57
-63
-65
-73
-66
-50
-57
-70
-80
-89
-94
-106
-115
-105
-103
-91
-78
-68
-47
-20
-1
21
44
60
76
99
119
130
154
146
134
139
144
160
177
188
221
250
270
288
308
334
344
353
363
381
390
391
381
376
380
382
401
417
433
447
472
484
482
477
488
493
491
510
492
472
451
419
392
387
389
381
364
358
336
306
300
292
265
248
229
212
199
185
165
133
104
67
35
6
-14
-34
-49
-61
-69
-76
-72
-63
-57
-34
-32
-31
-35
-36
-36
-34
-27
-48
-59
-72
-87
-101
-101
-113
-111
-102
-88
-71
-62
-57
-70
-66
-73
-76
-80
-95
-111
-128
-140
-141
-152
-141
-131
-124
-106
-91
-72
-40
-1
32
67
89
121
154
191
224
268
303
328
379
418
453
499
537
556
579
606
629
658
701
722
730
754
765
770
796
811
801
787
791
770
758
749
727
707
694
679
660
663
677
685
690
689
668
643
627
611
601
600
572
546
526
495
453
416
390
352
318
301
269
236
211
186
176
186
197
204
230
257
292
340
378
403
426
461
471
488
511
511
507
498
486
457
441
433
436
434
436
437
430
422
412
388
354
315
252
184
121
46
-33
-115
-179
-244
-309
-367
-417
-455
-484
-498
-517
-527
-525
-524
-517
-480
-450
-441
-422
-411
-423
-430
-426
-419
-413
-399
-401
-395
-383
-371
-352
-322
-304
-287
-265
-238
-199
-181
-155
-153
-163
-160
-163
-158
-143
-130
-126
-127
-141
-147
-147
-134
-112
-85
-72
-62
-51
-60
-52
-32
-5
12
52
76
81
110
141
164
195
212
211
212
215
201
177
165
140
119
111
94
64
35
22
-2
-16
-25
-38
-27
-19
-11
-20
-49
-94
-150
-197
-240
-288
-342
-374
-419
-456
-476
-499
-525
-556
-574
-601
-638
-691
-760
-821
-874
-916
-944
-960
-995
-1018
-1036
-1037
-1025
-1015
-997
-981
-973
-976
-986
-1001
-1015
-1027
-1025
-1008
-979
-940
-904
-870
-842
-814
-784
-747
-718
-692
-672
-657
-633
-595
-542
-476
-408
-333
-263
-200
-118
-36
26
91
158
195
223
247
240
231
224
230
245
276
324
360
391
419
428
418
426
434
419
410
380
333
294
287
291
291
306
304
291
301
330
350
370
389
384
381
389
389
387
402
403
411
422
440
444
468
507
509
525
537
531
526
543
544
516
489
475
426
395
384
351
313
301
304
291
313
336
328
321
312
275
260
259
229
209
191
170
142
145
131
120
129
146
165
170
163
134
123
108
89
77
58
35
25
24
14
23
40
46
54
88
112
126
157
175
187
203
230
245
274
298
303
326
345
355
358
387
374
369
375
362
357
361
353
327
324
330
333
335
338
311
294
285
271
268
281
274
256
269
271
251
255
247
216
216
225
199
162
135
84
24
-3
-38
-96
-124
-149
-198
-206
-212
-237
-241
-220
-228
-253
-250
-288
-316
-325
-373
-443
-480
-537
-594
-619
-669
-739
-772
-766
-795
-816
-842
-910
-975
-999
-1054
-1142
-1192
-1257
-1361
-1416
-1449
-1517
-1543
-1514
-1489
-1465
-1427
-1407
-1390
-1350
-1326
-1351
-1392
-1449
-1511
-1541
-1565
-1616
-1650
-1660
-1680
-1677
-1643
-1622
-1611
-1551
-1501
-1470
-1445
-1422
-1401
-1382
-1343
-1298
-1259
-1220
-1194
-1144
-1105
-1082
-1034
-981
-951
-915
-858
-835
-814
-754
-720
-700
-638
-571
-514
-436
-353
-313
-272
-220
-170
-93
17
68
111
174
229
257
318
384
392
456
558
623
670
761
796
822
903
974
1018
1096
1168
1199
1270
1332
1380
1465
1574
1645
1705
1786
1816
1837
1904
1964
1987
2022
2053
2047
2055
2087
2094
2107
2131
2155
2169
2193
2215
2216
2217
2225
2231
2212
2197
2178
2145
2108
2077
2004
1947
1912
1862
1791
1719
1651
1576
1530
1501
1442
1361
1295
1227
1147
1069
963
844
727
627
542
438
335
233
140
68
-16
-111
-182
-276
-365
-428
-505
-603
-688
-729
-786
-840
-886
-950
-1019
-1044
-1051
-1069
-1074
-1069
-1080
-1089
-1091
-1104
-1123
-1134
-1151
-1171
-1176
-1206
-1240
-1242
-1249
-1228
-1179
-1131
-1106
-1069
-1027
-1013
-976
-926
-894
-873
-832
-807
-769
-700
-624
-577
-500
-416
-376
-275
-174
-94
-19
77
156
210
311
391
461
545
624
661
705
763
802
845
906
946
963
995
1015
1035
1063
1071
1088
1108
1127
1109
1109
1106
1070
1061
1073
1053
1023
1016
984
941
933
914
861
823
805
775
754
753
747
715
700
694
669
650
643
616
577
543
493
419
325
240
174
81
-22
-91
-201
-312
-397
-473
-576
-667
-735
-822
-908
-950
-1015
-1082
-1139
-1170
-1201
-1211
-1204
-1219
-1242
-1243
-1278
-1274
-1261
-1273
-1287
-1251
-1272
-1289
-1278
-1361
-1292
-1361
-1291
-1333
-1261
-1320
-1314
-1234
-1298
-1239
-1212
-1174
-1163
-1069
-1143
-1043
-1074
-1078
-1019
-984
-1037
-907
-953
-889
-877
-875
-803
-862
-738
-721
-724
-677
-698
-706
-664
-647
-640
-614
-604
-623
-538
-585
-567
-465
-485
-418
-367
-325
-428
-272
-295
-321
-113
-222
-180
-188
-166
-186
-109
-121
-121
-98
-104
-62
-78
-66
-61
-55
-49
9
30
32
91
96
142
167
223
271
399
331
507
467
455
602
625
603
739
776
713
912
813
865
869
851
852
876
867
869
853
832
856
819
856
860
836
809
829
792
754
780
775
757
769
760
687
681
673
673
677
650
614
582
512
517
521
459
461
433
344
306
288
223
200
241
202
202
206
207
209
257
275
289
350
355
422
443
492
562
567
636
687
739
769
848
887
909
1006
1010
1061
1101
1129
1154
1192
1190
1171
1197
1163
1185
1190
1143
1132
1102
1059
1022
985
930
880
799
795
704
606
585
487
435
353
301
237
145
95
41
-85
-162
-194
-250
-320
-369
-417
-565
-618
-648
-701
-787
-831
-885
-1008
-973
-1003
-1059
-1093
-1144
-1155
-1169
-1130
-1189
-1233
-1264
-1310
-1303
-1326
-1336
-1411
-1429
-1453
-1468
-1448
-1522
-1516
-1500
-1494
-1401
-1390
-1369
-1368
-1329
-1250
-1221
-1178
-1192
-1186
-1175
-1131
-1068
-1091
-1058
-990
-987
-902
-856
-861
-880
-809
-769
-738
-734
-769
-814
-829
-763
-799
-808
-833
-874
-830
-775
-749
-735
-720
-696
-662
-578
-580
-598
-620
-604
-587
-568
-557
-570
-583
-576
-542
-486
-497
-478
-455
-425
-380
-341
-344
-333
-317
-304
-275
-284
-281
-266
-240
-214
-190
-169
-164
-116
-88
-34
-25
-7
16
33
77
102
72
78
114
98
167
163
146
136
162
173
205
216
182
178
172
201
204
191
173
189
198
231
260
220
219
246
258
301
293
268
276
265
333
374
407
408
437
480
519
570
611
645
668
728
768
819
828
837
883
914
949
1015
996
1008
1040
1052
1109
1095
1146
1139
1159
1200
1196
1221
1234
1261
1280
1318
1351
1378
1403
1456
1487
1487
1527
1528
1517
1578
1571
1551
1565
1532
1518
1516
1529
1513
1493
1483
1455
1396
1391
1388
1346
1319
1277
1248
1192
1175
1156
1092
1071
1037
996
968
940
924
890
825
824
773
723
725
675
619
550
488
445
376
325
286
186
144
118
18
-25
-69
-130
-199
-212
-301
-395
-422
-479
-551
-602
-646
-751
-811
-841
-877
-903
-929
-954
-1009
-1021
-1058
-1102
-1108
-1145
-1189
-1199
-1241
-1308
-1312
-1376
-1399
-1432
-1471
-1521
-1563
-1586
-1611
-1616
-1618
-1617
-1623
-1604
-1610
-1595
-1579
-1585
-1566
-1570
-1554
-1552
-1536
-1504
-1497
-1462
-1464
-1456
-1435
-1412
-1391
-1345
-1310
-1315
-1260
-1221
-1182
-1105
-1059
-1014
-958
-884
-831
-762
-718
-678
-643
-608
-552
-551
-526
-507
-496
-466
-447
-439
-446
-427
-413
-381
-356
-330
-329
-296
-237
-199
-146
-138
-121
-126
-95
-65
-39
-12
-24
-5
11
41
42
80
78
96
151
155
205
224
247
269
279
289
296
308
324
344
323
352
372
400
469
474
511
506
485
508
522
578
591
615
600
589
616
628
642
634
671
641
686
693
727
707
750
724
796
728
913
123
254
1437
897
802
745
833
391
836
1385
643
917
1121
925
494
965
1200
611
749
1074
809
422
860
744
686
694
861
875
569
789
684
705
708
751
720
598
606
585
506
505
626
531
453
415
474
362
350
418
378
303
232
281
191
182
168
156
80
61
63
-10
3
9
9
-44
7
18
11
11
25
20
-27
-19
-54
-53
-69
-48
-62
-95
-123
-140
-115
-119
-91
-95
-103
-158
-148
-149
-178
-183
-196
-226
-284
-278
-309
-344
-334
-325
-332
-321
-329
-356
-348
-335
-314
-308
-300
-313
-318
-319
-299
-284
-288
-276
-265
-255
-234
-198
-183
-188
-154
-134
-123
-102
-109
-115
-133
-105
-101
-113
-109
-126
-127
-104
-91
-95
-95
-104
-79
-67
-49
-31
-59
-45
-65
-95
-70
-49
-76
-101
-106
-105
-103
-101
-71
-98
-91
-80
-65
-59
-66
-43
-53
-50
-39
-42
-49
-28
-26
-16
2
-21
-9
-36
-27
-25
-29
-16
-38
-38
-60
-51
-78
-105
-123
-138
-155
-177
-207
-248
-270
-295
-297
-333
-347
-372
-390
-403
-399
-426
-450
-481
-504
-505
-538
-548
-604
-630
-633
-643
-635
-655
-657
-683
-676
-671
-674
-663
-674
-669
-663
-642
-643
-634
-643
-644
-621
-600
-574
-569
-558
-546
-536
-523
-509
-505
-502
-479
-476
-440
-444
-446
-457
-476
-456
-464
-437
-434
-423
-437
-434
-425
-399
-382
-395
-381
-377
-365
-360
-332
-310
-315
-299
-289
-290
-294
-274
-277
-289
-255
-270
-273
-259
-258
-270
-265
-255
-264
-266
-262
-265
-283
-276
-279
-289
-285
-295
-296
-289
-293
-310
-310
-321
-314
-304
-299
-315
-322
-313
-337
-320
-322
-325
-337
-338
-346
-354
-336
-343
-332
-329
-329
-323
-303
-287
-277
-257
-248
-224
-221
-200
-192
-188
-166
-152
-128
-115
-106
-93
-70
-60
-45
-23
4
21
41
71
90
106
117
129
148
166
181
186
190
192
192
206
222
215
205
224
236
243
255
252
235
236
244
247
260
242
233
230
241
260
270
273
241
220
208
215
224
247
245
230
207
200
210
210
216
189
182
167
165
175
168
160
160
146
144
132
142
136
115
114
106
113
111
117
83
80
84
68
83
71
80
77
57
74
75
67
70
64
52
63
43
32
29
36
36
59
68
67
76
81
95
94
93
76
80
74
95
110
115
121
116
120
116
137
125
150
154
146
159
148
147
144
143
137
139
138
140
145
156
149
138
129
109
96
102
107
106
106
116
108
106
101
88
102
100
98
116
120
108
115
104
103
109
107
104
98
100
94
99
94
95
94
90
100
98
106
105
99
107
109
102
99
110
114
99
101
90
85
69
67
51
41
47
33
19
3
-5
-13
-13
-19
-23
-27
-53
-81
-88
-105
-103
-101
-117
-125
-141
-152
-153
-154
-145
-149
-144
-145
-147
-138
-141
-137
-131
-121
-120
-122
-118
-117
-114
-108
-91
-84
-62
-53
-63
-58
-52
-32
-7
17
26
28
44
54
74
89
98
115
137
162
176
188
188
186
201
222
249
261
260
265
273
281
287
301
308
308
325
325
324
331
323
327
331
322
322
303
298
284
288
290
281
276
258
249
224
219
210
208
198
177
172
168
153
138
132
118
102
86
67
48
34
16
13
5
-25
-49
-74
-100
-110
-130
-148
-160
-187
-197
-211
-216
-225
-235
-236
-257
-261
-267
-275
-274
-275
-278
-285
-277
-278
-278
-271
-260
-267
-267
-259
-253
-235
-232
-231
-215
-204
-190
-185
-179
-157
-140
-130
-107
-96
-74
-59
-45
-20
-1
42
64
91
122
134
155
172
187
204
227
238
266
280
298
316
340
359
382
401
392
410
431
451
469
483
488
474
477
484
500
515
522
515
495
488
472
454
461
467
455
430
409
376
345
333
306
290
274
246
212
179
149
106
69
42
0
-36
-67
-110
-135
-171
-202
-238
-265
-308
-336
-365
-408
-442
-467
-483
-519
-532
-557
-585
-600
-614
-628
-650
-657
-668
-689
-694
-690
-677
-685
-684
-667
-659
-651
-655
-654
-658
-636
-613
-581
-548
-516
-498
-478
-452
-423
-386
-340
-282
-232
-169
-118
-76
-45
-2
65
137
208
275
335
374
443
524
590
668
737
785
844
899
954
1015
1050
1098
1154
1190
1217
1243
1277
1297
1311
1352
1377
1364
1365
1352
1339
1326
1320
1310
1285
1237
1190
1148
1093
1057
1018
971
911
837
767
692
620
541
459
383
302
215
122
32
-58
-152
-247
-341
-433
-542
-631
-725
-824
-928
-1010
-1105
-1212
-1294
-1367
-1446
-1526
-1610
-1689
-1769
-1839
-1886
-1946
-2004
-2055
-2099
-2131
-2153
-2169
-2176
-2186
-2187
-2178
-2172
-2134
-2112
-2074
-2019
-1964
-1895
-1812
-1733
-1657
-1562
-1447
-1319
-1211
-1087
-952
-816
-670
-526
-366
-197
-21
157
347
519
695
873
1059
1275
1457
1639
1812
1991
2161
2340
2511
2655
2805
2941
3070
3187
3287
3380
3461
3523
3579
3637
3685
3687
3681
3669
3640
3596
3547
3483
3403
3305
3195
3086
2946
2808
2654
2496
2337
2165
1968
1782
1576
1373
1192
979
752
511
273
19
-239
-489
-732
-1011
-1295
-1563
-1842
-2117
-2382
-2651
-2915
-3179
-3442
-3707
-3960
-4217
-4458
-4677
-4877
-5062
-5237
-5396
-5545
-5673
-5772
-5846
-5904
-5927
-5923
-5894
-5840
-5763
-5660
-5527
-5370
-5174
-4947
-4694
-4438
-4165
-3874
-3549
-3199
-2833
-2456
-2053
-1650
-1243
-815
-386
50
477
906
1337
1766
2189
2610
2999
3381
3750
4106
4451
4778
5093
5374
5638
5873
6081
6281
6465
6626
6766
6868
6931
6977
7008
7025
7023
7000
6946
6849
6743
6610
6460
6308
6121
5918
5715
5474
5223
4938
4635
4311
3992
3653
3307
2951
2521
2050
1594
1170
737
274
-205
-702
-1228
-1729
-2217
-2686
-3139
-3615
-4082
-4515
-4925
-5340
-5750
-6114
-6444
-6751
-7015
-7262
-7516
-7771
-8002
-8162
-8269
-8333
-8406
-8480
-8516
-8522
-8475
-8406
-8322
-8196
-8039
-7840
-7618
-7371
-7119
-6837
-6527
-6161
-5768
-5379
-4980
-4561
-4089
-3618
-3116
-2616
-2107
-1603
-1085
-543
-15
516
1005
1498
2018
2539
3025
3472
3896
4292
4696
5097
5465
5797
6106
6390
6675
6915
7129
7327
7490
7639
7785
7914
8000
8044
8064
8069
8074
8084
8054
7987
7899
7793
7694
7597
7452
7275
7090
6901
6706
6481
6235
5945
5607
5206
4797
4434
4056
3622
3118
2575
2007
1439
871
310
-239
-817
-1406
-1986
-2540
-3123
-3715
-4266
-4764
-5224
-5656
-6080
-6516
-6967
-7403
-7768
-8070
-8333
-8577
-8807
-9040
-9230
-9377
-9472
-9535
-9579
-9556
-9484
-9401
-9318
-9197
-9036
-8853
-8594
-8269
-7933
-7606
-7271
-6882
-6470
-6028
-5550
-5033
-4503
-3986
-3433
-2873
-2337
-1796
-1235
-650
-67
496
1042
1567
2064
2550
3035
3514
3959
4389
4789
5164
5514
5835
6131
6415
6678
6912
7134
7311
7454
7569
7655
7739
7802
7852
7896
7891
7862
7833
7787
7719
7628
7536
7453
7346
7221
7095
6941
6794
6646
6470
6292
6078
5850
5624
5331
4954
4563
4212
3858
3470
3024
2539
2014
1445
895
362
-160
-709
-1298
-1862
-2417
-2966
-3541
-4095
-4597
-5087
-5532
-5964
-6395
-6854
-7322
-7720
-8043
-8326
-8579
-8843
-9110
-9329
-9495
-9612
-9673
-9720
-9736
-9708
-9658
-9541
-9398
-9250
-9079
-8854
-8545
-8200
-7851
-7485
-7102
-6682
-6228
-5721
-5185
-4653
-4126
-3581
-3008
-2424
-1857
-1289
-698
-101
490
1049
1574
2066
2544
3031
3531
3997
4412
4797
5158
5500
5820
6115
6388
6630
6857
7061
7241
7375
7476
7549
7623
7689
7749
7804
7811
7780
7736
7696
7640
7576
7505
7414
7320
7237
7129
7004
6848
6701
6570
6434
6266
6054
5833
5607
5342
5011
4671
4331
3969
3579
3158
2714
2222
1677
1121
592
84
-458
-1047
-1640
-2231
-2804
-3377
-3916
-4429
-4935
-5430
-5911
-6370
-6838
-7299
-7719
-8087
-8400
-8695
-8987
-9276
-9517
-9714
-9858
-9957
-10021
-10047
-10034
-9997
-9912
-9784
-9633
-9460
-9241
-8934
-8591
-8246
-7881
-7487
-7063
-6598
-6088
-5546
-5017
-4494
-3942
-3347
-2722
-2130
-1543
-944
-352
237
831
1399
1931
2431
2917
3411
3876
4318
4731
5110
5457
5788
6109
6401
6655
6871
7059
7231
7402
7531
7633
7714
7762
7818
7843
7848
7840
7818
7772
7732
7688
7625
7541
7428
7323
7219
7112
6988
6844
6705
6557
6372
6181
5988
5779
5555
5329
5070
4740
4360
3967
3595
3220
2804
2343
1844
1298
740
183
-352
-891
-1463
-2040
-2598
-3158
-3740
-4320
-4868
-5369
-5836
-6293
-6732
-7186
-7641
-8072
-8440
-8736
-9001
-9277
-9531
-9738
-9915
-10040
-10132
-10202
-10218
-10188
-10116
-9993
-9836
-9664
-9477
-9245
-8922
-8545
-8178
-7802
-7405
-6968
-6483
-5962
-5413
-4864
-4316
-3752
-3150
-2529
-1933
-1366
-790
-194
407
992
1565
2086
2553
3021
3511
3986
4418
4813
5160
5483
5798
6092
6363
6621
6839
7024
7204
7336
7420
7508
7587
7653
7725
7780
7783
7753
7716
7682
7670
7655
7609
7546
7452
7341
7251
7166
7066
6961
6860
6758
6627
6469
6288
6075
5869
5678
5483
5200
4827
4449
4058
3685
3303
2859
2393
1859
1291
734
188
-357
-944
-1554
-2143
-2698
-3276
-3874
-4445
-4998
-5522
-6027
-6475
-6935
-7428
-7897
-8333
-8680
-8984
-9278
-9572
-9827
-10046
-10222
-10338
-10430
-10490
-10512
-10472
-10366
-10218
-10053
-9883
-9682
-9419
-9076
-8699
-8314
-7909
-7462
-6997
-6496
-5941
-5393
-4848
-4297
-3692
-3053
-2422
-1823
-1241
-641
-45
558
1162
1732
2247
2735
3235
3732
4187
4615
4999
5345
5686
5987
6267
6523
6732
6935
7134
7295
7439
7537
7574
7630
7685
7731
7762
7766
7743
7708
7673
7628
7579
7516
7436
7354
7283
7197
7102
6977
6851
6731
6617
6500
6370
6233
6046
5826
5614
5422
5209
4933
4581
4222
3882
3511
3114
2688
2212
1683
1138
617
98
-462
-1062
-1661
-2246
-2792
-3324
-3894
-4453
-4999
-5526
-6020
-6482
-6924
-7390
-7840
-8240
-8584
-8886
-9184
-9479
-9749
-9943
-10088
-10193
-10259
-10324
-10344
-10321
-10226
-10080
-9891
-9716
-9506
-9235
-8910
-8544
-8183
-7795
-7359
-6888
-6403
-5868
-5317
-4787
-4249
-3654
-3027
-2407
-1808
-1228
-657
-85
488
1062
1641
2161
2644
3124
3584
4024
4439
4832
5180
5530
5827
6115
6373
6575
6756
6930
7099
7239
7350
7421
7464
7505
7536
7562
7590
7594
7574
7539
7477
7416
7369
7301
7220
7164
7094
6997
6895
6762
6627
6508
6407
6307
6193
6061
5881
5652
5449
5262
5066
4856
4580
4243
3893
3536
3158
2763
2333
1863
1379
861
358
-176
-742
-1320
-1921
-2482
-3006
-3536
-4089
-4642
-5191
-5710
-6198
-6643
-7087
-7531
-7958
-8350
-8696
-9009
-9282
-9544
-9762
-9933
-10062
-10171
-10240
-10274
-10263
-10186
-10060
-9889
-9711
-9508
-9271
-8982
-8638
-8269
-7867
-7440
-7001
-6528
-6030
-5511
-4970
-4422
-3844
-3240
-2621
-2025
-1462
-909
-349
227
806
1365
1896
2378
2837
3291
3726
4145
4529
4890
5219
5527
5797
6042
6271
6465
6634
6789
6939
7051
7127
7183
7220
7242
7260
7272
7259
7245
7199
7140
7095
7040
6986
6919
6853
6789
6698
6579
6466
6352
6234
6124
5994
5877
5748
5601
5478
5331
5163
4985
4770
4547
4344
4105
3828
3511
3172
2823
2465
2094
1674
1209
718
217
-300
-806
-1304
-1834
-2377
-2903
-3418
-3917
-4437
-4957
-5431
-5889
-6332
-6747
-7141
-7540
-7934
-8280
-8564
-8825
-9046
-9243
-9424
-9578
-9671
-9727
-9748
-9725
-9666
-9566
-9423
-9263
-9083
-8862
-8618
-8321
-7969
-7595
-7213
-6812
-6404
-5976
-5492
-4989
-4480
-3939
-3408
-2885
-2347
-1796
-1258
-724
-185
350
871
1394
1872
2332
2769
3172
3588
3993
4369
4699
5000
5266
5524
5768
5975
6172
6342
6489
6609
6698
6769
6822
6857
6889
6921
6927
6921
6896
6831
6780
6739
6689
6649
6593
6511
6417
6320
6226
6130
6034
5927
5793
5660
5519
5375
5233
5086
4947
4804
4647
4456
4251
4037
3831
3628
3389
3114
2800
2460
2117
1765
1410
1023
588
136
-340
-811
-1284
-1784
-2276
-2756
-3241
-3720
-4173
-4634
-5103
-5547
-5947
-6317
-6673
-7022
-7360
-7696
-7990
-8245
-8459
-8616
-8777
-8931
-9028
-9088
-9133
-9134
-9093
-9018
-8895
-8754
-8605
-8417
-8194
-7960
-7684
-7362
-7015
-6660
-6294
-5921
-5512
-5077
-4603
-4113
-3628
-3119
-2638
-2154
-1647
-1141
-650
-157
337
818
1278
1707
2129
2531
2917
3300
3683
4042
4368
4627
4881
5135
5366
5577
5764
5926
6062
6171
6259
6335
6396
6434
6468
6494
6497
6470
6432
6392
6346
6302
6268
6226
6157
6068
5966
5876
5797
5701
5590
5481
5354
5221
5100
4959
4803
4657
4511
4369
4229
4072
3902
3717
3521
3325
3142
2954
2740
2486
2196
1892
1554
1225
922
594
222
-192
-622
-1052
-1485
-1925
-2343
-2756
-3171
-3580
-3993
-4396
-4807
-5220
-5584
-5904
-6204
-6495
-6772
-7048
-7319
-7562
-7738
-7870
-7992
-8090
-8184
-8264
-8307
-8311
-8275
-8191
-8096
-7977
-7815
-7658
-7475
-7258
-7029
-6754
-6431
-6097
-5755
-5416
-5083
-4703
-4287
-3840
-3365
-2912
-2467
-2025
-1586
-1145
-693
-246
191
631
1055
1477
1869
2239
2602
2951
3278
3616
3931
4196
4442
4665
4878
5076
5250
5413
5556
5653
5737
5814
5867
5913
5938
5943
5949
5947
5922
5883
5825
5762
5704
5650
5599
5530
5441
5336
5230
5123
5030
4906
4785
4682
4542
4389
4260
4119
3959
3820
3668
3535
3392
3228
3070
2906
2734
2554
2380
2205
2017
1819
1607
1378
1118
853
571
290
5
-294
-609
-958
-1321
-1696
-2066
-2416
-2757
-3085
-3417
-3757
-4095
-4431
-4749
-5047
-5329
-5568
-5796
-6026
-6241
-6443
-6631
-6801
-6936
-7026
-7084
-7119
-7163
-7203
-7209
-7166
-7097
-7005
-6882
-6759
-6625
-6465
-6276
-6063
-5830
-5573
-5282
-4983
-4672
-4354
-4027
-3667
-3298
-2917
-2522
-2133
-1729
-1345
-964
-568
-183
200
576
945
1305
1649
1989
2305
2604
2899
3170
3428
3679
3902
4107
4297
4457
4623
4772
4889
4983
5054
5111
5141
5168
5187
5182
5161
5154
5123
5076
5030
4977
4911
4840
4774
4682
4606
4538
4432
4333
4249
4141
4040
3945
3819
3708
3604
3459
3332
3218
3086
2947
2804
2672
2542
2418
2279
2147
2005
1851
1689
1536
1385
1235
1074
896
719
510
295
72
-159
-397
-646
-904
-1154
-1421
-1692
-1969
-2254
-2520
-2791
-3058
-3304
-3538
-3776
-4019
-4249
-4467
-4663
-4839
-4999
-5147
-5307
-5429
-5531
-5620
-5682
-5722
-5761
-5786
-5778
-5748
-5713
-5643
-5579
-5520
-5426
-5298
-5153
-4983
-4799
-4622
-4436
-4225
-3985
-3736
-3472
-3204
-2929
-2640
-2351
-2052
-1742
-1425
-1126
-819
-501
-195
100
383
685
985
1269
1541
1806
2054
2285
2507
2720
2920
3101
3276
3425
3566
3694
3799
3886
3958
4021
4081
4132
4170
4188
4179
4164
4145
4125
4091
4057
4021
3965
3915
3850
3781
3718
3652
3585
3521
3440
3335
3257
3172
3079
2999
2912
2805
2695
2582
2470
2367
2259
2150
2049
1951
1843
1739
1628
1512
1404
1301
1210
1119
1017
899
792
668
535
401
276
134
-18
-163
-325
-489
-661
-850
-1048
-1230
-1411
-1593
-1785
-1979
-2169
-2367
-2556
-2735
-2907
-3074
-3245
-3402
-3549
-3692
-3824
-3951
-4057
-4167
-4262
-4335
-4394
-4437
-4468
-4487
-4511
-4507
-4494
-4480
-4436
-4377
-4313
-4235
-4136
-4028
-3903
-3758
-3607
-3442
-3268
-3087
-2910
-2717
-2506
-2292
-2072
-1837
-1591
-1365
-1134
-903
-672
-427
-184
54
287
517
733
954
1166
1358
1541
1730
1916
2091
2251
2389
2521
2647
2770
2863
2953
3048
3112
3160
3198
3236
3268
3282
3298
3296
3287
3268
3247
3224
3201
3171
3127
3090
3042
2992
2949
2910
2851
2792
2732
2658
2598
2542
2488
2415
2342
2269
2193
2121
2047
1965
1886
1808
1722
1641
1568
1486
1407
1331
1254
1168
1090
1016
948
852
749
654
564
462
345
243
122
-20
-155
-282
-422
-560
-701
-855
-1009
-1170
-1327
-1482
-1627
-1774
-1931
-2080
-2230
-2393
-2549
-2686
-2832
-2958
-3070
-3197
-3321
-3425
-3514
-3591
-3649
-3722
-3793
-3844
-3891
-3903
-3902
-3884
-3862
-3836
-3811
-3761
-3693
-3624
-3536
-3442
-3332
-3210
-3083
-2945
-2794
-2644
-2474
-2309
-2126
-1928
-1730
-1529
-1326
-1126
-933
-742
-540
-325
-124
74
260
442
630
815
1004
1181
1349
1499
1644
1795
1932
2047
2160
2271
2361
2445
2541
2626
2698
2764
2824
2878
2913
2944
2964
2984
3009
3041
3047
3051
3034
3024
3012
2986
2964
2949
2921
2873
2845
2797
2736
2689
2635
2560
2486
2415
2331
2246
2174
2069
1959
1870
1760
1648
1560
1439
1308
1198
1098
976
870
744
620
473
347
188
40
-117
-314
-470
-688
-828
-1118
-1269
-1712
-1842
-2505
-3553
-13470
-14472
-2089
-25
-10963
-20569
-11146
-4876
-8269
-15321
-18003
-12448
-10544
-12644
-14944
-17643
-19541
-21766
-21841
-15757
-16549
-19515
-22309
-21971
-17431
-12604
-9569
-7999
-13342
-11059
-7832
-4833
-7034
-16104
-4635
-4295
-5625
-2268
-8343
-13220
-9755
-1983
-1824
-280
-193
-8862
-9239
-1662
1955
3415
2511
33
-651
-843
2658
4624
2257
2598
5837
4642
1030
3931
4356
127
2319
9189
7115
2848
-2941
1897
2994
3192
7715
5847
2745
-2631
1577
3164
7550
7274
3707
1138
654
3451
2829
1578
-297
1664
-393
-3810
-2591
-4282
-10498
-9741
-6118
-5577
-9987
-10876
-18450
-19662
-10872
-10136
-13491
-20247
-20591
-21755
-22057
-17479
-15408
-20371
-25771
-23471
-20159
-19817
-21885
-20694
-20252
-20750
-18270
-17906
-19643
-21092
-16956
-14818
-15468
-13637
-14219
-14124
-12447
-7105
-4306
-3993
-1723
-613
1410
5060
7991
11728
14686
16763
19896
21012
22220
25363
29177
32302
32767
32750
32767
32756
32767
32757
32767
32759
32767
32760
32767
32762
32767
32764
32767
32765
32767
32766
32767
32767
32767
32766
32767
32767
32767
32767
32767
32767
32767
32767
32766
32767
32766
32766
32767
32767
32767
32767
32767
32767
32767
32767
32767
32767
32767
32767
32766
32767
32766
32767
32767
32767
32767
32767
32767
32767
32767
32766
32767
32764
32767
32761
32767
32755
32767
32743
32767
32726
32767
32697
32767
32638
32767
31838
28498
25235
23062
18522
13831
10023
6788
3509
-3957
-12080
-19261
-24315
-28272
-31663
-32768
-32637
-32768
-32710
-32768
-32739
-32768
-32754
-32768
-32761
-32768
-32766
-32768
-32768
-32768
-32768
-32767
-32767
-32767
-32768
-32767
-32767
-32767
-32768
-32767
-32767
-32767
-32768
-32767
-32768
-32768
-32768
-32767
-32768
-32767
-32768
-32766
-32768
-32765
-32768
-32761
-32768
-32758
-32768
-32755
-32768
-32750
-32768
-32748
-32768
-32747
-32768
-32753
-32768
-32765
-32768
-32635
-29178
-27060
-23543
-18596
-12573
-6890
-3548
-2288
567
6241
11059
16508
19826
22572
24123
28085
32690
32720
32767
32741
32767
32757
32767
32765
32766
32767
32762
32767
32762
32767
32762
32767
32763
32767
32765
32767
32765
32767
32765
32767
32766
32767
32766
32767
32766
32767
32767
32766
32767
32764
32767
32760
32767
32752
32767
32741
32767
32728
32767
32729
32451
28263
22217
16255
10263
6138
3129
-68
-3824
-6715
-11847
-16108
-19344
-20491
-21045
-22626
-24939
-26798
-28517
-29885
-29354
-28608
-27110
-27330
-28175
-29178
-29225
-27049
-25623
-24347
-24342
-25579
-26578
-26321
-24932
-22896
-22489
-24302
-24860
-24684
-25073
-24098
-23111
-22879
-23589
-24706
-25032
-23872
-23841
-23183
-21199
-21412
-21926
-21185
-19474
-17829
-14506
-13186
-12934
-10904
-8863
-5691
-3569
-1892
348
3700
5244
6801
9917
12539
14231
16789
21158
21570
21834
24342
26713
29634
32572
32563
32026
32676
32765
32767
32754
32767
32749
32767
32742
32767
32728
32767
32708
32767
32678
32767
32630
32767
32141
31134
28419
24465
22524
20227
17410
12381
10165
6578
2286
-3879
-7041
-7222
-11648
-17949
-22479
-25177
-27443
-30499
-32576
-32761
-32768
-32755
-32768
-32756
-32768
-32757
-32768
-32753
-32768
-32745
-32768
-32733
-32768
-32702
-32768
-32364
-30852
-28377
-26231
-25116
-22596
-20521
-20076
-20913
-18982
-15877
-14592
-14939
-16076
-15011
-14800
-14715
-13823
-12559
-14194
-15033
-15750
-15121
-13430
-14863
-14888
-14405
-14352
-13784
-12927
-12878
-11427
-9682
-8835
-7255
-6810
-6651
-4127
-1028
1306
2129
1977
3334
5256
9312
11323
10845
12749
14376
14737
17616
19022
19545
22384
22646
22265
23720
26422
25826
26898
28030
27506
28834
26976
28002
29638
28931
28067
28098
29733
27589
23145
22553
22583
22767
19949
12120
10782
9227
6605
1431
-2440
-4495
-9672
-15281
-20415
-20334
-24072
-30963
-32768
-32733
-32768
-32753
-32768
-32759
-32768
-32762
-32768
-32758
-32768
-32747
-32768
-32727
-32768
-32691
-32768
-32632
-32768
-28218
-27043
-27306
-22965
-18791
-15200
-15707
-12860
-7821
-6374
-6953
-4771
-1607
-632
527
1111
2889
3464
2299
3406
5574
5809
5725
4810
4323
5758
6363
6989
6942
6269
7471
7960
7693
9593
11300
11814
11815
12348
14843
16898
18003
19439
22109
23026
23600
25289
27981
31477
32070
32681
32767
32744
32767
32748
32767
32750
32767
32753
32767
32752
32767
32752
32767
32747
32767
32736
32767
32720
32767
32695
32767
32655
32767
32511
32117
31325
29077
23020
17719
17320
14892
9752
1960
-1154
-3651
-9263
-15370
-19139
-21931
-28552
-32768
-32680
-32768
-32730
-32768
-32750
-32768
-32759
-32768
-32762
-32768
-32761
-32768
-32758
-32768
-32751
-32768
-32740
-32768
-32725
-32768
-32695
-32768
-28992
-24040
-24349
-23693
-19722
-14849
-14359
-15254
-12191
-9716
-9761
-8862
-6918
-6231
-7263
-7336
-5996
-4898
-4855
-5894
-6159
-6035
-5404
-4569
-4774
-5850
-4930
-3819
-3533
-3320
-1399
343
170
180
2724
6123
6561
8443
10975
12792
13918
15190
19574
23909
23591
24839
27488
28541
31887
32767
32663
32767
32707
32767
32727
32767
32739
32767
32748
32767
32755
32767
32760
32767
32766
32765
32767
32760
32767
32749
32767
32718
32767
27856
20578
20594
20500
15665
8089
2591
-508
-5409
-10144
-14100
-17163
-23630
-30081
-32722
-32768
-32746
-32768
-32748
-32768
-32753
-32768
-32758
-32768
-32762
-32768
-32768
-32766
-32768
-32762
-32768
-32761
-32768
-32764
-32768
-32649
-28348
-22328
-21649
-22196
-18794
-15293
-13675
-12200
-9728
-8819
-8597
-7918
-5955
-4872
-4715
-5495
-4993
-4661
-4302
-4441
-4973
-5534
-5520
-4751
-5187
-5934
-4931
-4168
-5187
-4598
-3220
-1809
-1352
-766
431
3151
4059
5004
7745
9585
10955
13758
15001
17741
18979
20398
23995
25107
27448
28343
29363
31638
32767
32716
32767
32757
32767
32767
32762
32767
32761
32767
32760
32767
32757
32767
32748
32767
32722
32767
31658
28868
28792
26618
18683
16629
15971
12637
4997
-1764
-3082
-4337
-11547
-18531
-21143
-26299
-31370
-32768
-32684
-32768
-32724
-32768
-32743
-32768
-32755
-32768
-32763
-32768
-32765
-32768
-32766
-32768
-32762
-32768
-32756
-32768
-32756
-32487
-30882
-28678
-23700
-20755
-20393
-17382
-13899
-10985
-10295
-8706
-6173
-5817
-6014
-3248
-1190
-2009
-2210
-2642
-2201
-949
-871
-1106
-1866
-2964
-2385
-2215
-1876
-2409
-1633
-1465
-3017
-1925
551
1452
1338
2515
3814
4878
6968
8600
11603
13097
13363
14702
18747
21738
21837
24362
25398
27359
30711
32320
32457
32767
32766
32762
32767
32759
32767
32759
32767
32761
32767
32762
32767
32761
32767
32758
32767
32752
32767
32741
32767
32752
32307
26416
20259
21266
21527
15038
7759
2609
564
-2491
-9604
-12667
-16186
-22734
-27999
-30693
-32258
-32737
-32768
-32766
-32767
-32768
-32766
-32768
-32766
-32768
-32768
-32765
-32768
-32760
-32768
-32751
-32768
-32729
-32646
-31955
-29121
-24507
-20998
-19863
-18890
-14750
-12961
-12350
-9594
-6714
-5210
-6044
-6397
-3821
-2117
-2094
-1963
-2964
-3111
-2749
-2418
-2355
-2369
-3420
-3835
-4624
-3925
-2892
-2937
-3555
-4007
-2565
-1574
-1803
365
2342
2632
2669
4595
7763
10587
11165
12376
15901
16430
17853
21083
24286
26513
26332
26635
29644
32542
32767
32733
32767
32742
32767
32745
32767
32747
32767
32746
32767
32745
32767
32744
32767
32746
32767
32746
32767
32685
32609
31416
24954
22617
21488
17681
12786
7359
5511
3000
-3531
-9986
-11314
-14998
-20313
-25030
-27994
-30060
-32768
-32678
-32768
-32722
-32768
-32749
-32768
-32766
-32762
-32768
-32746
-32768
-32721
-32768
-32665
-32768
-31702
-30467
-28630
-25741
-22453
-20375
-19068
-15512
-11868
-11803
-11452
-8344
-5748
-3986
-4821
-4975
-3112
-1913
-1893
-963
-2209
-2818
-2131
-2061
-2257
-2465
-3206
-4251
-4637
-3855
-3102
-4628
-5176
-4159
-3035
-3388
-3796
-2129
-211
227
1241
2422
4308
5504
7370
10127
12389
12585
14392
16990
19899
21594
22945
24000
26294
28711
29673
31674
31465
32759
32759
32762
32767
32744
32767
32732
32767
32724
32767
32714
32767
32701
32767
32551
31422
30842
32548
29596
22183
20197
18614
16217
11320
7296
4821
386
-6107
-9974
-11432
-15380
-20393
-25956
-28071
-30550
-32768
-32710
-32768
-32729
-32768
-32737
-32768
-32741
-32768
-32741
-32768
-32740
-32768
-32737
-32768
-32720
-31944
-31163
-29395
-26322
-22254
-20703
-19546
-15805
-13140
-12609
-11818
-9029
-6098
-5142
-5130
-5111
-3752
-2900
-2104
-1554
-2185
-2430
-2988
-2803
-2645
-2387
-2957
-4778
-4881
-4179
-3827
-5089
-4934
-4658
-4515
-4851
-4393
-2220
-1258
-1718
-1108
920
2942
4530
5094
7458
9068
10579
12726
15222
17441
18302
20249
22449
24591
26729
28482
28367
30726
32767
32686
32767
32731
32767
32753
32767
32767
32761
32767
32755
32767
32755
32767
32767
32754
32767
32708
32734
27252
24012
24014
22215
17400
12473
9430
5709
528
-4330
-6701
-10213
-15602
-20664
-23098
-26425
-30723
-32768
-32768
-32742
-32768
-32743
-32768
-32746
-32768
-32749
-32768
-32751
-32768
-32755
-32768
-32768
-32146
-31443
-31000
-26964
-22254
-20789
-19921
-16966
-13786
-11742
-10211
-8287
-7183
-6457
-3977
-2626
-1591
-2272
-2727
-1528
-621
-498
-383
-2201
-3614
-1635
-1443
-3328
-4188
-4265
-4501
-4683
-4926
-4925
-5553
-6002
-5342
-4103
-2725
-4057
-3593
-1306
-30
1002
3260
3715
4963
6853
8731
11907
12996
14241
15930
16950
19795
22807
24399
25090
25193
27412
29561
30781
31820
32767
32386
32549
32767
32748
32767
32763
32763
32767
32743
32767
32720
32367
30969
31073
30152
26859
21233
19931
19666
16948
12352
6977
3770
1526
-2338
-7212
-9991
-13790
-18875
-22728
-25349
-27891
-30749
-32768
-32683
-32768
-32735
-32768
-32760
-32768
-32768
-32757
-32768
-32749
-32768
-32746
-32768
-32755
-32711
-32611
-30598
-27276
-23686
-22151
-20535
-18706
-16710
-13907
-11222
-10007
-9924
-8400
-6523
-4921
-3975
-4636
-4088
-2962
-3379
-2474
-2146
-3350
-3843
-2939
-3036
-3586
-4049
-4788
-4333
-4196
-4274
-4665
-4729
-4704
-4020
-2401
-2159
-2731
-974
643
1933
3449
4319
5944
7703
10441
12131
13138
14723
17355
19552
21963
22549
23938
27038
28148
30084
31225
31667
32618
32767
32742
32767
32752
32767
32757
32767
32760
32767
32765
32764
32767
32746
32767
32555
32304
32767
30221
24383
22530
21127
19623
17241
11894
7154
3730
335
-1885
-4459
-9408
-13987
-18590
-20778
-21679
-25183
-28707
-30976
-32305
-32768
-32721
-32768
-32728
-32768
-32718
-32768
-32688
-32768
-32393
-30753
-28838
-27580
-26656
-23922
-20873
-17711
-15846
-14566
-12848
-10835
-8214
-5823
-4482
-4065
-3244
-1848
-482
493
416
196
576
759
530
263
266
-319
-933
-1399
-2245
-2473
-2944
-3437
-3964
-4564
-5188
-5128
-4768
-4430
-4931
-5419
-4510
-3624
-2156
-1714
-1355
583
1685
1998
4231
6140
7766
9140
9888
11558
13699
16033
17271
18067
19633
21024
22301
23417
24999
25239
26769
26752
26814
28765
28476
28676
28749
28456
27582
29692
29611
28317
28117
26377
24418
25068
24424
23439
21554
16628
12615
12115
12843
10606
5078
-637
-4085
-5479
-6844
-9689
-14330
-18121
-22906
-25053
-25677
-27611
-29561
-32719
-32726
-32768
-32743
-32768
-32747
-32768
-32742
-32768
-32730
-32768
-32601
-30540
-30046
-29446
-27359
-24506
-21661
-18522
-16871
-15951
-14441
-11855
-9604
-6869
-5160
-5133
-4595
-3261
-1363
131
512
-41
-202
229
499
857
909
79
-648
-952
-1482
-1695
-1342
-1891
-3062
-3236
-3725
-3492
-2816
-2880
-3436
-3379
-2517
-1761
-237
512
829
1921
3462
4809
6421
8171
9497
11137
12300
14303
15886
17627
19171
21018
22600
23059
24881
26540
27469
28751
29930
29111
30578
31361
31977
32008
31574
32047
31840
30514
31614
31758
30623
31142
28000
25473
25402
25492
25573
22661
16606
12944
12375
12942
12142
5250
-1131
-3351
-5167
-6437
-8963
-13500
-17858
-21759
-24130
-24927
-26470
-28503
-31405
-32768
-32739
-32768
-32768
-32755
-32768
-32731
-32768
-32686
-32768
-31979
-30418
-30064
-29881
-28569
-25402
-22802
-19950
-18024
-18493
-17134
-14016
-11404
-9987
-9231
-7880
-6599
-6988
-6331
-4164
-2953
-2448
-3936
-5101
-4108
-2811
-2552
-3148
-4335
-4787
-5382
-5232
-3717
-4264
-5444
-6384
-6281
-4884
-4395
-4716
-4390
-3872
-3535
-2534
-1106
717
1821
2066
3682
5481
7143
9363
10907
12798
13826
14989
17090
19585
21549
23000
23640
24312
26680
28138
29618
30224
30996
31696
31773
32689
32767
32741
32767
32551
32504
32767
32696
32481
32213
31435
30548
31010
29072
26994
26006
25359
25357
22368
16869
14173
15074
15075
11075
4515
746
157
-1648
-4233
-7623
-11298
-15164
-18720
-19547
-19699
-22562
-26272
-28843
-29802
-29732
-31443
-32527
-31675
-32028
-32743
-32768
-32437
-30273
-29116
-28937
-28225
-27305
-25345
-23037
-20644
-18203
-17808
-17731
-15806
-13031
-10097
-9273
-9441
-8472
-7718
-6965
-5215
-4048
-3608
-4760
-6115
-5127
-3621
-3365
-4170
-5928
-6509
-6042
-6278
-6233
-6111
-7066
-8455
-8843
-7891
-7200
-7313
-7562
-7847
-7874
-7006
-5637
-4471
-3505
-3587
-3801
-1750
911
2384
2764
3312
4447
6541
8934
10526
11262
11971
13185
15131
17532
18662
18805
19582
21140
23043
23104
23657
24338
25779
25446
25459
25884
25565
26132
27629
26358
25258
25175
25376
26663
26064
22512
19999
21232
22512
21478
16004
11701
11486
12513
11530
6128
1223
-541
-1868
-4144
-6597
-9567
-13379
-16722
-18828
-19324
-21362
-24861
-26838
-27773
-28628
-30214
-31944
-31743
-30712
-31303
-32634
-32554
-30918
-29332
-28260
-27296
-26396
-25579
-23565
-21288
-18704
-16558
-16462
-15529
-12726
-10074
-9069
-7779
-6381
-5419
-4342
-3733
-2940
-1685
-712
-608
-1313
-1658
-1003
-191
-186
-786
-1693
-2975
-2843
-1900
-1685
-2612
-4013
-4874
-4260
-3046
-2964
-3563
-4008
-3915
-3220
-1561
-363
-437
5
1037
2276
4176
5786
6432
7219
8949
10446
11773
13502
15318
16450
17040
18160
19711
21880
23338
23728
24233
24488
25780
27155
28511
27991
27114
27435
28614
29192
28632
27620
27380
27374
27534
27096
26215
24950
25548
23788
21492
21362
21271
19672
17360
14274
11494
10316
10358
9161
4537
-505
-2792
-3160
-3963
-6591
-11275
-14194
-16108
-17736
-19086
-20304
-22213
-24863
-26565
-27193
-27599
-28052
-27950
-28169
-29022
-29165
-28997
-27313
-25121
-23835
-24408
-24103
-21796
-19098
-17199
-15631
-14210
-13562
-12077
-9755
-7576
-5856
-4864
-4579
-4575
-2718
-1033
-15
-17
-586
-649
-131
333
705
554
-277
-1438
-1586
-1331
-1186
-1935
-2759
-3025
-3660
-3742
-3671
-3522
-4097
-4199
-3336
-3364
-3356
-2785
-1986
-1335
58
316
536
2358
3376
4807
5681
6907
8405
9060
10420
11810
13151
14751
15288
15449
17334
18481
19287
19892
20799
21328
21348
21624
22565
23456
22522
22279
21396
22162
22923
22091
20086
19891
20629
19966
19352
17852
17693
15555
14962
14591
13722
12467
9935
8135
6023
3432
2573
3182
617
-4908
-9011
-9059
-8376
-10570
-14599
-17795
-20056
-21309
-22173
-23527
-24271
-26948
-29280
-30501
-29729
-29211
-30308
-31127
-30984
-30805
-31616
-30158
-28050
-26649
-27053
-27369
-25380
-22979
-20979
-19857
-18502
-17662
-16609
-14833
-12346
-10460
-10230
-9609
-9061
-7472
-5406
-5169
-5021
-4393
-4013
-3990
-3841
-2877
-2127
-2769
-3996
-3793
-3121
-2889
-3038
-3483
-3702
-4542
-4076
-3253
-2992
-3589
-3808
-3132
-2586
-1957
-1477
-761
-389
662
1527
2080
3538
5038
5740
6361
7627
8977
10438
11713
12678
13445
14458
15838
17217
18039
19163
19558
20615
21690
22090
22922
24009
24478
23334
23781
24542
25839
25343
23951
23549
23450
24791
24858
23356
22015
22278
21938
20989
19883
18995
18739
17666
15974
13907
11587
10257
9898
9280
6649
1779
-1226
-1240
-953
-3411
-7636
-11082
-12619
-13182
-14800
-16268
-18439
-20429
-22281
-23239
-23076
-23516
-24457
-25297
-25241
-25629
-25705
-24853
-23312
-22325
-22768
-22579
-21241
-18888
-17120
-16328
-15486
-14576
-13356
-11468
-9335
-8030
-7717
-7347
-6378
-4701
-3280
-2999
-2719
-2264
-1917
-1944
-1429
-659
-403
-1117
-1889
-1634
-1326
-1188
-1581
-2013
-2411
-2832
-3200
-2563
-2104
-2540
-3254
-3576
-2950
-2345
-1601
-1367
-1515
-1118
-764
55
1478
2720
2898
2891
3870
5400
6736
7652
8432
8703
9723
10992
12040
13200
13899
14072
15209
16058
16244
17156
18381
18598
18296
18236
18537
19424
19689
19524
18291
18134
18744
19026
18170
17762
17182
16769
16411
16901
15309
13526
13289
13599
12876
11318
9423
7351
6719
5794
4506
3220
1117
-2063
-4424
-4637
-5314
-7543
-10421
-12679
-14115
-14858
-16181
-17628
-18665
-20019
-21846
-22516
-22228
-22259
-22918
-23572
-23532
-23664
-23293
-22384
-21304
-20745
-20630
-20211
-18938
-16955
-15649
-14808
-14083
-12864
-11726
-10156
-8531
-7779
-7192
-6225
-5200
-4533
-3482
-2929
-2507
-2066
-2049
-1931
-1312
-701
-1053
-1411
-1443
-1423
-1362
-1353
-1358
-1758
-2078
-2360
-2413
-1859
-1667
-1897
-2179
-1973
-1795
-1136
-413
14
121
255
1193
2140
3113
3762
4154
4599
5723
7100
8088
8487
9079
9746
10770
12212
13154
13368
13808
14242
15178
16866
17240
17225
17146
17158
18037
18988
19156
18402
17940
17922
18562
18667
18718
17769
17149
17534
17008
16951
17027
16478
15059
13965
13630
13807
13465
11864
9843
8818
7594
5854
5152
4918
3050
-617
-2930
-3398
-3246
-4959
-7640
-9912
-11377
-12362
-13213
-13976
-15000
-16483
-18533
-19072
-18594
-18699
-19435
-19948
-19872
-20241
-20226
-19524
-18271
-17454
-17559
-17837
-16657
-14751
-13778
-12830
-12009
-11472
-10763
-9398
-7721
-6510
-6342
-6448
-5401
-3905
-3221
-3381
-2998
-2249
-1934
-2251
-2262
-1548
-1053
-1438
-2240
-2292
-1791
-1945
-2159
-1972
-2440
-3069
-3012
-2442
-2154
-2630
-2968
-2787
-2030
-1613
-1581
-1442
-699
-228
-40
916
1718
2347
2496
3051
4083
4972
5717
6156
6917
7916
8523
8841
9956
10847
11100
11792
12512
12922
13282
13678
14531
15020
15030
14744
14647
15358
16124
15591
15214
15013
14637
14983
15177
15006
14473
13764
13606
13861
13921
13476
11981
10817
11019
11546
10937
9347
7111
6236
6268
5483
4238
2642
1480
-475
-2283
-2667
-3065
-4852
-6767
-8448
-9826
-10225
-11112
-12103
-12859
-14297
-15636
-16165
-15704
-15615
-16447
-17066
-17199
-17104
-16521
-15977
-15479
-14933
-14922
-14748
-13386
-12029
-11089
-10578
-10019
-9087
-8228
-7045
-5834
-5195
-5067
-4469
-3792
-2799
-1908
-1909
-1754
-1630
-1250
-992
-553
-297
-413
-923
-1047
-741
-472
-434
-1051
-1385
-1332
-1206
-1219
-1162
-1193
-1586
-1605
-1199
-734
-665
-626
-525
-175
493
963
1212
1790
2329
2488
2831
3863
4675
5066
5221
5654
6453
7124
7704
8145
8908
9146
9133
9707
10631
11399
11363
10843
10900
11857
12366
12259
11596
11741
11942
11695
11577
11681
11428
10977
10640
10496
10283
9942
9864
9702
9238
8581
8037
7601
7800
7193
6092
5719
5023
4648
3682
2224
1639
1332
36
-1223
-2111
-3323
-4464
-5448
-6154
-7297
-8677
-9666
-10664
-11296
-11914
-12986
-13761
-14244
-14924
-15273
-15565
-15825
-15834
-16074
-16284
-15897
-15569
-15331
-14992
-14439
-13877
-13571
-12874
-11860
-11088
-10582
-9953
-9177
-8340
-7735
-7281
-6496
-5736
-5014
-4768
-4769
-4116
-3331
-2985
-2966
-2865
-2687
-2401
-2161
-1997
-1914
-2154
-2297
-2003
-1674
-1833
-1918
-1851
-1823
-1677
-1455
-1451
-1355
-939
-746
-630
-251
92
299
860
1374
1726
2065
2357
2935
3591
4231
4544
4924
5513
6126
6727
7143
7474
7992
8833
9079
9251
9524
10112
10687
10978
10913
10926
11206
11307
11664
11779
11637
11352
11125
11121
11213
11157
10938
10410
10168
9972
9703
9823
9877
9212
8646
8188
8533
8346
7488
6806
6395
6328
5901
4794
3546
3313
2739
1540
572
-43
-1169
-2741
-3671
-4192
-4997
-6380
-7679
-8595
-9039
-10032
-11078
-11462
-11996
-12895
-13471
-13646
-13760
-13896
-14270
-14327
-14156
-13903
-13784
-13478
-12738
-12368
-12236
-11585
-10581
-9874
-9299
-8853
-8049
-7400
-6844
-6093
-5427
-5134
-4792
-4050
-3475
-3214
-3226
-2772
-2281
-1959
-1919
-1932
-1812
-1463
-1217
-1366
-1401
-1256
-1156
-1181
-974
-871
-1007
-937
-560
-405
-439
-349
-66
457
563
641
1009
1613
1940
2236
2545
2876
3418
3949
4325
4649
5147
5418
5673
6222
6925
7176
7365
7690
8064
8592
8888
9017
9268
9464
9740
10133
10035
10184
10339
10534
10336
10302
10466
10608
10390
9892
9859
9867
9903
9661
9287
8903
8524
8643
9015
8118
7297
6876
7284
7570
6626
5132
4710
4940
5123
4364
2586
1845
1667
1304
687
-467
-1740
-2512
-2847
-3545
-4501
-5666
-6377
-7012
-7503
-8284
-9326
-9713
-10005
-10562
-11079
-11495
-12005
-11836
-11923
-12217
-12270
-12256
-12086
-11836
-11519
-11237
-11136
-10801
-10104
-9647
-9248
-8907
-8601
-7987
-7411
-6901
-6462
-6310
-5897
-5375
-4959
-4549
-4282
-4165
-3888
-3596
-3299
-2948
-2878
-2784
-2573
-2374
-2287
-2063
-1836
-1713
-1669
-1500
-1237
-1093
-798
-701
-640
-431
-111
118
405
608
822
1062
1351
1819
2145
2370
2600
2903
3310
3755
4110
4277
4551
4919
5240
5592
5901
6113
6288
6491
6807
7245
7336
7250
7246
7694
7902
7773
7749
7911
7944
7719
7739
7807
7874
7679
7443
7170
7340
7278
7000
6901
6665
6326
6255
6397
6045
5552
5203
5128
5224
5097
4571
3947
3686
3285
2983
2895
2576
1661
774
522
258
-237
-1046
-1785
-2469
-3009
-3638
-4369
-4809
-5326
-6244
-6892
-7220
-7727
-8252
-8619
-9071
-9441
-9796
-10186
-10271
-10168
-10356
-10725
-10691
-10494
-10477
-10248
-9948
-9998
-9897
-9430
-9044
-8730
-8423
-8197
-7895
-7403
-6931
-6590
-6221
-5807
-5544
-5236
-4756
-4317
-3983
-3700
-3487
-3266
-2837
-2443
-2231
-1907
-1726
-1616
-1260
-838
-726
-594
-280
-42
59
392
707
830
1012
1272
1502
1752
2136
2292
2522
2803
3063
3361
3729
3995
4146
4289
4494
4918
5311
5416
5509
5677
5905
6289
6622
6761
6703
6869
7124
7298
7493
7789
7714
7438
7514
7778
7974
7825
7821
7526
7447
7398
7456
7608
7504
7005
6614
6759
6862
6840
6410
6069
5846
5776
5540
5171
5266
5307
4571
3839
3541
3682
3472
3097
2520
1839
1120
761
747
413
-413
-1388
-2030
-2194
-2497
-3231
-3910
-4368
-5020
-5573
-5934
-6156
-6546
-7181
-7588
-7821
-7957
-8151
-8323
-8249
-8541
-8798
-8647
-8324
-8190
-8136
-8115
-8059
-7783
-7380
-7030
-6883
-6730
-6572
-6328
-5896
-5450
-5232
-5161
-4911
-4598
-4305
-4057
-3751
-3516
-3433
-3295
-2922
-2629
-2428
-2260
-2113
-1916
-1795
-1470
-1119
-1016
-931
-703
-511
-280
98
277
355
513
824
1013
1243
1566
1711
1784
1958
2280
2519
2712
2871
3058
3245
3401
3590
3873
4134
4313
4338
4385
4668
5100
5324
5259
5244
5409
5679
5854
6029
5937
5831
5931
6068
6211
6140
5960
5916
5953
6027
5895
5694
5665
5608
5516
5287
5204
5146
5029
4588
4317
4511
4310
3972
3800
3895
3547
3275
3092
2911
2752
2449
2324
1861
1614
1279
989
754
386
-189
-787
-898
-1049
-1607
-2140
-2535
-2971
-3226
-3476
-3844
-4246
-4597
-4922
-5061
-5142
-5453
-5751
-5786
-5876
-6069
-5964
-6005
-6070
-5955
-5897
-5869
-5724
-5504
-5509
-5420
-5206
-5070
-4930
-4773
-4624
-4538
-4471
-4319
-4070
-3922
-3938
-3924
-3757
-3608
-3473
-3313
-3262
-3251
-3102
-2869
-2749
-2649
-2524
-2423
-2319
-1982
-1766
-1725
-1491
-1284
-1129
-872
-496
-288
-163
100
400
702
1001
1210
1421
1675
1922
2180
2499
2666
2841
3131
3367
3533
3765
4000
4074
4271
4469
4606
4669
4860
5066
5081
5118
5115
5254
5316
5473
5335
5251
5259
5323
5261
5097
5167
4992
4929
4756
4666
4494
4391
4387
4064
3755
3641
3760
3663
3140
2732
2661
2902
2837
2251
1788
1477
1709
1536
1395
902
351
23
83
229
-308
-884
-1451
-1436
-1521
-1948
-2412
-2740
-3004
-3537
-3665
-3932
-4287
-4670
-4962
-5206
-5497
-5774
-5990
-6085
-6317
-6606
-6836
-6790
-6829
-6980
-7146
-7221
-7165
-7191
-7135
-7071
-7100
-7139
-7040
-6870
-6726
-6686
-6605
-6487
-6268
-6137
-6014
-5791
-5645
-5444
-5231
-5040
-4776
-4515
-4271
-3984
-3687
-3429
-3124
-2738
-2409
-2148
-1851
-1469
-1070
-658
-345
-24
359
685
1064
1430
1800
2097
2442
2797
3105
3431
3746
4034
4337
4591
4830
5104
5322
5573
5774
5974
6075
6190
6385
6553
6703
6781
6851
6826
6934
7073
7083
7033
6995
6966
6846
6954
6832
6624
6505
6479
6264
6159
6093
5876
5622
5494
5337
5146
5058
4768
4404
4324
4312
4017
3702
3581
3432
2991
2857
2751
2608
2291
1886
1573
1536
1353
938
734
570
149
-297
-357
-516
-858
-1242
-1525
-1908
-2110
-2284
-2564
-2765
-3083
-3528
-3787
-3651
-3898
-4235
-4514
-4726
-4871
-4911
-4964
-5127
-5342
-5522
-5540
-5486
-5411
-5593
-5757
-5799
-5728
-5681
-5643
-5646
-5709
-5705
-5670
-5502
-5336
-5296
-5329
-5230
-5041
-4892
-4721
-4548
-4471
-4368
-4161
-3911
-3664
-3466
-3321
-3148
-2880
-2596
-2369
-2074
-1883
-1689
-1408
-1089
-789
-551
-327
-95
176
487
742
965
1177
1383
1595
1885
2174
2351
2542
2757
2982
3178
3414
3545
3667
3810
3974
4114
4237
4318
4381
4474
4572
4671
4700
4691
4661
4778
4864
4856
4732
4664
4602
4637
4683
4510
4359
4204
4182
4079
4059
3858
3634
3534
3456
3308
3159
3023
2832
2618
2492
2334
2128
2029
1860
1613
1406
1361
1071
917
727
721
334
64
95
-35
-346
-626
-773
-661
-1016
-1242
-1589
-1609
-1510
-1909
-1900
-2354
-2258
-2614
-2383
-2464
-2761
-3083
-3147
-2874
-3057
-3035
-3434
-3382
-3440
-3359
-3381
-3415
-3534
-3735
-3559
-3408
-3513
-3683
-3597
-3662
-3550
-3578
-3511
-3653
-3631
-3511
-3594
-3389
-3372
-3378
-3395
-3190
-3124
-3138
-2964
-2811
-2806
-2714
-2557
-2510
-2326
-2208
-2099
-2016
-1823
-1678
-1539
-1299
-1166
-1098
-935
-693
-523
-372
-215
-74
79
261
431
614
797
889
995
1232
1429
1581
1730
1892
1978
2134
2370
2499
2597
2684
2768
2857
3021
3166
3172
3188
3231
3327
3403
3490
3510
3466
3428
3460
3540
3503
3474
3337
3289
3198
3229
3227
3087
2922
2833
2800
2744
2677
2542
2344
2238
2236
2191
1952
1792
1676
1539
1478
1319
1213
972
831
750
735
628
384
131
87
229
69
-288
-519
-420
-530
-613
-804
-922
-1116
-1101
-991
-1164
-1313
-1500
-1399
-1339
-1337
-1546
-1697
-1630
-1638
-1629
-1696
-1785
-1955
-1920
-1804
-1830
-1917
-2059
-2080
-2048
-1908
-2035
-2149
-2153
-2136
-2195
-2164
-2120
-2263
-2257
-2251
-2209
-2239
-2206
-2178
-2187
-2064
-2098
-2134
-2067
-1925
-1926
-1925
-1834
-1807
-1748
-1630
-1561
-1558
-1486
-1412
-1295
-1161
-1072
-1067
-990
-832
-736
-634
-542
-480
-446
-288
-146
-67
26
104
176
295
474
580
686
760
816
924
1104
1213
1254
1341
1422
1503
1588
1701
1732
1824
1892
1941
1968
2045
2113
2102
2150
2146
2160
2163
2162
2163
2125
2133
2041
2087
2015
1957
1886
1873
1847
1768
1762
1652
1638
1450
1492
1439
1355
1276
1104
1058
1068
993
893
861
779
656
638
646
538
410
315
261
226
188
87
-4
-161
-244
-303
-309
-309
-486
-562
-648
-606
-685
-766
-765
-802
-886
-1014
-994
-992
-1060
-1118
-1096
-1124
-1233
-1235
-1191
-1175
-1212
-1236
-1271
-1270
-1224
-1267
-1277
-1294
-1276
-1274
-1208
-1184
-1214
-1295
-1261
-1173
-1177
-1173
-1159
-1155
-1189
-1094
-982
-978
-977
-988
-961
-870
-815
-756
-752
-731
-660
-591
-534
-471
-459
-484
-402
-316
-250
-205
-158
-128
-77
-3
90
147
152
192
220
329
357
471
464
504
538
523
800
639
918
681
929
785
967
979
925
1146
933
1207
1017
1255
1006
1150
1238
1109
1192
1175
1151
1101
1173
1143
1104
1150
1117
1122
1099
1038
1109
1044
1106
995
985
898
917
945
848
894
621
752
569
697
633
522
395
342
414
359
421
266
159
52
56
138
81
-116
-77
-253
-274
-71
-276
-272
-360
-510
-431
-265
-338
-530
-551
-674
-525
-482
-535
-595
-782
-766
-721
-582
-641
-802
-833
-839
-829
-722
-757
-836
-841
-911
-832
-728
-817
-832
-847
-924
-830
-783
-735
-796
-803
-847
-719
-606
-646
-738
-730
-692
-627
-574
-580
-544
-834
-897
-572
-440
-549
-1024
-979
-727
-565
-392
-654
-835
-962
-654
-198
-172
-591
-766
-602
-229
2
-210
-271
-445
-363
20
225
162
-74
-172
159
360
507
401
295
300
400
594
690
646
463
457
661
771
722
793
720
727
814
934
980
922
878
801
914
986
927
941
876
798
848
831
901
827
798
781
797
748
805
756
683
693
585
630
562
569
440
376
399
361
364
332
282
279
202
218
251
156
152
51
84
11
41
35
-98
-78
-201
-135
-121
-173
-224
-258
-314
-280
-311
-332
-439
-407
-432
-430
-403
-499
-489
-498
-468
-526
-471
-522
-534
-513
-524
-472
-494
-455
-528
-440
-477
-440
-396
-505
-330
-425
-345
-341
-354
-323
-309
-266
-269
-234
-269
-246
-130
-163
-132
-131
-181
-63
-108
-42
-31
-91
-53
-46
38
3
25
35
63
102
114
100
133
144
119
170
178
133
111
124
154
117
120
141
76
117
94
112
76
74
121
58
83
116
42
36
26
8
-39
-4
-29
-78
-53
-76
-106
-67
-99
-123
-79
-81
-68
-103
-73
-114
-145
-101
-174
-179
-162
-183
-129
-163
-150
-179
-177
-151
-160
-137
-227
-160
-176
-160
-149
-170
-235
-248
-198
-192
-189
-267
-256
-270
-245
-222
-266
-314
-305
-276
-241
-250
-282
-301
-308
-275
-254
-287
-298
-347
-348
-304
-272
-260
-368
-346
-313
-318
-271
-257
-255
-286
-272
-191
-188
-233
-220
-207
-169
-155
-152
-169
-158
-126
-162
-110
-72
-118
-60
-61
-80
-91
-110
-22
-69
-71
-63
-101
-111
-101
-82
-62
-103
-89
-32
-24
-48
-15
-23
-23
-46
-16
10
-56
-17
-39
-59
-26
-16
8
22
55
49
47
90
89
59
82
49
67
87
41
25
11
16
-2
1
-13
2
-15
-43
-7
-14
12
44
-26
-25
-28
-38
-29
-41
-73
-132
-112
-75
-82
-74
-151
-175
-139
-148
-122
-138
-193
-188
-207
-181
-169
-193
-208
-227
-204
-201
-195
-177
-166
-210
-183
-168
-174
-128
-141
-132
-140
-126
-64
-68
-75
-85
-93
-68
-37
-46
-65
-62
-70
-41
-44
-68
-81
-95
-59
-51
-72
-81
-95
-55
-49
-58
-53
-101
-73
-85
-72
-56
-97
-62
-58
-38
-38
-54
-36
0
-5
-3
0
-25
-1
-12
48
30
-6
20
13
56
34
30
41
22
53
65
56
26
-9
48
20
50
62
20
50
52
70
49
45
24
-14
0
17
25
-2
-15
-66
-95
-57
-69
-70
-109
-141
-179
-184
-140
-188
-200
-232
-238
-228
-228
-183
-241
-273
-313
-272
-274
-266
-269
-333
-301
-310
-274
-257
-262
-266
-298
-288
-287
-259
-254
-295
-298
-299
-300
-286
-306
-331
-322
-322
-317
-312
-349
-353
-360
-363
-349
-381
-389
-431
-428
-402
-424
-419
-440
-433
-414
-391
-386
-391
-367
-378
-324
-310
-300
-294
-296
-255
-242
-213
-211
-225
-186
-179
-150
-160
-161
-125
-132
-86
-92
-99
-46
-42
3
29
41
69
72
109
113
104
117
134
147
147
169
181
194
232
280
294
315
344
397
421
443
462
462
487
489
522
512
514
566
574
602
613
596
621
636
682
687
676
679
675
678
660
629
593
565
564
593
553
529
508
494
502
489
461
416
411
394
384
374
310
262
236
225
201
176
144
121
89
55
57
13
7
-20
-59
-69
-119
-145
-186
-197
-224
-267
-289
-318
-326
-347
-359
-365
-382
-406
-409
-430
-443
-447
-471
-467
-480
-485
-504
-503
-452
-461
-470
-479
-483
-489
-482
-480
-473
-463
-456
-439
-460
-460
-433
-394
-348
-317
-294
-273
-228
-178
-148
-117
-91
-84
-39
-3
26
49
59
103
120
162
228
260
291
327
368
401
446
499
521
557
588
599
649
671
677
711
720
761
796
823
856
878
912
952
993
1008
1017
1031
1049
1072
1092
1104
1122
1126
1120
1132
1139
1150
1182
1178
1183
1196
1186
1193
1200
1185
1155
1142
1138
1131
1125
1073
1041
1023
1008
1030
1012
1015
999
953
939
924
924
911
899
876
851
802
771
729
690
673
634
595
573
539
519
491
448
437
395
378
330
294
248
209
196
145
116
76
26
-13
-67
-87
-132
-159
-139
-169
-209
-232
-295
-297
-331
-343
-358
-408
-431
-484
-509
-529
-558
-568
-582
-594
-615
-645
-644
-653
-665
-662
-675
-681
-674
-678
-670
-677
-681
-674
-671
-647
-637
-635
-627
-623
-599
-590
-576
-571
-564
-557
-528
-531
-534
-525
-528
-499
-493
-449
-439
-420
-387
-380
-359
-351
-338
-326
-310
-294
-283
-297
-284
-276
-262
-235
-240
-226
-211
-213
-194
-202
-191
-202
-193
-186
-178
-158
-164
-158
-169
-163
-165
-164
-155
-154
-152
-164
-161
-186
-184
-186
-220
-210
-226
-224
-242
-250
-243
-270
-255
-261
-270
-266
-295
-304
-309
-312
-294
-277
-283
-271
-281
-286
-267
-272
-261
-259
-249
-244
-270
-257
-242
-233
-222
-204
-200
-217
-221
-217
-204
-206
-185
-165
-179
-165
-149
-160
-159
-178
-177
-154
-133
-140
-128
-140
-162
-144
-152
-140
-129
-124
-131
-146
-139
-168
-162
-166
-165
-152
-155
-159
-186
-181
-191
-195
-195
-217
-242
-248
-260
-253
-219
-214
-216
-228
-236
-257
-291
-271
-249
-238
-215
-226
-231
-245
-249
-237
-241
-235
-239
-251
-240
-232
-231
-212
-223
-223
-232
-212
-216
-218
-219
-240
-246
-256
-272
-282
-290
-303
-316
-315
-321
-321
-339
-345
-360
-383
-388
-411
-403
-396
-403
-413
-421
-421
-412
-419
-424
-435
-426
-410
-410
-388
-388
-372
-352
-347
-334
-335
-319
-307
-307
-286
-254
-229
-194
-172
-143
-114
-85
-52
-32
4
45
62
89
97
132
162
204
251
254
288
300
305
343
350
385
419
446
477
500
521
563
607
647
676
685
708
717
746
773
800
817
867
892
916
933
943
982
987
1007
1021
1039
1051
1068
1073
1093
1112
1121
1137
1130
1138
1132
1134
1146
1152
1138
1114
1094
1083
1078
1073
1069
1072
1050
1034
1009
986
966
952
922
898
888
873
844
806
788
734
729
700
686
678
651
636
593
553
513
473
438
406
375
314
273
236
218
165
130
101
55
27
-4
-48
-87
-134
-165
-191
-209
-233
-266
-303
