1.00000000000000000000e+000
0.00000000000000000000e+000
0.00000000000000000000e+000
0.00000000000000000000e+000
0.00000000000000000000e+000
8.25371340218643110000e-001
1.74628659781357050000e-001
0.00000000000000000000e+000
0.00000000000000000000e+000
0.00000000000000000000e+000
0.00000000000000000000e+000
8.09658263173291260000e-001
1.90341736826708740000e-001
0.00000000000000000000e+000
0.00000000000000000000e+000
0.00000000000000000000e+000
0.00000000000000000000e+000
8.01958882819238330000e-001
1.98041117180761780000e-001
0.00000000000000000000e+000
0.00000000000000000000e+000
0.00000000000000000000e+000
0.00000000000000000000e+000
8.77170448984087030000e-001
1.22829551015913020000e-001
0.00000000000000000000e+000
0.00000000000000000000e+000
0.00000000000000000000e+000
0.00000000000000000000e+000
1.00000000000000000000e+000
6.23063223073039990000e-002
5.13117335182036870000e-002
3.42150936232646250000e-001
6.32250652471990910000e-002
4.07023927621321530000e-003
3.64116525815132010000e-002
1.75645312388333530000e-001
9.18100792158429440000e-002
2.00000000000000000000e-002
8.54266738645642010000e-032
1.48054613744970300000e-007
4.87909120060515020000e-010
4.71707668932759700000e-002
1.00000000000000030000e-079
1.00000000000000030000e-079
1.00000000000000030000e-079
2.00029936434250500000e-002
5.60000774627381940000e-003
2.00000000268365020000e-002
1.17553344072410470000e-003
1.41664714728121960000e-004
3.76082978568063730000e-004
6.54313676275024150000e-016
1.00000000000000030000e-079
1.00001566468928240000e-002
9.50000000000000330000e-080
1.99161927340048530000e-002
9.50000000000000330000e-080
2.86851118654911750000e-002
9.50000000000000330000e-080
1.00000000000000030000e-079
1.00000000000000030000e-079
2.03672049376336960000e-001
2.01314485905480720000e-002
1.01551684927233920000e-001
5.82595197526180470000e-002
4.78586929017952440000e-002
4.97587951834269350000e-002
2.39688447937120710000e-001
4.69470977327319170000e-002
2.41459658849288510000e-002
2.00091929420459560000e-013
3.16449336202192180000e-004
1.76547998093673090000e-005
5.76501263994513080000e-002
1.00000000000000030000e-079
1.00000000000000030000e-079
1.00000000000000030000e-079
1.23601428237207070000e-002
1.64130202696444910000e-002
6.70176192295104830000e-006
1.44260497328696360000e-002
2.93666634193213530000e-002
1.18387414521065600000e-002
2.29418224480312640000e-007
1.00000000000000030000e-079
4.90875553498455050000e-002
3.78215258545768470000e-011
1.11794456349027450000e-003
9.52320938632985930000e-007
2.88699405565639960000e-003
1.21743079373499530000e-002
3.22764034683931740000e-004
1.00000000000000030000e-079
1.04577225838912010000e-001
1.48381842127614900000e-002
4.91139437923033240000e-003
4.12044500346385250000e-002
2.34443776447301050000e-002
2.19077147228392000000e-002
1.59300915607018640000e-001
1.50247364753405670000e-001
2.93004143906285330000e-010
2.80626729085566300000e-002
1.05739903539361390000e-002
3.25426405895360500000e-002
7.19301550815080880000e-002
1.00000000000000030000e-079
1.00000000000000030000e-079
1.00000000000000030000e-079
2.31975097771113040000e-002
4.21873633367425700000e-002
3.36521555315463100000e-003
9.69276102029756160000e-003
1.00276462377783590000e-002
1.61160269953670790000e-002
7.29546365654605960000e-004
1.00000000000000030000e-079
6.28422531651718630000e-002
1.35474759138168620000e-002
5.91159578981865220000e-002
7.29236160361866060000e-002
1.98840373942698760000e-006
1.05388725820259220000e-002
1.21726802946897970000e-002
1.00000000000000030000e-079
2.03303157909675120000e-002
1.66160891801077380000e-010
1.08784870094677280000e-004
9.32288781276753670000e-037
3.07279363643913330000e-025
2.01586498752494990000e-003
1.45157557386226300000e-002
2.67016753669176780000e-002
1.18262584347717150000e-001
1.62256506607799110000e-001
5.41876385891485670000e-002
1.31447240202297670000e-001
5.08634700395617020000e-003
5.60047753681931940000e-003
1.00000000000000030000e-079
1.00000000000000030000e-079
1.94792940575981390000e-002
2.38484877792165050000e-002
1.07789644212776040000e-001
2.43557907779006970000e-002
4.22203953967592150000e-003
5.27913704575841210000e-002
2.02824825416853470000e-002
1.00000000000000030000e-079
1.27747068960734310000e-002
3.64381989312459880000e-012
4.34419185649591590000e-002
5.36906977931469670000e-002
2.74081262383702140000e-012
5.07577481847394720000e-002
4.17931450814266400000e-002
4.25948289880662310000e-003
1.77209101955028950000e-001
1.67038813904288560000e-002
8.03572578167677860000e-010
9.50000000000000330000e-080
1.21418073360552410000e-072
2.44286178896229410000e-002
7.14932898411115150000e-002
3.29381871422956970000e-002
1.45012166064674040000e-001
1.96506104844045080000e-002
2.40021718743976320000e-001
5.62185753051523820000e-002
2.13660500915283000000e-002
7.09472255050905970000e-003
1.00000000000000030000e-079
1.00000000000000030000e-079
5.71459741281171020000e-002
5.14298810609515530000e-002
3.89437364194774020000e-003
7.46793459604016950000e-006
2.26344511297446800000e-002
1.18575791675179790000e-003
6.57277141275248830000e-004
1.00000000000000030000e-079
1.40468722919951830000e-002
3.11686580139881530000e-003
1.60005055676520380000e-002
1.24814451274569120000e-002
1.00000000000000030000e-079
5.26220599580773910000e-003
8.49150243467979620000e-030
9.50000000000000330000e-080
