1.00000000000000000000e+000
0.00000000000000000000e+000
0.00000000000000000000e+000
0.00000000000000000000e+000
0.00000000000000000000e+000
7.31937482012034570000e-001
2.68062517987965430000e-001
0.00000000000000000000e+000
0.00000000000000000000e+000
0.00000000000000000000e+000
0.00000000000000000000e+000
8.17805057371590370000e-001
1.82194942628409800000e-001
0.00000000000000000000e+000
0.00000000000000000000e+000
0.00000000000000000000e+000
0.00000000000000000000e+000
7.81286316463762790000e-001
2.18713683536237160000e-001
0.00000000000000000000e+000
0.00000000000000000000e+000
0.00000000000000000000e+000
0.00000000000000000000e+000
8.23864612879156910000e-001
1.76135387120842900000e-001
0.00000000000000000000e+000
0.00000000000000000000e+000
0.00000000000000000000e+000
0.00000000000000000000e+000
1.00000000000000000000e+000
1.79135630806809800000e-001
1.00000000000000030000e-079
1.00000000000000030000e-079
1.61022217580769810000e-004
4.04413096634767680000e-002
3.02021491797606520000e-002
4.60300831539467370000e-002
1.73914446945513950000e-002
7.83954715702663870000e-003
1.00000000000000030000e-079
7.83954715702682440000e-003
6.86940777338435090000e-010
1.28190870712361790000e-001
1.92001897289102160000e-002
2.27840542419367050000e-012
3.23237661891042780000e-007
3.76570977307663650000e-002
5.00000041970448220000e-003
7.71755035682727690000e-002
5.09308794377559410000e-002
1.49171402873035370000e-040
8.07441268576541570000e-006
8.19766677209031320000e-002
5.31696632488680610000e-003
1.94616998933099080000e-001
5.14434096679082400000e-045
4.23029890781224800000e-002
1.00000000000000030000e-079
2.85827039754704690000e-002
1.00000000000000030000e-079
1.00000000000000030000e-079
1.00000000000000030000e-079
7.75438223553388540000e-002
1.00000000000000030000e-079
1.00000000000000030000e-079
5.98801666148084200000e-003
8.32758005747150920000e-002
1.30179842161172740000e-042
4.34022358606857840000e-002
2.73404810045855300000e-004
2.12343166850990090000e-016
1.00000000000000030000e-079
1.00000000000000030000e-079
1.25471860046197840000e-002
4.17193070168360780000e-002
2.05019167650988220000e-003
2.70145754453660860000e-007
1.54462969892986740000e-004
7.75450646111673770000e-002
2.90639240199094850000e-024
8.79192180116401130000e-002
5.36480208728805220000e-002
6.24999960153088590000e-003
5.69986327274928720000e-002
8.09569852686512350000e-002
1.51335140533818320000e-003
3.34471769451710310000e-001
5.96577310894473900000e-027
1.31621806829984030000e-002
1.00000000000000030000e-079
2.05800792907103490000e-002
1.00000000000000030000e-079
1.00000000000000030000e-079
1.00000000000000030000e-079
1.03213636531822870000e-001
1.00000000000000030000e-079
1.00000000000000030000e-079
2.12954298343579170000e-002
5.58373776999224950000e-002
4.38979174105932840000e-026
1.24650368383444260000e-002
1.48456899713976330000e-002
1.00000000000000030000e-079
1.00000000000000030000e-079
1.00000000000000030000e-079
8.81496371061550600000e-003
9.42018714575752200000e-002
7.21806412625704410000e-002
4.77007897358684450000e-003
1.64491136734723420000e-002
1.14505670314917240000e-002
9.18232078329155170000e-004
2.08881454775052290000e-001
5.05149986712041200000e-003
8.20963738217669710000e-017
1.82199112263236390000e-002
4.42459443146399140000e-002
5.74692473164133130000e-003
2.65318277750172920000e-001
8.54009280056872680000e-003
9.11903806932189490000e-003
9.97855482999827730000e-003
8.45566257167392790000e-003
1.00000000000000030000e-079
1.00000000000000030000e-079
1.00000000000000030000e-079
2.94652374098832160000e-004
1.00000000000000030000e-079
1.00000000000000030000e-079
3.59937801742050070000e-003
2.89706196801932380000e-002
2.83382016833708260000e-017
4.94327537457520810000e-003
1.28067376639664370000e-008
9.50000000000000330000e-080
1.00000000000000030000e-079
1.00000000000000030000e-079
3.82952377872240460000e-002
3.99359047675285350000e-002
3.71944867218741290000e-002
4.39940400745731440000e-002
9.63847961634054780000e-002
6.78623628270020600000e-002
9.07548699639842450000e-003
7.22232833813779010000e-002
3.03433784202985710000e-002
5.51884535433178200000e-002
9.10998409015428420000e-002
1.00691376156495570000e-001
3.06202474132264490000e-002
1.51447784492234810000e-001
9.63850226135082750000e-013
6.67994929728254190000e-002
9.61956585303355180000e-003
2.14163232736519180000e-002
1.00000000000000030000e-079
1.00000000000000030000e-079
1.00000000000000030000e-079
1.32419697219359310000e-001
6.91222001738350150000e-004
1.00000000000000030000e-079
2.27244842284487400000e-003
8.03668595769957560000e-002
3.17858528170015530000e-002
7.24185359659982600000e-002
9.82470123137675450000e-003
1.00000000000000030000e-079
1.00000000000000030000e-079
1.06383460168852370000e-003
1.12192641161247990000e-002
6.43901861005513330000e-002
1.33674119429781500000e-002
3.95161285787486090000e-002
3.05428572892522750000e-002
3.97399625982783130000e-002
1.37864487534751600000e-002
6.05159842626917940000e-002
1.43188926159931000000e-002
2.04330920243347490000e-002
4.88556169232147240000e-002
6.07148852921771470000e-002
1.68333125540410590000e-002
1.79576345289093360000e-001
1.82633229446963960000e-002
2.19086681754023100000e-002
2.67487679926823890000e-003
7.73268175933330800000e-003
4.07568814160344690000e-003
6.91222001738350150000e-004
1.00000000000000030000e-079
