105.604
50.2371
-6.65496
-63.547
-121.354
-179.924
-237.884
-301.335
-364.633
-422.898
-477.654
-529.36
-578.169
-624.536
-671.972
-718.187
-761.504
-803.754
-849.512
-889.016
-926.232
-962.076
-986.48
-1014.54
-1042.3
-1062.59
-1084.71
-1099.5
-1106.06
-1113.99
-1114.14
-1110.18
-1105.91
-1101.64
-1091.26
-1073.57
-1051.46
-1019.43
-985.26
-950.331
-916.776
-878.492
-842.343
-798.416
-746.099
-693.936
-636.738
-577.711
-517.768
-459.961
-400.629
-339.008
-277.083
-212.412
-149.877
-85.2057
-20.0772
45.8139
110.332
173.783
234.031
285.279
337.901
387.929
442.381
494.087
542.59
588.195
625.106
662.475
695.878
728.519
761.617
787.851
808.442
825.525
838.642
854.047
869.147
882.112
894.162
902.398
905.143
905.754
902.856
897.67
892.789
887.756
879.367
872.35
861.369
849.929
832.846
814.848
797.918
771.378
744.534
724.553
708.385
686.879
660.645
630.292
602.227
574.01
552.962
530.998
502.781
470.445
436.127
401.504
372.981
347.967
313.039
270.484
219.541
168.902
119.484
65.0321
8.44508
-48.447
-103.814
-158.418
-213.175
-274.643
-339.008
-397.426
-461.334
-518.989
-570.085
-618.435
-663.888
-709.951
-755.556
-802.686
-842.496
-880.932
-917.691
-948.653
-975.498
-1000.21
-1022.63
-1046.57
-1073.72
-1093.25
-1110.33
-1118.41
-1121.16
-1119.02
-1117.35
-1116.89
-1112.31
-1105.6
-1089.89
-1066.1
-1039.56
-1007.22
-969.855
-934.164
-892.524
-851.495
-810.008
-764.097
-717.577
-662.21
-602.878
-538.054
-477.349
-418.017
-356.244
-298.132
-233.766
-169.247
-102.136
-34.8722
33.9169
98.8928
157.92
214.66
271.857
331.647
393.115
450.312
502.628
552.047
594.754
637.919
680.016
716.317
749.567
780.377
810.273
838.032
862.589
881.197
890.959
895.534
906.669
917.956
930.158
940.224
943.122
940.834
929.548
920.854
911.55
901.94
896.144
884.247
872.045
858.013
843.523
824.457
800.816
779.157
757.499
727.909
704.42
682.151
657.442
637.003
608.023
582.399
557.08
532.981
514.068
490.426
461.141
426.213
389.607
359.864
329.817
299.006
262.705
218.015
171.953
122.382
72.9634
22.1724
-30.1439
-81.5451
-133.099
-186.178
-234.223
-291.573
-352.431
-411.916
-471.401
-524.48
-568.712
-607.911
-649.398
-694.241
-748.692
-802.381
-844.326
-877.882
-908.539
-939.502
-974.735
-1008.9
-1038.03
-1063.66
-1086.38
-1106.06
-1122.53
-1133.36
-1140.07
-1137.02
-1128.94
-1122.23
-1117.04
-1112.47
-1105.3
-1077.39
-1040.63
-1002.95
-966.804
-936.604
-902.133
-866.442
-819.007
-762.115
-702.477
-639.942
-577.559
-515.633
-453.098
-384.461
-319.943
-257.102
-187.398
-117.236
-48.752
20.9522
88.3685
153.039
215.88
277.348
336.528
394.488
453.82
512.237
565.316
616.565
663.39
701.674
739.196
772.446
807.375
839.862
868.842
891.264
908.041
921.921
933.666
947.393
957.002
964.018
969.204
968.137
960.815
957.155
952.731
940.682
932.903
919.938
902.703
889.586
869.147
842.608
817.136
794.105
769.853
747.279
722.57
696.641
670.101
638.986
603.753
570.655
542.895
518.491
490.426
465.412
442.228
417.214
391.895
363.677
334.24
308.158
282.229
252.029
218.015
181.409
144.04
104.536
64.1169
20.9522
-28.4661
-81.24
-133.556
-180.687
-224.004
-270.829
-325.891
-382.173
-435.862
-489.094
-535.766
-575.728
-615.232
-660.99
-703.85
-750.065
-797.806
-835.174
-870.408
-900.76
-930.198
-958.415
-989.835
-1020.49
-1049.32
-1070.06
-1084.71
-1096.3
-1102.4
-1108.5
-1110.33
-1103.62
-1095.99
-1089.43
-1080.44
-1066.4
-1047.34
-1019.43
-985.87
-948.806
-913.115
-879.559
-839.14
-793.687
-744.879
-694.241
-638.569
-577.711
-514.413
-450.657
-389.037
-328.027
-265.033
-197.77
-133.556
-65.6824
6.1572
70.3705
135.194
199.407
261.943
324.478
384.421
439.178
493.019
546.861
595.974
642.342
683.371
719.367
751.398
786.021
820.187
849.929
876.316
894.314
906.364
913.685
922.836
933.666
941.292
940.682
940.987
940.834
934.733
929.243
920.854
908.804
897.365
883.332
865.487
848.861
835.897
814.238
787.699
760.397
730.959
698.166
666.288
636.393
610.464
585.602
551.742
519.559
485.85
453.973
427.128
400.741
377.1
358.034
337.138
309.683
281.466
248.826
220.608
199.712
176.223
148.159
116.128
76.6241
33.0017
-9.55295
-52.1076
-91.9168
-136.149
-180.992
-226.597
-272.05
-322.383
-378.207
-430.981
-482.84
-522.649
-560.018
-597.692
-634.451
-678.225
-722.153
-765.165
-804.974
-839.14
-872.086
-900.76
-926.995
-950.789
-973.21
-997.462
-1022.17
-1043.83
-1055.73
-1063.2
-1066.1
-1066.86
-1067.01
-1066.1
-1061.83
-1053.29
-1039.71
-1019.27
-991.361
-959.025
-929.283
-900.455
-867.815
-830.904
-787.434
-740.608
-689.36
-633.078
-577.253
-520.209
-460.266
-400.476
-339.313
-277.083
-209.514
-137.369
-65.3773
0.513746
65.6422
128.483
189.341
247.453
301.599
360.017
417.366
474.716
529.168
577.976
618.243
656.222
691.913
725.316
757.194
791.512
823.39
845.658
865.792
880.129
890.501
900.263
910.939
920.549
926.955
925.734
920.091
911.855
903.618
896.755
887.603
872.808
856.03
840.32
823.847
804.171
783.123
761.312
731.874
703.199
674.83
650.121
623.886
594.906
564.554
530.693
499.73
470.445
443.143
418.129
392.657
371.761
353.306
335.918
318.987
296.719
265.603
236.776
212.677
196.814
177.901
147.854
120.704
86.3857
51.7624
15.0037
-27.0934
-67.9703
-108.085
-147.131
-183.28
-218.513
-256.95
-301.64
-351.668
-399.103
-441.963
-480.095
-513.345
-547.969
-582.744
-620.876
-663.736
-701.257
-733.745
-766.08
-798.263
-825.413
-853.477
-879.407
-898.625
-922.572
-945.45
-959.483
-972.6
-984.039
-985.412
-982.209
-984.955
-982.362
-977.786
-975.04
-962.686
-941.485
-917.843
-887.796
-862.476
-837.615
-810.313
-780.418
-736.185
-690.275
-642.84
-592.201
-542.173
-490.161
-436.32
-379.733
-322.688
-264.576
-207.074
-146.063
-79.4097
-15.959
47.4917
106.062
163.106
219.846
272.772
327.681
384.268
436.585
488.291
536.641
580.416
620.988
660.34
696.031
727.756
756.889
779.31
801.731
819.424
834.067
849.624
860.911
868.08
873.113
875.706
877.841
876.774
871.13
864.114
852.37
838.947
827.813
815.458
798.528
778.547
753.075
731.112
708.233
682.151
658.662
632.275
607.871
581.026
557.537
533.286
504.916
477.004
447.261
417.061
390.522
365.965
340.951
318.987
297.024
275.67
254.164
231.438
210.389
189.035
167.682
147.701
125.89
105.756
79.8271
50.5422
21.5623
-9.09537
-38.9904
-71.7834
-106.864
-139.962
-180.687
-218.208
-248.103
-281.659
-320.4
-356.854
-392.24
-427.016
-460.114
-491.687
-524.175
-555.9
-586.71
-619.503
-646.653
-677.768
-707.968
-733.745
-758.912
-779.503
-800.093
-820.532
-843.258
-855.46
-866.595
-876.661
-885.965
-890.694
-891.761
-891.914
-891.456
-889.168
-876.509
-866.442
-853.477
-830.904
-806.957
-781.485
-750.523
-722
-690.428
-655.042
-619.808
-578.779
-527.225
-477.502
-429.914
-378.513
-332.145
-282.879
-229.8
-172.298
-112.813
-52.7177
2.039
52.9826
106.824
164.021
218.32
272.009
325.546
372.981
417.366
461.904
500.493
538.014
578.586
608.939
635.936
665.068
689.472
708.08
729.129
748.5
761.007
775.649
782.665
784.801
789.682
789.529
786.478
785.563
780.225
770.006
756.889
742.704
731.112
715.707
699.081
682.914
663.848
647.223
628.004
604.668
579.501
555.25
530.388
508.119
487.223
461.751
436.737
412.181
384.573
355.136
329.664
306.48
284.974
265.756
246.233
228.235
213.44
196.509
181.104
168.139
153.192
133.669
115.061
96.6049
75.4038
57.4058
36.6623
14.0885
-11.6883
-38.9904
-67.8178
-94.0522
-121.659
-148.656
-179.161
-212.26
-244.9
-277.998
-309.113
-340.381
-370.581
-404.747
-433.879
-463.012
-491.839
-521.124
-547.511
-577.406
-605.623
-627.587
-651.381
-668.769
-690.122
-709.341
-726.729
-742.896
-756.776
-770.503
-778.892
-785.604
-788.044
-785.756
-786.519
-784.688
-780.723
-772.791
-763.03
-748.54
-728.254
-704.155
-682.344
-661.295
-637.044
-606.233
-572.83
-540.342
-505.871
-468.808
-427.473
-382.631
-336.11
-292.641
-247.188
-201.278
-155.062
-105.339
-56.5309
-6.96001
42.0007
91.114
132.143
180.342
227.319
267.586
310.903
351.933
385.946
418.129
453.057
483.41
516.05
544.878
567.604
587.738
607.108
625.869
641.732
658.052
669.644
674.677
678.795
677.728
677.423
680.473
677.728
676.66
671.169
660.95
648.443
633.648
621.751
610.006
595.516
580.721
563.486
544.573
526.727
508.424
490.274
468.005
444.516
423.467
401.199
381.065
361.237
336.68
313.039
290.16
268.501
251.571
237.996
222.134
208.864
194.679
179.731
164.784
148.769
133.516
121.162
110.942
97.9776
86.0806
64.422
41.5432
23.0875
4.93699
-10.3156
-29.5338
-59.5814
-87.7986
-118.609
-149.266
-172.755
-197.77
-226.444
-260
-295.996
-334.585
-369.056
-416.644
-461.792
-529.818
-590.828
-699.427
-786.519
-891.151
-1031.32
-2617.59
-4322.67
-2116.08
-35.4823
-1409.59
-3000.28
-3046.95
-2369.28
-2853.39
-1950.29
-191.058
-1341.71
-3233.03
-3629.14
-3474.02
-2836.16
-2534.46
-2784.45
-2804.89
-2721.46
-2321.23
-1824
-2308.27
-2318.33
-1659.42
-1046.88
137.482
-74.3764
-1353.46
-1714.48
-1003.56
-691.495
-221.106
714.029
-569.322
-1280.7
-555.9
-1023.24
-650.313
513.763
123.297
-679.903
-292.641
-83.5279
-363.412
342.019
341.561
-66.14
277.5
774.734
449.092
529.625
933.361
186.443
378.32
1112.27
1287.98
740.568
821.407
1348.99
719.977
922.531
1713.53
1321.39
1287.37
1704.68
1537.21
1137.75
1665.64
1900.22
1631.17
2180.26
1830.67
1650.38
2204.81
2377.47
1990.21
1941.25
2585.37
2455.11
2558.22
2550.74
2396.84
2340.1
2347.88
2753.6
2912.23
2851.98
2543.73
2212.14
1927.22
1994.02
2572.25
2243.4
1823.35
1654.04
1048.82
831.626
891.111
693.438
476.241
212.829
-331.687
-803.602
-1098.28
-1378.78
-1578.74
-1841.69
-1962.34
-2184.87
-2709.1
-3095.15
-3328.66
-3281.53
-3252.4
-3309.14
-3407.82
-3724.47
-4001.45
-4159.78
-3954.78
-3586.58
-3612.97
-3801.95
-3993.37
-4282.56
-4249.16
-3748.41
-3587.35
-3594.36
-3481.8
-3743.08
-3942.58
-3785.63
-3352
-3094.99
-2992.65
-2832.5
-3122.91
-3240.66
-3238.52
-2906.32
-2289.2
-2265.26
-2683.94
-2500.91
-2327.18
-2274.71
-1821.71
-1564.09
-1591.7
-1295.04
-1128.48
-1216.79
-1040.47
-397.426
-349.838
-316.13
397.843
181.867
279.636
954.714
1079.48
1188.69
1891.68
2276.5
2011.11
2607.02
2950.82
3083.97
3518.21
4033.9
4178.04
4116.88
4738.72
4938.68
4991.76
5000
4996.95
5000
4997.25
5000
4997.41
5000
4997.71
5000
4998.32
5000
4998.63
5000
4999.24
5000
4999.54
5000
4999.69
5000
4999.85
5000
4999.69
5000
4999.54
5000
4999.08
5000
4998.47
5000
4997.71
5000
4996.34
5000
4993.9
5000
4986.73
5000
4798.67
4156.38
3869.63
3598.9
3224.91
3001.46
2732.1
2446.11
1981.97
1438.98
1109.99
1066.52
1077.19
954.562
693.895
225.947
-231.02
-459.656
-317.045
-120.897
-278.303
-767.911
-1318.22
-1585.3
-1588.8
-1747.58
-2081.16
-2335.11
-2677.84
-3420.18
-3923.51
-4080.77
-4512.11
-4823.11
-4958.25
-4995.77
-4988.75
-4995.77
-4991.5
-4995.77
-4992.72
-4995.77
-4993.33
-4995.77
-4993.79
-4995.77
-4994.09
-4995.77
-4994.55
-4995.77
-4995.46
-4995.01
-4995.77
-4777.2
-4692.4
-4428.22
-3923.21
-3960.12
-3893.31
-3449.46
-2814.8
-2299.73
-2211.26
-1843.37
-1645.24
-1698.16
-1169.51
-415.729
-312.926
-251.154
-54.7005
-149.877
12.1057
592.923
713.266
574.468
797.46
1034.18
1121.27
1328.25
1282.19
1440.97
1836.31
2006.38
2094.54
2151.13
2323.94
2319.51
2235.47
2271.93
2474.79
2139.38
1386.82
1443.71
1797.72
1645.35
843.828
91.2665
-88.1037
-55.0056
-367.988
-912.2
-1195.29
-1584.69
-2243.6
-2745.1
-2603.56
-2449.2
-3064.79
-3720.65
-3597.26
-3275.13
-3567.67
-3942.58
-3837.49
-3501.78
-3358.41
-3441.38
-3353.07
-3156.61
-2997.53
-2838.29
-2503.65
-1975.15
-1760.55
-1999.56
-1905.14
-1215.88
-796.89
-829.989
-829.836
-649.093
-392.545
-364.175
-429.761
-284.557
-122.88
-295.996
-551.477
-569.475
-569.627
-695.766
-973.973
-1078.15
-1028.12
-1335.61
-1807.53
-1940.38
-1886.69
-1878.3
-2117.46
-2401.46
-2403.44
-2261.29
-2381.33
-2529.12
-2210.19
-1967.37
-2112.27
-2199.06
-1986.29
-1672.54
-1438.87
-1314.56
-1190.41
-944.383
-984.192
-890.084
-551.019
-392.697
-287.455
-136.607
23.3926
183.087
544.268
444.211
229.302
675.897
1156.81
970.424
1009.47
1237.04
1052.03
1258.85
1474.67
1584.8
1633.76
1696.6
1776.98
1580.07
1855.68
2160.28
2161.19
2164.09
2332.63
2300.75
2034.44
1813.43
1591.36
1259
1167.34
1608.9
1440.2
200.932
-1192.08
-1451.99
-382.326
129.093
-1067.32
-2751.51
-3422.77
-3118.64
-2847.9
-3003.48
-3292.21
-3876.84
-4600.12
-4727.78
-4334.72
-3993.83
-4159.47
-4470.47
-4107.92
-3618.46
-3725.08
-4003.13
-3713.79
-2679.97
-1931.53
-2040.74
-2291.79
-2073.68
-1592.46
-939.197
-263.966
51.7624
-47.3793
-249.933
-112.05
581.789
1263.12
1168.71
946.173
1089.85
1206.08
1273.95
1203.18
1315.28
1602.8
1551.24
1290.88
1184.27
1208.52
1221.63
1389.72
1512.81
1504.72
1247.26
985.524
1119.9
1632.39
2017.67
1866.36
1614.24
1627.2
1991.28
2369.69
2622.73
2750.4
2893.32
3015.49
3136.44
3483.59
3842.48
4019.57
4126.79
4340.63
4601.76
4826.73
4948.75
5000
4994.51
5000
4997.41
5000
4998.78
5000
4999.24
5000
4999.24
5000
4998.63
5000
4997.71
5000
4996.34
5000
4994.2
5000
4991
5000
4985.82
5000
4969.04
4759.92
4271.08
3636.12
3660.98
4002.63
3470.63
1843.48
323.716
134.584
681.236
544.878
-599.675
-1838.79
-2786.89
-3456.63
-3876.08
-3781.97
-3946.09
-4826.01
-4995.77
-4992.57
-4995.77
-4995.01
-4995.77
-4994.85
-4995.77
-4995.01
-4995.77
-4995.77
-4994.85
-4995.77
-4992.57
-4995.77
-4988.45
-4995.77
-4979.75
-4995.77
-4532.4
-4240.31
-4599.97
-4697.28
-4426.09
-3756.04
-3330.8
-3245.69
-3205.12
-3157.23
-3266.13
-3215.18
-2953.45
-2666.24
-2552.61
-2693.24
-2828.38
-2894.42
-2899.15
-2728.02
-2446.76
-2242.22
-2368.97
-2618.5
-2669.14
-2360.74
-1854.05
-1605.73
-1622.82
-1612.29
-1430.18
-1225.79
-900.913
-448.674
-78.7996
143.888
171.648
471.818
859.081
1291.95
1682.26
1955.44
2190.63
2250.72
2550.9
2988.03
3518.82
3647.4
3697.58
3902.58
4071.27
4424.52
4626.92
4722.71
4651.94
4930.3
5000
4980.32
5000
4991
5000
4994.51
5000
4997.86
5000
5000
4995.88
5000
4991.15
5000
4712.95
4512.07
4002.02
3245.95
3453.69
3933.39
3488.47
1865.45
692.675
637.766
1054.31
732.332
-246.425
-1019.58
-1594.29
-2318.18
-2911.66
-2838.9
-2830.06
-3405.54
-4198.06
-4441.49
-4511.04
-4916.76
-4984.79
-4618.27
-4208.58
-4545.51
-4962.06
-4995.77
-4540.33
-3734.84
-3424.3
-3456.18
-3443.21
-3288.4
-3105.82
-2428.76
-1590.02
-1348.73
-1557.54
-1524.59
-1144.19
-629.417
-318.112
-158.418
107.739
227.93
34.3744
-134.777
287.262
781.75
818.966
583.619
336.223
338.663
455.803
592.771
753.228
919.938
740.111
412.943
463.429
788.919
1102.66
1159.1
1254.88
1228.96
1233.68
1324.44
1718.87
2168.67
2348.95
2365.12
2296.18
2594.82
3052.55
3343.57
3517.15
3782.54
3984.79
3972.43
4105.28
4446.94
4871.42
5000
4959.58
4982.15
4998.47
5000
4996.8
5000
4996.34
5000
4995.73
5000
4994.81
5000
4993.9
4997.56
4901.47
4699.07
4732.16
4615.64
4500.94
4511.92
4265.74
4284.35
4169.19
3607.14
3309.41
3019.15
2487.29
2216.1
2328.36
2077.46
1094.58
-98.0178
-517.768
-450.2
-578.626
-1254.16
-2300.95
-2889.39
-3420.33
-4016.25
-4275.39
-4404.27
-4853.31
-4995.77
-4980.06
-4995.77
-4986.01
-4995.77
-4988.6
-4995.77
-4990.28
-4995.77
-4991.35
-4995.77
-4991.5
-4995.77
-4990.89
-4995.77
-4986.92
-4995.77
-4839.89
-4258.31
-4056.36
-4019
-3876.84
-3715.16
-3233.64
-2822.13
-2631.32
-2507.77
-2440.35
-2380.11
-2360.13
-2108.46
-1844.13
-1690.54
-1670.86
-1802.03
-1843.22
-1754.75
-1560.74
-1395.86
-1281.92
-1346.44
-1440.85
-1431.24
-1272.77
-956.737
-676.548
-623.926
-759.064
-575.728
-283.337
1.88648
291.838
538.624
741.636
944.038
1085.28
1327.49
1786.59
2213.36
2471.73
2681.3
2702.51
2783.34
3350.89
3836.99
4008.13
4222.88
4078.13
4108.95
4550.2
4869.9
5000
4897.05
4807.82
4840.15
4847.93
4969.95
4991.92
4998.47
4993.44
4718.44
4524.88
4813.31
4990.09
4842.75
4596.42
4220.14
4212.36
4469.52
4182.77
3713.9
3475.05
3083.82
2455.26
2262.47
2355.05
2204.36
1226.06
60.3038
-393.613
-182.212
-388.427
-1274.6
-2031.13
-2499.23
-2987.01
-3611.75
-4044.31
-4048.13
-4397.41
-4921.18
-4995.77
-4989.97
-4995.77
-4993.63
-4995.77
-4994.85
-4995.77
-4995.46
-4995.46
-4995.77
-4994.09
-4995.77
-4990.89
-4995.77
-4928.35
-4725.95
-4366.45
-3909.94
-3648.97
-3563.1
-3495.37
-3300.45
-2920.05
-2603.25
-2532.02
-2408.48
-2234.75
-2249.24
-2266.63
-2131.8
-1859.99
-1695.27
-1822.17
-1980.49
-1960.66
-1862.13
-1735.84
-1686.88
-1660.03
-1608.78
-1713.87
-1675.74
-1495.15
-1285.89
-1161.27
-995.479
-901.065
-862.782
-712.544
-476.129
-52.5652
264.383
305.26
329.359
635.021
1038.6
1500.76
1726.65
1726.04
2009.89
2273.15
2621.51
2955.39
3025.25
3122.87
3414.04
3564.58
3708.11
3832.42
4023.38
4184.6
4107.11
4103.91
4176.21
4182
4144.03
4323.24
4274.74
4080.73
4006.6
3949.4
3893.58
4064.41
4007.52
3775.98
3536.36
3409.16
3809.38
3920.58
3297.81
2491.11
2181.78
2140.6
2214.27
2182.24
1669.91
683.524
-353.803
-484.67
-270.524
-452.487
-1208.4
-1960.05
-2458.35
-2951.62
-3465.02
-3697.32
-3611.29
-3906.43
-4520.96
-4977.47
-4995.77
-4994.55
-4995.77
-4994.24
-4995.77
-4993.63
-4995.77
-4994.4
-4974.57
-4568.85
-4318.56
-4461.93
-4537.58
-4168.01
-3756.65
-3378.84
-2809.92
-2552.77
-2526.53
-2514.94
-2296.37
-1814.54
-1277.35
-1090.81
-1131.99
-1146.17
-1057.56
-871.933
-575.271
-269.457
-339.466
-543.393
-602.573
-469.265
-294.928
-126.083
-189.991
-312.774
-277.083
-230.41
-175.501
-82.3077
-7.87517
100.113
210.542
177.291
277.5
473.496
663.238
898.585
1151.78
1153.3
1128.75
1456.52
1932.86
2284.74
2333.09
2369.69
2628.38
2965
3157.49
3426.24
3655.64
3667.54
3805.88
4030.85
4097.96
4198.78
4476.68
4402.4
4387
4487.67
4577.66
4531.44
4539.68
4377.85
4257.2
4566.22
4633.63
4258.57
3984.79
4115.5
4115.5
4233.41
3996.38
3710.7
3712.53
3849.04
3851.63
3454.46
2862.05
2525.12
2448.25
2349.56
2328.67
2102.77
1130.73
160.361
20.3421
314.259
36.8149
-708.883
-1487.22
-1901.33
-2250.46
-2791.16
-3016.9
-3053.97
-3390.13
-4044.31
-4511.2
-4735.56
-4741.05
-4720
-4712.68
-4733.73
-4970.45
-4992.26
-4995.77
-4823.72
-4372.55
-4285
-4459.49
-4540.02
-4214.08
-3775.56
-3493.09
-3137.09
-2854.31
-2907.69
-2872.15
-2564.97
-2083.44
-1740.11
-1684.74
-1679.86
-1558.15
-1447.11
-1354.07
-1060.15
-851.19
-866.9
-939.044
-1031.47
-1007.83
-739.388
-569.627
-672.124
-705.528
-803.144
-865.527
-743.354
-442.421
-341.601
-363.87
-494.28
-510.752
-177.484
89.8938
193.459
342.171
482.342
524.744
745.907
1132.86
1441.73
1639.55
1675.09
1940.18
2205.42
2420.64
2722.49
2979.19
3167.56
3301.93
3291.87
3470.78
3890.53
3975.03
4085.3
3976.55
3956.88
4155.16
4371.29
4273.52
4210.53
4252.93
4208.85
4210.98
4115.2
4364.12
4102.54
4005.53
3915.39
3925.46
4086.37
3902.12
3669.82
3641.76
4006.91
4005.99
3664.79
3078.79
2473.56
2312.8
2843.9
3167.71
2384.95
1029.3
188.273
495.612
737.975
447.719
-368.446
-1231.13
-1723.64
-2154.98
-2578.85
-2643.21
-2680.58
-3341.48
-3909.02
-4416.32
-4744.86
-4765.61
-4686.75
-4550.55
-4673.64
-4990.28
-4986.47
-4995.77
-4830.28
-4431.73
-4565.65
-4851.48
-4918.44
-4491.37
-4132.78
-3784.72
-3321.34
-3239.59
-3350.02
-3266.13
-2921.57
-2443.4
-2081.46
-1996.81
-1960.51
-1973.47
-1997.72
-1787.85
-1323.56
-1042.15
-1270.03
-1533.89
-1560.74
-1311.05
-992.276
-948.348
-1061.22
-1126.19
-1242.57
-1255.99
-1002.34
-762.42
-683.716
-791.4
-922.419
-807.72
-509.837
-278.608
-146.979
-11.9934
91.2665
146.481
291.99
585.297
1069.11
1359.21
1267.54
1361.2
1705.9
2061.75
2416.52
2608.09
2617.85
2805.61
2943.65
3138.88
3564.28
3639.32
3562.6
3550.7
3678.37
3872.84
4006.6
3730.53
3940.71
4181.55
3950.93
3733.12
3788.34
3958.25
4027.5
4092.78
3758.29
3536.21
3690.87
3775.37
3701.55
3802.37
3760.42
3477.64
3288.36
3223.69
3089.01
2858.69
2618.92
2255.15
2072.57
2017.67
1444.32
714.639
376.184
301.752
248.215
-313.842
-1193.76
-1476.7
-1733.09
-2077.65
-2251.68
-2597.15
-3076.23
-3369.39
-3616.02
-3773.89
-3815.37
-4031.81
-4159.01
-4145.29
-4192.26
-4376.82
-4331.52
-4122.41
-3850.91
-3755.89
-3850.3
-3768.85
-3504.98
-3212.74
-2928.59
-2733.2
-2599.9
-2516.92
-2377.06
-2024.11
-1741.33
-1559.37
-1499.88
-1484.93
-1305.56
-1115.21
-1089.28
-986.175
-826.48
-905.794
-962.381
-970.007
-955.212
-841.428
-816.871
-952.009
-1028.12
-1031.63
-1091.57
-1033.92
-906.404
-932.028
-1023.54
-1070.06
-965.431
-811.685
-774.164
-624.231
-548.426
-458.589
-366.158
-246.425
42.4583
333.477
424.383
521.694
728.519
897.517
1181.21
1541.63
1739.92
1707.12
1753.19
2007.75
2356.88
2565.39
2629.6
2643.02
2509.26
2781.06
3038.82
3079.85
2958.29
2988.49
3043.25
3022.5
3145.9
2891.49
2910.7
3157.03
2968.05
2768.24
2754.67
2715.32
2632.19
2647.9
2636.16
2491.87
2564.78
2514.75
2023.92
1603.25
1668.38
1708.5
1483.52
1072.46
660.797
500.34
20.6471
-478.722
-507.397
-577.711
-1054.35
-1665.07
-2139.42
-2408.93
-2467.96
-2763.71
-3097.44
-3312.19
-3657.51
-4084.12
-4182.96
-4119.66
-4135.98
-4258
-4590.51
-4593.56
-4495.64
-4493.35
-4375.45
-4135.37
-3960.43
-3952.95
-3976.75
-3703.42
-3242.49
-3047.71
-2866.51
-2673.72
-2509.91
-2307.2
-2063.46
-1770.61
-1484.93
-1355.9
-1388.38
-1253.86
-1028.88
-829.531
-712.696
-669.379
-596.167
-547.206
-608.369
-568.407
-364.938
-272.05
-312.164
-471.858
-463.012
-343.584
-247.798
-182.212
-150.792
-191.974
-204.328
-153.537
73.2685
310.446
283.601
265.146
468.615
651.036
850.234
1023.81
1187.32
1459.12
1643.52
1742.81
1909.98
2225.71
2532.13
2732.25
2728.13
2821.93
3081.68
3298.12
3529.96
3506.47
3458.88
3603.48
3841.72
3853.77
3877.26
3764.69
3795.5
4099.64
4000.04
3935.37
3814.72
3786.81
3792.76
3872.68
3719.24
3695.75
3617.66
3221.4
3364.16
3584.87
3420.9
3184.79
3173.51
3026.62
2895.91
2462.28
2279.25
2308.07
2057.02
1709.72
1337.55
1155.59
545.488
117.501
57.1008
-133.556
-661.295
-1211.46
-1700.76
-1942.36
-2083.29
-2589.22
-2897.17
-3161.5
-3427.65
-3779.22
-4004.81
-4105.63
-4147.57
-4283.78
-4507.84
-4522.79
-4533.01
-4589.75
-4539.72
-4285
-4215.75
-4179.3
-4195.92
-3984.98
-3607.18
-3470.67
-3343.76
-3138.01
-2960.47
-2787.05
-2613.01
-2417.93
-2167.94
-2021.82
-1942.66
-1840.93
-1751.24
-1633.34
-1470.9
-1376.49
-1372.37
-1391.74
-1362.46
-1315.94
-1226.25
-1157.77
-1202.15
-1243.03
-1237.69
-1226.71
-1233.57
-1157.61
-1058.62
-1039.56
-1020.65
-1056.49
-966.651
-765.318
-576.948
-507.854
-435.405
-340.686
-126.235
122.687
345.069
538.472
716.622
914.6
1030.98
1319.71
1568.94
1774.84
2087.52
2291.6
2246.61
2355.82
2711.35
2980.87
3109.44
3039.59
3100.45
3251.14
3419.68
3423.34
3603.17
3648.78
3461.17
3450.8
3398.79
3669.52
3621.93
3554.51
3415.26
3367.06
3317.95
3292.93
3474.44
3293.54
3193.33
3101.67
3142.24
3195.16
3166.64
2838.1
2425.98
2422.16
2583.84
2439.25
1820.6
1458.96
1357.23
1330.39
845.506
233.268
-13.6711
-65.6824
-378.665
-923.182
-1427.28
-1708.38
-1781.75
-2142.47
-2413.36
-2633.45
-3013.09
-3305.02
-3303.19
-3309.6
-3456.63
-3664.98
-3797.83
-3654.92
-3551.96
-3632.04
-3662.09
-3401.72
-3191.39
-3152.65
-3109.18
-2915.47
-2602.18
-2382.7
-2263.88
-2128.29
-1896.14
-1740.57
-1596.43
-1376.18
-1157
-1111.7
-1078.15
-924.402
-764.402
-700.189
-714.679
-679.903
-556.052
-522.039
-612.334
-606.233
-547.206
-485.738
-464.995
-573.745
-605.471
-540.952
-516.091
-517.158
-501.753
-443.031
-401.391
-452.335
-367.378
-191.058
-115.863
-68.5804
27.8158
160.818
388.081
493.934
549.759
854.047
1050.04
1046.38
1245.73
1576.87
1727.41
1837.99
2015.68
2202.07
2350.93
2467.16
2642.56
2685.58
2836.42
3088.4
2991.39
2953.87
3138.42
3310.93
3355.93
3177.17
3168.62
3351.96
3272.8
3233.91
3256.33
3152.3
3085.19
3127.75
3085.04
2994.75
2817.66
2877.15
2861.29
2772.36
2747.35
2881.57
2738.2
2305.02
2078.83
2132.82
2201.92
2087.52
1657.4
1056.3
932.141
1112.27
847.184
60.6089
-324.823
-133.404
-281.506
-934.469
-1487.53
-1608.63
-1607.87
-1919.48
-2336.18
-2602.95
-2806.87
-2977.55
-3084.62
-3127.79
-3259.11
-3532.44
-3615.72
-3462.12
-3391.81
-3482.71
-3568.13
-3438.63
-3145.48
-3099.57
-3183.31
-3033.37
-2699.19
-2467.66
-2427.85
-2370.19
-2174.5
-1936.87
-1747.13
-1625.26
-1492.41
-1406.99
-1328.75
-1171.49
-1000.66
-953.229
-954.297
-944.078
-807.872
-719.56
-804.364
-845.241
-769.436
-647.11
-696.986
-824.345
-823.887
-707.205
-720.323
-739.388
-739.083
-718.797
-647.72
-633.383
-615.08
-548.274
-450.2
-436.32
-323.451
-236.664
-104.729
59.9988
157.158
276.28
448.787
556.165
707.928
1005.66
1136.68
1214.31
1336.33
1462.17
1708.04
1945.22
1942.93
1952.23
2201.76
2263.38
2312.04
2477.68
2507.58
2433.6
2560.35
2677.64
2491.87
2601.99
2659.65
2532.74
2582.62
2409.35
2300.3
2422.93
2354.75
2344.99
2133.59
1818.62
2001.8
2066.02
1970.84
1880.55
1917.3
1769.51
1575.95
1364.7
1240.24
1350.52
1348.99
902.703
367.796
341.256
278.873
167.377
-252.374
-765.47
-961.618
-979.006
-1266.82
-1753.68
-2044.09
-2199.82
-2355.7
-2714.44
-2985.18
-3120.62
-3234.25
-3443.36
-3466.09
-3493.39
-3801.19
-3866.16
-3707.39
-3550.44
-3577.43
-3700.52
-3680.08
-3319.97
-3085.69
-3091.03
-3011.87
-2757.76
-2498.47
-2364.09
-2204.85
-2000.47
-1742.24
-1601.31
-1522.76
-1317.77
-1068.08
-999.139
-925.927
-749.913
-625.452
-589.913
-568.865
-489.399
-319.79
-238.036
-413.441
-418.169
-198.38
-181.602
-241.85
-247.035
-240.324
-191.516
-169.857
-196.244
-112.813
-46.0066
-55.9207
-55.1581
45.8139
133.821
155.022
287.262
438.567
528.863
597.957
671.779
834.524
1137.14
1223.46
1283.86
1469.18
1627.96
1860.72
2006.68
2112.54
2208.02
2328.51
2542.2
2654.61
2744.91
2776.63
2769.16
2936.94
3050.42
3077.11
3151.08
3151.08
3164.96
3150.02
3023.27
3235.13
3309.71
3121.34
3010.76
2903.84
2857.32
2996.27
2976.29
2849.54
2677.8
2473.56
2521.31
2698.85
2754.36
2574.08
2246.15
1995.09
1821.98
1956.81
2086.3
1774.69
1166.27
781.75
788.309
751.093
588.958
52.525
-392.697
-623.164
-738.168
-1044.74
-1472.43
-1730.04
-1842.61
-2124.32
-2593.8
-2776.98
-2907.08
-2987.01
-3114.52
-3287.02
-3509.71
-3640.88
-3733.01
-3633.56
-3417.13
-3515.81
-3659.95
-3709.22
-3466.55
-3162.72
-3035.66
-3087.83
-2923.71
-2700.41
-2600.35
-2443.1
-2180.91
-1894.16
-1827.81
-1805.09
-1707.77
-1454.12
-1239.52
-1133.21
-1099.2
-1029.03
-1016.83
-998.224
-772.181
-654.126
-707.51
-784.383
-815.194
-727.796
-591.743
-625.452
-678.836
-658.245
-659.77
-660.38
-627.434
-558.798
-499.618
-530.428
-509.837
-448.369
-377.14
-266.254
-187.245
-71.7834
79.6746
96.7574
212.677
489.206
617.022
776.412
911.55
966.916
1185.64
1431.97
1569.09
1699.04
1760.96
1849.12
2080.81
2259.42
2395.78
2344.68
2368.78
2537.47
2727.37
2739.57
2657.05
2817.66
2817.21
2889.81
2818.58
2711.35
2903.23
2877.61
2863.73
2747.35
2551.96
2564.47
2860.22
2657.82
2465.18
2308.84
2316.77
2534.42
2606.72
2483.78
2018.89
1883.44
1951.01
2037.19
1958.79
1645.81
1114.26
995.591
953.799
790.902
731.112
122.229
-403.984
-471.096
-371.039
-819.769
-1401.35
-1662.47
-1678.34
-1850.69
-2417.32
-2739.76
-2666.4
-2722.83
-3106.28
-3231.2
-3426.13
-3511.69
-3454.35
-3491.26
-3502.39
-3528.32
-3596.19
-3573.01
-3301.51
-3115.43
-3134.8
-3128.7
-2889.54
-2677.07
-2494.35
-2435.63
-2264.8
-1930.16
-1890.8
-1865.94
-1610.16
-1413.25
-1326.92
-1202.3
-1151.67
-1009.51
-936.146
-919.369
-804.059
-631.705
-678.378
-775.079
-679.903
-617.368
-525.852
-553.002
-674.412
-606.386
-479.179
-554.832
-568.254
-476.281
-442.573
-421.677
-450.505
-354.871
-304.995
-216.073
-123.185
-41.2783
58.9311
87.3008
185.07
420.417
621.598
627.242
758.871
864.267
1083.45
1338.93
1369.89
1434.87
1656.79
1808.25
1831.43
1993.57
2073.8
2231.66
2300.75
2294.19
2406.61
2533.35
2537.47
2588.87
2605.65
2623.96
2714.86
2695.18
2670.02
2601.99
2671.39
2630.51
2601.69
2545.86
2528.63
2448.86
2343.46
2282.76
2339.8
2381.74
2258.2
2189.26
2104
1865.6
1665.64
1823.65
1779.73
1486.72
1153.61
785.411
675.135
708.233
587.585
67.32
-449.284
-675.022
-660.99
-829.378
-1218.62
-1696.03
-1897.67
-1936.41
-2298.81
-2572.59
-2621.25
-2736.71
-2984.57
-3135.26
-3286.26
-3317.83
-3362.98
-3370.76
-3242.18
-3260.79
-3439.4
-3418.04
-3141.97
-2926.15
-2815.87
-2856.75
-2791.62
-2514.94
-2282.8
-2183.2
-2005.96
-1788.76
-1644.17
-1614.12
-1491.19
-1205.66
-1012.1
-950.941
-935.079
-836.242
-723.221
-648.941
-571.305
-464.537
-447.912
-526.462
-517.006
-407.95
-338.398
-380.19
-416.339
-375.157
-346.482
-352.431
-376.072
-352.736
-246.273
-252.069
-322.993
-259.085
-154.605
-127.15
-47.9894
34.6795
92.9443
226.709
252.334
350.255
590.788
730.959
762.379
909.719
1011.91
1171.91
1413.21
1480.78
1589.37
1762.19
1844.85
1940.95
2158.29
2251.18
2339.65
2331.41
2394.1
2478.75
2611.3
2728.59
2686.49
2631.28
2660.87
2663.15
2679.47
2845.12
2756.04
2622.58
2650.49
2590.4
2573.77
2574.38
2558.83
2456.79
2434.98
2394.71
2214.58
2207.41
2412.25
2313.57
2063.27
1892.14
1696.6
1780.18
1899.61
1603.71
1166.57
1075.21
905.143
696.336
644.63
430.789
126.5
-270.219
-660.38
-646.805
-602.115
-1144.65
-1564.7
-1583.77
-1751.55
-2130.57
-2301.71
-2366.84
-2504.42
-2625.06
-2893.2
-3084.62
-2952.54
-2955.13
-3109.64
-3041.15
-3051.83
-3158.14
-3069.83
-2927.22
-2803.98
-2638.33
-2684.09
-2686.07
-2359.21
-2200.89
-2189.3
-1970.27
-1773.36
-1743.46
-1670.86
-1523.22
-1318.53
-1140.68
-1113.69
-1131.53
-1037.88
-883.22
-825.108
-762.267
-697.596
-716.967
-723.373
-683.869
-628.96
-533.936
-555.29
-640.857
-591.743
-518.684
-552.087
-536.529
-442.726
-374.394
-395.443
-466.367
-375.767
-233.308
-159.943
-126.998
-70.1056
-29.5338
83.9453
220.456
334.392
441.008
561.808
641.274
712.198
902.398
1041.96
1165.05
1317.73
1378.43
1436.7
1611.79
1642.3
1786.44
2027.43
1999.21
1926
2011.72
2178.73
2280.47
2338.88
2319.36
2260.49
2313.41
2496.29
2463.65
2473.87
2431.16
2296.94
2441.99
2513.98
2325.77
2279.86
2332.48
2190.48
2285.35
2190.32
2082.64
2116.2
2162.41
1946.59
1701.33
1707.43
1643.22
1619.57
1417.02
1066.36
881.96
822.17
478.529
462.209
408.977
-123.337
-562.001
-692.105
-623.164
-846.309
-1297.48
-1738.43
-1710.98
-1792.12
-2250.92
-2433.8
-2350.36
-2565.73
-2818.47
-2910.29
-3017.05
-2942.32
-3012.02
-3058.54
-2982.13
-2969.01
-3051.37
-2980.91
-2743.27
-2561.92
-2519.82
-2559.17
-2469.33
-2161.54
-1926.95
-1939.16
-1803.25
-1600.85
-1497.29
-1451.99
-1273.38
-1079.37
-1004.78
-986.175
-925.622
-785.756
-693.02
-712.696
-675.48
-522.802
-551.934
-587.778
-600.285
-551.172
-448.217
-473.078
-527.835
-518.226
-484.365
-477.349
-455.996
-426.406
-364.175
-390.104
-405.662
-336.263
-245.815
-184.5
-153.69
-82.0026
-37.3126
89.5887
157.005
261.943
391.59
461.446
520.016
705.335
796.545
890.959
1046.69
1062.24
1218.13
1351.13
1357.84
1480.62
1658.16
1642.45
1739.46
1814.35
1786.28
1962.6
2063.73
1935.3
1959.55
2131.14
2067.24
2193.38
2186.51
2021.94
2080.05
2205.12
2174.61
2162.57
2136.18
1941.71
1997.23
2117.42
1970.38
1902.2
1879.02
1874.14
1913.49
1894.42
1665.64
1679.52
1533.4
1386.06
1477.11
1465.07
1178.32
902.093
823.542
705.792
595.516
382.133
198.797
17.7491
-255.119
-547.663
-662.21
-717.12
-960.398
-1262.55
-1489.36
-1620.07
-1810.88
-1970.27
-2045.62
-2136.07
-2317.42
-2548.65
-2611.03
-2554.14
-2544.38
-2639.55
-2699.04
-2705.29
-2660.75
-2613.17
-2536.9
-2420.22
-2342.89
-2275.32
-2237.95
-2102.21
-1903.16
-1789.07
-1717.38
-1587.58
-1475.63
-1360.17
-1261.79
-1153.19
-1011.65
-928.52
-881.847
-802.991
-736.338
-662.058
-553.765
-517.158
-530.123
-524.937
-463.317
-371.496
-289.132
-323.146
-417.407
-379.733
-265.491
-195.787
-184.042
-205.548
-194.872
-122.269
-59.8864
1.88648
61.6765
101.943
146.786
244.097
315.327
383.658
471.666
559.825
624.954
753.838
860.453
934.276
1051.26
1132.71
1210.19
1331.15
1463.08
1562.07
1620.95
1661.82
1713.53
1873.07
2009.58
2066.78
2090.73
2006.23
2000.89
2204.97
2374.42
2301.06
2252.25
2180.41
2145.94
2259.88
2441.38
2345.44
2199.02
2027.43
1983.8
2208.32
2254.23
2043.14
1873.68
1898.24
1837.38
1854.16
1874.9
1814.2
1753.8
1637.27
1384.38
1370.35
1484.28
1384.07
1199.67
1025.49
791.359
669.186
663.543
454.888
221.066
118.416
-48.5995
-360.057
-583.965
-687.377
-834.717
-1025.07
-1284.06
-1500.19
-1620.68
-1794.1
-1951.81
-1956.24
-2119.75
-2370.65
-2463.08
-2480.62
-2509.6
-2520.74
-2602.79
-2690.95
-2644.59
-2618.05
-2622.17
-2537.82
-2434.71
-2438.22
-2372.33
-2285.39
-2195.4
-2025.18
-1902.09
-1871.43
-1778.09
-1607.11
-1551.89
-1444.97
-1299
-1236.32
-1188.73
-1108.35
-1050.69
-925.317
-825.87
-847.224
-839.14
-782.553
-737.558
-679.446
-594.336
-621.028
-633.383
-577.406
-570.237
-512.583
-424.575
-441.658
-441.353
-400.476
-385.529
-257.56
-181.297
-194.109
-165.739
-75.139
-7.11254
60.4563
160.971
204.746
290.007
356.814
443.143
517.576
646.765
673.457
817.746
932.141
919.481
1011.15
1097.17
1181.06
1341.98
1370.65
1306.13
1472.69
1470.56
1509.15
1637.57
1673.26
1689.28
1663.2
1614.54
1733.05
1936.67
1810.23
1795.13
1775.61
1760.2
1790.86
1894.88
1869.56
1710.78
1633.15
1673.72
1758.07
1699.04
1622.93
1477.88
1517.99
1551.24
1473.45
1367.75
1340.76
1377.67
1296.37
1011.76
928.48
1021.22
1013.59
909.414
518.643
283.906
387.166
314.259
76.319
-23.7378
-294.928
-568.56
-602.115
-700.037
-871.933
-1095.84
-1364.9
-1453.51
-1452.9
-1729.58
-1912.16
-1904.53
-2010.84
-2121.73
-2222.55
-2371.41
-2392.16
-2265.56
-2319.25
-2443.1
-2424.34
-2389.41
-2363.48
-2240.24
-2182.13
-2179.08
-2102.36
-2090.92
-1983.54
-1771.38
-1752.77
-1752.46
-1585.91
-1467.24
-1422.7
-1317.46
-1240.59
-1165.24
-1053.74
-1015.92
-991.056
-866.595
-789.264
-750.218
-693.02
-673.497
-658.245
-585.795
-516.548
-480.857
-476.739
-472.468
-428.999
-342.364
-264.576
-289.895
-270.982
-200.21
-141.945
-73.3087
-38.0752
-25.1106
86.6907
128.178
157.768
279.026
336.528
380.608
464.039
544.573
607.566
695.116
752.923
846.726
943.885
1017.4
1024.72
1112.43
1201.35
1268.15
1385.9
1402.38
1382.7
1470.86
1619.27
1641.99
1660.91
1693.7
1688.97
1710.94
1830.36
1880.39
1866.21
1831.74
1708.95
1889.09
2049.85
1886.19
1752.88
1785.06
1780.64
1821.21
1847.75
1633.15
1627.81
1624.76
1556.28
1622.93
1563.29
1372.63
1389.87
1428.92
1354.48
1381.02
1251.99
1018.78
1051.87
1090
931.683
875.859
798.223
559.673
475.631
447.414
267.586
137.329
51.4573
-134.166
-263.203
-416.796
-578.321
-641.467
-797.806
-1062.29
-1135.19
-1191.32
-1353.91
-1470.9
-1601.62
-1706.55
-1737.52
-1821.56
-1934.88
-1960.81
-1993.3
-2030.98
-2039.67
-2026.25
-2042.11
-2039.97
-1980.49
-1915.06
-1881.2
-1849.32
-1799.75
-1733.86
-1626.02
-1555.55
-1482.34
-1409.28
-1357.12
-1275.06
-1174.09
-1117.35
-1047.19
-962.228
-919.216
-837.92
-770.351
-713.611
-664.193
-607.759
-559.56
-522.039
-482.84
-414.356
-366.768
-363.412
-342.059
-301.029
-230.258
-191.364
-154.91
-108.542
-86.1208
-64.0046
44.7462
103.621
129.856
204.746
263.163
304.04
364.135
450.77
541.065
596.279
591.093
674.677
792.122
858.318
901.635
965.239
1035.55
1062.24
1108
1192.96
1288.44
1306.44
1309.95
1387.12
1439.59
1461.56
1502.28
1543.16
1561.77
1608.74
1619.27
1582.2
1595.93
1680.13
1707.58
1679.67
1663.81
1615
1640.62
1650.23
1596.39
1694.62
1600.36
1358.91
1449.97
1590.29
1368.52
1357.84
1346.4
1192.35
1123.56
1190.82
1198.45
1021.22
966.306
952.121
849.624
849.777
923.599
796.85
623.886
507.509
524.134
541.37
415.536
331.952
230.065
63.0493
-74.5289
-112.508
-186.025
-269.152
-449.132
-607.454
-762.572
-833.344
-846.309
-1020.49
-1197.58
-1248.82
-1327.68
-1509.95
-1551.28
-1580.41
-1687.49
-1781.9
-1839.56
-1886.84
-1875.25
-1938.39
-1997.27
-1936.26
-1961.88
-1976.83
-1956.24
-1945.41
-1889.43
-1833.91
-1850.23
-1799.75
-1695.42
-1640.97
-1635.93
-1584.38
-1484.17
-1428.04
-1374.96
-1340.03
-1272.01
-1190.1
-1165.24
-1114.14
-1018.36
-982.972
-973.82
-921.351
-864.764
-778.435
-738.931
-732.372
-698.511
-637.654
-598.302
-554.375
-490.924
-463.164
-424.728
-396.053
-331.077
-228.732
-186.178
-188.618
-124.1
-44.7864
34.2219
121.009
154.107
178.511
226.404
315.174
417.061
474.258
474.716
518.796
592.008
648.9
730.807
812.255
827.05
815.763
871.435
947.088
1041.96
1093.67
1064.53
1049.43
1100.99
1162.61
1188.69
1247.11
1294.08
1214.62
1185.49
1264.19
1338.77
1415.65
1374.92
1277
1210.04
1293.93
1495.42
1408.78
1296.22
1227.74
1192.35
1327.18
1337.25
1184.42
1100.38
1127.37
1031.13
1022.89
1068.04
930.768
835.744
858.318
833.761
766.345
704.572
677.575
679.1
557.843
500.95
505.831
466.785
412.943
383.048
275.67
157.005
186.137
154.412
-5.43475
-46.6167
-69.9531
-254.967
-339.924
-338.703
-418.017
-493.669
-621.943
-769.893
-792.162
-851.495
-972.447
-977.481
-1027.05
-1167.22
-1241.2
-1273.84
-1307.7
-1288.79
-1350.56
-1440.4
-1442.23
-1466.63
-1477.61
-1422.25
-1401.35
-1443.14
-1448.79
-1445.12
-1419.81
-1328.59
-1276.89
-1297.33
-1257.98
-1214.05
-1195.13
-1115.97
-1051.46
-1020.65
-970.312
-957.195
-922.572
-820.379
-785.604
-776.605
-730.084
-680.818
-655.499
-638.874
-605.776
-536.377
-471.553
-474.299
-489.704
-445.166
-369.971
-324.823
-285.929
-288.522
-278.913
-221.259
-175.196
-115.863
-48.447
-35.6348
-39.6005
34.2219
109.265
158.683
198.187
