838
425
486
621
652
868
980
728
419
606
874
778
557
682
801
575
264
447
620
588
443
321
229
177
280
391
382
349
246
177
201
369
435
305
293
377
344
361
524
530
387
474
724
616
552
499
783
740
617
537
665
673
654
816
683
583
486
668
663
583
529
598
303
263
498
662
297
70
250
332
118
21
265
181
-91
-182
106
-80
-224
-187
129
-69
-361
-386
-43
-64
-195
-252
-193
-11
-52
68
-36
43
-25
-163
-20
230
112
106
10
-281
-138
402
369
-130
-419
-162
114
78
-66
-181
-209
-35
43
-69
-254
-162
-18
229
14
-430
-219
106
39
-82
-82
-39
-46
16
110
163
-80
86
371
142
-46
254
480
268
214
173
284
185
528
573
251
-78
325
648
528
222
41
356
369
350
209
335
35
79
251
326
-7
-198
-22
130
44
-195
-87
-112
54
-40
-27
-97
18
-28
115
158
87
91
155
156
144
137
112
160
118
24
111
163
84
21
-43
-236
-36
58
-29
-280
-351
-309
-348
-327
-464
-419
-415
-309
-640
-706
-681
-373
-335
-294
-655
-799
-641
-211
-33
-317
-591
-559
-244
-51
-117
-408
-247
-39
-198
-507
-341
-28
-58
-270
-492
-610
-315
3
-76
-650
-735
-385
-99
-152
-365
-573
-376
-39
-207
-445
-225
167
38
-85
-285
-2
414
602
353
-5
359
535
759
638
710
688
908
887
700
717
1079
1188
914
645
603
1036
1058
959
495
478
599
844
647
439
363
425
478
328
154
166
480
210
-41
-197
154
232
87
-98
-95
-54
-35
-4
-260
-263
-72
67
-225
-406
-392
-129
-90
-497
-615
-319
-161
-428
-588
-630
-431
-367
-290
-602
-777
-591
-298
-230
-360
-499
-373
-54
-81
-236
-261
-130
-9
233
-10
-96
108
255
196
137
188
356
587
469
308
180
496
750
616
445
582
540
696
851
751
517
619
864
986
790
606
746
1033
1014
735
584
712
968
935
783
744
917
964
832
673
1060
911
722
673
1064
873
891
838
876
914
768
801
873
880
731
818
688
647
440
612
729
526
132
280
504
377
59
-147
11
14
-39
-266
-328
-515
-481
-532
-613
-959
-991
-889
-693
-1063
-1325
-1380
-1193
-1064
-1332
-1480
-1412
-1431
-1574
-1571
-1456
-1392
-1568
-1553
-1613
-1499
-1544
-1305
-1425
-1434
-1340
-1258
-1252
-1016
-863
-1123
-1193
-1063
-516
-652
-725
-882
-405
-283
-418
-377
-244
41
-9
-57
160
221
24
446
538
315
299
697
655
366
529
626
703
729
868
687
625
796
1009
649
900
1016
977
819
807
994
1142
1187
925
853
900
1053
1096
947
736
-74
952
1766
405
-482
-250
1482
1071
-801
-902
753
764
-411
-602
-288
-226
97
-105
-1010
-1186
-124
-35
-1083
-1239
-551
-366
-790
-744
-529
-673
-645
-417
-494
-844
-684
-49
-241
-988
-969
-319
-238
-751
-807
-717
-678
-924
-776
-835
-894
-1021
-1027
-1126
-1318
-1086
-981
-1239
-1479
-1438
-1150
-1115
-1276
-1226
-1254
-1134
-1074
-1093
-893
-828
-654
-699
-513
-488
-510
-292
209
296
-184
-97
484
669
461
772
899
920
1039
1119
1563
1419
1594
1935
2017
1881
2199
2824
2722
2433
2538
3183
3366
3194
2950
3242
3345
3513
3095
3296
3292
3364
3476
3339
3139
2733
3325
3239
2963
2309
2685
2590
2616
2543
2093
1744
1719
2235
1755
1275
1147
1119
1068
1005
488
281
238
209
-53
-444
-476
-527
-495
-1111
-1435
-1154
-1191
-1648
-1925
-1867
-2072
-2254
-2346
-2545
-2791
-2862
-2950
-3101
-3278
-3425
-3453
-3497
-3650
-3758
-3826
-3785
-3847
-3860
-3896
-4045
-3949
-3874
-3753
-3963
-3706
-3790
-3800
-3639
-3479
-3727
-3642
-3219
-3046
-3302
-3417
-2941
-2665
-2653
-2662
-2416
-2304
-1967
-1787
-1520
-1672
-1451
-1083
-541
-557
-677
-124
208
246
640
953
1200
1654
1808
1839
2174
3186
3281
3100
3423
4305
4304
4504
4880
5393
4998
5213
6212
6291
5774
6004
6710
6407
6238
6177
6838
6158
6092
6209
5995
5405
5227
5403
5417
4784
3947
4004
4374
3843
2953
2884
2804
2548
2068
1773
1367
1156
916
558
-54
-214
-301
-619
-1179
-1911
-2086
-2128
-2399
-2874
-3504
-3834
-4151
-4372
-4717
-5176
-5599
-5762
-6111
-6493
-6897
-6875
-7297
-7688
-7811
-8092
-8405
-8490
-8496
-8786
-9030
-9024
-9024
-9159
-9094
-9132
-9140
-8957
-8952
-8747
-8522
-8286
-8162
-7817
-7285
-6997
-6718
-6243
-5538
-5127
-4717
-4181
-3440
-2852
-2274
-1751
-1098
-499
178
936
1712
2124
2552
3097
4032
4727
5243
5654
6369
6794
7044
8192
8143
8204
9236
10026
9244
9785
10703
10731
10380
11046
11548
11297
10923
11574
12226
11118
11003
11491
11541
10547
10911
10767
9949
9346
9590
9430
8430
8157
7877
7499
6784
6468
6057
5600
4827
4549
4034
3315
2541
2077
1884
1057
61
-595
-829
-1321
-2332
-3357
-3663
-4121
-4894
-5781
-6395
-6887
-7761
-8363
-8916
-9609
-10303
-10763
-11212
-11974
-12687
-12751
-12942
-13712
-14198
-14257
-14318
-14761
-14875
-14709
-14794
-14793
-14647
-14371
-14034
-13895
-13502
-12842
-12343
-11932
-11479
-10580
-9720
-9051
-8477
-7775
-6740
-5750
-5003
-4280
-3488
-2795
-1885
-899
-274
223
1008
2119
2617
2972
3444
4539
5294
5132
5502
6618
7518
7355
7856
8546
9010
9523
10187
10206
10900
11481
11331
11434
12344
12686
12344
12491
12930
12863
12793
13133
13410
12891
12427
13132
12810
12458
11772
12073
12045
11272
10905
11048
10927
10127
9899
9678
9158
8349
8517
8198
7079
5838
5950
5730
4252
2965
2660
2295
859
-615
-1354
-1923
-3328
-4543
-5380
-6451
-7678
-8594
-9317
-10598
-11565
-12264
-13029
-14048
-14660
-15239
-15706
-16312
-16859
-17335
-17484
-17279
-17618
-17836
-17816
-17478
-17225
-17011
-16653
-16047
-15586
-15152
-14510
-13586
-12634
-12090
-11188
-10233
-9127
-8195
-7228
-6029
-4953
-4063
-2773
-1885
-892
31
1093
2001
2617
3410
4151
4959
5664
6265
6361
7111
7409
7589
8802
8679
8653
8814
9593
10328
10328
9898
10154
11238
11286
10934
11956
12190
11775
11796
12628
13147
12140
12481
13923
13185
11769
12599
13647
12925
12112
12238
12170
11157
11692
12208
11266
9974
9875
11005
10151
8498
8925
9722
8118
6629
6785
7706
6683
4985
4383
4209
3466
2471
2057
1042
-415
-1073
-1633
-3179
-4405
-5052
-5738
-7112
-8838
-9799
-10229
-11072
-12543
-13629
-14076
-15017
-15967
-16501
-17035
-17474
-17912
-18600
-18887
-18851
-18801
-18832
-18723
-18726
-18716
-18003
-17446
-16953
-16426
-15812
-15101
-14160
-13505
-12544
-11238
-10204
-9578
-8563
-7105
-6020
-4981
-3921
-2812
-1850
-932
-119
1098
2046
2604
3082
3683
4338
5741
5932
5665
6051
7160
7867
8243
8246
8338
9168
10201
9474
9238
9787
11032
11637
10547
9680
11118
12464
12252
11951
11350
12122
12602
13302
12477
12297
12583
12189
12207
12061
12280
11156
11234
11581
11356
10205
9708
9961
9752
9497
8965
8536
8372
8101
8208
7099
6202
6312
6976
5810
4330
4134
4286
3524
2066
1523
1084
471
-925
-1874
-2732
-3510
-4566
-5620
-6699
-7687
-8936
-9833
-10268
-11555
-12828
-13612
-13870
-14997
-15868
-16313
-16547
-17113
-17811
-18245
-18140
-18007
-18318
-18329
-18193
-17945
-17696
-17047
-16600
-16106
-15489
-14714
-13983
-13175
-12391
-11157
-9894
-9176
-8474
-6966
-5593
-4754
-3875
-2431
-1464
-772
255
1464
2590
3055
3872
4545
5685
6033
6898
6957
7632
7436
8242
9175
8719
8078
8975
10268
9915
9623
9084
9785
11020
11348
9671
9414
10861
11558
11416
10308
11216
11427
11951
12110
11434
11154
11771
12284
12833
11863
10723
11593
12328
12090
10740
10211
10766
11119
10720
9076
9297
9843
9070
8100
8301
8119
6688
6016
6823
6226
4121
3623
4449
3247
1423
743
719
-278
-1647
-2752
-3567
-4493
-5721
-6550
-7637
-9029
-10119
-10494
-11869
-13069
-13801
-14404
-15414
-16245
-16968
-17366
-17651
-18246
-18845
-19113
-19130
-19232
-18998
-19215
-19061
-18545
-18295
-18061
-17297
-16397
-15854
-15267
-14328
-13271
-12210
-11190
-10195
-8908
-7868
-6863
-5448
-4213
-3422
-2333
-952
65
718
1978
2999
3507
3905
5108
6003
6261
6610
6730
6862
7191
8683
9423
8024
7905
9597
9838
9111
9468
10211
9435
10110
11300
10178
9593
11385
11639
11006
10389
10926
11807
12299
11460
11869
12572
12289
10972
11663
12620
12123
11531
11417
11867
11130
10731
11010
11023
9871
9702
9849
9202
9295
9114
9089
7526
7422
7493
7010
6200
5876
5521
4062
3373
3153
2350
645
399
12
-1690
-3784
-4342
-4174
-5807
-7636
-8651
-9233
-10677
-12085
-12484
-12948
-14654
-15854
-16139
-16736
-17704
-18238
-18055
-18721
-19595
-19851
-19491
-19283
-19376
-19245
-19098
-18892
-18240
-17418
-16912
-16192
-15352
-14611
-13635
-12685
-11496
-10324
-9094
-8208
-7246
-5871
-4772
-3400
-2164
-1341
-777
464
1468
2580
3413
4353
4581
5552
6051
6024
7004
7328
8725
8327
8097
8075
9729
9969
9018
9297
10085
10366
9923
10221
9980
12005
11848
10972
9251
11337
14020
12226
10889
11034
13058
12443
12792
11932
12306
12079
12560
13138
12174
11529
11407
13108
11998
11140
10484
10829
11339
11633
9523
8804
10367
9166
8953
8885
8264
6352
6963
7434
6558
4608
4261
4051
3866
2493
739
199
83
-946
-2762
-4140
-4722
-5507
-7227
-8367
-9194
-10256
-11904
-12791
-13226
-14469
-15800
-16210
-16808
-17708
-18797
-18848
-18656
-19385
-20341
-20263
-19690
-19856
-19854
-19650
-19339
-19068
-18098
-17656
-17233
-16373
-15389
-14438
-13669
-12802
-11611
-10535
-9372
-8286
-7145
-6577
-5244
-3890
-3115
-2299
-1145
-280
146
1792
2748
3380
3472
4311
5293
6092
6371
6295
8143
8251
8124
8891
8767
8689
9279
10702
9888
10224
9906
11535
12234
11363
10296
12555
14153
12722
12048
13419
13804
12843
13765
13916
13295
12842
13706
13233
12065
12408
13361
12811
11441
10997
11731
11632
10654
9947
11070
10122
9299
8970
9291
9219
9268
8291
6542
6034
6549
7054
5664
3620
2863
3279
1805
643
4
-261
-2330
-3750
-4271
-5375
-6785
-8147
-8413
-9795
-11608
-13348
-13278
-13772
-14988
-16704
-17417
-17825
-18752
-19274
-19663
-19534
-20303
-20877
-21011
-20606
-20760
-20452
-19782
-19495
-19673
-19371
-18269
-16938
-15914
-15806
-15105
-13695
-12256
-11283
-10211
-8605
-7658
-7013
-5878
-3765
-2700
-2139
-946
526
1225
2027
3355
4233
4751
5461
6891
6425
6540
7878
8427
8233
7942
8089
8424
10051
10732
8563
8261
8842
11157
11506
10241
9471
10203
10815
11532
11965
9070
9737
13486
13496
10333
9553
12193
12545
13135
11236
11680
11657
12890
12967
12108
10402
10793
13046
12502
10489
9086
10553
10732
10150
8234
8656
8773
8464
7966
7397
7172
6041
6056
5726
5310
4734
4028
3073
2142
1618
679
-156
-603
-1553
-3148
-4865
-5263
-5860
-6921
-8610
-9778
-10848
-12150
-12881
-13681
-14500
-16020
-16891
-17576
-17933
-18788
-19215
-19295
-19697
-20232
-20568
-20257
-20327
-19442
-19267
-19105
-19221
-18325
-17212
-16322
-15459
-14685
-13871
-13012
-11557
-10245
-9223
-8316
-7000
-5967
-4881
-3972
-2646
-1470
-601
-162
180
1824
2789
3163
3173
5308
5700
5022
5950
7299
7760
7420
7975
8252
8901
9088
9625
9841
9528
10608
11499
9525
10036
12625
12669
11508
11248
12161
12341
13362
13166
12382
12189
14325
13919
13702
12847
13219
14022
13902
14242
13562
13986
12810
13246
12371
12326
12966
13428
11133
10670
11989
10767
10049
10422
10084
8728
9156
8918
7078
6129
7140
6925
4444
3191
3144
2540
692
-381
-421
-2665
-4601
-4880
-6045
-8281
-9365
-9216
-11462
-13756
-14620
-14457
-15736
-17184
-18612
-18869
-19606
-20855
-21081
-21037
-21423
-22504
-22466
-22239
-22183
-22294
-21552
-20964
-20641
-20479
-20114
-18716
-17307
-16126
-15853
-14890
-13630
-11937
-10865
-9916
-8697
-7399
-6232
-5502
-3916
-2788
-1606
-434
533
-148
1759
3726
4114
3986
4308
6016
5802
6113
6491
8483
8357
7922
7398
8455
9738
9708
9924
8397
8799
9972
11481
9839
8231
9891
11612
12178
9570
10582
11602
11569
10223
12946
12775
10649
11921
13023
12851
12309
12534
12472
13059
13334
12359
11424
11709
13736
13007
10176
9740
11189
11577
10879
10042
9168
9049
9768
9857
9709
7187
6047
6600
8354
5951
3763
2927
3185
2430
1041
-288
-2605
-2501
-2942
-4598
-7757
-8401
-8057
-9459
-12003
-13792
-14052
-14888
-16058
-17354
-18098
-19641
-20527
-20511
-20603
-21520
-22720
-22447
-22101
-22109
-22485
-22400
-21726
-21036
-20234
-20056
-19482
-18772
-16922
-15665
-14935
-14067
-12886
-11505
-10148
-8278
-7634
-7005
-5680
-3608
-2578
-2596
-1611
180
1049
1948
1828
2823
3289
4770
6256
6030
5854
6073
7572
8224
9365
8342
7073
7865
10526
10885
9456
7909
8475
10375
11567
11723
10015
9388
11230
13067
11267
10324
11254
12718
13027
12617
11686
11118
11333
13934
15090
12914
10297
11465
14103
13110
12230
11533
12236
12896
12527
11324
10133
11293
13084
11650
9408
8920
10315
11142
10338
8902
7370
6765
7677
8407
6562
4476
3180
3865
3765
1313
-542
-1608
-1214
-2013
-5162
-7503
-8149
-7540
-9111
-11902
-14124
-14565
-15067
-15963
-17870
-19049
-19744
-21027
-21038
-21680
-22232
-23178
-22847
-22360
-22849
-23713
-23251
-21605
-20692
-20573
-21034
-19679
-18251
-16635
-15868
-15023
-14237
-12760
-10820
-9883
-9387
-7804
-5602
-5068
-4048
-2871
-1564
-180
1370
2400
1788
2178
3737
5791
6945
6562
5441
6437
7970
9123
10618
8759
7684
9556
11703
10707
10835
10292
10265
12402
13009
11467
11473
11926
12735
14207
15165
13272
11552
13384
16838
17059
13663
12563
14700
15624
15928
14693
13552
14258
15832
14748
13742
13369
13576
14047
14612
12921
11727
12696
12513
12579
13066
11612
9947
10431
11509
11785
10055
6760
6451
9141
8772
5314
3107
3168
2874
2429
1137
-1764
-3527
-3848
-3655
-5925
-8779
-10941
-11037
-11659
-13635
-15871
-17380
-18413
-19284
-19317
-21228
-22945
-23840
-23047
-22978
-24132
-25493
-25335
-24335
-24027
-24035
-24249
-23676
-23134
-21666
-20719
-20278
-19724
-18446
-16707
-15032
-13883
-13368
-12006
-10454
-8446
-7395
-7138
-6286
-3355
-1442
-2007
-1550
433
2116
2339
1870
3002
5580
6583
5691
4989
6210
6850
9609
9097
7469
7015
9056
11104
9797
9259
9822
11276
9345
8974
11053
13222
12597
10326
10451
11696
13323
14419
15020
13216
10682
13708
15973
15741
14188
13195
15196
14908
15117
15267
16476
13738
13427
16110
17152
14149
12139
14449
14863
14329
13066
13347
12077
11104
12643
12653
12019
9460
8287
8927
9263
8817
6205
3857
3254
4475
3885
132
-2503
-3077
-2555
-4993
-7618
-9786
-9713
-11518
-13615
-15210
-16901
-18460
-19562
-19492
-20834
-22934
-24834
-24732
-24033
-24346
-25946
-26911
-26066
-25781
-25416
-25557
-25246
-24330
-23440
-22772
-22220
-20987
-19627
-17948
-16777
-16219
-15341
-13433
-11465
-10025
-9012
-8256
-6563
-4608
-3689
-2641
-1247
-177
349
1301
2888
3454
4545
4738
4571
5047
7085
8898
8665
6522
5698
8539
11830
10244
7672
8980
11431
12120
10179
10663
10613
12444
14813
15172
11880
10139
12295
15433
17112
14971
11832
11745
15395
18188
16767
13822
12469
14833
18552
17564
14282
13893
14733
16638
16997
15314
11742
11425
14894
17156
14469
10477
9834
11915
14059
13219
10768
8985
10044
11327
9955
8026
7463
8356
7366
4655
3241
2565
2280
457
-1475
-2647
-4184
-7072
-9042
-9100
-9883
-13050
-15842
-16888
-17716
-19136
-20894
-22285
-22888
-24207
-25780
-26492
-26170
-26311
-26941
-27295
-27069
-27182
-26876
-26425
-25253
-24256
-24119
-23768
-22493
-20730
-19131
-18276
-17473
-15869
-14250
-13312
-11745
-9859
-8415
-7199
-6379
-5901
-4106
-2122
-1065
144
1366
932
1779
3775
5709
5613
4809
5505
7243
7710
8095
7819
7967
8260
9783
11057
10305
10210
9447
10782
11904
13380
11129
10341
12957
14590
13767
11567
12128
12901
15293
15331
13364
12761
14765
15530
16688
16351
15119
14359
14871
16117
17336
15653
14749
13461
13485
16138
15172
13896
11205
12504
13176
13053
13170
11638
10755
10201
11407
12212
11988
9093
7350
7126
9406
10102
6284
2897
1946
4131
3844
726
-2475
-4091
-4879
-5638
-7194
-9082
-11391
-14190
-15113
-15117
-16204
-18964
-22043
-21994
-21366
-21829
-24512
-25991
-25735
-25480
-25647
-25607
-26065
-26836
-26452
-25747
-24184
-23412
-23470
-23533
-22318
-19629
-18222
-17811
-17382
-15614
-13529
-12554
-10915
-9023
-8200
-7615
-5450
-4179
-3204
-1666
-848
718
1529
2828
2064
3448
4417
6737
7026
5367
5800
6982
8512
9017
10374
8633
7938
8329
11326
12142
13150
11401
11024
12474
13107
13694
13365
14831
14120
14278
13352
13953
14740
16867
15400
14410
15156
16244
15863
16305
16024
15090
15673
15810
17885
16307
14852
13595
15242
15442
15919
15394
12802
12366
13984
15174
14002
12721
11759
11420
12699
13474
11398
9190
7371
8173
8936
8482
5010
2343
1890
1250
518
-1288
-3032
-6702
-8949
-9530
-8902
-11047
-14955
-17723
-18536
-18205
-20186
-21694
-23406
-24632
-25756
-25915
-26026
-27032
-28316
-28523
-27587
-27370
-27223
-27633
-27112
-26097
-24677
-23520
-23432
-22490
-20847
-18562
-17466
-16703
-14678
-13090
-12245
-10429
-8918
-7609
-6229
-5496
-3960
-2806
-1782
-171
349
-66
1886
3260
4388
5579
6426
6227
4814
6651
8682
9616
9929
8873
9889
10552
10107
10279
11405
11608
11698
11199
12578
14344
12138
11212
11509
13274
15383
14945
15079
13281
13040
13861
16179
17882
16748
16260
16007
17501
16079
18118
18563
17726
16621
17566
17808
16685
16904
15737
16866
15415
15542
14323
14090
13579
13946
14033
12543
11640
10313
10281
8742
9366
8786
6721
4549
2842
3203
1974
-37
-2923
-4137
-4989
-7072
-9436
-11065
-12288
-14660
-16437
-18055
-19547
-21127
-23159
-23852
-24511
-25428
-27878
-28952
-28957
-28660
-28537
-29080
-29844
-30312
-29326
-28443
-27126
-26567
-25720
-25450
-24800
-22886
-20874
-18850
-18574
-16909
-15599
-13940
-12371
-9802
-8754
-8271
-7021
-5568
-2287
-1795
-1796
-2470
-377
1911
4178
4481
3092
3041
4726
8198
9527
8029
6475
7224
8497
9453
11710
11004
10277
9345
10466
12374
11841
11068
12545
14308
14388
14368
13472
12616
14988
16837
17306
16499
17069
16398
16138
15641
16751
17744
19135
17656
16333
16057
17920
19005
16205
15666
17643
19048
16540
15122
16256
17111
15909
14732
14377
14938
14834
14121
13412
13176
11945
9345
8729
8397
8946
7056
4869
1407
-516
-419
-317
-2144
-5692
-8830
-11659
-12781
-13216
-13406
-16070
-19820
-23391
-24297
-23701
-23649
-25483
-28052
-29898
-30614
-30478
-29742
-29135
-29926
-30774
-30809
-29511
-27810
-26523
-25970
-25548
-24503
-22962
-20788
-18562
-17077
-16001
-15035
-13947
-12121
-9277
-7141
-6436
-5869
-5187
-3754
-1957
-70
1299
1906
2632
3320
3959
4734
5885
6150
6949
8166
9491
8322
7128
8082
11300
12625
11853
10541
8965
8791
11147
14620
16321
15078
11420
9694
11873
15121
17994
18936
17583
16425
14239
14874
16669
20816
22100
22001
19221
15999
15956
19041
21644
20673
20752
19542
17500
16355
17642
19608
19623
18438
16744
14934
15071
15624
16516
16598
15486
13730
11683
11246
10515
10822
10019
8308
6134
3330
1055
-731
-977
-1913
-4134
-7534
-10878
-13326
-14716
-15554
-16728
-18563
-21242
-25050
-27515
-27940
-27003
-27294
-28973
-31746
-32768
-32658
-32768
-31410
-30351
-30763
-32406
-32711
-31288
-28249
-26016
-25104
-24713
-23507
-21859
-20365
-18198
-15582
-13352
-12334
-12094
-11561
-9193
-6911
-5028
-4051
-2753
-1446
-944
-1088
1057
3719
4228
3842
3376
4908
6292
7875
8504
8194
8002
7785
8946
10818
11315
11157
10704
10328
11791
12235
13975
13276
13041
13130
16003
17987
17105
14505
13948
16646
18823
20846
20443
18369
16797
18683
20495
23614
24186
22988
22605
22535
22070
21834
23233
23812
24110
22895
20111
19218
17385
17354
18896
19917
18991
18729
15828
13030
12344
11858
12596
10788
9567
7411
4911
2421
-715
-2789
-4095
-4438
-6856
-10717
-14775
-17668
-20032
-20933
-21247
-22857
-25824
-30359
-32768
-32728
-32436
-32268
-32768
-32686
-32768
-32717
-32768
-32727
-32768
-32728
-32768
-32726
-32615
-30593
-27393
-26235
-25558
-24769
-22783
-20376
-18506
-16093
-14020
-13474
-13144
-11420
-8794
-6266
-4997
-4086
-3117
-3320
-2760
-2365
351
2399
3782
3264
1493
1498
2631
6089
7208
7180
6623
5852
6110
7288
10428
12460
12560
11035
10039
11242
13826
16848
18391
18405
16677
15596
17463
18784
21132
22639
22538
22348
22317
21322
20988
23864
25443
27969
26970
24971
24438
25670
26294
27688
28361
27875
26518
24754
24228
24214
25416
25635
24593
22386
21275
21883
21670
19597
16880
15725
14560
13698
10961
9480
6542
3133
181
-833
-1874
-5282
-9806
-13976
-16501
-18618
-20128
-22049
-24451
-27579
-31750
-32768
-32723
-32768
-32733
-32768
-32735
-32768
-32736
-32768
-32733
-32768
-32723
-32768
-32692
-32768
-31796
-28670
-26464
-24983
-23533
-21418
-19665
-18112
-16492
-14283
-11503
-9521
-8036
-7452
-6701
-6145
-4659
-2773
-1201
-160
-221
-230
-449
-265
773
2150
2684
2364
2648
3016
3285
3207
3509
4520
4462
5546
7074
8469
8577
8131
8868
10021
12483
13460
14076
14222
13615
15447
16625
17489
20053
19641
19372
20687
21304
22384
23224
25197
26160
25159
25411
25260
27695
28618
27851
27378
26149
26125
27102
27792
28136
27007
25012
23773
24032
24713
24517
23301
20204
17052
14520
13220
12168
11277
8546
4167
-231
-3255
-5086
-7410
-9990
-13832
-17959
-21899
-24783
-27055
-28877
-31224
-32768
-32692
-32768
-32745
-32768
-32765
-32765
-32768
-32754
-32768
-32743
-32768
-32726
-32768
-32683
-32768
-31979
-29450
-28191
-27668
-25829
-22710
-19470
-16279
-14348
-13946
-12840
-11349
-8625
-6272
-4637
-4148
-4001
-3620
-2530
-1567
-1246
-1134
-1224
-697
-347
1143
720
353
-146
-527
743
3211
4809
4684
3512
1919
2413
4940
8049
10303
11060
11175
10425
9899
11511
14935
18473
20322
21102
19845
19381
21236
23339
25080
27208
29622
31794
32065
30807
29396
30314
30763
32500
32767
32664
32767
32137
29633
29076
30707
32294
32767
32733
32563
30457
24797
21521
21226
23074
23395
21471
18218
12574
6207
819
-1081
-736
-2019
-4544
-9362
-15179
-21874
-26834
-29006
-28913
-28656
-30405
-32471
-32768
-32697
-32768
-32720
-32768
-32730
-32768
-32730
-32768
-32720
-32768
-32695
-32768
-30688
-27761
-25573
-24333
-23863
-22277
-18984
-15482
-12423
-9826
-8908
-8289
-7841
-6681
-5143
-3226
-2353
-1806
-1404
-1767
-2430
-2679
-2261
-2184
-2095
-2695
-2628
-2572
-3516
-3543
-2788
-2503
-2575
-2647
-2356
-1743
-526
-154
579
2196
4062
5370
6513
8144
8845
10525
12564
15286
16959
19042
20034
20503
21813
24375
26047
27932
30061
30725
30962
31152
31404
32053
32709
32767
32735
32767
32729
32767
32624
32516
32767
32767
31992
30655
28929
26383
24561
23254
21770
20768
17510
14197
9588
5132
842
-1998
-3283
-6166
-10136
-15676
-20708
-25426
-28953
-31278
-32768
-32630
-32768
-32711
-32768
-32747
-32768
-32768
-32760
-32768
-32748
-32768
-32739
-32768
-32732
-32768
-32718
-32768
-32294
-28875
-26495
-25318
-24972
-23080
-20076
-16589
-13681
-11901
-10755
-10419
-9957
-9284
-7837
-6693
-6095
-6489
-6536
-5998
-5785
-5574
-6528
-7517
-8574
-8289
-7689
-7671
-7417
-7983
-8158
-8461
-8127
-7580
-6476
-5701
-4632
-2854
-1373
630
787
2055
4215
6357
8670
11241
13667
15631
17631
18166
19619
21865
25126
27899
30086
31298
31945
32723
32758
32767
32754
32767
32756
32767
32755
32767
32751
32767
32742
32767
32727
32767
32703
32767
32656
32767
32381
31553
30881
30311
28736
24031
18259
11938
7885
4485
1500
-1436
-4615
-8652
-13941
-18471
-22353
-25083
-29415
-31908
-32768
-32768
-32755
-32768
-32763
-32764
-32768
-32742
-32768
-32397
-29385
-27179
-25170
-23884
-22600
-20172
-17118
-14368
-11958
-8911
-5758
-3425
-1708
-803
-137
-193
-69
1349
3643
5105
4418
3232
1687
418
-1109
-1245
-1119
-1274
-2365
-3708
-4249
-5113
-5924
-6895
-6808
-6526
-5722
-4479
-3456
-3025
-2981
-2361
-1088
595
2882
5283
7690
9642
11488
14280
16650
18392
20378
22296
25000
27613
29940
32032
32767
32762
32766
32767
32762
32767
32764
32767
32767
32765
32767
32757
32767
32747
32767
32732
32767
32706
32767
32638
32767
30911
26542
23851
21185
19515
17133
14406
9157
2226
-4096
-9237
-13748
-19341
-23795
-27982
-31586
-32768
-32699
-32768
-32747
-32768
-32762
-32768
-32768
-32764
-32768
-32759
-32768
-32754
-32768
-32746
-32768
-32732
-32768
-32694
-32768
-31431
-27667
-24364
-21750
-19303
-15827
-11763
-8248
-5549
-3190
-1798
-950
-612
342
1983
3155
3871
3871
4165
3927
3407
2412
1313
71
-813
-687
-177
318
455
520
-229
-547
-396
928
2158
3376
4723
6283
8157
9499
11610
13206
14973
16265
17827
20459
23247
25782
27232
28908
30655
32356
32767
32724
32767
32744
32767
32753
32767
32759
32767
32764
32767
32767
32764
32767
32763
32767
32764
32767
32767
32760
32767
32734
32767
31013
28110
25698
23057
19622
16467
11353
5855
-475
-5612
-10445
-16121
-21102
-26080
-29873
-32768
-32737
-32768
-32764
-32765
-32768
-32757
-32768
-32754
-32768
-32755
-32768
-32759
-32768
-32768
-32764
-32768
-32748
-32768
-32720
-32768
-30280
-26920
-23987
-21793
-19499
-16503
-14111
-11941
-10266
-7616
-6387
-5812
-5964
-6185
-6551
-7042
-7148
-7001
-7086
-8132
-9305
-10610
-11761
-13275
-14355
-14819
-15305
-15176
-14936
-14351
-13813
-13371
-12660
-11428
-10612
-9029
-7113
-4513
-2246
282
2984
5540
7738
9494
11936
14076
16684
18507
21179
23210
24916
26622
28565
30598
32074
32635
32767
32756
32767
32767
32763
32767
32761
32767
32763
32767
32766
32765
32767
32753
32767
32734
32767
32695
32767
31415
29155
25520
22079
18306
15525
11995
6652
2112
-2298
-6153
-12548
-18210
-23078
-26852
-31111
-32768
-32645
-32768
-32706
-32768
-32732
-32768
-32748
-32768
-32758
-32768
-32764
-32768
-32763
-32768
-32751
-32768
-31158
-28132
-25084
-21512
-17766
-14857
-12005
-9274
-6443
-4510
-3111
-1732
-839
-323
-237
717
898
1145
247
-481
-1274
-2636
-3585
-5281
-6241
-7831
-8698
-9734
-10292
-10952
-11150
-11267
-11198
-10555
-10085
-8600
-7747
-6383
-4884
-2982
-1082
978
3446
5919
8566
11011
13485
15704
18412
20480
22879
25249
27630
29712
31706
32767
32703
32767
32735
32767
32750
32767
32757
32767
32762
32767
32765
32767
32767
32767
32767
32763
32767
32756
32767
32743
32767
32709
32767
32218
28963
24581
21161
16979
14205
9910
5197
977
-3717
-8689
-14939
-20573
-25656
-30322
-32768
-32681
-32768
-32733
-32768
-32752
-32768
-32761
-32768
-32762
-32768
-32761
-32768
-32757
-32768
-32749
-32768
-32536
-29893
-26491
-23815
-20315
-17166
-14444
-11387
-8792
-5887
-3842
-1961
-573
97
296
320
424
98
-246
-1154
-1950
-3042
-4110
-5006
-6433
-7929
-9899
-11341
-12444
-13402
-14028
-14392
-14565
-14497
-13896
-13012
-11676
-10575
-9447
-7935
-6289
-4088
-2049
610
3107
5460
8171
10580
13006
15061
17353
18875
20815
22482
24392
26370
27929
29439
30170
31440
32199
32766
32766
32762
32767
32754
32767
32748
32767
32739
32767
32727
32767
32706
32767
32668
32767
32550
32255
30230
27482
25561
22009
18776
14617
11326
7803
3790
-49
-3695
-7547
-12424
-17939
-22863
-27046
-31719
-32768
-32720
-32768
-32738
-32768
-32743
-32768
-32746
-32768
-32750
-32768
-32755
-32768
-32760
-32768
-32768
-32761
-32727
-30005
-26586
-23468
-20261
-17764
-15073
-12572
-9869
-7458
-5424
-3697
-2178
-907
-167
182
160
-191
-1041
-1857
-2632
-3332
-4130
-5222
-6206
-7264
-8114
-9330
-10311
-11328
-12127
-12848
-13235
-13031
-12735
-11858
-11077
-9568
-8262
-6569
-5099
-3343
-1373
657
2983
5288
7744
10152
12438
14558
16359
17993
19642
21001
22436
23888
25226
26312
27569
28491
29488
30026
30941
31155
31866
32350
32423
32767
32687
32767
32557
32767
32271
32544
31995
32081
31799
31813
31690
30673
29657
27577
25921
23467
20096
16590
13116
9841
6291
2039
-1166
-5348
-9196
-14264
-18455
-22626
-26549
-30842
-32768
-32630
-32768
-32699
-32768
-32729
-32768
-32749
-32768
-32766
-32762
-32768
-32743
-32768
-32707
-32768
-31360
-27988
-24438
-21094
-17716
-14735
-12111
-9138
-6736
-4188
-2239
-189
1693
3596
4942
6356
5154
4752
3933
3333
3087
1161
569
-1208
-1470
-3128
-3329
-4018
-4737
-6548
-7942
-8597
-9097
-8401
-9394
-8645
-8351
-7112
-5925
-3792
-1485
297
2193
3941
6172
8339
10837
12607
14799
17052
19190
21660
23597
25480
26600
27341
27793
28002
28797
29165
29599
30132
30816
31623
32487
32767
32690
32767
32511
31553
30964
30640
30549
29951
30095
30048
30233
30101
30023
30259
29382
28072
26022
24461
22431
20588
17745
14812
12065
8995
6285
2897
375
-3337
-6938
-11293
-15287
-18502
-21763
-24803
-28190
-30700
-32642
-32768
-32747
-32768
-32743
-32768
-32734
-32768
-32717
-32768
-32401
-30717
-28498
-25951
-23133
-20014
-17009
-13841
-11190
-8726
-6493
-3947
-1754
232
1966
3315
4704
5906
6874
7804
7272
6412
4777
3218
2003
96
-1330
-3687
-5083
-7196
-8564
-10045
-11150
-12652
-14253
-15700
-17021
-17262
-18111
-18075
-18372
-17737
-17109
-15721
-13967
-12266
-10206
-8364
-6342
-4413
-1947
204
2577
4592
6952
8942
10834
12668
14125
15301
16201
16994
17742
18751
19433
20236
20490
20781
20734
21197
21406
21778
21787
21738
21347
21213
21433
21215
21629
21337
21545
21168
21461
21441
21748
21972
21606
21119
19703
19046
17320
15840
12811
10087
7122
3968
1277
-2166
-4653
-8335
-11474
-15472
-18411
-21519
-24836
-28036
-31831
-32768
-32768
-32761
-32768
-32766
-32767
-32768
-32759
-32768
-32751
-32768
-32732
-32768
-31492
-29321
-26707
-23816
-20842
-17743
-14926
-11810
-8931
-5853
-3316
-1114
559
1900
3168
4106
4909
5410
5736
5804
4815
4126
2761
1664
180
-1907
-3499
-5629
-6715
-8451
-9409
-10490
-11237
-12070
-12569
-12728
-12751
-12481
-12542
-11856
-11392
-10052
-8901
-7189
-5194
-3197
-861
1656
4239
6585
8968
11004
12916
14733
16400
17781
19034
20306
21199
22273
23287
24253
25563
26260
27193
27532
27836
27986
27775
27761
27314
27227
26915
26605
26521
26231
26506
26100
26153
25733
25581
25141
24884
24814
24403
24087
22841
22119
20619
19750
17921
16203
13344
10759
7583
4664
1464
-1880
-5074
-8838
-12103
-15895
-18564
-21714
-24547
-27732
-30615
-32617
-32768
-32746
-32768
-32746
-32768
-32744
-32768
-32742
-32768
-32732
-32768
-31592
-29380
-27043
-24451
-21786
-19076
-16563
-13891
-11283
-8573
-6039
-3694
-1628
87
1640
2958
4024
4761
5280
4879
4608
3608
3062
2294
1199
208
-1317
-2138
-3346
-3921
-4971
-5640
-6566
-7131
-7743
-7965
-7839
-7910
-7430
-7216
-6091
-5017
-3338
-1615
242
2114
4069
6157
8126
10319
11863
13633
14940
16752
18344
20034
21722
22887
24032
24870
25724
26347
26958
27260
27284
27143
27050
27042
26979
26986
26914
27001
26800
26450
25939
25357
24818
23997
23430
22584
22132
21296
21075
20157
20097
19535
19182
18510
17482
16541
14795
13519
11304
9711
6581
4157
739
-1800
-5061
-8084
-11051
-14533
-17274
-20897
-23394
-26556
-29016
-31955
-32768
-32696
-32768
-32724
-32768
-32734
-32768
-32740
-32768
-32742
-32768
-32738
-32768
-32508
-30582
-28211
-25574
-22967
-20267
-17652
-14958
-12258
-9592
-6889
-4527
-2278
-547
1070
2458
3538
4392
4892
5302
5192
4600
4087
3216
2667
1389
314
-1099
-2152
-3088
-4030
-4483
-5282
-5509
-6285
-6100
-6168
-5477
-5035
-4399
-3504
-2578
-1081
265
2155
3744
5610
7262
9268
11068
12959
14553
15928
17276
18466
19798
20725
21708
22435
22991
23153
23206
23118
22870
22603
22107
21716
21197
20828
20367
20062
19606
19478
19489
19514
19227
19054
18614
18041
17613
16976
16649
15931
15680
15231
15037
15056
14984
14850
14339
13850
12952
11966
10511
9015
7261
4978
2587
-93
-2229
-4625
-6975
-9325
-11753
-13869
-16268
-18284
-20469
-22399
-24599
-26574
-28365
-29693
-30618
-31405
-31603
-31781
-31166
-30438
-29134
-27687
-26058
-24297
-22645
-20756
-18877
-16720
-14726
-12629
-10703
-8538
-6403
-4279
-2127
-241
1554
2908
4104
5024
5687
6084
6088
5968
5370
4409
3328
2048
921
-667
-2060
-3802
-5152
-6602
-8007
-9148
-10316
-11153
-12144
-12530
-13048
-12953
-13062
-12905
-12632
-12045
-11143
-10189
-8720
-7309
-5565
-3877
-1921
-142
1868
3612
5340
6943
8490
9973
11136
12245
13077
13871
14388
14783
15044
15380
15407
15642
15680
15819
15847
15823
15758
15674
15496
15174
15219
15192
15567
15596
15781
15784
15760
15864
15436
15332
14815
14488
13967
13712
13711
13340
13135
12501
12121
11282
10561
9357
8143
6765
4715
2790
327
-1556
-4074
-6411
-9091
-11541
-13760
-16143
-18128
-20246
-21866
-23825
-25324
-26884
-27828
-28683
-29384
-29737
-29971
-29536
-29097
-28084
-26959
-25468
-23938
-22260
-20381
-18410
-16255
-14313
-12289
-10431
-8395
-6500
-4633
-2816
-1150
475
1807
3129
4259
5309
6070
6553
6725
6787
6554
6275
5155
4161
2893
1726
648
-696
-1588
-2889
-3479
-4583
-4884
-5328
-5391
-5647
-5659
-5382
-5106
-4325
-4052
-3164
-2555
-1401
-372
1138
2786
4411
6138
7615
9238
10607
12078
13047
14045
14777
15435
15926
16300
16595
16709
16745
16619
16591
16505
16464
16168
16050
15748
15516
15339
14996
14803
14625
14580
14546
14527
14736
14828
14849
14957
14767
14928
14652
14546
14121
13891
13454
13099
12892
12422
12117
11216
10655
9565
8732
7416
6024
4471
2701
819
-1336
-3417
-5675
-7799
-10211
-12393
-14661
-16644
-18615
-20475
-22104
-23704
-25088
-26385
-27393
-28188
-28708
-29078
-29151
-28907
-28330
-27450
-26363
-24999
-23474
-21742
-19883
-17959
-15858
-13818
-11774
-9784
-7812
-5858
-3967
-2131
-449
1172
2618
3938
5041
6015
6741
7235
7465
7414
7291
6815
6182
5447
4498
3461
2248
1134
11
-987
-1896
-2759
-3438
-3992
-4363
-4707
-4799
-4887
-4783
-4643
-4320
-3808
-3175
-2388
-1527
-515
620
1859
3148
4444
5703
6899
7881
8748
9492
10144
10650
10964
11181
11312
11429
11440
11477
11483
11543
11537
11536
11433
11304
11117
10812
10493
10140
10084
9863
9984
9946
10287
10597
10983
11461
11707
12307
12428
12739
12672
12748
12747
12622
12675
12362
12509
12210
12321
12152
12041
11903
11222
10931
9780
9141
7658
6496
4823
3168
1512
-558
-2321
-4624
-6291
-8569
-10186
-12285
-13958
-15773
-17512
-18962
-20623
-21722
-23146
-24019
-25024
-25476
-25814
-25808
-25551
-25131
-24321
-23530
-22287
-21155
-19687
-18330
-16908
-15479
-14112
-12616
-11298
-9835
-8532
-7208
-5943
-4734
-3565
-2570
-1603
-897
-234
177
441
501
309
2
-542
-1152
-1998
-2740
-3571
-4395
-5198
-5963
-6515
-7047
-7383
-7693
-7874
-7929
-7944
-7834
-7578
-7184
-6691
-6139
-5450
-4681
-3746
-2766
-1637
-454
866
2189
3536
4877
6138
7364
8347
9268
9941
10615
11005
11359
11571
11791
11942
12024
12185
12224
12353
12261
12206
11982
11867
11659
11469
11205
10906
10611
10317
10255
10205
10438
10629
10958
11269
11640
11970
12177
12360
12300
12329
12107
12082
11868
11807
11724
11526
11565
11471
11574
11416
11274
10983
10501
9958
9118
8204
6947
5718
4113
2562
858
-828
-2469
-4369
-6009
-7877
-9369
-11070
-12583
-14093
-15557
-16883
-18272
-19348
-20439
-21147
-21950
-22331
-22622
-22535
-22247
-21824
-21060
-20310
-19206
-18211
-16942
-15706
-14350
-13053
-11726
-10351
-9005
-7570
-6304
-4983
-3832
-2605
-1543
-517
437
1189
1844
2291
2676
2850
2965
2899
2800
2607
2348
2081
1784
1599
1416
1333
1238
1217
1189
1184
1181
1128
1118
1088
1164
1316
1636
2073
2610
3250
3965
4811
5708
6689
7594
8514
9363
10110
10807
11331
11795
12108
12401
12568
12681
12711
12748
12774
12841
12930
12951
13028
12930
12858
12663
12486
12248
11950
11645
11198
10828
10371
10053
9687
9421
9262
9099
9064
8955
8907
8728
8583
8340
8034
7604
7150
6580
5967
5428
4780
4393
3962
3725
3478
3307
3203
3068
3002
2825
2613
2207
1766
1133
523
-283
-1105
-2028
-2964
-3821
-4745
-5575
-6442
-7325
-8248
-9170
-10110
-11076
-12106
-13133
-14193
-15190
-16119
-16940
-17611
-18131
-18513
-18715
-18753
-18602
-18291
-17891
-17338
-16778
-16121
-15454
-14716
-13971
-13168
-12353
-11507
-10632
-9714
-8738
-7805
-6817
-5936
-5056
-4284
-3554
-3013
-2548
-2277
-2151
-2121
-2246
-2378
-2639
-2826
-3108
-3255
-3422
-3521
-3574
-3598
-3541
-3497
-3343
-3284
-3129
-3068
-2911
-2822
-2631
-2404
-2100
-1664
-1191
-565
48
851
1582
2418
3114
3826
4421
4980
5497
5849
6190
6328
6510
6556
6645
6654
6709
6740
6747
6771
6732
6781
6744
6744
6615
6497
6287
5987
5707
5359
5097
4802
4616
4387
4322
4196
4180
4235
4348
4479
4631
4766
4862
4953
5016
5121
5116
5233
5190
5240
5324
5374
5519
5578
5800
5925
6128
6265
6379
6441
6430
6410
6218
6132
5801
5585
5111
4724
4188
3598
3004
2236
1584
705
-33
-973
-1764
-2711
-3553
-4490
-5383
-6192
-7040
-7704
-8483
-9019
-9632
-10030
-10432
-10670
-10849
-10942
-10934
-10861
-10642
-10452
-10099
-9798
-9366
-8959
-8466
-7983
-7519
-7012
-6562
-6106
-5705
-5285
-4940
-4586
-4309
-4066
-3864
-3678
-3523
-3423
-3325
-3278
-3238
-3205
-3175
-3124
-3070
-3009
-2921
-2824
-2692
-2553
-2395
-2248
-2086
-1927
-1722
-1489
-1207
-923
-602
-235
148
589
1063
1570
2076
2621
3133
3691
4216
4717
5115
5505
5842
6122
6396
6628
6829
6963
7112
7151
7228
7217
7212
7145
7102
7017
6940
6840
6713
6555
6312
6131
5839
5669
5347
5180
4898
4718
4432
4170
3952
3621
3436
3029
2853
2451
2302
1957
1723
1462
1203
1050
764
702
454
409
154
81
-154
-308
-516
-742
-917
-1142
-1326
-1561
-1749
-2004
-2161
-2469
-2661
-2963
-3203
-3530
-3863
-4228
-4637
-5064
-5543
-6029
-6511
-7003
-7474
-7916
-8309
-8618
-8915
-9129
-9312
-9415
-9469
-9465
-9436
-9321
-9237
-9112
-8973
-8807
-8572
-8311
-7984
-7646
-7235
-6796
-6350
-5887
-5423
-4981
-4542
-4123
-3715
-3302
-2942
-2609
-2330
-2077
-1848
-1643
-1405
-1181
-901
-595
-274
64
385
691
1010
1354
1706
2093
2455
2839
3211
3598
3954
4270
4582
4881
5183
5489
5870
6252
6681
7088
7483
7841
8145
8389
8524
8604
8602
8560
8516
8451
8408
8363
8340
8320
8324
8366
8317
8268
8118
7964
7746
7548
7340
7127
6891
6616
6357
6068
5878
5629
5438
5168
4958
4726
4485
4285
4033
3855
3633
3453
3272
3131
2979
2805
2651
2505
2384
2250
2126
1983
1833
1715
1561
1488
1371
1300
1164
1038
907
729
610
420
316
111
-11
-215
-372
-529
-688
-827
-1029
-1167
-1387
-1534
-1762
-1962
-2196
-2443
-2684
-2950
-3154
-3404
-3605
-3846
-4026
-4222
-4359
-4468
-4560
-4600
-4657
-4646
-4686
-4629
-4620
-4555
-4505
-4443
-4357
-4279
-4144
-4055
-3884
-3735
-3540
-3373
-3153
-2951
-2749
-2549
-2380
-2197
-2057
-1903
-1818
-1726
-1687
-1641
-1628
-1600
-1605
-1611
-1598
-1612
-1559
-1529
-1441
-1385
-1299
-1220
-1120
-1010
-925
-844
-804
-778
-769
-717
-669
-579
-459
-291
-64
173
440
677
909
1080
1231
1359
1451
1531
1595
1655
1681
1729
1774
1862
1958
2083
2224
2372
2543
2645
2748
2782
2778
2715
2597
2463
2320
2184
2050
1945
1823
1789
1740
1790
1788
1846
1873
1898
1946
1971
2010
2003
2016
1961
1959
1884
1904
1849
1850
1847
1844
1900
1917
1986
1983
2012
1959
1908
1780
1664
1465
1267
1045
797
578
304
108
-119
-296
-513
-672
-889
-1058
-1305
-1520
-1802
-2091
-2376
-2728
-2996
-3330
-3566
-3864
-4084
-4337
-4516
-4716
-4883
-5002
-5141
-5207
-5359
-5419
-5537
-5579
-5669
-5743
-5800
-5876
-5908
-5960
-5950
-5962
-5919
-5895
-5820
-5767
-5692
-5601
-5543
-5438
-5381
-5269
-5164
-5034
-4905
-4763
-4599
-4443
-4232
-4022
-3770
-3534
-3272
-3024
-2748
-2462
-2182
-1885
-1616
-1301
-1023
-705
-408
-89
214
537
878
1217
1575
1874
2195
2453
2734
2990
3280
3558
3831
4104
4344
4609
4839
5093
5281
5463
5579
5689
5755
5777
5772
5725
5666
5542
5385
5322
5211
5145
4983
4812
4650
4430
4273
4051
3926
3718
3586
3347
3227
3057
2893
2705
2574
2460
2302
2210
2128
2039
1936
1894
1812
1744
1655
1614
1463
1367
1227
1108
971
827
704
576
465
312
219
80
-11
-169
-262
-403
-520
-596
-702
-761
-877
-952
-1047
-1088
-1172
-1227
-1305
-1360
-1446
-1531
-1548
-1613
-1613
-1677
-1680
-1736
-1767
-1782
-1812
-1809
-1842
-1868
-1897
-1920
-1975
-2021
-2137
-2246
-2377
-2481
-2585
-2684
-2748
-2835
-2891
-2930
-2920
-2909
-2846
-2828
-2766
-2738
-2679
-2628
-2589
-2520
-2509
-2459
-2434
-2376
-2333
-2247
-2176
-2063
-1977
-1848
-1719
-1574
-1414
-1264
-1071
-888
-664
-464
-263
-91
88
255
445
617
777
954
1116
1274
1407
1541
1647
1738
1814
1884
1942
2008
2052
2123
2181
2276
2362
2469
2571
2678
2783
2864
2947
2991
3037
3060
3091
3125
3167
3195
3251
3286
3345
3418
3482
3570
3615
3678
3714
3751
3801
3830
3902
3946
3991
4023
4045
4043
4030
3968
3924
3838
3747
3641
3510
3394
3227
3075
2905
2724
2550
2389
2206
2068
1892
1778
1635
1527
1423
1297
1206
1085
1006
885
779
623
506
347
232
70
-79
-210
-370
-484
-639
-744
-873
-976
-1105
-1207
-1316
-1409
-1519
-1609
-1698
-1792
-1885
-2011
-2112
-2220
-2315
-2406
-2488
-2561
-2638
-2705
-2773
-2827
-2860
-2884
-2865
-2852
-2861
-2844
-2839
-2854
-2835
-2844
-2814
-2811
-2750
-2747
-2692
-2662
-2645
-2589
-2539
-2466
-2438
-2338
-2285
-2183
-2097
-1987
-1870
-1764
-1659
-1563
-1439
-1335
-1225
-1154
-1072
-999
-898
-813
-719
-635
-550
-461
-350
-255
-147
-62
14
86
147
237
283
340
377
430
470
548
604
681
719
785
819
879
922
956
985
981
989
981
989
989
983
941
921
874
862
831
828
818
819
808
801
754
725
679
643
606
565
538
477
450
423
393
366
351
307
322
319
381
404
447
476
493
552
567
601
597
591
582
560
525
509
462
420
371
309
277
182
140
86
16
13
-51
-66
-155
-208
-239
-291
-301
-352
-395
-450
-491
-529
-551
-593
-580
-627
-620
-643
-659
-630
-646
-617
-621
-623
-635
-654
-647
-654
-672
-636
-678
-652
-662
-637
-617
-581
-531
-494
-463
-431
-405
-387
-350
-356
-314
-349
-338
-370
-363
-356
-368
-342
-347
-344
-340
-350
-342
-328
-327
-300
-303
-291
-283
-253
-229
-185
-142
-125
-110
-72
-53
-14
18
31
53
58
82
89
113
118
141
151
164
157
148
124
118
101
94
80
47
-8
-48
-83
-96
-95
-98
-109
-138
-143
-144
-131
-145
-153
-198
-224
-272
-303
-346
-380
-396
-423
-426
-443
-460
-477
-494
-512
-501
-503
-488
-496
-502
-522
-535
-545
-557
-558
-561
-562
-548
-552
-551
-544
-529
-519
-504
-502
-490
-496
-488
-517
-548
-572
-622
-640
-674
-684
-722
-743
-782
-782
-789
-780
-772
-779
-772
-798
-799
-790
-755
-732
-701
-675
-658
-639
-625
-598
-564
-518
-471
-422
-386
-352
-328
-289
-255
-215
-202
-189
-180
-172
-157
-168
-157
-203
-215
-243
-251
-247
-283
-363
-435
-537
-592
-642
-660
-627
-636
-589
-587
-498
-406
-313
-231
-158
-84
-11
28
69
74
52
45
33
54
51
45
65
95
153
205
237
265
258
286
280
282
277
233
191
142
102
87
65
76
101
138
199
220
269
281
304
326
333
349
323
296
279
251
235
198
162
134
115
108
92
68
50
-1
-19
-49
-84
-100
-140
-146
-164
-179
-181
-195
-181
-180
-184
-187
-216
-227
-233
-256
-267
-272
-286
-287
-295
-272
-250
-207
-171
-137
-90
-74
-48
-38
-20
-10
-11
-22
-24
-43
-47
-40
-30
-14
-5
8
22
38
50
53
49
57
58
61
28
5
-36
-71
-97
-104
-91
-91
-55
-48
-36
-22
-4
7
29
36
42
28
2
-14
-45
-45
-52
-41
-27
-14
22
63
101
132
163
177
190
199
195
194
191
171
157
140
