-922
-852
-719
-736
-789
-818
-889
-937
-927
-885
-780
-761
-917
-1001
-980
-996
-915
-836
-920
-973
-971
-1004
-951
-874
-882
-870
-880
-950
-912
-837
-890
-886
-916
-1047
-1127
-1025
-979
-1054
-1115
-1192
-1288
-1349
-1249
-1061
-1051
-1222
-1336
-1344
-1313
-1221
-1057
-1089
-1227
-1194
-1158
-1184
-1170
-1083
-1019
-1051
-1032
-1011
-1130
-1127
-1041
-1096
-1188
-1222
-1108
-1188
-1300
-1320
-1326
-1390
-1544
-1513
-1479
-1532
-1522
-1558
-1649
-1649
-1514
-1515
-1515
-1449
-1540
-1554
-1484
-1354
-1315
-1466
-1419
-1326
-1242
-1211
-980
-1207
-1021
-2076
-1580
-381
-1203
-1074
-82
-548
-1389
-997
-839
-1213
-985
-688
-862
-768
-484
-463
-681
-651
-1593
-335
-337
-706
412
595
-228
-107
-460
-1157
466
1203
-222
1466
619
-639
110
389
246
510
722
546
842
961
785
361
634
791
1247
1203
1223
1313
1416
1416
1762
1844
1710
1622
1855
2306
2215
2194
2499
2734
2439
2782
2959
2854
3086
3271
3406
3162
3114
3221
3318
3480
3488
3374
3164
3009
3060
3260
3299
3246
3020
2972
2972
2964
3129
3194
3338
3166
3061
3096
3093
3273
3606
3776
3634
3456
3471
3640
3883
4230
4032
3790
3589
3560
3922
4016
3867
3569
3527
3547
3524
3458
3347
3223
3211
2942
2644
2550
2484
2573
2548
2407
2047
1844
1935
2032
2087
1938
1682
1489
1254
1256
1370
1333
1133
1015
772
513
528
697
707
586
399
35
-77
77
264
269
19
-187
-292
-154
-91
10
124
101
3
-5
16
50
289
404
421
408
379
110
187
574
638
601
618
595
543
681
809
989
949
683
656
829
967
993
985
815
795
815
783
863
1002
930
808
847
689
642
753
966
855
788
673
637
711
724
760
701
620
405
512
574
387
273
229
189
250
326
75
-39
-50
-31
60
71
-211
-415
-329
-287
-56
-224
-561
-653
-748
-730
-496
-475
-843
-1114
-1299
-1304
-1177
-1074
-1367
-1680
-1907
-2111
-1898
-1969
-2020
-2132
-2329
-2518
-2567
-2533
-2425
-2221
-2148
-2388
-2564
-2543
-2363
-2061
-1981
-2120
-2292
-2445
-2299
-2063
-1883
-1962
-2102
-2227
-2379
-2323
-2111
-1921
-1886
-2127
-2434
-2491
-2331
-2049
-1885
-2010
-2243
-2488
-2449
-2214
-1942
-2036
-2308
-2349
-2236
-2203
-2056
-1962
-1951
-2085
-2261
-2053
-1974
-1806
-1912
-1841
-1948
-2027
-1918
-1784
-1604
-1637
-1821
-1978
-1860
-1693
-1507
-1590
-1517
-1593
-1627
-1569
-1333
-1155
-1192
-1054
-988
-1006
-1037
-702
-409
-170
-337
-392
-285
5
474
583
583
406
479
833
1151
1324
1254
1104
1162
1306
1469
1433
1540
1650
1425
1240
1196
1417
1600
1682
1537
1215
976
1288
1626
1676
1493
1347
1336
1486
1770
1754
1671
1636
1643
1749
1908
1943
1873
1781
1782
1824
1849
1742
1860
1762
1642
1564
1603
1574
1499
1483
1284
1254
1246
1123
1080
1040
963
866
669
543
593
651
564
359
207
-20
-2
51
-88
-218
-435
-512
-679
-806
-860
-807
-922
-1070
-1259
-1407
-1475
-1486
-1458
-1638
-1782
-2001
-2081
-2068
-2183
-2242
-2276
-2444
-2520
-2663
-2685
-2563
-2567
-2584
-2820
-2825
-2968
-2896
-2701
-2702
-2750
-3045
-3070
-3037
-2829
-2757
-2825
-2913
-3067
-3021
-2848
-2626
-2652
-2721
-2662
-2674
-2480
-2342
-2187
-2435
-2317
-1397
-1437
-2351
-1878
-1400
-1598
-1280
-1171
-1204
-1679
-1080
-729
-823
-1045
-838
-925
-749
-415
-543
-616
-542
-321
-225
-282
-224
85
29
-91
-31
132
283
429
343
-26
40
257
568
651
229
28
154
405
482
519
337
325
337
508
656
610
609
788
883
742
821
960
1159
1267
1254
1123
1228
1243
1488
1655
1439
1473
1394
1434
1408
1513
1492
1580
1532
1377
1361
1347
1610
1626
1697
1294
1295
1332
1450
1642
1377
1336
1257
1266
1042
1357
1254
1220
963
973
972
753
801
712
756
250
431
421
344
192
-8
-51
-67
72
-191
-109
-281
-268
-330
-284
-197
-363
-370
-613
-278
-429
-365
-322
-499
-486
-500
-279
-354
-290
-530
-365
-350
-216
-108
-359
-460
-436
66
-216
-253
-410
-323
-258
-305
-111
-217
-245
-503
-116
-198
-201
-136
-67
1
-83
-113
143
614
364
427
448
596
745
1003
1046
875
958
895
1380
1578
1239
1184
1290
1212
1316
1402
1452
1388
1027
1041
1190
1216
1116
1190
1086
915
1071
1042
1081
1053
1082
945
1135
776
783
915
946
1019
576
636
653
800
471
585
680
396
533
474
355
275
355
313
477
248
54
248
-2
313
312
153
-99
-97
-131
38
244
-131
-293
-120
-256
-408
-120
-162
-221
-380
-416
-163
-296
-418
-78
-184
-265
-464
-271
-274
-15
-54
-291
-401
-398
-324
-19
-189
-396
-336
-461
-259
-470
-603
-499
-275
-418
-837
-822
-820
-519
-692
-831
-1007
-945
-878
-810
-998
-1201
-920
-1153
-1130
-944
-1142
-1319
-964
-864
-1326
-1393
-1201
-1000
-1049
-1179
-1327
-1352
-1272
-1120
-1076
-1170
-1326
-1321
-1290
-1259
-1164
-1376
-1162
-1156
-1316
-1460
-1225
-1149
-1049
-1355
-1364
-1235
-1247
-1102
-1058
-988
-1440
-1438
-1194
-952
-983
-1128
-1622
-1422
-1037
-994
-977
-1483
-1344
-1237
-890
-1052
-1207
-1331
-1205
-899
-1087
-1304
-1322
-1021
-1015
-991
-1168
-1183
-996
-968
-799
-1010
-878
-815
-747
-831
-731
-570
-675
-522
-544
-531
-638
-215
-157
-255
-184
-303
-45
116
278
176
70
106
284
496
487
317
495
636
415
592
672
663
954
833
696
696
825
1086
1050
967
877
785
1019
1372
1168
941
1192
1322
1294
1254
1633
1442
1615
1508
1519
1637
1806
1792
1790
1689
1513
1641
1617
1870
1867
1501
1491
1656
1608
1703
1662
1573
1475
1541
1513
1555
1449
1559
1182
1352
1280
1180
1161
845
1015
622
603
823
348
-1
366
113
-84
-341
-498
-410
-656
-548
-962
-1425
-863
-1278
-1327
-1745
-1595
-1672
-1932
-1779
-2045
-2369
-2139
-1773
-2423
-2194
-2428
-2185
-2381
-2407
-1954
-2500
-2316
-2076
-2278
-2527
-2064
-1883
-2024
-2280
-2015
-1853
-1865
-1586
-1806
-1811
-1508
-1309
-1239
-1517
-1126
-805
-975
-800
-460
-392
-441
-91
229
305
130
832
911
1242
1196
1387
1757
1938
2429
2561
2487
2706
3080
3335
3463
3732
3715
4072
4264
4539
4260
4396
4909
4916
5074
4858
5031
4938
5054
5207
5295
4748
4677
4898
4768
4575
4225
4240
3923
4037
3596
3124
3308
3121
2655
2484
2212
1948
1869
1316
1287
1024
510
588
44
-23
-806
-843
-928
-1354
-1810
-2178
-2336
-2742
-3182
-3294
-3252
-4291
-4173
-4492
-4946
-4820
-5269
-5476
-5992
-5878
-6526
-6851
-6499
-6535
-7178
-7251
-7231
-7630
-7437
-7471
-7074
-7495
-7529
-7208
-7376
-7066
-6636
-6658
-6492
-6148
-5878
-5476
-5153
-4641
-4389
-4044
-3249
-2977
-2413
-1954
-1379
-811
-481
204
962
1499
1717
2602
2822
3834
3835
4557
5479
5644
6250
6179
7183
7499
8194
8644
8472
8921
9531
10198
10277
10452
10179
10936
11387
11151
11286
10992
11948
11581
11043
11176
11291
11354
11080
11083
10457
10138
10008
10211
9769
9147
8733
7733
8244
7631
6462
5777
5882
5207
3683
3122
2760
1807
734
336
-789
-1864
-2657
-3517
-4358
-5500
-6218
-7383
-8211
-8871
-10224
-11226
-11565
-12260
-13703
-14429
-14901
-15432
-16425
-16723
-17253
-17949
-18317
-18638
-18580
-18882
-19078
-19222
-19018
-18987
-18784
-18500
-17972
-17636
-17486
-16886
-16247
-15269
-14499
-13775
-13037
-12132
-11181
-10030
-8571
-7501
-6659
-5573
-3960
-2715
-1348
73
1315
1920
3290
5117
5876
6951
8011
9164
9814
10807
11639
12562
13522
13903
14194
15014
15617
15953
16339
16647
17027
17448
17178
17474
17416
17982
17965
16735
17681
17225
16953
16855
16814
15966
15567
15913
15934
14678
14432
15014
14044
13450
13031
12846
12186
11437
10969
10081
9085
8495
7491
5945
5172
4332
3126
1442
-84
-955
-2342
-3629
-5252
-6892
-8004
-9317
-10753
-12014
-13404
-14615
-15550
-16854
-17738
-18856
-19517
-20182
-20874
-21454
-22150
-22573
-22691
-22495
-22764
-22521
-22542
-22486
-22051
-21059
-20561
-20352
-19357
-18496
-17876
-16875
-15651
-14745
-13819
-12596
-11450
-10554
-9319
-7792
-6732
-5608
-4370
-3250
-1913
-538
669
1692
2807
3769
5218
5861
6853
7978
8699
9786
10118
10991
11370
12244
13172
13363
13662
14056
14159
14581
15816
15952
15691
15344
16302
16877
16131
16944
17141
16742
16465
16476
17051
17003
16775
16756
16213
15352
16288
16502
15872
15610
15541
15049
14909
15140
15120
14126
13606
13953
13068
12039
11827
11109
9985
8966
8258
7008
5643
4823
3173
1002
442
-354
-2797
-5012
-5936
-6897
-9307
-10888
-11620
-13460
-15394
-16447
-17433
-19015
-20175
-20981
-21981
-23234
-23697
-24415
-24980
-24783
-25508
-26238
-26007
-24960
-24922
-25324
-24714
-23544
-23096
-22490
-21375
-20370
-19351
-18618
-17232
-15929
-14759
-13399
-12090
-10749
-9622
-8229
-6487
-5048
-3777
-2459
-1157
366
1688
2537
3992
5262
5928
6799
7874
9065
9710
10149
10796
11426
12171
12405
13005
13519
13512
13667
13895
13979
14599
15145
14691
14556
14752
15114
15300
15419
15056
14950
15065
15444
15399
15045
15233
15567
15377
14792
15229
15694
14700
14630
14860
14839
14424
14025
14256
13731
13359
13270
12944
12361
11693
11014
10540
10102
8815
8150
6770
6221
5041
3675
2274
669
-555
-1435
-3250
-5245
-6698
-7894
-9302
-11378
-12552
-13917
-15179
-17436
-18126
-18205
-20803
-21946
-21058
-22936
-24660
-23491
-24126
-25766
-25479
-24806
-25811
-25786
-24894
-24550
-24708
-23413
-22544
-22605
-21756
-20045
-19002
-18465
-17299
-15732
-14503
-13456
-11895
-10739
-9126
-7646
-6329
-4800
-3361
-2248
-624
973
2426
3050
4390
6007
6811
7660
8862
9560
10697
11059
11491
12513
13109
13468
13656
13895
13630
14038
15418
15178
14213
14798
15031
14735
15830
16027
14599
15150
15795
15985
15156
15850
16294
15411
15532
15871
15621
15928
16266
15947
15050
15116
15374
15818
14959
15019
14733
14724
14534
14205
13458
13122
13433
12857
10989
10394
10350
9350
8101
6796
6000
4787
3439
1830
59
-1063
-1808
-3775
-6198
-7483
-8405
-10464
-12295
-12991
-14285
-16901
-17882
-18404
-20032
-21537
-21911
-22674
-23978
-24772
-25140
-25396
-25553
-25776
-26545
-25770
-25206
-25299
-25333
-24333
-22965
-22646
-22210
-20975
-19756
-18668
-17415
-16234
-14780
-13531
-12418
-10615
-9063
-7566
-6094
-4735
-3199
-1571
-47
925
2548
4271
5106
5758
7185
8618
9279
9972
10618
11547
11439
11638
12790
13462
13098
12343
13431
14214
13280
12219
14234
14290
13612
14643
14161
12720
14225
15007
13672
13950
13976
12988
13944
15054
13702
12526
13793
14722
14061
13546
13272
13583
14307
13706
13634
13241
12996
14045
13786
12809
12572
12623
12155
12308
11209
10661
9783
9334
8846
7231
6339
4951
4316
3696
1760
-782
-1926
-2270
-3723
-5871
-8146
-9184
-10735
-12108
-14135
-15650
-16328
-18060
-19861
-21120
-22029
-23130
-23779
-24764
-25815
-26693
-27179
-27114
-27405
-27482
-28494
-27961
-26722
-26855
-27044
-26300
-24810
-23930
-23676
-22803
-21011
-19846
-18637
-17435
-16006
-14169
-13022
-11257
-9802
-8132
-6371
-5166
-3730
-1703
-114
722
2258
3990
5325
5541
7218
8647
9085
9526
10256
10949
11541
12148
12531
12694
12176
12260
12955
14178
13267
12785
13734
14828
13805
13869
14938
15681
15668
15595
15958
16077
16483
17890
17700
17266
17127
17254
18457
18549
17306
17431
17746
17505
17299
17436
16559
16587
16482
16075
15539
15230
15591
15025
14477
13105
13217
12991
12390
11955
10532
9339
8866
8258
6457
5720
5206
3239
651
-769
-817
-2114
-4416
-6541
-8002
-9207
-11074
-12659
-13759
-14758
-16726
-18777
-19918
-20444
-21505
-22836
-23509
-24506
-25488
-26341
-26107
-26051
-26749
-27154
-27061
-26471
-26253
-25746
-25072
-24268
-23682
-22870
-22008
-20529
-19096
-17864
-16776
-15552
-13895
-12131
-11068
-9290
-7337
-6119
-5360
-3271
-1393
-426
494
2180
3374
3887
5071
6614
7177
7043
8544
8997
8254
9406
10842
10504
9518
10221
12357
10258
9925
12153
12585
11396
11819
12700
12332
12182
13795
14345
13793
13429
14674
15308
15253
16092
15700
15354
15232
17329
17342
15519
15519
16376
17043
14919
15753
16020
15132
14588
15149
14191
13489
14516
13770
13455
12838
12594
11889
11306
11566
10905
9832
8294
8176
7112
5894
4720
4449
3274
619
-968
-2026
-2321
-4109
-6539
-8113
-9473
-10695
-12852
-14037
-15367
-15994
-18284
-19940
-20829
-21247
-22181
-23500
-23649
-24643
-25714
-25892
-25235
-25282
-25918
-26011
-25338
-24871
-24470
-23668
-22580
-21809
-21216
-20253
-18591
-17165
-16000
-14603
-13239
-11880
-10478
-8950
-6909
-5460
-4120
-2974
-1616
144
1799
2839
4164
4828
6099
7042
7174
8003
10155
10312
9187
10519
11456
11285
11911
12270
11209
10952
13502
12761
11686
12758
13160
12642
12418
13819
13467
13991
15786
14771
13740
15017
17187
16580
16623
16961
17096
16972
18082
18207
16981
17620
17758
17575
16953
16629
16393
16722
16413
15305
14457
14482
14557
14243
12283
13109
12962
11960
11249
11656
9876
8779
9867
9310
6530
5062
6260
4672
2562
1357
1152
-23
-3207
-4723
-5307
-5853
-8348
-10422
-12035
-13184
-14638
-16598
-17691
-18739
-19752
-22413
-23683
-23502
-24242
-26009
-27075
-26570
-27381
-28901
-28803
-27528
-27562
-28767
-28480
-27573
-26636
-26749
-25304
-24304
-23683
-23226
-21863
-19944
-18551
-17503
-16331
-14651
-12884
-11586
-10200
-7980
-6474
-5297
-4425
-2744
-1050
550
1301
1181
3197
4457
4785
4971
6467
6661
7551
8204
8696
7462
8027
10342
10777
9554
8793
9626
11033
12763
10386
10770
12324
13283
13318
11979
12692
15352
15257
13268
13472
15266
15478
14873
15210
14914
15078
15339
15456
15393
14809
15196
15778
15359
13986
14754
15133
14770
13700
14271
13543
13441
13268
13391
13021
12474
12809
11912
11822
10459
10181
10947
9897
7905
6692
6982
5580
4133
3020
2825
973
-1739
-2824
-3343
-3900
-6759
-8382
-9347
-10567
-12536
-13972
-14951
-15799
-17122
-19011
-20217
-20976
-20989
-21986
-23388
-23425
-23849
-24725
-24816
-24026
-24044
-24528
-24680
-23688
-22708
-22633
-21776
-20349
-19564
-19701
-18248
-16294
-15211
-13927
-12709
-11896
-10238
-8588
-7260
-5974
-4391
-3974
-2517
-1308
404
938
1704
2772
3074
4976
4785
5710
6527
8005
6222
6554
8741
8670
8269
8545
9436
9223
8944
9090
10953
10570
9742
9876
10826
11432
11048
11061
10920
12655
13572
11701
10956
12321
13750
13114
10786
11455
12203
13350
11146
11792
13002
10739
11049
13203
11804
10069
11298
11637
10119
9642
9944
10112
8806
8742
8782
8761
7550
8070
8204
5843
5749
6929
6416
3426
3220
3867
2355
655
-5
-80
-1996
-3511
-4697
-5292
-6586
-8232
-9599
-10364
-11766
-13406
-14271
-15221
-16411
-17220
-18627
-19210
-19961
-20529
-21230
-21574
-22061
-22524
-22891
-22620
-22392
-22247
-22456
-22295
-21334
-20804
-20722
-19549
-17977
-17080
-17298
-16061
-14203
-12584
-11951
-10565
-9497
-7753
-6707
-5157
-3450
-2571
-1395
258
1028
1702
3245
4179
4629
6248
6355
5401
7095
9371
8052
7549
10399
10453
9296
10213
12223
11765
10801
11405
12587
11988
13351
13640
12376
12018
13741
14720
12737
14138
13343
13274
15035
16093
13952
13685
15406
16389
17421
14268
12332
14798
18151
14753
11217
13713
16181
14115
11322
12297
12488
13397
11839
10899
10021
8733
11076
11321
8790
6535
8522
9665
9131
8029
6865
5387
7921
8554
5526
3601
4433
4822
2804
1414
609
378
-912
-2366
-4173
-5703
-5743
-6353
-8385
-10427
-10989
-12143
-13306
-13822
-14923
-16606
-17449
-17472
-18686
-19437
-19716
-19941
-20311
-20515
-20806
-21454
-20481
-19220
-20063
-20711
-19483
-17999
-17791
-17413
-16342
-15222
-14787
-14003
-11991
-10961
-10862
-8830
-7074
-7167
-6685
-4908
-3152
-1762
-2853
-2793
202
454
532
-55
2187
3220
2971
1853
2511
4098
4918
5324
3993
3010
4716
8171
7573
4263
4083
7530
9742
8500
6546
7483
8177
11063
9097
7317
8129
10489
9508
9435
10041
9313
10628
11164
9753
8339
10643
11094
9297
9943
9385
10043
10365
10751
9360
7874
10807
12166
9896
8092
9452
9942
8795
9183
8121
6748
8330
8067
6301
6565
8105
6319
5855
5560
5436
4917
5463
4736
3162
2806
2120
1253
-20
-176
-534
-2822
-4679
-4902
-5075
-7188
-8452
-9376
-10717
-11814
-12906
-13779
-14993
-15410
-16526
-17702
-18004
-18721
-18820
-19533
-19709
-19974
-19832
-20233
-20163
-19236
-18957
-19092
-18559
-17485
-16799
-16127
-14929
-13593
-12703
-12619
-10697
-8891
-8109
-7438
-5311
-4518
-5401
-3362
-1224
355
-971
-404
865
2129
2976
2820
1982
4157
6314
4267
3767
5576
8109
9385
7813
6527
9261
10708
9550
9304
11541
10742
9572
10044
13306
12975
9910
10994
15140
14534
11770
12756
14472
13439
12804
14976
15488
12114
13340
14655
13174
11735
13235
13730
12126
13181
10780
9371
13453
13539
8836
9185
13063
11034
9167
8608
9459
10162
9258
9244
7812
5940
7640
8453
7248
4621
5570
6436
5505
3392
2522
3879
3505
1218
-229
-604
-1421
-3114
-2237
-4301
-6791
-9289
-7139
-8086
-11238
-13364
-13090
-13525
-15561
-16661
-18064
-18207
-18215
-19632
-21947
-22284
-21287
-21571
-22371
-23258
-23679
-23001
-22443
-22505
-22230
-21500
-20656
-20772
-19436
-18605
-16894
-15919
-15159
-14550
-13211
-11826
-10111
-9230
-8911
-7847
-6556
-5094
-4385
-3679
-1417
-386
-1567
-76
1128
3965
2943
1430
3195
4932
3912
6633
6756
3851
5913
10735
9778
7454
7976
10510
11318
11513
13605
10843
10545
12989
16196
13878
11646
12701
15988
16023
15411
12837
13426
17812
17910
13871
11308
17109
17705
15857
14584
16276
14847
13281
17728
16906
14208
14222
17098
14465
14597
13419
13502
16063
12833
12577
13572
11618
11102
12607
12362
8709
8433
10664
10429
9455
6742
6242
6913
7454
5478
5606
3416
848
1828
1872
-236
-3061
-2716
-4857
-6944
-7268
-8077
-10932
-13075
-13043
-14434
-16682
-18724
-18631
-19072
-20909
-22622
-23340
-24116
-23933
-24562
-25320
-26638
-25713
-25385
-26108
-26186
-24760
-24503
-25059
-22905
-22102
-21709
-21076
-19248
-17764
-16740
-17734
-15149
-12828
-11947
-12931
-12781
-8747
-7920
-7070
-7246
-6503
-6076
-2698
-1573
-3182
-3754
779
698
-68
1830
2665
3261
2218
4233
5000
6291
6702
7054
4626
6369
10387
10999
6048
6799
10215
9644
8545
9675
10408
10185
10647
10876
13048
12220
12090
12747
12509
13743
14561
13559
12439
15769
14842
15135
15187
13053
13980
16033
16547
13122
11471
13709
17368
14376
12013
10265
12585
15089
14059
10000
9610
11983
13439
12887
10535
8902
9954
11686
9782
6590
5584
8123
6569
3211
1657
2221
1783
-312
-1772
-3880
-4845
-5585
-6077
-8876
-10639
-10444
-11634
-14583
-16063
-15262
-16050
-17971
-19075
-18526
-19879
-21610
-20503
-19719
-21185
-22310
-21866
-20922
-21890
-21173
-20045
-19910
-20291
-19271
-17697
-17631
-16551
-15123
-13941
-14683
-12924
-10148
-9993
-10943
-9087
-6565
-5725
-6443
-6163
-3406
-4325
-4635
-3662
-769
-325
-1407
-1032
-1423
-1207
1279
3120
2298
1929
3286
3182
4940
5580
4599
4323
7551
9475
5499
5212
8787
9065
7610
8296
8191
7191
9609
13624
10163
6126
10584
13562
11546
11913
12093
12131
13120
15318
16262
14622
10916
13163
18328
15199
11399
12015
14384
12781
14096
12415
10571
9841
11215
12629
11569
8067
7804
11305
10851
7316
8826
8727
5875
5332
8152
7342
4664
3485
1460
2203
1989
633
-1255
-2518
-4927
-5244
-4554
-8109
-10632
-11005
-11385
-14133
-15562
-17194
-18367
-18997
-19308
-21184
-22716
-24030
-23860
-23060
-23069
-24698
-24877
-23837
-23704
-23666
-21969
-21375
-21801
-20262
-18733
-18708
-17006
-15140
-14851
-13116
-10719
-10883
-10390
-7391
-5013
-4390
-3469
-3629
-543
1101
1512
1302
1967
3992
4423
6684
6516
3933
5250
9411
10323
8848
5306
8510
12464
11493
9274
7916
10511
13358
15774
14141
11343
12117
15298
16359
15711
16760
12815
13388
17211
20358
15623
12604
15694
15898
17821
17084
18382
16164
15221
19619
19849
16057
14265
20141
21918
16909
15079
15480
21321
20581
16099
13066
14174
17285
17897
16266
11475
7946
12716
17114
14285
7484
7938
11028
11808
9934
7162
5555
5102
6760
6140
3045
163
-959
-150
-829
-3874
-7715
-8721
-9787
-10310
-11592
-14670
-18162
-19190
-18127
-18917
-21935
-24868
-25502
-24301
-24795
-26599
-27592
-27751
-27496
-27429
-26700
-26715
-26059
-25517
-25026
-23103
-23831
-22523
-19529
-18305
-19811
-18038
-14044
-12700
-14224
-11893
-8623
-7783
-9580
-8798
-4744
-2191
-4248
-4708
-1975
-717
-2459
-1681
1283
435
1159
1526
1673
352
2980
4269
3483
3664
4241
4727
5251
5965
7022
8394
7830
6716
7092
8454
9661
10144
8558
9578
11654
9153
8589
13955
13446
10756
11036
14394
15003
14329
14175
13646
14229
17075
18417
17477
14645
15319
18055
18384
16976
15207
12922
13621
17944
19011
16018
10723
9754
16892
19176
15331
10772
12414
14958
15798
13058
10046
9789
9378
10799
8960
5689
2901
1720
1697
859
-1125
-4711
-6989
-9209
-9286
-9873
-12943
-16602
-19187
-18312
-18528
-21889
-24525
-25304
-25538
-27445
-27543
-27428
-28504
-29863
-28936
-27856
-28040
-27340
-27189
-25537
-24582
-23521
-22437
-20855
-19944
-18729
-16995
-15179
-13483
-11756
-11079
-9763
-8164
-7168
-5689
-3020
-1616
-2843
-3083
-1273
2084
4136
2616
507
-35
3720
5790
4881
2173
2242
3292
2647
6537
5475
5705
5132
5066
5171
5453
8967
11131
10991
10025
8095
9065
12502
16319
16237
15479
15205
12510
13464
18884
22330
18495
13322
16704
20703
21860
19139
16572
18965
22046
20744
19878
20828
19704
17846
18454
21322
18833
16728
16073
17503
18289
19297
18508
15900
15916
17189
17540
15771
13271
13348
14516
10893
5829
5196
8482
5845
-796
-4996
-4359
-5558
-8239
-11732
-14371
-15878
-19965
-23528
-24072
-23931
-26811
-30366
-32091
-32768
-32708
-32768
-32748
-32768
-32763
-32768
-32768
-32764
-32768
-32764
-32768
-32702
-31111
-29137
-27691
-26919
-24328
-21138
-19007
-18955
-18241
-15261
-12050
-10192
-9050
-7932
-6364
-5345
-4394
-1836
-522
-446
-636
415
896
2431
2460
3263
3451
4040
4195
4681
5834
5745
6314
4564
6833
9481
10078
9013
8709
9387
10599
12794
14615
16132
16514
16726
18675
18605
22693
25918
24442
21595
24946
28783
30676
29601
26155
28830
29456
32384
31129
28456
27517
28531
29666
30883
32767
29747
25066
23561
28882
32767
31796
29054
25620
23636
26112
30939
32243
26213
18809
17076
21246
23255
20312
13899
9267
6787
5737
6134
2567
-2909
-8773
-12033
-13039
-13571
-17688
-24645
-29485
-31532
-30708
-31737
-32768
-32768
-32753
-32768
-32754
-32768
-32757
-32768
-32757
-32768
-32752
-32768
-32743
-32768
-32728
-32768
-32700
-32768
-32084
-31081
-29723
-27069
-23748
-20203
-17767
-16728
-16132
-14114
-11807
-9792
-8921
-7475
-6400
-4110
-3139
-4179
-5555
-2916
477
1035
498
-972
-1838
638
2720
2534
3864
4537
4019
3117
6599
8240
7842
6432
8292
11921
12039
11183
11875
14270
16391
17440
17029
18370
23812
23666
23252
22761
24878
28039
29419
31241
30422
29560
31030
32549
32686
32767
32611
32767
32113
32205
32540
32767
32228
32614
32118
30322
29659
30696
32767
31063
26868
22219
23365
25326
22682
16743
11618
10779
10444
7862
2337
-2355
-6062
-10424
-13083
-14808
-17723
-23555
-30720
-32768
-32701
-32768
-32739
-32768
-32750
-32768
-32756
-32768
-32760
-32768
-32763
-32768
-32765
-32768
-32767
-32766
-32768
-32759
-32768
-32739
-32768
-32130
-29727
-26821
-24858
-22355
-19231
-16938
-14748
-12973
-11288
-9484
-7568
-6340
-5766
-5866
-4882
-2481
-1314
-1973
-2726
-2218
-1123
571
550
974
-183
-740
-880
1494
2999
3247
3226
2318
4067
5661
6672
6385
9425
13178
13969
14774
16443
17576
18527
20010
23746
25244
27112
29794
28910
26495
27174
31078
32767
32692
32767
32744
32767
32755
32767
32759
32767
32758
32767
32755
32767
32752
32767
32748
32767
32741
32767
32598
31299
31745
32526
32085
26477
20032
16147
14079
10553
5372
1759
-1341
-5514
-12867
-19151
-23439
-26765
-30917
-32768
-32700
-32768
-32736
-32768
-32747
-32768
-32753
-32768
-32755
-32768
-32755
-32768
-32753
-32768
-32751
-32768
-32749
-32768
-32738
-32768
-32425
-29919
-28593
-26404
-22396
-19006
-16661
-13993
-11223
-9381
-8385
-6720
-4146
-2655
-2774
-2804
-1314
90
56
-131
-80
-422
-100
232
251
373
-261
-578
515
1373
1820
1458
2025
1716
3630
5765
7597
9937
10995
11388
11897
15330
17891
21422
24131
25356
26617
28142
29755
32272
32767
32669
32767
32710
32767
32729
32767
32744
32767
32754
32767
32760
32767
32765
32767
32767
32766
32767
32767
32764
32767
32756
32767
32742
32767
32723
32694
28893
24445
19313
12177
7074
4643
2727
-2939
-10853
-19576
-26123
-29809
-32369
-32768
-32729
-32768
-32749
-32768
-32756
-32768
-32760
-32768
-32762
-32768
-32759
-32768
-32756
-32768
-32750
-32768
-32735
-32768
-32699
-32768
-31267
-28306
-26402
-23180
-18801
-15168
-12267
-10637
-9942
-9018
-7663
-5430
-3006
-1449
-1949
-2931
-2760
-2616
-2672
-3302
-3598
-4248
-4758
-5393
-6131
-6547
-6869
-7029
-7506
-8226
-8402
-7635
-6871
-5605
-4531
-3433
-2106
-907
278
2400
4349
6458
9324
12441
14830
16442
18947
21568
24230
27534
30080
31519
32767
32750
32767
32764
32767
32767
32764
32767
32762
32767
32761
32767
32761
32767
32759
32767
32755
32767
32750
32767
32744
32767
32739
32741
31169
28484
23246
14947
7166
-134
-5204
-10467
-15311
-19696
-26883
-32386
-32768
-32736
-32768
-32747
-32768
-32752
-32768
-32755
-32768
-32760
-32768
-32765
-32767
-32768
-32759
-32768
-32746
-32768
-32722
-32768
-32658
-32768
-30797
-26299
-23805
-22484
-20720
-18234
-14819
-10904
-7857
-7202
-7861
-7488
-7286
-6829
-6802
-6819
-7247
-7773
-8580
-9390
-10177
-11942
-13599
-15362
-15369
-14905
-13414
-13250
-13675
-13774
-13277
-11816
-10884
-8238
-5356
-2599
-98
3328
7263
9672
11841
13808
16075
20161
24685
29422
32333
32767
32721
32767
32749
32767
32759
32767
32764
32767
32766
32767
32767
32766
32767
32766
32767
32766
32766
32767
32763
32767
32759
32767
32749
32767
32733
32767
32706
32767
32639
32767
30846
25721
18443
10935
4476
-2087
-7850
-13703
-18753
-25711
-31999
-32768
-32670
-32768
-32713
-32768
-32730
-32768
-32738
-32768
-32742
-32768
-32743
-32768
-32742
-32768
-32732
-32768
-32356
-29765
-26426
-22631
-19073
-14682
-11392
-8927
-6920
-5197
-3793
-2490
-772
-406
-567
-1460
-1660
-1902
-2647
-3712
-5290
-6735
-8659
-9841
-10847
-11779
-13052
-14737
-15417
-15540
-14944
-14647
-14221
-14278
-13691
-12439
-10387
-7688
-5319
-2213
-245
2214
5031
8484
11739
14476
17300
20100
23523
26953
31199
32767
32714
32767
32744
32767
32753
32767
32757
32767
32761
32767
32763
32767
32763
32767
32764
32767
32767
32766
32767
32762
32767
32754
32767
32739
32767
32654
30272
24739
21324
18059
12968
5728
-2025
-9345
-17323
-24021
-29923
-32765
-32768
-32755
-32768
-32754
-32768
-32758
-32768
-32759
-32768
-32761
-32768
-32761
-32768
-32760
-32768
-32758
-32768
-32756
-32768
-32765
-32639
-29932
-25421
-21678
-17778
-14319
-11087
-8178
-5833
-4018
-2476
-877
-171
-338
-1288
-2235
-2495
-3424
-4381
-5718
-6844
-8811
-10682
-12144
-13838
-14861
-16018
-17244
-18391
-18279
-17328
-16667
-15818
-15129
-13778
-12148
-9927
-7100
-3907
-568
1969
5071
7822
10895
13904
16890
20251
23271
26514
28638
31337
32767
32694
32767
32731
32767
32747
32767
32756
32767
32763
32767
32767
32764
32767
32758
32767
32753
32767
32749
32767
32747
32767
32748
32767
32754
32767
32767
32749
32629
27561
23580
20307
15057
9276
3141
-3103
-10011
-17332
-23103
-28721
-32360
-32768
-32768
-32745
-32768
-32750
-32768
-32758
-32768
-32765
-32766
-32768
-32758
-32768
-32747
-32768
-32724
-32768
-32445
-29670
-25605
-21739
-17469
-13200
-9225
-5761
-3030
-600
866
1784
2304
3346
3727
3796
3356
2783
2310
1006
-424
-2313
-3699
-5700
-7674
-9016
-10219
-11128
-11992
-13171
-14527
-14851
-14667
-14352
-13909
-12784
-10951
-8903
-6879
-4345
-1107
1426
3962
6442
9252
12346
16010
19391
22121
25319
27994
30185
32182
32767
32729
32767
32748
32767
32756
32767
32761
32767
32764
32767
32767
32766
32767
32764
32767
32762
32767
32760
32767
32759
32767
32762
32766
32767
32727
32767
31512
26711
22044
18128
13464
8855
2634
-3089
-9340
-15484
-21608
-27573
-32257
-32768
-32709
-32768
-32725
-32768
-32734
-32768
-32737
-32768
-32739
-32768
-32736
-32768
-32726
-32768
-32704
-32768
-32655
-32768
-30894
-27104
-23309
-19345
-15987
-12145
-9188
-6172
-4040
-1914
-886
59
661
679
201
-1202
-1590
-2858
-3857
-5586
-7414
-9099
-11175
-12682
-14911
-15981
-17527
-18562
-19827
-20401
-20475
-20290
-19234
-18846
-17505
-16623
-14797
-13110
-11002
-7855
-4950
-1749
955
3963
6333
8978
11779
14347
17273
20251
23272
25438
27582
29411
30911
32428
32767
32737
32767
32754
32767
32760
32767
32764
32767
32764
32767
32763
32767
32759
32767
32752
32767
32742
32767
32726
32767
32716
32627
29081
24187
19376
14480
10638
6038
1382
-3848
-8847
-14324
-20245
-26161
-31849
-32768
-32633
-32768
-32691
-32768
-32716
-32768
-32731
-32768
-32741
-32768
-32747
-32768
-32751
-32768
-32750
-32768
-32735
-32768
-31025
-26381
-22637
-18525
-14758
-11168
-7498
-4437
-1471
1228
3772
5720
7591
8857
9313
8683
7964
7537
6447
5178
3627
2250
988
-508
-2128
-3569
-5000
-6567
-8322
-9781
-10641
-11121
-10757
-10864
-10282
-8969
-7135
-5640
-4076
-2179
-218
1767
3960
6686
9454
12168
14361
16272
18439
20593
22680
25005
26607
28203
29776
31439
32473
32767
32761
32767
32767
32764
32767
32764
32767
32765
32767
32767
32765
32767
32761
32767
32755
32767
32747
32767
32733
32767
32703
32767
32428
29835
25471
20660
16161
12152
7666
3340
-1082
-5693
-10381
-15717
-21406
-27465
-32149
-32768
-32680
-32768
-32712
-32768
-32726
-32768
-32732
-32768
-32735
-32768
-32735
-32768
-32732
-32768
-32716
-32768
-32197
-27799
-23426
-19646
-15673
-12354
-9576
-7000
-4837
-2753
-991
809
2090
3196
3755
4143
3305
1876
652
-1416
-3431
-5920
-7839
-10018
-11762
-13130
-14743
-15752
-17016
-18100
-19395
-20007
-20855
-20984
-20911
-20677
-19560
-18357
-16154
-13981
-11232
-8481
-5610
-2721
10
2934
5585
8328
10988
13749
16535
19060
21127
22932
24744
26255
27920
29334
30412
31060
32049
32767
32742
32767
32760
32767
32766
32765
32767
32761
32767
32759
32767
32757
32767
32756
32767
32759
32767
32767
32465
31735
29411
27151
23596
19455
15261
11259
7419
2938
-1602
-6539
-11139
-15958
-20496
-25018
-29642
-32717
-32768
-32756
-32768
-32754
-32768
-32758
-32768
-32765
-32767
-32768
-32758
-32768
-32745
-32768
-32716
-32768
-32073
-28484
-24694
-20884
-17129
-13248
-9646
-6283
-3265
-820
1186
2736
4321
5369
6267
6721
6312
5568
4302
3423
2259
584
-1302
-3292
-5368
-7461
-9103
-10666
-12117
-13442
-14379
-15282
-15602
-15336
-15177
-14597
-14034
-12912
-11578
-9739
-7492
-5137
-2563
248
3021
6210
9274
12015
14676
16916
19222
21342
23567
25363
26626
28118
29481
30900
32466
32767
32743
32767
32756
32767
32761
32767
32765
32767
32767
32764
32767
32762
32767
32761
32767
32760
32767
32764
32766
32767
32395
31152
29080
27203
24157
21417
17645
13544
9413
4972
703
-4125
-8472
-13361
-17672
-22758
-27112
-31455
-32768
-32653
-32768
-32705
-32768
-32725
-32768
-32738
-32768
-32746
-32768
-32750
-32768
-32751
-32768
-32742
-32768
-32335
-28828
-24811
-21343
-17383
-13666
-10113
-6992
-3729
-839
1346
3172
4640
5763
6376
6895
7132
6310
5343
4109
2693
1135
-905
-2776
-4990
-7046
-9389
-11227
-12828
-14551
-15786
-16915
-17428
-18010
-17499
-17351
-16754
-16205
-15088
-13419
-11975
-9856
-7860
-5500
-3188
-305
2427
5298
7821
10300
12892
15340
17558
19817
21409
22680
24039
25492
26833
28241
29832
31004
32042
32753
32767
32761
32767
32761
32767
32761
32767
32762
32767
32763
32767
32763
32767
32763
32767
32762
32767
32756
32767
32526
30781
28835
26256
23162
20132
15891
12449
8469
5051
1134
-2987
-6940
-11102
-15210
-19542
-23238
-27303
-31052
-32768
-32702
-32768
-32743
-32768
-32760
-32768
-32768
-32763
-32768
-32760
-32768
-32757
-32768
-32616
-30452
-27369
-23886
-20855
-17649
-14267
-11163
-8113
-5523
-2836
-873
718
2084
3134
3744
4085
4309
4058
3644
2437
1243
-87
-1974
-3529
-5527
-7416
-10085
-11770
-13436
-15001
-16055
-16980
-17612
-18045
-17858
-17734
-16946
-16300
-15346
-14297
-12946
-10914
-8992
-6674
-4701
-2253
171
2778
5486
7820
10184
11855
13707
15042
16687
18012
19293
20426
21476
22677
23746
24959
25411
26113
26590
26909
27172
27454
27973
28450
28847
29380
29721
30010
30236
30367
30419
30326
30178
29894
29797
29610
29787
30072
29715
29316
28262
27481
25719
23726
21325
18501
14909
11196
7853
4107
580
-3253
-6709
-10789
-14262
-17925
-21364
-24862
-28531
-31856
-32768
-32705
-32768
-32733
-32768
-32745
-32768
-32752
-32768
-32754
-32768
-32746
-32768
-32044
-29739
-27198
-24698
-22083
-19510
-16763
-14156
-11510
-8834
-6315
-4426
-2913
-1522
-644
-196
-154
-285
-990
-2201
-3397
-4498
-5862
-7399
-8837
-10518
-12213
-13837
-15204
-16765
-18145
-19490
-20562
-21294
-21848
-21750
-21480
-20741
-19890
-18449
-16913
-14913
-12950
-10829
-8612
-6462
-4183
-1817
551
2754
5120
7161
9311
11391
13383
15414
16946
18275
19211
20049
20872
21730
22600
23219
23911
24681
25368
26153
26886
27486
28196
28544
28985
29061
29380
29499
29753
29768
29842
29758
29958
30064
30028
30108
29945
30348
29937
29779
28862
27918
26422
24583
22409
19855
17458
14128
11009
7559
4399
948
-2649
-6195
-10203
-13671
-17608
-21117
-24881
-28149
-31306
-32768
-32715
-32768
-32743
-32768
-32753
-32768
-32760
-32768
-32763
-32768
-32768
-32702
-31258
-28910
-26514
-23773
-21133
-18371
-15572
-12971
-10369
-7932
-5573
-3859
-2287
-967
60
687
918
1144
983
531
-191
-882
-2294
-3503
-5004
-6462
-7871
-9482
-10879
-12243
-13259
-14363
-14826
-15332
-15652
-15579
-15100
-14574
-13783
-12567
-11361
-9898
-8402
-6483
-4515
-2570
-480
1565
3719
5919
8239
10368
12352
14121
15782
17399
18523
19768
20745
21495
21997
22660
23371
23863
24559
24892
25258
25609
26077
26515
27008
27300
27319
27643
27782
28039
28128
28165
28012
27945
27893
27864
27708
27356
27142
26891
26648
26424
26258
26042
25199
24458
23080
21946
20273
18583
16469
14136
11720
8765
6200
3147
507
-2684
-5641
-8869
-11974
-14848
-17766
-20281
-23041
-25196
-27354
-28967
-30454
-31373
-31920
-32302
-32264
-31992
-30997
-29972
-28588
-27122
-25382
-23548
-21676
-19519
-17390
-15097
-12993
-10776
-8657
-6605
-4587
-2675
-988
193
1347
2242
2914
3189
3313
3166
2532
1713
672
-310
-1752
-3099
-4641
-6253
-7846
-9334
-10547
-11924
-13053
-14185
-14937
-15720
-16101
-16268
-16276
-16160
-15898
-15083
-14185
-12863
-11544
-9907
-8287
-6465
-4473
-2505
-587
1261
2949
4517
5976
7411
8689
9826
10786
11550
12288
12895
13319
13628
13891
13973
14075
14205
14386
14367
14366
14355
14385
14506
14839
15253
15555
15890
16525
17033
17591
18173
18433
18809
18891
19029
18953
19138
19059
19182
19316
19483
19807
19953
20247
19916
19605
18800
17850
16590
14978
13431
11222
9234
6860
4639
2202
-34
-2468
-5017
-7461
-10019
-12258
-14826
-17081
-19488
-21679
-23743
-25483
-26856
-27986
-28537
-28915
-28842
-28578
-27788
-26757
-25507
-24210
-22781
-21099
-19569
-17800
-16039
-14153
-12289
-10412
-8416
-6483
-4551
-2751
-1036
336
1521
2520
3243
3660
3806
3779
3386
2812
1963
1031
47
-1212
-2389
-3695
-4895
-6197
-7228
-8274
-9319
-10215
-11012
-11591
-12186
-12385
-12558
-12410
-12232
-11696
-10930
-10082
-8887
-7657
-6179
-4814
-3200
-1687
-219
1208
2552
3879
5105
6366
7459
8529
9382
10108
10825
11323
11763
11968
12099
11979
11766
11531
11326
11028
10794
10576
10363
10273
10292
10570
10668
11159
11376
11653
11959
12366
12670
13027
13307
13363
13475
13660
13720
13802
13922
13957
14015
14198
14236
14337
14363
14401
14300
13937
13484
12817
12047
10985
9871
8407
6950
5317
3799
2005
298
-1498
-3249
-5023
-6929
-8711
-10649
-12533
-14521
-16335
-18121
-19707
-21190
-22419
-23399
-24168
-24548
-24727
-24613
-24276
-23646
-22892
-22006
-20920
-19740
-18387
-17028
-15607
-14160
-12596
-10989
-9349
-7676
-6066
-4450
-2985
-1567
-356
722
1589
2232
2650
2878
2914
2676
2255
1494
867
-32
-898
-1846
-2860
-3818
-4814
-5560
-6494
-7108
-7747
-8270
-8773
-9057
-9257
-9329
-9228
-9109
-8653
-8176
-7424
-6664
-5703
-4535
-3285
-1898
-550
894
2245
3505
4603
5626
6567
7366
8173
8852
9463
9995
10618
10998
11364
11654
11765
11678
11466
11299
11008
10867
10574
10203
9741
9448
9166
9034
9004
9038
9203
9518
9839
10113
10434
10699
10769
10909
11006
11079
11299
11381
11624
11672
11956
12040
12295
12425
12431
12453
12140
11961
11626
11266
10819
10242
9635
8841
8217
7273
6449
5403
4332
3073
1806
409
-1058
-2483
-4132
-5639
-7297
-8738
-10203
-11487
-12781
-13955
-15017
-15959
-16671
-17416
-17917
-18397
-18722
-18930
-18862
-18650
-18295
-17766
-17163
-16312
-15380
-14290
-13147
-11958
-10772
-9568
-8376
-7294
-6174
-5142
-4179
-3346
-2574
-1842
-1210
-733
-339
-88
70
59
36
-132
-443
-801
-1310
-1806
-2405
-2897
-3490
-3999
-4558
-5001
-5387
-5696
-5865
-6018
-6016
-6040
-5928
-5741
-5461
-5050
-4610
-3976
-3289
-2523
-1707
-816
58
1000
1993
2967
3836
4688
5486
6130
6765
7323
7938
8526
9030
9425
9684
9823
9924
9994
9994
9875
9786
9557
9342
9209
9091
9090
9005
8988
8874
8892
8890
8880
8837
8720
8660
8483
8399
8192
8126
7996
8036
8065
8079
8185
8162
8174
8044
7970
7789
7566
7344
7015
6727
6367
6230
5958
5886
5758
5724
5585
5411
5326
5006
4829
4345
4047
3431
2979
2305
1696
980
178
-509
-1353
-2063
-2948
-3597
-4443
-5124
-5857
-6515
-7216
-7943
-8564
-9239
-9755
-10365
-10755
-11210
-11536
-11775
-11865
-11854
-11758
-11513
-11238
-10856
-10500
-9984
-9504
-9000
-8470
-7915
-7352
-6824
-6244
-5722
-5199
-4722
-4222
-3767
-3380
-2996
-2661
-2376
-2160
-1961
-1816
-1718
-1707
-1721
-1771
-1838
-1929
-1960
-2037
-2076
-2102
-2084
-2042
-2016
-1884
-1762
-1568
-1399
-1134
-938
-639
-366
-16
317
685
1092
1467
1905
2260
2684
2971
3285
3505
3762
3963
4202
4452
4687
4925
5142
5366
5512
5624
5652
5604
5459
5272
5092
4852
4656
4517
4346
4205
4145
4147
4152
4171
4168
4079
4066
3960
3934
3722
3465
3216
2846
2654
2403
2267
2089
1976
1886
1848
1837
1800
1700
1594
1412
1192
983
794
490
283
58
-109
-368
-435
-610
-656
-799
-841
-929
-1027
-1087
-1240
-1301
-1537
-1651
-1929
-2038
-2300
-2478
-2703
-2855
-3050
-3294
-3394
-3664
-3799
-4087
-4206
-4515
-4727
-4977
-5193
-5446
-5716
-5880
-6087
-6199
-6333
-6362
-6464
-6490
-6512
-6476
-6411
-6374
-6235
-6158
-6021
-5936
-5759
-5611
-5450
-5277
-5066
-4874
-4657
-4404
-4171
-3928
-3700
-3441
-3181
-2931
-2667
-2475
-2248
-2066
-1873
-1685
-1515
-1325
-1123
-881
-696
-460
-288
-69
67
237
373
524
711
894
1095
1260
1482
1684
1963
2216
2523
2748
2904
3066
3218
3415
3607
3865
4090
4355
4607
4847
5092
5364
5620
5853
6070
6229
6369
6483
6562
6617
6682
6739
6815
6850
6855
6768
6619
6472
6351
6226
6065
5926
5694
5457
5231
4994
4797
4577
4383
4136
3890
3598
3291
2961
2691
2418
2190
1985
1746
1580
1346
1224
1054
974
866
819
720
595
454
289
131
-21
-170
-336
-450
-549
-611
-738
-875
-1031
-1241
-1492
-1764
-2040
-2357
-2674
-2985
-3298
-3524
-3848
-3998
-4288
-4562
-4797
-5029
-5278
-5412
-5581
-5830
-5989
-6210
-6382
-6583
-6693
-6882
-6971
-7089
-7161
-7181
-7211
-7211
-7178
-7147
-7126
-7028
-6953
-6795
-6684
-6528
-6399
-6204
-6022
-5815
-5564
-5369
-5086
-4819
-4536
-4261
-4010
-3788
-3550
-3314
-3085
-2830
-2635
-2431
-2242
-2025
-1836
-1636
-1450
-1301
-1128
-960
-796
-634
-465
-334
-132
32
236
445
693
925
1168
1455
1686
1962
2214
2486
2742
3020
3287
3572
3821
4077
4314
4480
4677
4868
5030
5178
5326
5446
5566
5656
5758
5859
5891
5890
5882
5866
5977
6080
6091
6164
6131
6016
5995
5881
5792
5731
5553
5336
5168
4970
4784
4660
4522
4339
4160
3925
3734
3535
3302
3151
3014
2816
2684
2520
2323
2203
2072
1931
1787
1636
1445
1322
1134
1000
808
655
468
348
170
57
-100
-274
-404
-500
-642
-761
-842
-959
-1047
-1153
-1264
-1430
-1578
-1752
-1835
-1966
-2032
-2118
-2188
-2263
-2250
-2289
-2260
-2264
-2258
-2263
-2266
-2293
-2348
-2331
-2416
-2409
-2477
-2484
-2523
-2491
-2487
-2442
-2456
-2412
-2381
-2348
-2288
-2224
-2157
-2130
-2051
-2038
-1947
-1915
-1833
-1813
-1709
-1674
-1554
-1497
-1399
-1334
-1232
-1138
-1018
-897
-826
-686
-618
-472
-367
-236
-125
40
147
329
470
642
811
957
1109
1251
1400
1549
1693
1840
1968
2128
2258
2368
2515
2621
2744
2825
2938
2992
3075
3119
3194
3233
3290
3350
3392
3399
3365
3333
3266
3259
3177
3128
3024
2952
2817
2750
2627
2509
2414
2256
2151
1993
1908
1759
1634
1551
1431
1336
1231
1155
998
885
749
646
553
445
355
252
178
81
13
-72
-166
-238
-323
-402
-505
-583
-656
-752
-879
-966
-1095
-1190
-1287
-1400
-1494
-1613
-1670
-1793
-1846
-1946
-2011
-2135
-2195
-2301
-2335
-2427
-2474
-2523
-2569
-2558
-2579
-2566
-2600
-2565
-2573
-2548
-2511
-2478
-2463
-2425
-2384
-2354
-2291
-2292
-2220
-2228
-2136
-2130
-2063
-2046
-1992
-1960
-1915
-1878
-1834
-1790
-1744
-1682
-1684
-1613
-1597
-1535
-1498
-1433
-1360
-1329
-1245
-1168
-1090
-1017
-923
-851
-753
-654
-548
-479
-406
-287
-243
-154
-116
-55
16
49
124
186
270
350
442
540
624
689
762
819
890
948
1003
1035
1041
1077
1099
1093
1140
1160
1196
1207
1246
1297
1342
1364
1385
1383
1375
1387
1395
1388
1361
1363
1324
1318
1303
1288
1263
1273
1275
1291
1290
1262
1242
1210
1203
1188
1146
1120
1077
1034
980
931
885
835
794
718
655
584
516
457
376
272
192
89
26
-56
-145
-229
-306
-364
-413
-400
-422
-440
-460
-480
-508
-488
-515
-504
-537
-526
-535
-546
-559
-587
-613
-645
-611
-619
-575
-601
-584
-606
-576
-553
-549
-516
-533
-538
-567
-596
-647
-682
-735
-774
-832
-830
-891
-943
-975
-1022
-1021
-1027
-1001
-1012
-995
-1003
-973
-969
-909
-894
-866
-851
-853
-823
-824
-793
-782
-765
-736
-682
-643
-596
-580
-520
-491
-429
-360
-328
-283
-265
-263
-238
-247
-252
-240
-265
-229
-245
-205
-206
-183
-129
-94
-15
33
93
143
177
224
258
276
315
316
297
272
256
257
249
243
232
216
254
249
258
257
264
272
250
229
189
150
115
87
38
12
-17
-47
-53
-38
-28
-15
17
37
47
84
101
