-264
-255
-306
-246
-159
-186
-206
-187
-210
-256
-214
-142
-84
-128
-139
-132
-192
-199
-106
-41
-85
-70
-58
-81
-118
-85
-54
-39
-50
-15
31
3
37
107
114
105
146
156
111
151
167
147
188
206
165
186
191
116
135
192
202
206
232
173
63
33
34
20
35
69
18
-27
-58
-84
-124
-115
-66
-30
-10
-38
-71
-108
-135
-145
-107
-110
-114
-97
-74
-91
-128
-127
-165
-193
-182
-143
-159
-168
-220
-232
-267
-296
-269
-232
-241
-250
-157
-166
-197
-162
-111
-188
-168
-94
-101
-132
-104
-75
-117
-147
-131
-132
-174
-168
-81
-111
-209
-204
-216
-328
-317
-255
-281
-305
-273
-315
-363
-341
-297
-250
-214
-227
-235
-232
-271
-230
-128
-131
-156
-116
-116
-145
-122
-65
-56
-35
-39
-36
-96
-105
-61
-22
-26
8
3
-102
-142
-119
-131
-124
-62
-93
-83
-103
-137
-135
-104
-96
-19
52
36
-18
11
-38
-59
5
33
11
48
49
-10
-21
-24
-52
-15
20
-6
16
11
-84
-112
-120
-213
-190
-91
-94
-114
-18
-96
-167
-91
-50
-64
56
119
101
91
25
-17
-1
68
64
162
194
74
16
46
-18
-57
57
98
43
-14
17
-99
-192
-155
-77
-105
-53
18
-6
-93
-86
-105
-110
-43
49
81
124
77
-4
-30
5
-41
41
137
69
13
60
-44
-138
-45
24
-7
91
165
55
17
56
-1
2
111
130
91
145
56
-22
-15
16
-47
69
131
89
69
113
27
-23
71
62
24
65
105
-9
-6
-26
-78
-79
14
13
28
74
26
-29
-1
-7
-36
9
36
-7
-33
-48
-100
-149
-108
-83
-66
-12
11
-37
-50
-43
-124
-59
-9
-42
-46
14
-69
-142
-79
-136
-170
-121
-33
-91
-52
-28
-73
-123
-123
-110
-132
-66
-72
-42
-45
-64
-124
-66
-86
-129
-38
8
-9
20
81
-4
-54
-11
-11
36
90
148
122
91
41
19
1
6
87
122
161
100
79
-2
-15
-50
6
84
88
125
142
101
14
40
46
81
134
196
214
181
138
115
96
75
130
217
221
236
224
193
132
128
98
132
113
117
92
95
1
-33
-68
-43
-62
-53
24
46
32
49
111
10
10
91
123
114
178
168
57
48
8
-58
-32
38
21
64
114
20
19
-8
29
-25
102
89
82
76
47
-52
-64
-80
-78
-82
-13
3
29
-45
-26
-98
-122
-80
-39
-60
-49
-72
-176
-235
-310
-329
-360
-336
-375
-370
-398
-447
-471
-500
-551
-576
-544
-526
-529
-483
-476
-517
-552
-529
-482
-441
-399
-308
-331
-370
-384
-394
-453
-447
-408
-391
-364
-398
-420
-435
-462
-449
-354
-336
-320
-276
-242
-256
-260
-192
-181
-145
-83
20
46
77
98
124
195
230
349
447
482
516
548
572
503
548
623
655
626
656
660
574
534
582
614
538
573
624
582
503
568
520
467
499
546
533
583
561
531
565
511
423
529
583
516
567
608
481
390
445
382
329
345
356
285
216
182
109
50
22
-1
-26
-4
-74
-175
-177
-217
-283
-285
-195
-286
-296
-234
-231
-336
-274
-295
-356
-316
-245
-243
-258
-237
-299
-344
-350
-381
-375
-357
-324
-390
-424
-443
-540
-582
-531
-505
-626
-597
-589
-675
-702
-579
-662
-709
-623
-596
-649
-596
-526
-598
-547
-470
-475
-455
-384
-289
-291
-185
-197
-177
-153
-67
-14
20
56
67
35
73
158
107
129
220
222
212
284
220
142
217
273
282
329
332
281
287
324
340
351
369
384
422
421
480
431
412
435
403
397
413
390
312
386
356
297
272
237
169
211
216
196
171
115
93
80
51
41
35
27
0
84
24
13
82
8
46
80
69
-9
45
53
-30
25
33
-20
-59
-4
-57
-85
-68
-78
-108
-115
-83
-169
-218
-267
-294
-348
-349
-318
-402
-421
-438
-487
-592
-554
-511
-532
-473
-480
-498
-595
-559
-612
-604
-543
-492
-502
-539
-508
-552
-548
-474
-389
-411
-282
-157
-220
-228
-145
-118
-104
40
127
107
168
230
210
233
269
281
358
491
528
548
604
656
663
749
828
904
916
1013
1124
1103
1083
1157
1240
1193
1340
1419
1326
1277
1322
1219
1229
1335
1308
1250
1283
1245
1094
1110
1060
926
972
1015
951
871
873
698
554
634
651
553
617
659
527
469
454
364
275
352
391
358
357
309
126
39
-27
-78
-130
-141
-170
-275
-371
-501
-623
-721
-812
-870
-915
-985
-1106
-1234
-1396
-1521
-1659
-1768
-1861
-1968
-2100
-2221
-2335
-2520
-2625
-2745
-2833
-2927
-2955
-3000
-3029
-3062
-3115
-3085
-3064
-3021
-2915
-2791
-2686
-2538
-2394
-2234
-2056
-1869
-1642
-1368
-1109
-872
-624
-363
-145
78
317
556
735
899
1116
1266
1352
1498
1589
1711
1857
1964
2180
1868
2081
2226
1809
2300
2548
2095
2232
2564
2329
2225
2533
2682
2262
2513
2831
2414
2403
2739
2526
2434
2700
2510
2457
2436
2207
2178
2223
2017
1887
1979
1715
1452
1483
1410
1222
1167
1234
1071
957
1002
927
798
861
958
859
897
978
796
600
627
544
349
388
371
99
-141
-319
-594
-933
-1221
-1492
-1752
-2045
-2323
-2582
-2940
-3406
-3727
-3909
-4174
-4355
-4456
-4629
-4807
-4874
-4969
-5110
-5111
-5069
-5000
-4790
-4547
-4497
-4449
-4257
-4139
-3978
-3688
-3370
-3125
-2835
-2480
-2152
-1924
-1760
-1431
-1069
-763
-420
-77
77
199
411
552
663
775
932
1052
1236
1389
1495
1604
1593
1833
2097
2115
2265
2528
2409
2691
2844
2895
2809
2799
3166
2880
2803
3103
3087
2699
2886
3248
2667
2723
2880
2629
2948
2515
2707
2853
2273
2024
2528
2393
1492
2333
2321
1059
1727
2268
669
1087
2135
755
623
1849
975
246
1333
1162
137
874
1386
419
721
1425
854
640
1316
1251
847
1258
1386
1066
1069
1299
956
696
731
363
-110
-375
-570
-1020
-1367
-1642
-2136
-2635
-3013
-3306
-3708
-3972
-4131
-4338
-4535
-4707
-4801
-5010
-5087
-5063
-4978
-4958
-4851
-4695
-4684
-4603
-4532
-4373
-4173
-3772
-3420
-3134
-2843
-2609
-2392
-2202
-1872
-1623
-1324
-1066
-873
-672
-581
-467
-478
-322
-213
-53
128
347
390
402
702
854
851
918
1500
1029
1420
2004
1596
1679
1944
1673
1466
1939
2245
1609
2033
2169
1703
1993
2292
1728
1986
2449
2023
1919
2902
2057
1599
2445
2239
1584
2261
2514
1735
1576
2423
1570
1432
2266
1627
1409
1910
2219
1168
1652
1855
1162
1309
1957
1533
1303
1558
1431
913
1262
1468
1054
1222
1559
1304
1334
1712
1345
1243
1726
1824
1637
1799
1750
1382
1415
1512
1322
1135
1081
702
217
-63
-358
-763
-1111
-1386
-1746
-2125
-2502
-2857
-3233
-3611
-3836
-3947
-4122
-4362
-4470
-4672
-4904
-4926
-4887
-4923
-4879
-4694
-4575
-4566
-4506
-4299
-4045
-3830
-3482
-3084
-2864
-2644
-2259
-1950
-1775
-1455
-1084
-767
-542
-315
-166
-49
48
359
388
243
926
885
1097
982
1017
1178
975
1190
1592
1279
1437
1752
1289
1346
1435
1300
1543
1586
1792
1767
1575
2143
1768
1487
1901
2105
1934
1967
2412
2063
2000
1840
2243
1871
2032
2373
2237
1749
2167
2347
1388
2432
1877
1527
2401
1984
1599
2235
1621
1323
1874
1780
1384
1755
1736
1326
1389
1617
1289
1042
1541
1399
1029
1266
1155
1032
985
1328
1209
1017
1249
1207
1113
1206
1277
1164
1129
1041
1061
1022
861
798
667
506
221
-122
-453
-798
-994
-1272
-1608
-1855
-2256
-2755
-3087
-3353
-3729
-4008
-4160
-4311
-4529
-4744
-4903
-5128
-5255
-5242
-5190
-5091
-5021
-4950
-4946
-4838
-4580
-4254
-3967
-3631
-3203
-2880
-2586
-2159
-1862
-1715
-1430
-1093
-749
-444
-190
-395
-33
63
400
496
543
438
466
1226
920
667
1518
547
720
1699
695
1283
1694
957
1316
1694
793
1720
1262
1600
1800
1424
2126
1288
1716
2370
1283
1671
2675
886
2521
2090
1913
1948
1825
2216
1488
2108
2547
1326
2453
2311
968
2942
1587
860
2811
1811
1138
2757
1357
1427
2218
1562
1623
1858
1588
1475
1727
1520
1096
1542
1331
983
1421
1200
1182
1090
1266
976
1022
1061
1040
1128
1103
1285
1170
1211
982
814
1087
894
673
804
687
285
-73
-256
-662
-942
-1072
-1386
-1707
-1988
-2390
-2886
-3080
-3478
-3817
-3981
-4146
-4272
-4488
-4602
-4899
-4985
-5040
-5049
-4898
-4765
-4549
-4593
-4456
-4134
-3775
-3660
-3368
-2951
-2604
-2300
-1986
-1759
-1551
-1507
-1041
-795
-868
-253
-489
322
40
94
110
456
451
205
1242
347
768
1363
637
532
1554
966
800
1592
1267
1458
1162
1853
1478
644
2065
1647
758
2879
1772
1283
2207
1825
1687
1490
2287
1971
1935
2077
1907
2104
1499
1647
2689
1602
1572
2217
2414
1155
1491
2936
842
1403
2681
1546
1195
2681
1394
1432
2110
1668
1484
1606
1659
1413
1619
1448
1907
1112
1376
1715
968
1060
1869
1217
985
1793
1446
1016
1543
1428
1117
1556
1488
1279
1251
1219
958
907
909
657
436
106
-295
-620
-778
-1079
-1433
-1793
-2170
-2488
-2860
-3234
-3486
-3865
-4246
-4322
-4395
-4699
-4795
-4891
-5148
-5099
-4931
-4908
-4829
-4552
-4383
-4208
-3831
-3567
-3391
-3178
-2926
-2647
-2196
-1961
-1622
-1419
-1212
-1370
-1123
-310
-819
-49
-18
-481
220
545
-440
454
713
-262
675
1022
746
378
1141
1215
404
900
1783
785
1051
1394
1691
819
1269
1755
1448
1014
1853
1928
920
2049
1170
2278
1247
1631
2897
640
2313
1662
1619
1993
1147
2689
1096
1803
2501
1368
1677
2111
1417
1914
1529
1952
1926
1206
2097
1942
957
1442
1961
1189
1784
1985
1452
1380
1378
1384
1628
1082
1687
1782
743
1264
1776
768
658
1585
1111
889
1476
1558
719
938
1392
781
650
1103
808
411
664
598
93
-66
-63
-744
-1171
-1011
-1241
-1682
-1928
-2257
-2706
-3154
-3358
-3608
-3820
-4112
-4192
-4288
-4472
-4641
-4763
-4827
-4963
-4620
-4443
-4362
-4079
-3926
-3806
-3672
-3301
-2999
-2800
-2415
-2270
-2018
-2004
-1813
-1531
-1116
-1372
-846
-550
-1217
-511
-241
-511
-401
242
-274
-444
493
54
11
917
610
272
716
546
1182
363
1557
1359
113
2162
1264
646
2083
1040
1219
1904
1765
838
2177
1675
574
2878
1142
1666
2020
1615
1634
1683
2118
793
2665
1323
1193
2557
1544
1468
1982
1962
561
2285
2160
772
2105
2088
895
1872
2060
1287
1595
1996
1656
1587
2029
2114
1074
1642
2465
732
1266
2474
826
1302
2314
962
1033
1792
1362
891
1474
1330
1214
1425
1305
1151
750
812
861
914
673
614
566
90
16
-314
-857
-1112
-984
-1326
-1778
-1850
-2317
-2898
-3254
-3340
-3617
-3991
-3973
-4110
-4227
-4410
-4528
-4666
-4892
-4616
-4451
-4278
-4045
-3804
-3709
-3667
-3163
-3028
-2754
-2702
-2099
-2161
-1747
-1640
-1416
-1332
-1358
-1117
-1269
-715
-836
-331
-618
-640
-68
-235
-633
552
222
-241
519
670
-116
663
681
483
1281
439
1170
1433
1050
841
1865
809
990
2146
843
1682
1897
1841
564
2367
1531
687
2687
2330
353
2177
2673
735
2063
2348
1153
530
2960
2064
356
2224
3217
-330
2253
3153
623
1365
2650
1866
1573
1634
2131
1622
1204
2147
2519
1175
1648
2719
1001
1401
2167
1369
1294
2099
1570
1172
1191
1632
1234
690
1529
1315
579
1595
1439
868
988
844
738
487
855
908
342
500
427
-81
-522
-621
-1040
-1278
-1219
-1543
-1878
-2288
-2620
-3230
-3391
-3548
-3951
-4044
-4032
-4140
-4412
-4424
-4560
-4769
-4675
-4425
-4250
-4027
-3727
-3565
-3484
-3321
-3050
-3016
-2776
-2323
-2120
-1719
-1438
-1311
-1389
-1441
-1528
-1666
-799
-104
-1305
-116
440
-1425
-419
627
-1466
232
1018
-240
1131
198
256
888
-405
1587
1358
664
1942
873
1416
632
656
2665
474
719
3433
762
1075
3035
357
1162
1891
1206
2277
1919
1502
1398
1927
1237
1607
2344
1192
1094
2240
1946
1045
2245
2109
548
2771
1289
1439
2367
1074
1844
2740
745
1501
3070
1079
653
3438
1457
776
2744
2107
140
2266
2774
1
2189
2697
698
1675
1954
718
1237
1566
1079
1121
1728
923
1126
1000
996
767
724
872
520
740
338
381
175
-340
-420
-783
-1365
-1358
-1460
-1927
-2055
-2379
-3090
-3342
-3517
-3761
-3894
-4095
-4130
-4363
-4423
-4460
-4537
-4580
-4662
-4352
-4094
-3989
-3659
-3419
-3560
-3332
-2995
-3006
-2601
-2173
-2116
-1749
-1648
-1609
-1715
-1655
-1815
-1330
-865
-942
-208
-808
-1021
-378
-874
-590
153
-819
378
425
-360
803
443
-284
815
666
683
1332
1252
804
511
2042
80
1559
1803
736
1783
1720
1546
1191
1744
1728
1407
1073
2277
1800
892
2442
1725
211
2357
2287
1065
1921
2413
867
1495
2725
1467
1736
2057
885
2514
1621
1273
2839
1660
1187
2554
1945
1079
2313
2275
755
2044
2530
1179
1121
2631
1278
686
3413
1113
808
2450
1072
402
2276
1447
-348
2181
1436
191
1495
1277
109
821
1696
415
454
805
68
174
678
254
-299
-455
-823
-1051
-1292
-1634
-1678
-1943
-2348
-2420
-2759
-3417
-3499
-3635
-3883
-3796
-3818
-4206
-4362
-4237
-4489
-4358
-4194
-4205
-4054
-3856
-3715
-3441
-3357
-3524
-3000
-2795
-2812
-2385
-2031
-2342
-1762
-2051
-1920
-1359
-2307
-1621
-690
-1142
-1267
294
-1806
-1056
132
-1358
-94
285
-1076
415
260
-400
680
116
215
376
1419
619
1490
754
1024
614
1416
1899
-16
2772
1126
869
2065
1328
642
2187
2210
-31
3677
912
310
3718
1095
1111
2714
1553
1211
2281
1643
2204
1182
1850
2363
1757
1942
1815
2816
745
1640
3075
761
1591
3434
1551
883
2951
1937
1128
2711
2792
748
2580
2893
616
2244
2269
1559
1973
2288
1260
1145
2158
1409
757
2315
1386
732
1932
1332
340
1327
1812
422
696
1132
602
-317
1115
139
-719
135
-304
-1168
-1311
-1169
-1743
-1991
-2072
-2112
-2952
-3018
-3015
-3481
-3617
-3611
-3927
-4031
-3775
-3948
-3842
-3934
-3914
-3856
-3717
-3473
-3324
-2945
-3016
-2928
-2627
-2431
-2638
-2235
-1799
-2526
-1627
-933
-2059
-1579
-184
-2669
-1484
-148
-1089
-666
-8
-1023
-6
-1524
-486
1030
-1495
686
486
-237
311
1777
-1325
968
1104
118
1237
1634
907
538
2145
1115
652
2160
1207
975
2608
2247
1294
1570
2153
445
2127
2218
940
2819
2008
557
2777
2156
123
2963
2554
735
2558
2477
700
2145
2099
1995
1302
2012
2587
533
2459
2654
1467
1253
2108
2174
959
2312
2634
1302
1612
2371
1473
597
2799
1638
862
1908
1303
1046
1123
1309
1300
848
1266
818
1395
997
657
1087
1132
403
448
840
47
610
508
-68
-420
21
-653
-1009
-1031
-1320
-1908
-1727
-1762
-2466
-2624
-2811
-3394
-3509
-3443
-3756
-3834
-3918
-4156
-4209
-4194
-4098
-4127
-4364
-4108
-3860
-3754
-3511
-3316
-3247
-3426
-2863
-3042
-2743
-2463
-2015
-2245
-2425
-1191
-2095
-2141
-1387
-1380
-2116
-469
-1131
-700
-489
-1613
-178
-1259
-669
529
-849
-313
575
92
-336
801
47
218
321
1406
589
496
1608
69
481
1949
833
780
1782
1388
366
2072
1709
540
1700
1654
1647
997
2362
1826
375
2189
2002
1107
875
2946
810
1289
3175
668
1517
2558
1116
2489
1423
1174
3466
313
2313
3278
650
1123
3052
1221
1685
2642
1697
1438
2053
1811
1834
1340
1782
2203
210
1903
1898
627
1180
1372
929
532
1531
775
271
1230
731
579
657
501
141
371
161
253
183
-317
-158
-255
-691
-1071
-987
-1614
-1697
-1342
-1885
-2155
-2424
-2682
-3158
-3218
-2987
-3218
-3417
-3487
-3528
-3879
-3639
-3866
-3734
-3688
-3667
-3330
-3277
-3193
-2970
-3079
-3139
-2622
-2804
-2595
-1811
-2260
-1692
-1606
-2017
-1349
-1805
-1377
-1704
-699
-1100
-949
-346
-644
-1337
-512
-949
-648
211
36
349
-380
765
-127
-880
1933
-860
1019
1982
349
1031
526
1770
597
882
2376
1359
664
2073
2660
-877
2481
2436
591
1609
2909
2265
-426
3560
2439
-162
2291
4483
-416
2333
3834
446
1934
3286
2005
750
2767
2236
1336
2494
2373
2505
1150
2499
2040
1905
2385
1481
2921
1347
2398
2178
1743
1803
1607
2249
1951
1514
1825
1491
1251
1418
1619
958
1026
1260
1351
1162
859
1916
57
210
1325
284
-91
1358
284
-872
691
-223
-1468
-507
-564
-2160
-1214
-1165
-2439
-2359
-2225
-2942
-3505
-2927
-3188
-3796
-3359
-3322
-3907
-4172
-3605
-4087
-3913
-3468
-3555
-3403
-3236
-3179
-3203
-3246
-3141
-2429
-2596
-2126
-1772
-2270
-1640
-2061
-2011
-814
-1660
-1294
-386
-1543
-757
-531
-289
-842
-340
166
-657
10
563
-1291
615
670
-286
894
1084
44
906
1424
174
813
2247
281
998
2540
200
1135
2817
283
1397
2389
1567
1648
1945
1464
1372
1372
2062
2004
1737
2217
2201
1626
811
2463
2021
958
2642
1696
1983
1175
2371
2181
-141
3696
2232
204
3082
2128
431
2606
2370
692
2137
2618
1103
2200
1164
1883
1255
2086
1713
1608
1271
1303
1992
342
2141
1419
990
1778
1601
318
1006
1592
611
940
1607
941
-477
1065
1029
-1042
749
792
-1439
-504
195
-2143
-2021
-821
-2474
-2452
-1536
-2960
-3700
-3127
-3481
-4274
-3615
-3826
-4264
-4012
-4184
-4153
-4326
-4110
-4073
-3744
-3803
-3566
-3033
-3592
-3315
-2598
-3390
-2997
-1902
-2928
-2392
-1435
-2376
-1328
-1617
-1795
-925
-2432
-1054
-152
-1747
-796
-104
-1624
-1303
306
258
-1477
742
1037
-1740
517
2327
-1153
181
1949
286
-41
1977
1153
388
1251
1677
853
615
2324
1065
667
1733
2358
729
653
3405
661
1191
2582
1184
1168
2639
1756
1323
2312
1981
1338
1902
1998
1953
1523
2002
2783
1822
1413
2897
1228
1600
3301
1926
936
3462
1284
1105
3400
1010
2031
2673
1590
2215
2080
1712
1778
1853
2097
1425
1021
1840
1939
64
2099
1568
212
1743
1556
395
1299
1523
382
933
530
-131
540
127
-135
548
-602
-910
-545
-1257
-1719
-1486
-1749
-2390
-2399
-2307
-3208
-3525
-3456
-3982
-3912
-3662
-4229
-4054
-3993
-4616
-3969
-3944
-4580
-3971
-3625
-3715
-3182
-2992
-3052
-3162
-2890
-3271
-2414
-2017
-2149
-2034
-1655
-1675
-2262
-1265
-967
-1770
-707
-1355
-901
-615
-466
-339
-476
-446
-793
293
-213
-102
943
-12
-200
1736
414
-570
1059
1598
602
489
1780
1189
-86
1601
2927
-86
1399
3616
-229
1569
2728
1430
1214
1652
2600
1545
1277
2035
2696
823
2522
2884
799
1961
2585
2091
1453
3857
1199
1904
2979
1487
1577
2806
1686
2050
2109
2144
2650
1199
2816
2481
1379
3359
2942
694
3223
2327
786
2608
2813
1002
2822
2555
536
2051
1586
775
2149
1544
945
1860
1125
8
1681
497
191
1372
368
-143
100
103
-776
-319
-1265
-1655
-1452
-2009
-2062
-2265
-2857
-3759
-3171
-3727
-4640
-3952
-4108
-5131
-4751
-4022
-5038
-5173
-4253
-4952
-4856
-3675
-4211
-4198
-3483
-3840
-3759
-2528
-3465
-3151
-2087
-2827
-2244
-1328
-2097
-2517
-837
-1565
-2229
-966
-98
-2352
-369
-506
-1089
-1118
-707
312
-827
-64
755
-561
108
769
-16
515
335
616
608
784
492
1852
826
-135
2251
1427
529
2419
1943
141
1918
1833
992
2418
2176
1407
1872
3025
1791
1262
3126
734
3152
3826
299
2980
3909
232
1964
5265
1306
1371
4684
1503
392
4782
1929
926
3818
1927
921
4001
3507
1012
3183
2237
1243
3481
3198
925
3079
2330
1001
2371
2221
1017
1806
1711
1156
2292
1775
926
576
1821
1234
1166
1787
934
-153
492
114
-263
636
-333
-1393
-1030
-1538
-2411
-2300
-2844
-3000
-3080
-3607
-4023
-4173
-4935
-5025
-5188
-5643
-4779
-4721
-5602
-5445
-4931
-5896
-5744
-4466
-4466
-4196
-4115
-4051
-3841
-3524
-3340
-2900
-2356
-2243
-2458
-1216
-1293
-2315
-581
-1740
-1719
-425
357
-1419
-977
214
-1292
-955
-207
-2
-682
-1092
462
959
-1279
-1
1078
-1188
126
2219
372
-51
1027
1166
100
1013
2860
1277
400
2275
2086
422
3082
1534
547
2952
2035
1232
2782
2786
-175
2357
3444
1033
2310
3391
275
2287
3713
2047
1804
2923
2576
2262
3319
3103
2449
2506
2931
2394
3928
3355
2357
3507
2864
3091
3795
2431
2378
3425
3361
2209
2821
3822
1450
2053
3302
1966
1834
3330
2656
1086
2449
2476
974
1856
2658
1631
939
1352
821
354
589
185
-192
-897
-1656
-1767
-2123
-2513
-3056
-3767
-4338
-4404
-4534
-5131
-5635
-5737
-6025
-6525
-6196
-5816
-6342
-6254
-6109
-6390
-5529
-5310
-5477
-4978
-4266
-4281
-3869
-3167
-2970
-2826
-2798
-1629
-1648
-1353
-1108
-1451
-911
-594
-977
-534
-549
-944
-162
-262
-289
-773
-192
-520
-708
-777
-34
-11
-994
361
-63
-1286
-103
960
-522
1258
961
-134
667
1522
786
1048
2089
852
1944
2499
1344
1893
2435
1187
1765
3669
2241
2096
2442
3091
2264
2251
3080
2496
2559
3325
3458
2876
2928
2726
2761
3235
2724
4234
4468
2638
3355
3899
3545
3217
4261
4022
4194
3903
3475
3802
2730
3288
3642
2798
3309
3909
2172
2387
2896
2075
2684
2690
2723
2624
2743
2090
1929
2084
1378
468
1025
1807
637
-435
-677
-2089
-2655
-2376
-2668
-3432
-3903
-4880
-6143
-6328
-6133
-6825
-7644
-7343
-7545
-8017
-7849
-8186
-8229
-8144
-8056
-7603
-6612
-6292
-6361
-6141
-5758
-5085
-4384
-3631
-3186
-2591
-2059
-2256
-1512
-782
-802
-504
-169
-256
205
-19
-772
198
369
-1142
-150
312
-1069
-849
27
-1341
-1792
243
-531
-2198
-210
-34
-1381
-564
-205
-415
-222
51
657
1028
544
1057
2032
920
2120
1962
1241
3845
4366
2344
2054
3124
2276
3107
4749
4494
2904
3363
4071
2740
2990
4992
5234
3894
4968
5700
3816
3476
4160
5594
5004
5150
5945
5314
3787
3035
5285
4735
4485
6446
5443
3791
3119
4184
3580
3090
4942
5331
3569
2926
3784
3363
2441
3393
4102
3998
3075
2527
2150
261
784
1471
-190
-191
-74
-1585
-3574
-4018
-4032
-4956
-5985
-5850
-6199
-7345
-8070
-8931
-9325
-9295
-9526
-9070
-8969
-9120
-8820
-9472
-9383
-8135
-7600
-7335
-6346
-5614
-5285
-5322
-4778
-3454
-2982
-2199
-1721
-1035
-603
-733
-494
-31
514
797
1029
897
1025
610
-153
368
70
-594
-971
-1222
-552
-786
-1767
-2515
-2631
-2581
-2095
-1257
-1648
-2106
-2341
-2476
-2097
-937
-171
-1329
-461
717
225
1075
1391
984
1609
2738
3728
3809
3282
3229
3361
3823
5020
5968
4240
3983
5310
4348
3821
4965
5381
4298
4225
5029
4557
3735
4192
3981
4503
5049
5267
5308
4409
4371
4515
4954
5398
6283
6136
4934
4554
4928
5445
5229
5192
5368
4589
4853
5036
5083
5332
3769
4032
4325
3326
3239
2656
1653
1174
-166
-577
-638
-1489
-3049
-4514
-5425
-5420
-6254
-7336
-7688
-8661
-9464
-9943
-10323
-9623
-10081
-10639
-10633
-10298
-9351
-9262
-9472
-8524
-7923
-7475
-6729
-5569
-4629
-4443
-4311
-2923
-1769
-1356
-827
-525
115
578
582
1265
1316
1194
1193
690
879
911
291
-387
-779
-822
-1313
-1632
-2019
-2235
-2749
-3520
-3539
-3028
-2715
-3134
-3175
-3062
-2880
-2286
-2101
-1547
-912
-798
-226
719
1230
1525
2055
2381
3234
4026
4152
4578
4991
5242
5151
5663
5903
5903
5502
5361
6082
6341
5336
5105
4709
4721
5319
5432
4735
4576
4696
3928
4486
5420
5244
4820
4924
5259
5333
5170
5605
5886
5565
5604
5604
5587
5842
5423
5204
5456
5518
5977
5788
5458
5641
5354
4557
3420
2871
3298
2157
547
424
135
-975
-3128
-5060
-5221
-5617
-6826
-7064
-7770
-9486
-10589
-11494
-11524
-10729
-10549
-11104
-11781
-11358
-10718
-10741
-10398
-9135
-7932
-7721
-7530
-5988
-4951
-5231
-4506
-3025
-1812
-842
-726
-386
-235
-258
499
1533
1989
1654
1026
307
293
482
144
-292
-698
-1032
-1958
-2582
-3073
-3283
-3494
-4095
-4191
-4335
-4685
-5173
-5241
-4501
-4048
-3704
-3496
-2972
-2649
-2469
-1658
-731
158
805
1395
1961
2592
3004
3341
3794
4529
5413
5731
5578
5724
5581
5325
5433
5954
6515
6313
6138
5734
4951
5034
5358
5197
5653
5532
5131
4947
4658
4536
5015
5487
5872
6099
5976
5390
5288
5407
6123
6893
6768
6180
5961
5783
6023
6426
7041
7618
7145
6920
6547
5753
3950
3389
3119
2729
2463
1949
1031
-2364
-5142
-5701
-5504
-5173
-5991
-7280
-9838
-12150
-12684
-12430
-11833
-11242
-11369
-12627
-12938
-12512
-12143
-11735
-10893
-8868
-7851
-7740
-6962
-6313
-6144
-5321
-3377
-1049
-291
-345
-510
-496
-1
785
2036
2870
2859
1822
970
367
374
825
653
456
-163
-1173
-2420
-3539
-3510
-3268
-3415
-3931
-4318
-5121
-6304
-6771
-5905
-4738
-4572
-4593
-4476
-4641
-4320
-3737
-2486
-1125
-552
107
490
801
1329
2160
3212
4157
4899
5214
5092
4734
5355
6076
6130
6399
6462
6250
5777
5624
6007
6055
5898
5856
6097
6072
5774
5422
5278
5617
5962
6539
6463
6733
6389
5876
6736
6427
6735
7505
7187
7103
6934
6647
6056
6045
7094
7773
7596
7319
7100
6214
5281
3887
3903
3701
2421
2134
1749
963
-1909
-5197
-5786
-4996
-5105
-5634
-7443
-9696
-11529
-12933
-12472
-10897
-10197
-11103
-12812
-13139
-12164
-11603
-11099
-9599
-8263
-7611
-8028
-7006
-5630
-5338
-4237
-2710
-760
107
-296
-632
-86
925
2061
3157
3214
2557
1204
599
1172
1937
2027
828
-200
-1121
-1642
-1928
-2598
-2796
-3097
-3814
-4458
-4798
-5216
-5918
-6003
-5504
-4640
-4808
-5138
-5165
-4764
-4094
-3606
-2441
-1949
-1587
-917
-436
375
869
1368
2114
3044
3584
4024
3959
3968
4697
5055
5530
5775
5693
5486
4888
5226
5802
5942
5636
5341
5463
5706
5543
5653
5865
5848
6094
6437
6342
6603
6867
7349
7578
7372
7359
7448
7846
7953
7881
7691
7976
7881
7612
7618
7621
8021
7931
8540
7475
5250
3864
3332
3053
2686
2492
2352
210
-4078
-6409
-5939
-5107
-5060
-6630
-8578
-10889
-12645
-13116
-12134
-10706
-10436
-11871
-12982
-12493
-11820
-11333
-10761
-8754
-7120
-7210
-7010
-6203
-5207
-4522
-3147
-1065
774
681
-114
-104
626
1944
3120
3884
3785
2591
1266
373
1014
2063
2132
849
-734
-1872
-2580
-3352
-3255
-2920
-3248
-4421
-5518
-5862
-6353
-6701
-6352
-5427
-4850
-5282
-5880
-5893
-5427
-4410
-3027
-2052
-1503
-1572
-1822
-1070
197
1493
2288
2442
2762
2960
3154
3493
4191
4968
5122
5004
4988
4761
4542
4565
5060
5405
5469
5015
4673
4456
4525
5251
5485
5699
5611
5519
5558
5865
6290
6874
7245
7271
7854
7697
7308
7476
7625
8313
8520
8275
8524
7833
7445
7845
8942
9675
8224
6007
3931
3552
3061
2557
2942
2984
792
-4447
-7253
-6645
-5310
-5525
-7270
-8546
-11050
-13632
-14483
-13002
-11004
-10936
-12355
-13400
-12707
-12263
-12128
-10987
-8844
-6931
-7009
-7033
-5961
-4993
-4422
-3097
-481
1440
1296
363
78
1154
2401
3633
4223
4172
3101
1651
894
1021
2209
1923
617
-680
-1857
-2715
-4038
-4152
-3507
-3851
-5153
-6307
-6800
-7197
-7552
-7010
-5802
-5328
-5933
-6832
-6710
-5489
-4109
-2968
-2217
-1825
-1675
-1773
-861
814
2006
2451
2461
2926
3413
3436
3582
4322
5202
5348
5099
4828
4657
4430
4447
4866
5458
5497
4625
3961
3940
4545
5330
5349
5285
5411
4952
4865
5706
6692
7178
6867
6887
7210
7777
8038
7825
7841
8022
8693
9120
8581
8396
8429
8156
8915
9787
8568
6290
4307
4552
3552
2207
2531
3080
746
-4237
-6957
-6267
-5654
-6254
-7397
-8919
-11133
-13385
-14568
-12963
-11200
-11019
-12329
-13460
-12498
-11549
-11692
-10531
-8122
-6537
-6579
-6357
-4831
-3837
-3413
-2152
128
2084
2266
1564
1390
2125
3140
4288
4751
4841
3969
2160
1379
1293
2148
2009
795
-687
-2278
-3285
-4238
-4220
-4080
-4554
-5866
-6927
-7270
-7554
-7374
-7366
-6487
-6069
-6017
-5808
-5771
-5167
-4550
-3219
-1659
-796
-410
-620
-418
628
2146
3279
3816
3729
3499
3504
3631
4603
5338
5129
4713
4380
4258
4147
4004
4193
4255
4332
4205
3884
3766
3359
3682
4520
5030
5690
5271
4560
4780
5567
6531
7745
8157
7922
7001
6821
7903
9018
9154
8995
8854
8509
7929
8043
8834
9230
9615
9646
7653
5860
3972
4246
4345
2428
2057
1852
421
-3505
-6941
-7193
-6221
-6233
-7722
-8829
-10715
-13116
-14978
-14109
-11219
-10316
-11225
-12843
-12627
-11630
-11468
-9884
-7413
-5654
-5487
-5856
-4701
-3168
-2277
-1362
469
2336
2947
2424
2040
2601
3143
4014
4659
4938
4697
2741
1143
674
1053
1501
630
-571
-1850
-3588
-5112
-5483
-4957
-4460
-5482
-6921
-7463
-7860
-7774
-7519
-6656
-5550
-5555
-5666
-5240
-4634
-3820
-3114
-2109
-518
362
485
452
487
1385
2498
3387
4236
4161
3539
2874
2855
3837
4350
4398
3998
3468
3034
2448
2537
3010
3396
3216
2972
2930
2823
2830
2952
3713
4583
5197
5258
5055
5015
5467
6622
7625
8410
8734
8273
8174
8034
8798
9472
9774
9784
9171
8741
8372
8704
8913
9560
9616
7990
6101
3956
4167
4176
2037
833
242
362
-2518
-6530
-7780
-7403
-7406
-9031
-9733
-9860
-11536
-14341
-15166
-12860
-10930
-10807
-12174
-11681
-10475
-10790
-10095
-8336
-5642
-4427
-4890
-3973
-2323
-1334
-1103
-180
1696
3341
3477
2977
3252
3266
3426
3562
4013
4630
3873
2502
1006
396
183
-24
-937
-1853
-2571
-3776
-4558
-5882
-6181
-6113
-6320
-6607
-7042
-6857
-7447
-7702
-7005
-5942
-4965
-4407
-4397
-4297
-3351
-2527
-1641
-703
203
874
965
1215
1888
2343
2816
3269
3610
3965
3608
3081
2844
2983
3303
3517
3358
2880
2513
2172
1901
2027
2296
2564
2692
2711
2823
2907
3169
3295
3775
4583
5160
5933
5994
6179
6489
6730
7387
7873
8506
8773
8593
8279
8331
8411
8255
8367
7962
8062
8045
7493
7652
7530
6909
5645
3800
3149
3304
2479
796
-808
-1705
-1768
-3375
-5696
-7144
-7752
-7449
-8413
-9595
-9997
-10780
-11397
-12102
-11972
-10724
-9941
-9856
-9875
-9736
-8916
-7831
-6974
-5718
-4913
-4057
-2766
-2086
-1323
-782
-106
1162
1813
2305
2774
3063
3215
2876
2719
3106
3304
3178
2512
1800
1256
532
-158
-455
-815
-1397
-2348
-3202
-3137
-3478
-4108
-4712
-4985
-4725
-4481
-4365
-4515
-4450
-4111
-3627
-2874
-2464
-1937
-1523
-929
-209
169
825
1253
1813
2037
1913
2574
2923
2613
2595
2877
2760
2585
3057
3074
2253
2052
2398
2727
2650
2192
2290
1865
1867
2755
2740
2741
2258
2275
2640
2613
2616
3003
2663
2826
2993
2679
3041
2887
3067
3065
2690
2996
3471
3687
2931
2287
2215
2766
3512
3030
2264
2043
2573
2792
2682
2085
1775
1962
2194
2028
1641
1230
990
894
609
287
-4
-185
-255
-623
-1172
-1656
-1912
-1880
-2005
-2370
-2811
-3136
-3230
-3343
-3498
-3666
-3796
-3784
-3739
-3709
-3693
-3710
-3717
-3583
-3343
-3185
-3125
-3044
-2889
-2703
-2500
-2321
-2194
-2082
-1983
-1893
-1752
-1626
-1525
-1493
-1405
-1282
-1270
-1253
-1209
-1117
-995
-928
-950
-956
-874
-822
-751
-656
-575
-513
-498
-422
-333
-222
-157
-64
112
230
282
288
363
480
574
648
704
814
896
863
818
837
893
928
924
910
862
774
636
564
526
463
363
264
191
108
49
-33
-97
-141
-192
-222
-219
-190
-173
-155
-119
-57
48
128
183
297
427
524
599
689
855
990
1104
1212
1327
1438
1497
1532
1585
1630
1655
1706
1751
1736
1709
1654
1542
1486
1464
1437
1377
1302
1195
1071
977
913
860
781
717
658
560
464
399
396
408
409
415
416
394
379
403
435
477
504
530
528
499
506
491
493
510
469
386
301
212
112
6
-90
-209
-370
-540
-686
-829
-945
-1063
-1229
-1363
-1501
-1600
-1705
-1831
-1922
-1984
-2000
-2027
-2064
-2090
-2110
-2084
-2061
-1986
-1865
-1789
-1739
-1695
-1579
-1450
-1304
-1187
-1078
-963
-880
-792
-686
-538
-445
-392
-356
-315
-282
-256
-218
-169
-138
-170
-226
-239
-232
-236
-217
-200
-215
-247
-268
-272
-235
-223
-207
-132
-82
-70
-78
-61
-8
57
103
155
228
274
273
282
319
344
405
473
475
426
367
338
345
362
355
299
192
148
105
86
32
-37
-111
-135
-144
-154
-135
-170
-111
-115
1055
1273
226
-1455
-2181
-1099
817
2661
2450
612
-917
-900
296
1375
1487
933
448
711
1400
1675
1224
539
296
743
1376
1600
1260
660
375
591
879
904
606
259
132
289
498
419
95
-265
-374
-215
-80
-163
-372
-543
-564
-488
-442
-472
-563
-643
-616
-493
-402
-408
-476
-504
-461
-351
-262
-264
-272
-302
-311
-256
-238
-223
-240
-299
-311
-312
-316
-352
-422
-438
-484
-537
-546
-584
-623
-649
-643
-643
-626
-615
-641
-645
-656
-605
-501
-411
-350
-326
-301
-286
-194
-90
-25
46
89
120
171
247
298
312
324
307
313
330
341
324
279
226
168
116
85
54
6
-70
-137
-193
-255
-271
-287
-282
-295
-320
-348
-334
-263
-224
-172
-133
-83
-12
40
109
181
280
356
417
497
592
657
685
718
748
813
868
873
862
826
808
817
814
818
766
706
649
610
598
583
536
487
459
409
385
336
303
270
235
229
221
202
161
125
110
141
212
239
193
165
151
170
207
283
333
326
236
172
88
138
164
249
106
-598
-798
-1054
-1426
-1725
-1291
15
938
673
-597
-1764
-1659
-405
465
175
-866
-1383
-830
-110
173
-453
-1345
-1430
-764
70
321
-92
-775
-912
-619
-169
-95
-428
-554
-458
-129
46
-381
-2206
-3654
-2616
-2504
-2936
-2615
-960
663
664
-278
-1550
-1058
572
1140
-488
-2260
-1202
1085
2415
637
-2260
-2690
-1397
688
1106
631
12
-259
-728
-729
-1451
-3401
-4144
-2856
-431
2100
998
-2089
-2958
-1532
-956
-2944
-3049
-858
2026
1906
263
-1452
-765
1093
1804
365
650
2481
3500
3699
1530
1330
3347
2554
488
-363
455
2346
3368
1666
733
705
1401
43
-1421
-741
-428
-51
-209
-112
720
794
744
489
-245
-112
1121
1792
2234
2224
2232
2648
2242
2193
2301
2437
2408
2588
2648
2529
2333
2020
1432
1166
906
740
864
414
343
226
-137
-800
-932
-1324
-1615
-1339
-981
-972
-1080
-1214
-1483
-1475
-1315
-1111
-1157
-1070
-674
-561
-541
-515
-539
-260
173
130
-413
-476
-302
-499
-667
-349
-153
-347
-779
-1161
-1693
-1902
-1797
-1803
-1610
-1594
-1362
-1540
-2127
-2471
-2563
-2301
-2053
-1767
-1427
-894
-806
-951
-1288
-1520
-1139
-984
-749
-580
159
480
385
341
497
578
652
372
-145
339
877
1049
1037
1159
1345
1034
516
37
24
380
898
1118
1413
1867
1909
1390
935
865
1366
2121
2183
2019
1996
2304
2252
2288
2309
2347
2414
2302
2241
2222
2240
1818
1633
1490
1763
2282
2378
1829
1089
868
692
786
596
321
399
856
1194
1120
920
612
517
445
455
800
1174
1396
1369
1419
1376
1295
864
126
-635
-1255
-1770
-2093
-2192
-2420
-2889
-3674
-4313
-4863
-5247
-5747
-6201
-6444
-6382
-6076
-5744
-5405
-5253
-5102
-4946
-4587
-4113
-3616
-3107
-2565
-1927
-1350
-821
-489
-443
-533
-459
-193
22
81
-84
-297
-512
-760
-1139
-1529
-1931
-2294
-2640
-2800
-2845
-2828
-2818
-2977
-3004
-2984
-2691
-2332
-1963
-1599
-1117
-359
388
1005
1222
1439
1752
2168
2593
2937
3311
3587
3838
3997
4085
3974
3820
3649
3646
3782
3887
3819
3690
3619
3629
3687
3753
3752
3701
3835
4050
4315
4471
4656
4844
5201
5495
5587
5567
5614
5747
5898
5914
5566
5373
5242
5261
5204
5146
5057
4933
4989
5095
5425
5189
4430
3172
2314
2024
1818
853
-1082
-2772
-3398
-3099
-3401
-4588
-6249
-6959
-7231
-7554
-8197
-8475
-8324
-8331
-8095
-7633
-6391
-5567
-5128
-5051
-4405
-3248
-2159
-1345
-954
-385
293
1360
2132
2467
2412
2341
2249
2085
1871
1720
1510
950
235
-326
-474
-924
-1682
-2771
-3565
-3867
-4153
-4345
-4694
-4761
-5039
-5217
-5240
-5236
-4993
-5032
-4804
-4576
-3728
-2902
-2230
-1813
-1619
-942
-350
215
250
383
610
944
1280
1500
1689
1682
1424
1061
938
962
941
624
394
289
465
477
377
104
-126
-80
-74
68
-33
29
93
442
829
1280
1796
1986
2288
2569
3165
3581
3917
4008
4275
4748
5224
5574
5666
5822
5896
6259
6312
6381
6270
6284
6313
6287
6233
5998
5891
5474
5144
4667
4447
4170
3854
3660
3514
3792
3770
3868
3352
2821
1976
1280
844
233
-137
-736
-1259
-2606
-3694
-4473
-4431
-4997
-6128
-7277
-7527
-7187
-7433
-7670
-7848
-7260
-7288
-6969
-6623
-5716
-5065
-4873
-4414
-3675
-2481
-1901
-1384
-1077
-595
-78
450
650
532
453
548
625
478
138
-174
-470
-1088
-1535
-1872
-2057
-2672
-3375
-3761
-3872
-3899
-4219
-4401
-4456
-4465
-4595
-4513
-4029
-3646
-3452
-3331
-2876
-2130
-1577
-1200
-1013
-616
-184
138
481
614
759
859
957
1039
1073
1104
887
704
522
545
580
384
165
41
280
357
324
242
242
180
161
37
270
414
622
773
1025
1575
1849
2296
2400
2866
3135
3596
3770
3975
4212
4494
4861
5048
5325
5557
5941
6041
6071
5916
6060
5916
6017
5948
6090
6128
5945
5794
5464
5357
4886
4532
3918
3547
3226
3209
3213
3280
3321
3407
3412
3224
2702
2044
1590
1027
616
-63
-322
-578
-1177
-2310
-3311
-3689
-3862
-4784
-5816
-6694
-6675
-6687
-7011
-7028
-6801
-6134
-6155
-5818
-5426
-4789
-4373
-4146
-3546
-2754
-1881
-1370
-889
-288
295
735
881
814
792
799
789
490
234
72
-79
-519
-953
-1331
-1617
-2117
-2801
-3134
-3419
-3583
-4092
-4181
-4117
-3860
-3732
-3890
-3608
-3485
-2987
-2982
-2712
-2473
-2087
-1530
-1344
-915
-801
-358
-295
-85
51
128
119
-158
-164
-127
-32
-188
-315
-263
-166
-159
-168
-168
-73
-112
-182
-250
-201
-253
-329
-318
-131
114
294
405
530
803
1045
1301
1345
1532
1673
1873
1952
2012
2254
2489
2701
2863
3057
3273
3380
3387
3550
3639
3824
3709
3750
3845
3942
4117
4037
4184
4060
4109
3920
3773
3718
3515
3405
2961
2771
2556
2534
2542
2333
2427
2329
2436
2215
1848
1434
827
440
-342
-661
-1145
-1349
-2019
-3259
-4032
-4768
-4802
-5650
-6350
-7045
-7158
-6945
-7244
-7039
-6955
-6392
-6438
-6107
-5578
-4899
-4364
-4102
-3461
-2874
-2078
-1693
-1167
-622
-222
47
54
255
236
209
-89
-443
-609
-804
-940
-1458
-1782
-2148
-2380
-2728
-3110
-3353
-3630
-3825
-4086
-4026
-3968
-3793
-3708
-3467
-3112
-2792
-2433
-2095
-1633
-1375
-1157
-1010
-847
-660
-505
-338
-305
-99
-7
98
97
23
-9
-96
-95
-189
-215
-325
-453
-565
-516
-407
-361
-324
-305
-196
-177
-117
-88
27
89
125
209
407
581
719
884
968
1143
1204
1341
1316
1369
1383
1431
1577
1666
1819
1954
2096
2237
2455
2548
2729
2731
2894
2957
3155
3422
3544
3767
3752
3963
3966
4001
3756
3441
3362
3110
2950
2648
2463
2352
2222
2254
2155
2258
2157
2005
1912
1992
2064
1683
1432
946
815
573
309
5
-313
-493
-1225
-2040
-2742
-3147
-3604
-4344
-5018
-5356
-5275
-5218
-5256
-5122
-4783
-4529
-4452
-4219
-3864
-3432
-3217
-2959
-2515
-1917
-1325
-935
-447
-58
323
580
748
877
789
619
298
96
-22
-140
-359
-664
-770
-830
-901
-1212
-1430
-1629
-1805
-2224
-2426
-2309
-2191
-1970
-1955
-1539
-1113
-586
-344
-144
234
353
499
584
747
832
944
937
1066
1214
1359
1329
1225
1188
1047
1000
713
466
304
224
162
96
201
409
482
496
555
631
658
529
531
561
676
685
715
984
1123
1349
1465
1673
1801
1933
1994
1941
1996
1900
1959
1995
2119
2123
2317
2546
2756
2961
3057
3134
3155
3251
3246
3258
3274
3211
3288
3302
3380
3376
3299
3259
2978
2971
2730
2680
2338
2198
2107
1942
1988
1831
1878
1766
1833
1787
1878
1910
1831
1796
1675
1547
1326
1119
775
385
19
-447
-934
-1636
-2232
-2749
-3131
-3588
-4036
-4209
-4340
-4336
-4451
-4330
-4186
-4035
-3939
-3782
-3457
-3150
-2797
-2499
-2030
-1590
-1140
-767
-431
-90
163
375
412
457
449
382
218
45
-89
-240
-441
-696
-903
-1163
-1374
-1658
-1805
-1971
-2126
-2277
-2345
-2203
-2126
-1962
-1791
-1643
-1544
-1407
-1228
-1046
-913
-805
-719
-500
-318
-204
-87
9
126
234
375
360
375
380
457
442
470
436
411
386
244
208
117
128
-41
-84
-108
-88
-43
69
247
325
526
631
845
1001
1123
1156
1255
1388
1457
1585
1652
1757
1845
2053
2176
2299
2442
2485
2618
2680
2742
2794
2807
2844
2754
2762
2778
2743
2744
2713
2648
2581
2516
2475
2452
2352
2285
2108
2104
1987
1829
1755
1617
1589
1454
1433
1395
1327
1343
1226
1281
1300
1277
1131
800
530
96
-306
-886
-1599
-2194
-2694
-3100
-3479
-3747
-3949
-4080
-4122
-4077
-4018
-3906
-3859
-3837
-3685
-3476
-3225
-2973
-2654
-2308
-1883
-1385
-944
-515
-175
69
241
361
413
338
203
34
-113
-242
-353
-616
-841
-1014
-1251
-1388
-1617
-1782
-2022
-2171
-2292
-2369
-2263
-2352
-2339
-2278
-2072
-1895
-1709
-1446
-1267
-1035
-894
-682
-489
-269
-161
-73
49
160
313
370
477
445
537
608
616
623
579
543
376
284
77
-60
-192
-309
-372
-373
-314
-271
-115
-33
139
309
484
616
734
858
912
1017
1070
1220
1354
1487
1575
1669
1879
2004
2140
2173
2191
2191
2233
2290
2312
2323
2221
2189
2183
2173
2130
2086
2095
2015
2065
2041
2008
1971
1906
1870
1851
1861
1742
1684
1602
1523
1457
1381
1287
1194
1104
1058
1008
961
945
857
821
690
514
261
-32
-387
-789
-1143
-1578
-1989
-2386
-2751
-3120
-3358
-3524
-3649
-3688
-3748
-3780
-3740
-3648
-3597
-3468
-3336
-3222
-3024
-2812
-2568
-2316
-2008
-1721
-1413
-1110
-910
-739
-635
-582
-562
-546
-591
-714
-842
-967
-1053
-1149
-1241
-1357
-1479
-1564
-1674
-1764
-1830
-1875
-1913
-1899
-1845
-1802
-1676
-1531
-1350
-1121
-843
-584
-358
-138
32
189
358
485
581
687
745
829
904
958
1015
1061
1098
1078
1066
989
887
742
554
428
330
229
123
112
148
285
415
520
681
878
1040
1174
1351
1471
1616
1693
1727
1852
1962
2117
2177
2305
2418
2501
2594
2588
2647
2585
2537
2482
2442
2383
2289
2186
2071
2084
2032
1955
1933
1851
1801
1782
1770
1711
1636
1526
1392
1414
1351
1277
1223
1225
1238
1224
1215
1120
1089
940
809
626
386
118
-236
-567
-942
-1232
-1606
-1930
-2244
-2545
-2742
-2934
-3084
-3229
-3295
-3400
-3436
-3425
-3392
-3288
-3180
-3028
-2833
-2587
-2359
-2122
-1877
-1648
-1370
-1145
-952
-779
-653
-570
-525
-482
-485
-505
-543
-611
-655
-735
-838
-950
-1046
-1137
-1186
-1263
-1339
-1337
-1359
-1351
-1312
-1235
-1111
-984
-840
-683
-493
-311
-137
41
205
353
461
589
710
860
975
1100
1209
1290
1348
1339
1323
1300
1225
1080
932
777
632
513
376
325
302
303
349
440
548
611
724
805
945
1064
1141
1230
1312
1394
1451
1586
1681
1767
1857
1925
2069
2098
2148
2109
2113
2028
1982
1925
1848
1806
1649
1606
1542
1539
1496
1460
1432
1341
1373
1309
1368
1314
1214
1151
1088
1102
1006
1015
913
899
940
912
952
869
864
664
655
475
294
122
-240
-396
-716
-909
-1157
-1368
-1532
-1721
-1871
-2064
-2144
-2332
-2467
-2617
-2732
-2767
-2867
-2880
-2908
-2837
-2755
-2671
-2507
-2397
-2230
-2112
-1961
-1828
-1716
-1639
-1595
-1505
-1454
-1369
-1331
-1307
-1232
-1192
-1131
-1095
-1095
-1107
-1111
-1121
-1178
-1193
-1233
-1250
-1281
-1261
-1198
-1128
-1041
-986
-866
-739
-622
-529
-439
-375
-319
-263
-246
-191
-153
-102
-43
45
114
182
227
305
399
510
569
553
632
632
690
705
704
714
709
688
713
721
704
713
746
765
847
914
999
1131
1157
1279
1322
1408
1418
1421
1417
1423
1502
1455
1458
1470
1523
1578
1649
1710
1664
1724
1719
1654
1686
1578
1494
1359
1332
1221
1204
1153
1063
1079
998
1053
928
926
801
734
635
571
488
346
356
226
240
158
129
16
-20
-117
-262
-312
-522
-619
-770
-860
-1009
-1109
-1195
-1347
-1346
-1464
-1511
-1587
-1662
-1741
-1812
-1841
-1959
-2005
-2081
-2129
-2125
-2122
-2063
-2058
-1988
-1959
-1906
-1829
-1773
-1689
-1659
-1579
-1548
-1486
-1440
-1405
-1340
-1289
-1208
-1140
-1044
-987
-915
-848
-816
-772
-761
-772
-773
-738
-745
-718
-679
-662
-619
-572
-504
-483
-393
-347
-277
-194
-163
-99
-67
3
41
100
148
212
294
344
429
485
561
623
693
738
779
855
894
929
972
1019
1070
1132
1172
1210
1197
1211
1199
1225
1219
1158
1157
1131
1197
1192
1271
1313
1371
1440
1462
1525
1529
1596
1566
1595
1557
1529
1506
1447
1440
1386
1402
1351
1344
1332
1333
1370
1331
1325
1272
1210
1171
1092
1033
930
913
833
817
774
692
639
590
558
481
454
308
193
76
-72
-194
-314
-428
-583
-625
-732
-803
-863
-937
-1016
-1074
-1109
-1231
-1294
-1376
-1434
-1483
-1539
-1608
-1654
-1672
-1714
-1716
-1699
-1685
-1695
-1695
-1690
-1686
-1667
-1663
-1650
-1619
-1577
-1555
-1510
-1468
-1459
-1385
-1350
-1310
-1272
-1202
-1169
-1123
-1085
-1059
-1007
-969
-953
-915
-842
-811
-741
-658
-586
-506
-457
-411
-364
-300
-244
-186
-127
-91
-22
54
128
196
276
355
433
520
572
647
716
774
818
860
916
936
1004
1033
1097
1121
1145
1178
1173
1195
1153
1186
1163
1183
1199
1215
1236
1236
1319
1365
1450
1461
1474
1509
1568
1574
1548
1549
1540
1495
1479
1462
1498
1507
1449
1491
1477
1490
1428
1383
1351
1302
1222
1137
1102
1042
1005
973
981
994
937
929
938
894
871
756
719
645
576
486
395
340
260
189
110
33
-51
-161
-237
-341
-416
-505
-609
-643
-709
-738
-794
-787
-816
-841
-848
-900
-888
-956
-958
-1015
-1030
-1056
-1106
-1077
-1126
-1091
-1108
-1099
-1107
-1113
-1101
-1124
-1135
-1158
-1180
-1189
-1179
-1196
-1193
-1157
-1130
-1109
-1071
-1049
-1014
-966
-944
-920
-886
-866
-854
-841
-834
-805
-783
-749
-731
-679
-664
-623
-573
-539
-477
-442
-411
-397
-339
-281
-215
-160
-126
-87
-43
37
99
180
242
283
330
368
420
468
509
567
637
689
721
732
763
783
815
849
900
941
984
993
1021
1054
1070
1083
1084
1100
1113
1125
1143
1173
1208
1211
1218
1221
1248
1239
1260
1254
1237
1232
1201
1208
1183
1175
1127
1129
1088
1052
957
908
833
800
763
716
694
611
560
498
473
412
351
298
214
205
104
54
38
-36
-75
-118
-194
-208
-213
-292
-296
-345
-419
-466
-515
-552
-538
-557
-590
-593
-617
-631
-676
-715
-784
-817
-860
-904
-926
-987
-1009
-1055
-1055
-1046
-1060
-1013
-990
-939
-935
-921
-954
-961
-949
-1002
-959
-1010
-1007
-1051
-1030
-1039
-1036
-975
-1005
-919
-928
-902
-899
-892
-870
-874
-846
-890
-849
-879
-883
-872
-854
-813
-804
-773
-757
-696
-663
-590
-531
-458
-433
-406
-350
-295
-230
-196
-150
-129
-80
-38
37
112
181
269
335
418
448
467
462
458
472
476
492
499
510
530
572
620
658
689
674
678
708
736
772
803
820
837
858
865
909
932
966
994
998
1016
986
972
915
867
824
788
806
804
836
824
815
797
765
769
731
730
669
622
549
468
438
338
321
256
255
235
231
244
201
248
180
163
122
40
39
-79
-86
-133
-182
-184
-292
-323
-386
-437
-469
-537
-583
-655
-670
-738
-731
-754
-796
-788
-829
-819
-808
-818
-822
-821
-842
-853
-872
-913
-945
-957
-975
-964
-937
-964
-956
-946
-910
-866
-818
-794
-783
-742
-738
-722
-709
-733
-749
-758
-780
-794
-796
-801
-782
-737
-734
-735
-731
-747
-733
-716
-689
-671
-646
-629
-605
-557
-542
-499
-458
-396
-364
-326
-317
-273
-233
-219
-199
-192
-174
-148
-113
-85
-65
-53
-42
-21
1
29
26
55
69
98
140
161
194
221
266
308
367
415
442
490
507
558
568
578
591
606
618
617
638
624
625
628
626
641
641
646
655
645
640
601
595
586
585
586
572
576
577
595
613
631
648
628
604
549
499
443
390
360
340
340
352
336
329
278
241
194
158
134
81
30
-41
-97
-170
-232
-261
-279
-271
-233
-214
-198
-199
-238
-258
-284
-336
-375
-405
-424
-406
-391
-372
-338
-334
-301
-308
-314
-324
-346
-353
-383
-391
-409
-420
-424
-446
-451
-457
-438
-424
-432
-409
-421
-422
-432
-439
-452
-480
-477
-503
-483
-466
-454
-421
-405
-380
-376
-365
-373
-370
-371
-383
-379
-369
-355
-332
-302
-269
-237
-222
-219
-208
-204
-187
-171
-168
-198
-213
-232
-222
-208
-184
-141
-91
-25
8
36
37
27
8
-22
-44
-69
-52
-37
-6
32
54
98
154
210
235
260
247
233
218
181
162
138
134
162
205
231
262
269
283
306
331
334
325
328
315
336
334
337
360
354
380
372
371
352
314
293
253
232
232
214
221
199
196
199
195
246
257
299
304
272
257
194
158
122
94
89
84
95
64
62
41
57
87
96
133
126
131
108
99
85
49
21
-45
-98
-140
-125
-88
-46
-1
-5
-15
29
29
95
80
0
19
-76
-68
-89
-132
-137
-149
-178
-220
-181
-230
-167
-166
-190
-143
-177
-156
-128
-114
-112
-98
-122
-144
-151
-205
-205
-203
-182
-134
-108
-73
-39
-13
4
23
1
-18
-51
-86
-111
-126
-124
-127
-109
-131
-105
-91
-82
-53
-72
-76
-94
-125
-126
-140
-145
-129
-115
-110
-79
-60
-53
-28
-38
-35
-57
-85
-93
-72
-49
-21
10
19
26
33
36
43
36
26
13
8
18
26
31
37
64
90
136
158
155
150
155
146
132
87
42
46
16
16
25
28
58
63
87
88
100
97
94
99
80
82
59
55
42
51
74
91
126
108
91
68
22
16
-11
12
-7
-15
-25
-43
-11
0
46
58
66
79
65
78
35
25
-6
-36
-17
-58
-39
-32
-26
19
34
70
80
46
38
-1
-7
-34
-33
-22
-52
-33
-83
-94
-102
-122
-117
-156
-157
-186
-197
-200
-187
-180
-170
-169
-149
-146
-133
-113
-118
-93
-117
-110
-111
-120
-135
-162
-179
-197
-186
-198
-181
-194
-231
-252
-278
-288
-304
-318
-348
-356
-326
