24
-26
-11
-31
-46
16
-28
-49
12
-5
-40
10
-13
-3
29
-27
18
51
2
90
146
52
132
139
19
61
94
53
116
93
28
51
40
-49
-54
-28
-45
-38
14
-23
-88
-57
-92
-138
-110
-94
-122
-68
-113
-163
-91
-148
-196
-136
-133
-157
-53
-94
-94
-41
-120
-63
-14
-78
-51
13
-82
-28
22
-17
35
26
-50
9
-2
-41
38
30
-28
15
-4
-60
-43
-59
-10
-3
-12
63
51
13
73
30
26
109
64
62
176
41
-21
45
-90
-123
25
-32
-66
-8
-126
-185
-132
-205
-177
-74
-167
-115
-86
-180
-199
-189
-273
-197
-159
-206
-96
-129
-186
-114
-163
-216
-124
-171
-178
-80
-132
-137
-100
-205
-214
-154
-220
-149
-73
-177
-128
-103
-215
-168
-115
-205
-80
-46
-143
-61
-68
-197
-76
-91
-121
34
-42
-50
41
-54
-44
78
-62
8
100
-26
83
106
-39
52
96
-235
282
67
-119
319
113
-97
193
109
-131
187
41
45
60
4
2
35
-81
11
22
-85
35
33
-63
68
28
-60
77
13
45
130
7
25
86
-54
-19
64
-92
-2
14
-69
20
-4
-44
35
10
-7
67
41
46
106
26
60
14
-15
24
15
20
65
-2
-47
-23
-68
0
-33
-45
-9
-50
-65
-14
-41
-69
-14
-81
-49
-29
-46
9
21
-4
51
21
14
67
24
93
119
63
128
92
-32
16
-26
-45
34
-34
-21
19
-99
-78
-19
-148
-31
-10
-62
61
31
-69
59
-27
-89
75
25
12
140
54
54
113
5
32
122
63
147
169
92
98
95
41
85
85
57
125
58
88
143
107
50
122
81
106
192
135
158
160
133
90
131
61
97
152
119
108
126
109
52
133
100
157
175
125
93
138
126
114
179
76
110
145
114
102
117
39
57
131
45
115
121
9
51
88
-38
49
62
-71
-4
-47
-92
-34
-101
-152
-58
-119
-138
-117
-199
-174
-181
-191
-161
-175
-224
-169
-257
-258
-244
-289
-230
-241
-305
-231
-248
-392
-298
-319
-332
-258
-305
-350
-295
-347
-403
-347
-390
-350
-289
-318
-375
-356
-375
-377
-350
-307
-237
-263
-281
-247
-349
-334
-279
-282
-155
-105
-189
-140
-170
-305
-169
-113
-126
-6
-9
-32
33
-47
-46
75
-14
55
81
103
123
180
90
126
181
102
197
211
169
261
296
211
321
247
291
246
260
315
378
278
369
364
272
349
394
365
363
342
319
460
362
238
444
277
226
331
244
212
260
169
87
179
20
28
158
16
34
75
-106
-75
-82
-113
-25
-46
-132
-73
-69
-214
-125
-259
-256
-129
-216
-189
-155
-321
-312
-225
-339
-273
-296
-403
-341
-391
-486
-433
-529
-639
-531
-600
-673
-675
-784
-834
-765
-867
-895
-854
-979
-939
-953
-1066
-998
-984
-1053
-914
-951
-989
-878
-931
-886
-805
-786
-682
-627
-639
-485
-418
-490
-377
-149
-285
-157
137
-86
-36
251
208
24
517
530
171
821
733
364
1059
864
426
1354
1003
718
1605
796
1111
1628
671
1450
1768
442
1571
1668
758
1594
1874
720
1510
1811
866
1460
1896
827
1335
1854
844
1410
1638
1091
1228
1485
1054
1169
1122
1013
1160
1144
978
1082
886
706
811
694
640
648
535
515
484
287
225
74
-15
44
-78
-198
-269
-495
-681
-834
-1062
-1188
-1367
-1586
-1687
-1918
-2179
-2305
-2556
-2807
-2878
-3044
-3180
-3213
-3352
-3475
-3489
-3560
-3514
-3403
-3339
-3152
-2978
-2818
-2541
-2350
-2086
-1781
-1434
-1131
-546
-352
-64
-60
626
-283
330
399
-125
1124
617
490
966
778
411
1284
442
1269
947
1609
1289
1170
1762
863
1428
1528
1913
1164
2030
1954
1168
1626
2241
1342
1540
2965
913
1763
3000
625
2193
2711
692
2197
2550
877
2029
2312
1195
1735
2335
1124
1525
2237
984
1416
2266
860
1493
1832
694
1611
1626
991
1718
1608
1093
1566
1324
1099
1427
1148
1063
1282
1057
1038
910
357
-12
-134
-438
-496
-595
-1015
-1263
-1742
-2123
-2319
-2632
-2992
-3106
-3257
-3386
-3450
-3686
-3867
-4029
-4139
-4025
-3845
-3755
-3589
-3487
-3413
-3255
-3039
-2820
-2563
-2301
-1944
-1515
-1254
-971
-840
-598
-380
-141
194
470
600
733
820
777
596
85
425
217
61
586
330
-165
-42
-450
-616
-360
-727
-393
-300
-682
-443
-393
-876
-556
-446
-581
-55
160
-280
109
320
-455
574
108
255
929
344
693
982
650
379
1354
412
1348
1213
886
1825
762
1425
1261
1177
1289
1656
1139
2099
1351
1533
1914
876
2389
1076
1968
2243
977
2514
1637
1197
2670
1312
1494
2774
1088
1906
2526
1339
1787
2342
1325
1866
2351
1612
2088
2196
1725
2032
2045
1463
1789
1723
1431
1618
1581
1012
772
226
-113
87
-446
-604
-775
-1473
-1872
-2086
-2568
-2861
-3126
-3617
-3489
-3635
-4002
-4060
-4359
-4687
-4697
-4600
-4425
-4255
-4387
-4117
-3980
-3986
-3686
-3425
-3203
-2927
-2442
-1994
-1663
-1505
-1310
-995
-804
-429
-119
120
211
321
-117
-70
-20
-388
30
61
101
-356
109
-313
-407
-383
-265
-359
-378
27
-393
90
-229
-186
156
71
48
364
339
313
201
838
132
562
619
992
117
1520
235
923
998
673
913
1298
744
797
1270
429
1722
769
1134
1552
738
1114
1815
409
1906
1314
1067
1630
1885
649
2167
1463
984
2334
1056
1908
1777
1576
1741
1962
1575
1650
2194
1233
1941
2107
1724
1993
2186
1830
2141
2204
1812
2482
2147
2011
2536
1895
1734
2125
1657
1541
2005
1289
732
778
40
33
-136
-602
-817
-1304
-1858
-2021
-2393
-2995
-3029
-3543
-3715
-3662
-4050
-4283
-4342
-4702
-4782
-4525
-4568
-4360
-4363
-4253
-3953
-3871
-3620
-3218
-3039
-2718
-2173
-1790
-1476
-1111
-1054
-585
-608
-207
-2
-446
55
-552
202
-288
329
241
-813
762
-1
-540
955
105
-537
810
-259
234
433
273
341
322
414
509
431
341
1041
-14
1076
741
589
908
765
400
1004
410
1739
95
1079
1902
-212
2068
1043
396
1492
1115
863
1749
792
1212
1512
631
1298
1917
322
1839
1055
1798
882
2093
1110
1703
1294
1356
1965
1189
2022
1247
2013
1498
1743
1958
1214
2089
1606
1674
2143
1392
1945
1874
1803
1777
2357
1445
2161
2265
1395
2295
1893
1510
1699
1755
1227
1514
1370
575
492
-58
-46
-337
-650
-895
-1449
-1813
-2295
-2388
-2928
-3190
-3505
-3810
-3792
-4003
-4247
-4470
-4627
-4808
-4575
-4482
-4357
-4264
-4211
-3890
-3764
-3411
-3174
-2795
-2564
-2111
-1587
-1351
-1164
-1302
-584
-1789
-371
-962
-588
-568
-881
35
-1241
664
-1202
10
-116
-704
860
-499
230
520
-304
9
771
151
113
1168
400
748
480
1354
8
833
1328
150
1980
502
879
1621
255
1197
1816
-517
2802
455
572
2401
323
1313
1408
731
1307
1643
209
2286
237
1258
2021
138
2046
1185
1145
1167
2153
121
2508
1182
830
2123
1148
1705
1219
1989
985
1914
1243
1839
1560
1319
1969
1469
1606
1818
1955
1027
1793
2050
1233
2232
2127
1413
2002
2045
1582
1940
1800
1086
1713
1471
1031
1473
377
123
54
-177
-474
-452
-1133
-1580
-1665
-2431
-2237
-2821
-3179
-3351
-3497
-3665
-3730
-3929
-4340
-4032
-4508
-4095
-3837
-3937
-3722
-3589
-3368
-3167
-2690
-2663
-2079
-2004
-1987
-968
-1735
-1436
-929
-1997
-723
-714
-1884
188
-633
-1455
165
-73
-1511
627
8
-1288
965
-50
-490
1151
-78
-228
1297
-608
1252
202
1005
123
1414
453
645
1051
1055
420
1381
1708
355
1246
1331
863
832
1899
798
1312
1202
1608
769
1506
563
1032
1589
440
2072
1190
564
1916
225
1766
860
1394
1615
1299
921
1857
1295
778
2210
1017
1074
1704
1945
413
2490
1065
1254
1819
1245
1363
1407
1548
1119
1946
1089
1634
1295
1363
1588
1518
1667
1384
1998
1285
1568
2052
833
1283
1495
799
1193
926
167
89
-131
-563
-437
-878
-1367
-1503
-2166
-2252
-2552
-2976
-3253
-3358
-3657
-3679
-3642
-4137
-3982
-4254
-4254
-4016
-3830
-3852
-3543
-3467
-3330
-2825
-2777
-2496
-2255
-1977
-2422
-1347
-2169
-1868
-879
-2516
-773
-1809
-903
-1373
-862
-337
-1540
624
-1312
-339
19
-477
-591
932
-564
-2
1172
-680
602
664
-277
1474
186
752
1413
74
691
2015
-704
2194
1192
-27
2919
26
1268
1967
35
1936
763
1040
1222
1177
959
1323
1396
364
1987
961
1232
764
2017
-409
2102
1596
-327
3170
157
1200
1999
1152
753
2819
511
1096
2763
415
1752
2385
1047
1345
2065
1260
1259
2022
1084
1382
1941
929
1670
1679
1041
1594
1542
1183
1832
1591
1210
2065
997
1516
1876
933
1253
1420
837
920
920
-58
225
-6
-603
-470
-770
-1523
-1479
-1863
-2398
-2143
-2867
-3189
-2865
-3453
-3583
-3249
-3851
-3944
-3645
-3994
-3509
-3312
-3581
-3058
-2968
-3146
-2654
-2226
-3037
-1803
-2449
-2180
-1873
-1328
-2688
-1333
-1472
-1806
-815
-1161
-928
-1451
159
-2033
661
-1046
-487
75
-660
81
11
301
190
-37
276
170
636
459
1158
586
739
794
665
1175
508
1248
844
922
1200
601
1849
423
1451
1236
1033
941
1538
1237
703
1418
1855
-424
2341
788
552
1846
875
1292
745
1764
301
1928
787
1581
1456
1459
1539
1290
1530
1023
1671
1135
2007
1693
674
2588
618
1490
2346
527
1700
1833
1075
1470
1692
1606
1087
1957
1188
1791
1326
1528
1945
1105
1880
1370
1568
1089
1325
994
862
1068
549
226
176
-68
-718
-510
-901
-1318
-1578
-2011
-2157
-2373
-2791
-2929
-3017
-3530
-3406
-3385
-3760
-3618
-3820
-3882
-3417
-3559
-3424
-3243
-3005
-3230
-2827
-2490
-2965
-2477
-2153
-2869
-1722
-2196
-2241
-959
-2109
-1219
-1141
-1457
-1218
-531
-1423
-562
-512
-1455
-216
-698
-305
425
-481
309
62
-146
258
254
465
911
-155
1585
310
621
1879
-235
1059
1223
221
1803
1382
-21
2103
265
1080
1315
922
1224
810
896
2032
-121
2227
-345
1012
1299
446
1895
1462
562
1476
276
1073
1975
251
2533
120
1966
847
675
2262
572
989
2586
707
1126
2504
349
1678
1597
952
1648
1994
920
2135
866
1485
1241
1308
1181
1778
1779
1049
1830
1451
930
1325
2336
931
1758
1744
520
1150
1199
488
749
350
-161
-76
-365
-822
-848
-1489
-1647
-1722
-2279
-2180
-2652
-2827
-3123
-3128
-3193
-3385
-3389
-3298
-3648
-3340
-3132
-3586
-2793
-3429
-2802
-2912
-2787
-2273
-2813
-2550
-2101
-2180
-2078
-1233
-3163
-456
-2138
-2091
-64
-1745
-1141
-462
-943
-1857
884
-1901
795
-654
-95
-349
-108
1006
-693
699
624
-351
771
1227
-861
1438
251
812
1374
1031
936
572
1337
1030
567
2193
303
684
2181
-369
2145
944
1392
1022
1484
215
2397
586
1017
1937
-164
2299
461
1633
1092
1034
952
1484
1243
1427
1741
936
1914
650
951
2368
-6
2582
1661
521
2552
1190
800
2745
486
1637
1953
724
1836
1458
1338
1822
921
1898
1163
1645
1526
1306
2091
533
1890
1656
1220
1615
1860
988
780
1161
732
744
297
551
-239
-896
86
-1411
-1241
-1237
-2004
-1921
-2267
-2353
-2960
-2977
-3144
-3372
-3268
-3348
-3341
-3506
-3160
-3726
-2973
-3187
-3346
-2696
-2978
-2735
-2768
-2621
-2378
-2154
-3454
-651
-2247
-2398
-31
-2262
-2129
-478
-1466
-1687
407
-1507
-921
205
-1902
-148
427
-2020
1278
-106
-1305
1091
302
-1297
2044
144
-148
1459
161
203
432
2314
-408
1680
1352
331
138
2314
-20
1782
1738
575
1001
2330
-1075
3251
-596
1700
2081
-16
2866
36
1141
1653
84
2196
889
1255
1963
591
1783
784
1548
1614
1316
1404
3206
-594
3066
-157
612
2143
1152
1540
3331
-71
1232
2324
-994
3355
1408
742
2790
738
1179
1363
813
1199
603
2550
718
1715
1905
234
1684
605
428
1930
1432
924
1842
478
-244
872
-403
-366
389
-357
-989
-361
-1333
-2759
-1492
-2503
-2322
-1775
-2519
-2775
-2942
-3300
-3709
-3029
-3733
-2784
-2914
-3377
-2282
-3945
-2701
-3491
-2742
-2240
-2823
-1814
-1841
-3379
-1228
-1969
-2705
-1164
-1053
-2800
-69
-970
-2638
1063
-2410
-807
-363
-1490
-845
1405
-1354
191
714
-2320
263
766
-569
1335
621
-269
718
364
966
635
510
1970
294
1492
1617
-526
1829
309
1130
1296
1782
-617
2884
429
1017
2979
340
1125
2058
586
2056
1448
984
1485
1024
1930
529
2380
854
2022
2216
1498
876
1598
1083
1492
2839
1010
1944
1440
1306
1893
674
2244
1545
761
2549
2016
314
1894
1546
247
2116
2059
758
1701
1321
702
1808
364
1916
909
1303
1771
1168
1477
837
1035
938
1260
286
1635
155
424
293
-324
-188
-685
-500
-764
-1231
-1467
-1553
-2523
-1951
-2761
-2342
-2822
-2568
-2725
-3364
-2950
-3704
-2660
-3484
-2664
-2970
-3313
-2656
-3146
-2924
-2436
-2446
-2665
-1958
-2917
-2085
-1887
-2956
-124
-2539
-2005
-787
-1693
-1406
-464
-1227
-1415
-470
-1439
-1420
571
-276
-1953
2125
-1879
83
506
-775
1114
65
-90
1062
491
-213
1780
166
181
1030
2026
-395
2190
1841
-949
2550
1393
122
2303
2367
-642
3493
830
4
2538
1498
-26
3011
1790
-18
3329
887
685
2428
1710
944
2622
1843
51
3811
-105
1485
2708
83
2562
2029
1513
1236
2255
880
917
2394
1400
1164
1713
1901
-474
2904
850
-15
3038
-333
1906
1437
461
1159
1255
31
1790
754
749
1785
376
1249
959
484
910
414
76
57
320
-360
-510
-265
-1593
-1527
-1372
-2064
-1824
-2278
-2195
-2838
-3336
-2871
-3398
-3383
-3081
-3606
-3235
-3077
-3946
-3003
-3926
-3935
-2611
-3133
-2911
-2522
-3614
-2942
-2331
-3215
-1875
-2415
-2615
-1417
-2538
-1547
-1004
-3010
-120
-2739
-995
321
-1840
-570
-1405
-345
-929
296
-529
-846
1033
-453
-93
376
547
-338
712
1645
330
432
1787
117
404
1813
595
364
2381
516
1035
2415
588
1117
618
1424
1351
1747
2015
1533
806
1359
997
1419
1331
1759
2222
1280
1717
1544
201
2529
1540
1375
2388
1129
1744
1817
1562
538
1969
1230
1467
2254
1316
243
1897
664
520
2398
180
1825
1857
-127
2056
188
886
941
1292
564
1307
615
393
1349
-50
1680
443
870
916
570
-374
722
-284
-708
14
-726
-1087
-1029
-1541
-1735
-2202
-2315
-2210
-3177
-2505
-2974
-3665
-2816
-3915
-3803
-3321
-4069
-3446
-3428
-3821
-3537
-3253
-3928
-3280
-2904
-3447
-3079
-2201
-3384
-2006
-2262
-3154
-966
-2836
-1926
-939
-2089
-1914
-118
-999
-1610
-232
-998
-839
-680
53
-650
184
974
-94
-619
573
2
1162
1035
1371
432
-259
1998
218
1183
1986
994
1297
1853
1244
1569
-35
2803
1371
916
3353
406
1716
1832
603
1934
2275
1343
3529
1518
1638
3077
219
2595
2270
1608
3108
1620
1999
1670
1795
2594
704
3209
1615
1821
2432
2583
1214
2050
1441
1522
3157
503
2521
1942
-288
3058
664
1078
2162
1220
1769
1402
1969
807
1157
1726
1234
1817
1557
1492
1477
508
520
613
-31
-181
942
-908
-293
-816
-2151
-1508
-2357
-1783
-2236
-1959
-2236
-3272
-2621
-3736
-3520
-2835
-3626
-3071
-2584
-3846
-3149
-3298
-4414
-2555
-2923
-3299
-1793
-2675
-3415
-1846
-2719
-2280
-1661
-1891
-1474
-1535
-1097
-1699
-1294
-883
-1360
-330
-17
-1370
303
-275
-662
-9
-741
1097
-724
250
1391
42
922
963
446
72
2380
413
972
2235
814
979
1407
2105
1104
2232
1326
1384
3398
404
1177
2954
744
1692
2571
1933
1498
2262
1522
716
3527
1107
2263
3410
877
2321
2540
1243
2465
1866
2058
1655
2638
1619
1724
1231
2315
1935
792
2781
1722
1588
1441
1545
1889
361
2033
2305
-139
2471
1664
-318
2511
1161
787
2101
1262
1103
2008
671
565
1227
-381
-36
401
-599
-710
-540
-1801
-2157
-2128
-2892
-2967
-2373
-3453
-3589
-3282
-4445
-4221
-4241
-4223
-3864
-3719
-4282
-3408
-4233
-4518
-3581
-3658
-3391
-2723
-2745
-3340
-2625
-3320
-2974
-1901
-2110
-2728
-799
-1552
-2857
-871
-1661
-2413
178
-1146
-1825
563
-1430
-1691
-536
-574
-690
-499
752
-958
-91
366
-349
-588
1229
-83
334
2614
-693
1893
1289
-821
2508
1285
1661
1549
2108
1738
1091
2499
1005
2548
1940
3138
1584
1884
2463
1609
2478
1478
3649
2475
1191
3837
1063
1931
3188
1374
2606
2795
1689
2437
2904
1183
2324
2382
1069
2996
2076
1840
1939
2559
1481
946
2993
828
1380
3311
1523
1257
2269
1475
1338
2602
1918
2032
2465
1172
1400
221
-23
205
-100
65
-176
-1101
-2596
-2625
-3119
-3328
-3037
-3392
-3939
-4235
-4800
-5495
-5198
-5490
-5344
-4794
-4657
-4913
-4992
-5007
-5378
-4563
-3893
-3781
-3495
-3015
-3597
-3487
-2774
-2716
-2497
-2046
-1612
-1785
-1826
-1229
-1939
-1707
-1232
-840
-1147
-1224
-728
-1036
-900
-1109
-1033
-462
-477
-868
201
-784
-894
-43
-300
61
511
583
79
616
1311
204
382
2536
355
1510
2789
831
1602
2068
945
3030
2140
1676
2611
2605
1893
2334
1973
3323
2929
2788
3455
1180
3511
2802
2276
3858
2977
2415
3892
2580
2380
2987
2378
3204
3477
2854
2551
2411
2457
2222
3345
3215
1964
2993
2323
1769
3366
2635
2300
3290
2710
2565
3096
2681
2062
1614
844
836
1282
731
255
-356
-1596
-2549
-2445
-2802
-3021
-3320
-4644
-4989
-5142
-6020
-6004
-6058
-6519
-6395
-6257
-6074
-6179
-6401
-6511
-6012
-5258
-4643
-4215
-4047
-3937
-3977
-3416
-2691
-2030
-2053
-1497
-1422
-1545
-965
-1795
-1237
-451
-771
-503
-173
-1274
-1469
-1135
-1457
-1047
-406
-745
-1141
-1064
-1740
-1373
-872
-569
-385
-520
-666
-25
-431
-282
414
486
790
852
1442
1309
539
1467
2101
1495
2676
2717
1926
2265
2499
1525
2958
4096
3277
2694
3343
2767
2311
4154
3549
2954
3367
3950
3047
3548
3656
2976
3520
3909
3267
3510
3651
2827
3333
3626
2532
3751
3590
2553
3713
3554
2887
2908
3469
3321
3435
3885
3389
3398
3167
2132
1419
1046
1161
1511
1261
-32
-916
-2427
-3533
-2867
-2994
-3328
-4089
-4944
-5983
-6520
-6548
-6922
-6668
-6611
-6606
-6405
-6460
-6667
-6882
-6703
-5813
-4667
-4144
-3769
-3791
-3872
-3448
-2703
-1652
-975
-569
-694
-561
-452
-730
-272
13
-71
413
-29
-430
-715
-1181
-1288
-1301
-612
-815
-1091
-1435
-1943
-2314
-2124
-1118
-832
-1254
-974
-1038
-1592
-659
37
-146
787
896
967
1695
1216
1615
1421
2151
3637
2804
3198
3566
2864
2631
4359
3874
3668
4432
4040
3242
3727
4333
2790
3527
4854
4217
3250
4228
3671
2578
3921
5202
3915
3602
4601
3224
2760
4407
4117
3786
4445
4063
3937
3772
3520
4304
4540
4279
4763
4592
4267
4116
3840
2212
1039
1724
2633
2296
914
-314
-2320
-3552
-3402
-2872
-2784
-3873
-5531
-6971
-7334
-7379
-7547
-7317
-7275
-7490
-7842
-7829
-7604
-7848
-7933
-6816
-5312
-4865
-4802
-4726
-4674
-4184
-3190
-1619
-521
-518
-1062
-974
-498
-112
528
959
1127
584
159
-68
-301
-722
-948
-771
-902
-943
-1787
-2787
-3181
-2973
-2993
-2599
-1651
-2817
-4044
-3201
-2516
-2467
-1874
-1059
-1196
-1056
-717
-261
237
611
958
1275
2567
3082
1754
2588
2989
2167
4025
5543
3625
3350
4031
2869
4057
5463
4416
3365
4519
3730
2922
4370
4589
3441
4160
4828
4026
3906
3783
3230
4393
5009
4512
4573
4047
3623
3557
4327
5458
5195
4839
4754
4721
4451
4999
5589
5365
3732
1628
1694
2775
3318
2037
522
-1130
-2819
-3040
-2606
-2370
-3739
-5740
-7085
-7060
-6786
-7336
-7884
-8024
-8223
-8608
-7890
-7293
-7693
-8302
-7830
-6038
-5055
-4887
-4765
-4626
-4190
-3232
-1729
-372
-121
-762
-626
481
1215
1422
1621
1812
1540
1405
1514
1539
1028
196
-4
224
15
-910
-1595
-2125
-2484
-2580
-2561
-2576
-3058
-3818
-4138
-3501
-3053
-3194
-3230
-2513
-2262
-2256
-1314
-896
-720
-9
710
1617
2118
1789
1791
2713
3343
3412
4439
4372
3550
3649
4047
4250
5034
4958
4251
4257
3813
3737
4112
4675
4277
4405
4214
3843
3935
3712
3470
4338
4737
4062
4316
4332
3575
3482
4426
5165
5281
5606
5111
4554
4663
5052
5867
6094
4818
2165
1289
2366
3627
2892
895
-812
-2687
-3773
-3308
-2188
-3404
-5792
-7481
-8063
-7733
-7729
-8216
-8902
-9001
-9324
-9273
-8300
-8067
-9006
-9149
-7309
-5832
-5541
-5500
-5353
-5127
-4326
-2589
-968
-348
-945
-1326
-485
807
1504
1784
2028
1723
1325
1059
1577
1732
1081
623
381
244
-504
-1272
-1798
-2080
-2752
-2954
-2750
-3287
-4032
-4659
-4462
-3916
-3881
-4292
-4042
-3830
-3658
-2943
-2116
-1454
-1453
-1189
-377
606
1088
1680
2373
2882
3061
3677
4252
3416
4089
4861
4505
5173
6070
5224
4635
4890
4906
4857
5738
6232
4550
3955
4827
4993
5409
5850
5027
4128
4316
4653
4658
5125
5213
4807
4594
5199
5632
5288
5560
5753
5874
6141
6217
4471
1620
902
3290
4949
3706
1178
-1647
-4181
-4555
-2481
-1087
-2361
-5673
-8833
-9820
-8473
-7418
-7659
-8110
-8850
-10127
-10406
-9011
-8183
-8884
-8720
-6899
-5731
-5790
-6104
-5943
-5268
-3843
-1825
-264
-212
-1482
-2192
-826
1301
2524
2632
2204
1425
715
1164
2302
2729
1940
1153
751
689
-1426
-1670
-982
-606
-924
-2335
-3105
-5070
-5321
-4567
-3714
-3084
-3622
-5306
-5853
-5084
-4635
-3987
-2782
-1790
-2777
-2633
-1501
-634
58
717
2366
2924
2516
2700
3271
3729
4500
5266
5950
5716
4867
4911
5077
5804
6268
6105
5999
5681
5210
4551
5503
6225
5898
5679
5752
5437
4890
4946
5291
6183
5551
5650
5808
5707
5515
5771
6513
6757
6894
6867
6619
5163
3793
1803
2876
5034
4831
2440
-897
-2730
-4118
-3461
-1888
-1577
-4284
-8000
-9790
-9436
-8262
-7961
-8122
-8986
-9740
-10786
-10410
-9061
-8766
-8706
-7995
-6300
-5854
-6488
-6337
-5341
-3947
-2320
-747
-181
-795
-1785
-1039
888
2600
3038
2525
1960
1263
1164
1852
2852
2638
1618
773
260
-94
-1168
-1577
-1535
-1695
-2188
-3049
-3812
-5166
-5796
-5421
-4456
-4062
-4913
-5900
-6481
-6059
-5202
-4047
-3050
-2968
-3480
-3330
-2243
-1116
-130
707
1562
1913
2024
2556
3203
3734
4432
5286
5705
5575
4935
4626
5096
5822
6226
6403
5965
5351
5147
5075
5548
5985
5906
6073
5970
5480
5033
4940
5964
6371
6419
6145
5773
5682
5953
6572
7213
7429
7201
7290
7155
6633
5070
2687
2508
4451
5631
4039
740
-2098
-4149
-4265
-2558
-1313
-3051
-6989
-9825
-10312
-9273
-8187
-8237
-8990
-9733
-10951
-10951
-9607
-8770
-8765
-8574
-6883
-5717
-5958
-6074
-5439
-4396
-2897
-1000
387
230
-1012
-1235
163
2180
3262
3252
2617
1686
1095
1402
2409
2702
1832
792
222
-279
-810
-1378
-2033
-2495
-2992
-3168
-3644
-4462
-5547
-6228
-5799
-5051
-4948
-5502
-5885
-6200
-5959
-5112
-3828
-3301
-3448
-3179
-2583
-1771
-1000
-93
578
1168
1821
2394
2797
3065
3369
3920
4725
5304
5227
4667
4561
4798
5254
5561
5693
5415
4727
4622
4988
5363
5616
5504
5464
5293
5435
5682
5680
5983
5761
6252
6538
6643
6493
6406
6836
7400
7743
8164
8324
7937
7589
6063
4331
3233
4198
5626
4897
2242
-819
-2808
-3816
-3266
-2381
-2954
-5630
-8460
-9945
-9864
-9144
-9125
-9298
-9723
-10114
-10588
-10306
-9377
-9107
-8759
-7411
-5616
-5147
-5464
-5275
-4429
-3147
-1390
438
934
493
-144
292
1668
2971
3615
3449
2970
2197
1793
1965
2337
2065
1377
727
69
-734
-1577
-2117
-2578
-3496
-3807
-4117
-4532
-5270
-6183
-6353
-6321
-5866
-5811
-5545
-5550
-5706
-5516
-4921
-3864
-3180
-2599
-2057
-1405
-1124
-427
511
1297
1969
2482
3118
3306
3525
3723
4050
4494
4781
4918
4809
4634
4372
4366
4553
4833
4779
4480
4453
4418
4500
4625
5071
4937
4973
5329
5329
5650
5600
5905
6335
6618
6696
6825
6948
7173
7802
8073
8536
8614
8573
8527
7769
6076
3344
3159
5634
6303
3587
907
-1259
-4235
-4516
-2695
-2655
-4543
-6993
-9629
-10771
-9627
-9351
-10143
-10295
-9678
-10217
-10556
-9580
-9452
-9622
-8803
-6567
-4675
-4190
-4854
-5116
-4038
-2287
-417
1102
1784
1049
280
892
2391
3356
3379
3249
2927
2538
2180
1944
1649
942
362
242
307
-541
-2058
-3262
-3695
-3920
-3970
-4031
-4643
-5698
-6921
-6848
-6232
-5744
-5824
-5971
-5651
-5444
-4951
-4508
-3873
-3318
-2706
-1714
-725
-260
-176
214
1088
2192
2872
3276
3424
3296
3438
3940
4461
4612
4022
4010
4301
3999
3737
3983
3947
3775
3848
3915
3881
3706
3917
3790
4449
4952
5139
5022
4756
5256
5325
5914
6147
6196
6355
6529
7276
7260
7446
7470
7710
7919
8019
8081
6725
4297
2171
2904
4846
5231
2653
-887
-2686
-3602
-3822
-4038
-3882
-4896
-7426
-9080
-9036
-8424
-9187
-10228
-10241
-9169
-8395
-8198
-8418
-8701
-8742
-8137
-6042
-4114
-3453
-3747
-3970
-3265
-2103
-688
396
783
805
994
1659
2170
2157
1859
1832
2052
2286
2290
1921
1071
-19
-554
-363
-67
-417
-1236
-2164
-2879
-3358
-3450
-3654
-4163
-4643
-4963
-4339
-4336
-4634
-5190
-5477
-4660
-3969
-2973
-2656
-2679
-2632
-2294
-1248
-494
-29
221
682
1166
1755
2122
2263
2247
2202
2708
3193
3577
2925
2262
2409
2706
2529
2910
3121
2744
1945
1848
2522
2812
3037
2683
2743
3135
3622
3458
3502
3890
4096
4384
4436
4878
5074
4711
4616
4965
5605
5628
5858
5845
5489
6079
6086
5823
5808
5993
5784
4638
3015
2104
2671
3449
2705
1034
-445
-1146
-1568
-2341
-3111
-3856
-4406
-5033
-5453
-5618
-6061
-6754
-7539
-7656
-7216
-6645
-6189
-6189
-6402
-6529
-5964
-5038
-4452
-4131
-3843
-3198
-2450
-1871
-1527
-1368
-1301
-1173
-715
-20
518
513
290
171
176
164
185
402
213
-103
-41
173
147
-236
-722
-872
-709
-599
-712
-887
-936
-884
-909
-1021
-1229
-1108
-866
-805
-875
-770
-504
-512
-625
-757
-633
-280
-47
-318
-386
10
-117
-198
234
402
-160
-242
204
186
728
726
179
-145
820
847
531
772
1060
615
813
1675
1443
1394
1404
1339
1575
2183
2172
1947
1826
2075
2388
2410
2363
2148
2324
2774
2724
2248
2296
2795
2849
2602
2653
2725
2902
3166
2987
2861
2993
3135
3254
3317
3220
3090
2798
2363
2006
1852
1808
1673
1254
649
127
-238
-591
-1160
-1883
-2452
-2721
-2832
-3047
-3491
-4030
-4467
-4752
-4821
-4773
-4690
-4636
-4594
-4479
-4364
-4177
-4013
-3904
-3744
-3511
-3131
-2664
-2291
-2184
-2099
-1887
-1552
-1228
-939
-806
-867
-564
-80
185
321
94
62
449
709
660
652
778
901
994
827
396
397
696
730
603
332
-41
71
391
293
-271
-721
-467
-209
-231
-318
-855
-824
-237
-168
-654
-986
-788
9
210
-280
-381
-228
354
424
56
179
471
446
746
687
989
1142
1097
711
980
1357
1322
1045
1231
1376
1516
1661
1331
1404
1484
1313
1646
1608
1486
1957
2055
1652
1980
1945
1857
2244
2449
2296
2384
2801
2862
3134
3107
2734
2483
2837
3546
3665
3250
2813
2611
2516
2245
1827
1223
1064
1227
890
51
-719
-1172
-1406
-1809
-2618
-3299
-3358
-3117
-3269
-3914
-4524
-4757
-4636
-4529
-4567
-4564
-4405
-4108
-3813
-3575
-3530
-3400
-3083
-2739
-2522
-2110
-1562
-1225
-1160
-1117
-1070
-824
-398
-179
172
10
47
5
-9
52
-51
196
249
308
50
-252
151
91
-195
-518
-649
-445
-295
-383
-589
-481
-607
-708
-438
-719
-1136
-481
-121
-380
-324
-154
-106
96
-418
-516
147
906
420
49
297
716
1026
354
247
312
1282
1164
102
340
1913
1190
92
651
844
365
1027
1653
753
995
713
825
1808
1842
773
380
1895
2598
2168
1628
2011
2008
2397
3089
2157
1731
2931
4102
3555
3404
3462
3122
3050
3544
4021
3878
3994
3482
3668
3917
3274
1598
1100
1860
1904
972
-332
-776
-616
-605
-1762
-3298
-4013
-3907
-3810
-4108
-4686
-5072
-4995
-4831
-5043
-5386
-5514
-5204
-4635
-4280
-3997
-3504
-2869
-2580
-2603
-2472
-2013
-1342
-688
-380
-363
47
590
686
459
148
246
449
557
496
568
762
448
-224
-700
-701
-551
-717
-1013
-863
-708
-792
-1415
-1974
-2183
-1772
-1258
-1202
-1274
-1349
-1087
-1022
-1083
-1278
-1124
-640
-40
58
46
-13
446
627
349
210
-4
638
1290
1193
904
1028
1582
1328
619
190
613
1167
1079
1166
1287
1319
1714
1411
151
454
1302
1662
1458
1561
1937
2653
2651
2339
2527
2157
2335
3038
3555
3594
3628
4522
4562
3793
3977
4140
4251
4730
4710
4599
5174
5240
5009
4674
4204
3594
3004
2412
2179
2012
1374
228
-896
-1626
-2125
-2730
-3657
-4602
-5389
-5698
-5805
-5986
-6442
-6913
-7103
-6908
-6622
-6412
-6112
-5673
-5222
-4718
-4078
-3433
-2884
-2427
-2012
-1430
-742
-78
435
650
763
993
1332
1519
1475
1301
1173
1121
1114
947
586
134
-302
-662
-936
-1127
-1410
-1721
-2081
-2370
-2610
-2684
-2755
-3064
-3426
-3634
-3358
-2935
-2745
-2864
-2993
-2806
-2247
-1698
-1444
-1397
-1330
-932
-288
129
200
184
338
585
918
1260
1379
1306
1104
1091
1277
1522
1471
1220
902
839
1015
1111
1170
998
657
581
877
1128
1321
1378
1471
1768
2184
2491
2672
2831
3197
3819
4183
4579
4850
4920
4963
5213
5549
5769
5844
5676
5895
6313
6753
6809
6549
6278
6195
6314
6156
5618
4633
3680
2946
2308
1390
-32
-1350
-2132
-2597
-3431
-4537
-5600
-6369
-6933
-7492
-7975
-8260
-8322
-8211
-7981
-7602
-7057
-6428
-5818
-5323
-4783
-4012
-2976
-2034
-1377
-796
-6
885
1586
1980
2136
2283
2451
2618
2692
2601
2383
2078
1715
1203
654
142
-437
-1147
-1871
-2405
-2707
-2968
-3439
-3933
-4246
-4345
-4330
-4348
-4345
-4253
-3915
-3490
-3113
-2838
-2682
-2431
-1977
-1402
-876
-447
-149
103
445
807
1039
1087
1018
931
1017
1200
1140
908
640
491
409
369
195
-121
-354
-443
-433
-442
-370
-463
-533
-501
-347
-26
344
625
746
982
1370
1880
2296
2608
2897
3290
3814
4213
4493
4674
4795
5049
5317
5583
5711
5793
5734
5591
5508
5506
5581
5600
5616
5783
5956
6127
6036
5943
5614
4970
4084
3176
2795
2403
1964
794
-571
-1904
-2563
-2965
-3802
-5020
-6329
-6819
-7030
-7135
-7579
-7912
-8021
-7899
-7568
-7099
-6511
-6059
-5643
-4987
-4111
-3075
-2161
-1472
-1058
-578
247
1040
1626
1739
1802
1974
2310
2449
2272
2002
1598
1160
727
352
-47
-632
-1250
-1873
-2286
-2610
-2913
-3291
-3767
-4098
-4173
-3924
-3783
-3699
-3664
-3366
-2932
-2493
-2060
-1689
-1283
-876
-381
87
524
861
886
838
541
506
482
563
285
-90
-333
-400
-283
-625
-912
-1405
-1507
-1580
-1432
-1455
-1399
-1359
-1221
-1010
-839
-744
-672
-629
-447
-144
282
649
839
1080
1391
1858
2169
2405
2380
2516
2726
3161
3426
3628
3725
4014
4226
4407
4390
4408
4410
4460
4524
4686
4956
4943
4940
4872
5154
5241
5391
5279
5285
5463
5744
6056
5979
5800
5267
4816
4192
3584
2976
2282
1505
38
-1379
-2659
-3070
-3657
-4647
-6010
-6913
-7142
-7505
-7880
-8491
-8544
-8544
-8121
-7714
-7020
-6388
-5698
-4974
-4067
-3058
-2085
-1255
-668
-78
688
1728
2381
2678
2703
2949
3113
3138
2904
2567
2141
1570
1062
515
37
-627
-1360
-2046
-2632
-3014
-3450
-3842
-4375
-4665
-4669
-4467
-4274
-4161
-3870
-3478
-2943
-2474
-1882
-1371
-892
-484
36
591
1073
1370
1556
1727
1867
1969
1718
1176
551
221
89
-125
-565
-981
-1203
-1399
-1687
-1919
-2109
-2182
-2316
-2227
-1977
-1599
-1299
-1016
-647
-298
69
328
548
701
938
1281
1585
1789
1974
2170
2483
2611
2732
2696
2770
2671
2637
2691
2749
2906
2942
3182
3311
3518
3560
3704
3736
3769
3842
3978
4105
4139
4206
4406
4659
4889
5025
5105
5149
5136
5278
5257
5334
5103
4884
4359
3924
3395
2911
2264
1453
69
-1534
-2908
-3577
-4014
-4971
-6046
-6937
-6837
-7101
-7257
-7796
-7753
-7852
-7697
-7254
-6490
-5646
-5075
-4209
-3268
-2006
-1055
-242
185
594
1100
1800
2215
2373
2431
2622
2789
2695
2459
2056
1476
640
-45
-529
-1037
-1729
-2539
-3064
-3385
-3533
-3806
-4017
-4281
-4483
-4527
-4420
-4161
-3868
-3419
-2932
-2333
-1690
-990
-498
-117
174
661
1102
1381
1436
1554
1705
1841
1863
1703
1233
620
33
-412
-856
-1500
-1966
-2255
-2216
-2335
-2304
-2388
-2337
-2424
-2276
-2021
-1652
-1403
-1150
-684
-109
502
923
1353
1602
1945
2116
2333
2325
2382
2404
2432
2430
2337
2348
2184
2123
1936
1897
1792
1658
1596
1620
1790
1808
1929
2060
2435
2694
2952
3141
3332
3612
3900
4155
4259
4261
4336
4504
4779
4877
4906
4883
4910
4961
4911
4834
4504
4353
4078
3791
3191
2595
2064
1567
348
-1404
-2822
-3389
-3699
-4774
-5780
-6426
-6194
-6493
-6779
-6947
-6693
-6777
-7001
-6647
-5938
-5072
-4688
-4003
-3071
-1779
-870
-98
357
799
1297
1752
1923
1863
2047
2116
2089
1872
1883
1723
1241
460
-175
-554
-1190
-2012
-2794
-3137
-3465
-3728
-3958
-3963
-3969
-4017
-4004
-3869
-3633
-3445
-3149
-2883
-2370
-1723
-983
-465
-9
425
913
1244
1379
1437
1489
1453
1305
1288
1286
1011
645
60
-277
-726
-1268
-1759
-2229
-2378
-2662
-2577
-2727
-2510
-2499
-2201
-1950
-1624
-1311
-1077
-740
-343
193
669
1090
1244
1700
1995
2296
2332
2377
2366
2302
2176
1945
1932
1833
1758
1647
1601
1537
1407
1365
1280
1354
1381
1520
1638
1932
2133
2525
2806
3084
3294
3544
3751
3904
4033
4029
4102
4136
4362
4402
4510
4367
4346
4237
4171
3926
3775
3468
3139
2853
2695
2497
2255
1899
1750
1724
1439
293
-1266
-2282
-2748
-3082
-4134
-4952
-5353
-5005
-5132
-5066
-4904
-4610
-4846
-5120
-4808
-4292
-3983
-4062
-3667
-2852
-1735
-1078
-455
10
475
830
1046
1071
931
812
525
346
270
428
362
1
-321
-453
-600
-1136
-1768
-2301
-2557
-2944
-3238
-3340
-3177
-3071
-2956
-2652
-2238
-1884
-1783
-1651
-1465
-1118
-836
-545
-239
159
536
876
1163
1372
1513
1440
1176
947
781
558
109
-230
-648
-953
-1345
-1863
-2076
-2376
-2545
-2778
-2747
-2758
-2464
-2384
-2127
-1783
-1379
-918
-570
-230
147
590
871
1303
1484
1855
1980
2091
2242
2393
2428
2388
2279
2133
2091
1802
1578
1369
1251
1084
994
917
952
943
844
951
1065
1390
1547
1813
2070
2547
2893
3180
3349
3646
3994
4109
4149
4049
4206
4163
4264
4237
4342
4185
4014
3713
3517
3297
2874
2493
2077
1766
1369
1190
974
972
872
839
458
-382
-1453
-2280
-2792
-3397
-4227
-4970
-5093
-5065
-4913
-4772
-4461
-4302
-4227
-4211
-4000
-3765
-3771
-3727
-3433
-2855
-2248
-1600
-1000
-362
142
586
800
794
688
514
273
-10
-175
-294
-405
-550
-595
-565
-672
-942
-1239
-1500
-1836
-2218
-2550
-2693
-2703
-2672
-2518
-2228
-1885
-1561
-1230
-950
-696
-551
-452
-336
-240
-163
-146
-117
-21
202
356
408
329
279
141
-87
-336
-600
-854
-1196
-1405
-1549
-1599
-1692
-1690
-1628
-1439
-1351
-1264
-1112
-944
-795
-607
-380
-154
138
413
765
1048
1330
1602
1852
2002
2124
2179
2180
2128
1999
2011
1960
1821
1702
1608
1553
1492
1461
1345
1324
1210
1149
1208
1193
1128
1112
1281
1463
1647
1710
1835
1962
2196
2345
2449
2468
2465
2523
2512
2620
2628
2737
2695
2666
2537
2528
2442
2343
2233
1983
1843
1716
1609
1406
1294
1082
1090
1032
1021
1024
955
615
101
-451
-1072
-1685
-2425
-2980
-3504
-3907
-4166
-4193
-4109
-4038
-4031
-3978
-3805
-3751
-3693
-3571
-3434
-3245
-2909
-2501
-1996
-1472
-1006
-455
8
382
637
758
717
630
526
388
252
66
-34
-140
-241
-376
-442
-588
-811
-1083
-1352
-1608
-1898
-2113
-2234
-2233
-2198
-2040
-1840
-1566
-1311
-1049
-784
-559
-425
-383
-344
-353
-342
-361
-356
-353
-268
-250
-245
-260
-263
-284
-417
-614
-815
-1031
-1225
-1316
-1351
-1293
-1234
-1100
-808
-521
-308
-71
74
269
470
631
799
947
1043
1221
1418
1523
1635
1658
1689
1690
1611
1554
1447
1253
1128
1012
894
876
803
785
808
804
846
896
903
940
1026
1063
1206
1249
1394
1556
1715
1887
2061
2161
2222
2308
2228
2280
2255
2310
2243
2210
2108
2119
2041
1802
1720
1580
1566
1336
1191
1036
1035
896
854
852
901
939
888
908
813
643
298
26
-343
-696
-1349
-1931
-2329
-2576
-2850
-3133
-3333
-3353
-3293
-3378
-3349
-3262
-3175
-3237
-3174
-2998
-2750
-2571
-2335
-1981
-1544
-1138
-803
-457
-114
126
213
272
292
277
198
61
-25
-63
-125
-199
-267
-305
-396
-574
-771
-871
-966
-1114
-1301
-1415
-1408
-1397
-1408
-1420
-1302
-1121
-940
-799
-656
-500
-377
-319
-272
-150
-91
-68
-96
-63
15
20
-74
-117
-157
-278
-337
-445
-497
-578
-710
-738
-674
-672
-651
-618
-535
-358
-247
-137
-11
111
214
317
398
533
611
673
765
868
999
1072
1116
1161
1198
1199
1212
1214
1231
1234
1171
1130
1173
1177
1216
1284
1345
1435
1492
1484
1511
1564
1564
1552
1577
1580
1618
1665
1654
1656
1696
1742
1700
1724
1627
1517
1467
1434
1358
1325
1268
1174
1238
1184
1151
1092
1156
1157
1160
1119
1072
1074
1027
999
863
822
600
351
31
-245
-587
-1030
-1539
-1962
-2246
-2595
-2865
-3142
-3237
-3299
-3339
-3363
-3233
-3139
-3078
-2901
-2692
-2445
-2234
-2004
-1768
-1416
-1119
-821
-488
-183
45
226
384
454
541
533
445
342
277
141
2
-112
-254
-380
-513
-650
-775
-882
-1029
-1167
-1310
-1446
-1494
-1514
-1532
-1491
-1400
-1315
-1170
-1037
-885
-687
-581
-516
-404
-287
-251
-258
-228
-209
-217
-264
-291
-256
-258
-330
-400
-391
-370
-372
-342
-282
-223
-153
-99
-30
58
120
178
244
313
357
425
483
573
685
763
807
865
940
1030
1088
1135
1214
1268
1298
1330
1373
1389
1375
1393
1437
1467
1507
1524
1522
1558
1609
1676
1778
1784
1734
1744
1775
1786
1781
1727
1708
1689
1630
1604
1548
1479
1338
1208
1128
1127
1052
949
853
811
822
810
824
818
818
773
763
751
745
672
574
526
477
429
325
207
66
-115
-350
-579
-836
-1162
-1502
-1806
-2063
-2284
-2455
-2602
-2656
-2665
-2649
-2592
-2488
-2397
-2304
-2194
-2063
-1894
-1740
-1583
-1426
-1230
-1038
-852
-678
-523
-376
-294
-249
-231
-224
-287
-376
-488
-613
-707
-824
-967
-1083
-1175
-1288
-1352
-1420
-1510
-1565
-1578
-1591
-1565
-1499
-1452
-1321
-1198
-1068
-907
-754
-626
-458
-310
-213
-113
-52
10
74
114
119
158
182
193
239
278
305
335
324
289
292
289
230
190
205
245
311
403
503
666
826
972
1160
1308
1406
1503
1589
1617
1652
1647
1652
1720
1753
1783
1831
1890
1898
1915
1858
1807
1753
1634
1525
1475
1407
1295
1245
1189
1190
1205
1211
1216
1230
1169
1081
1077
974
896
807
771
781
792
786
792
842
791
811
793
766
639
506
308
141
-10
-221
-395
-571
-721
-910
-1090
-1356
-1549
-1735
-1947
-2130
-2282
-2435
-2544
-2637
-2699
-2637
-2581
-2501
-2371
-2182
-2042
-1860
-1679
-1500
-1316
-1200
-1072
-941
-815
-739
-636
-553
-447
-387
-355
-339
-328
-328
-395
-440
-514
-580
-676
-759
-851
-898
-936
-972
-967
-971
-996
-1014
-989
-990
-955
-969
-987
-950
-907
-874
-801
-706
-611
-509
-452
-341
-222
-121
-60
41
81
122
146
141
205
225
254
292
357
398
466
522
566
626
648
677
690
697
706
711
725
750
789
841
910
980
1054
1094
1146
1188
1198
1223
1221
1213
1231
1262
1267
1308
1334
1341
1387
1422
1464
1490
1500
1471
1480
1424
1358
1340
1295
1273
1253
1284
1301
1376
1397
1404
1405
1361
1321
1257
1160
1068
990
886
788
705
614
554
475
391
333
266
172
58
-75
-208
-320
-443
-541
-634
-724
-769
-827
-864
-858
-891
-917
-950
-961
-1017
-1069
-1130
-1192
-1254
-1328
-1409
-1500
-1546
-1608
-1659
-1704
-1740
-1749
-1765
-1798
-1801
-1805
-1818
-1792
-1766
-1719
-1678
-1638
-1575
-1490
-1392
-1311
-1213
-1152
-1073
-984
-911
-840
-764
-704
-658
-611
-594
-567
-559
-536
-500
-464
-423
-397
-343
-275
-213
-160
-95
-12
54
121
196
282
362
453
542
646
759
850
945
1033
1112
1163
1210
1241
1260
1263
1255
1282
1310
1314
1296
1317
1326
1323
1329
1337
1287
1274
1241
1233
1216
1190
1160
1152
1157
1160
1204
1212
1229
1240
1273
1286
1304
1286
1264
1222
1181
1154
1108
1076
1045
1022
1033
995
978
941
892
834
767
688
607
524
437
381
313
285
252
261
253
239
221
198
180
107
51
-62
-122
-221
-311
-416
-517
-602
-705
-769
-866
-935
-1041
-1115
-1200
-1252
-1329
-1408
-1436
-1491
-1532
-1576
-1580
-1570
-1550
-1535
-1483
-1435
-1378
-1336
-1299
-1250
-1214
-1175
-1154
-1128
-1129
-1126
-1135
-1103
-1087
-1077
-1051
-1043
-1013
-983
-954
-918
-874
-847
-822
-787
-742
-687
-632
-556
-489
-396
-309
-218
-140
-77
-4
83
136
174
208
246
295
322
363
411
455
488
526
566
600
632
654
678
707
720
727
746
750
758
766
784
805
828
847
878
920
956
1014
1048
1068
1076
1056
1037
1030
1027
1042
1053
1047
1006
977
927
892
847
822
794
753
711
662
620
590
563
543
582
539
521
493
464
474
435
404
364
316
201
164
83
71
44
-1
-22
-38
-45
-82
-89
-122
-128
-170
-190
-242
-269
-340
-397
-422
-498
-573
-631
-701
-761
-783
-858
-902
-971
-1044
-1084
-1122
-1146
-1206
-1213
-1274
-1289
-1330
-1369
-1376
-1379
-1387
-1382
-1353
-1357
-1320
-1291
-1245
-1181
-1141
-1106
-1065
-1022
-990
-952
-924
-897
-863
-840
-837
-807
-798
-789
-770
-743
-716
-688
-660
-656
-628
-583
-539
-496
-446
-410
-353
-297
-249
-173
-132
-84
-29
16
76
125
173
222
260
307
351
380
405
420
434
454
478
499
500
490
466
419
402
401
390
406
423
461
498
549
608
670
703
742
786
831
873
877
886
874
883
880
891
893
887
885
877
855
838
802
749
713
665
622
580
544
528
501
498
488
485
502
515
523
520
498
484
462
409
364
303
252
232
206
206
197
165
164
153
152
123
78
22
-37
-84
-141
-188
-251
-265
-293
-304
-308
-322
-331
-339
-331
-317
-324
-359
-402
-448
-492
-516
-528
-560
-590
-625
-637
-635
-614
-627
-604
-598
-604
-606
-617
-594
-600
-584
-570
-553
-522
-507
-496
-480
-461
-432
-390
-367
-361
-359
-383
-370
-332
-310
-293
-282
-280
-254
-230
-209
-191
-177
-173
-156
-140
-127
-108
-104
-82
-74
-47
-28
-12
5
30
78
100
130
148
179
201
215
215
201
208
194
196
201
215
231
233
259
288
322
351
400
439
478
512
517
524
551
575
603
622
633
638
656
660
668
652
631
599
580
555
550
541
516
493
467
441
422
410
412
419
411
429
427
419
419
418
396
400
366
355
347
313
268
219
160
121
103
79
78
76
82
80
85
83
53
21
-16
-23
-39
-60
-100
-138
-166
-183
-183
-186
-187
-195
-186
-169
-146
-148
-160
-183
-187
-192
-204
-220
-258
-271
-288
-289
-313
-334
-350
-373
-385
-398
-412
-419
-401
-425
-400
-390
-396
-394
-386
-367
-343
-326
-328
-338
-370
-392
-422
-439
-432
-442
-432
-432
-415
-388
-369
-343
-307
-309
-287
-276
-320
-321
-340
-333
-302
-294
-272
-235
-214
-173
-133
-109
-74
-72
-80
-73
-73
-82
-62
-46
-6
14
39
56
67
101
106
124
136
140
147
151
147
164
170
163
166
158
162
172
171
165
169
146
128
137
139
136
131
118
106
85
54
34
45
50
76
91
107
122
138
136
164
190
194
185
174
165
167
182
199
226
237
239
226
212
177
148
113
82
66
39
31
20
54
64
97
103
91
89
66
51
45
26
1
-18
-38
-39
-31
-3
28
63
90
104
107
100
76
48
40
20
24
8
-7
-30
-55
-61
-59
-37
-25
-22
-42
-58
-77
-96
-128
-142
-163
-186
-204
-237
-250
-269
-257
-260
-239
-214
-184
-196
-190
-152
-145
-133
-143
-158
-179
-177
-168
-159
-175
-178
-181
-190
-182
-187
-192
-215
-223
-241
-238
-222
-211
-193
-174
-129
-112
-65
-39
-1
24
41
51
61
67
64
84
73
78
75
57
39
41
25
20
37
27
30
21
26
26
46
53
62
60
53
66
76
107
113
134
138
147
152
168
191
199
225
234
248
246
247
229
227
224
211
205
197
197
201
192
