-17
-10
16
21
46
82
106
66
75
71
36
84
155
168
210
213
97
63
75
35
41
115
90
60
79
68
66
36
38
61
92
86
123
121
92
88
106
99
64
48
0
3
50
70
36
4
-2
-62
-22
16
-42
-54
-11
-44
-46
13
-94
-113
-70
-82
-77
0
-42
-104
-43
-72
-5
15
-38
-43
-22
-92
-32
50
-45
-59
-26
-129
-157
-114
-180
-198
-131
-146
-151
-107
-162
-198
-135
-109
-86
1
49
7
34
51
9
-13
28
25
31
96
94
57
40
35
-4
29
49
82
93
96
105
85
31
-2
3
-27
10
3
1
8
-25
-56
-47
-55
-67
-1
21
63
111
97
61
54
3
-16
58
60
77
93
42
-30
-35
-75
-107
-64
-52
-57
-51
-67
-133
-165
-177
-193
-169
-89
-101
-150
-109
-103
-170
-155
-68
-121
-82
13
6
-33
-26
-43
-66
-4
-3
22
38
34
-22
3
41
-32
-68
-20
-42
-103
4
-3
-92
-40
-41
-48
-27
-13
-56
25
-21
-15
58
20
20
27
24
50
49
-53
11
-1
-63
36
87
-11
18
-11
-108
-40
-3
-35
17
35
-31
1
42
-5
-45
2
44
24
78
140
91
43
113
94
56
113
135
105
123
114
81
92
59
28
7
-34
-47
-20
-21
-30
-1
-84
-119
-111
-151
-153
-87
-66
-86
-23
-63
-144
-154
-97
-145
-108
-12
-49
-82
-9
-63
-160
-112
-121
-191
-71
-16
-82
-61
-70
-176
-196
-126
-192
-146
-71
-57
-78
-31
-106
-182
-115
-85
-83
-7
76
-13
-21
1
-79
-84
-19
-38
26
133
41
31
88
-49
-55
77
8
-12
93
38
4
44
-14
-11
30
16
83
133
112
153
129
120
144
97
112
207
78
102
214
97
77
146
9
0
106
21
75
119
-2
13
61
-49
-23
34
-22
-2
8
-75
-78
-97
-48
-39
-29
-27
-72
-104
4
15
-11
102
64
-19
67
32
-73
29
41
-27
35
-39
-180
-175
-222
-264
-197
-204
-295
-289
-278
-308
-315
-298
-353
-382
-367
-337
-342
-335
-340
-374
-353
-304
-313
-331
-289
-330
-324
-217
-204
-258
-194
-200
-261
-171
-209
-291
-239
-242
-284
-189
-201
-288
-257
-310
-304
-238
-200
-220
-164
-185
-175
-130
-164
-160
-200
-219
-192
-139
-90
-60
-104
-119
-63
-89
19
94
69
144
208
181
240
285
206
339
407
352
417
431
315
331
405
368
461
446
410
461
404
304
402
406
324
481
481
374
348
313
226
313
290
228
350
322
258
325
291
151
145
191
165
237
232
166
107
32
-39
5
32
-25
-14
-30
-107
-93
-116
-199
-189
-193
-229
-179
-193
-299
-302
-315
-400
-368
-341
-423
-452
-433
-467
-491
-483
-499
-537
-563
-543
-501
-486
-479
-491
-515
-548
-524
-492
-474
-480
-490
-500
-520
-475
-493
-479
-454
-465
-460
-448
-485
-480
-437
-403
-324
-293
-319
-293
-284
-255
-132
-98
-114
-35
15
54
142
197
225
240
278
372
404
425
506
512
523
658
646
648
769
717
736
929
957
934
1042
1016
1024
1141
1220
1280
1215
1179
1317
1313
1214
1394
1354
1146
1232
1266
1066
1136
1167
1026
1070
1054
887
846
803
672
683
686
611
576
484
445
386
245
209
217
60
34
134
-23
-193
-216
-293
-394
-377
-384
-470
-568
-624
-712
-806
-881
-963
-1072
-1122
-1181
-1302
-1375
-1475
-1644
-1793
-1836
-1906
-2021
-2087
-2130
-2239
-2348
-2329
-2341
-2394
-2356
-2296
-2267
-2187
-2101
-2034
-1936
-1847
-1713
-1524
-1378
-1226
-1057
-939
-792
-633
-497
-324
-162
-31
123
292
422
536
622
721
816
904
1053
1128
1182
1266
1322
1361
1440
1476
1564
1651
1647
1706
1756
1708
1775
1829
1725
1843
1953
1862
1889
1940
1953
2051
2118
1983
1930
2042
1917
1959
2118
1979
1830
1979
1921
1739
1927
1861
1664
1775
1842
1719
1827
1788
1636
1694
1627
1523
1626
1592
1348
1250
1026
812
794
705
486
-66
-822
-1151
-1155
-1470
-1646
-1759
-2401
-3047
-3274
-3473
-3724
-3860
-4071
-4176
-4091
-4086
-4156
-4094
-4125
-4295
-4024
-3429
-3206
-3035
-2655
-2500
-2465
-2123
-1727
-1514
-1265
-996
-686
-354
-193
-129
-54
-57
-102
-9
161
126
-61
-157
-194
-365
-504
-593
-788
-963
-1007
-1028
-982
-1046
-1262
-1333
-1273
-1276
-1157
-934
-860
-799
-636
-398
-241
-135
4
237
427
654
932
1060
1125
1147
1236
1407
1656
1642
1658
1796
1748
1797
1931
1970
1848
1795
1902
1997
1965
1981
2002
1933
1848
2027
1933
1944
2179
2112
1993
2246
2312
2057
2276
2315
2148
2475
2740
2482
2652
2815
2546
2633
2793
2738
2797
2971
2903
2973
2943
2509
2170
2067
1872
1646
1271
611
206
-60
-609
-942
-1214
-1963
-2649
-2919
-3263
-3626
-3826
-4196
-4547
-4646
-4792
-4859
-4736
-4773
-4928
-4699
-4313
-4145
-3893
-3507
-3295
-3143
-2704
-2214
-1876
-1533
-1234
-922
-608
-358
-119
112
250
272
415
546
539
448
372
216
96
-25
-104
-144
-345
-629
-741
-814
-1079
-1156
-1145
-1284
-1350
-1296
-1286
-1323
-1274
-1265
-1121
-905
-786
-578
-335
-195
-62
176
418
564
689
884
1105
1201
1334
1487
1470
1518
1580
1733
1733
1784
1816
1796
1887
1753
1723
1778
1941
1777
1746
2033
1992
1790
2059
2160
1882
2186
2265
2241
2331
2455
2278
2311
2426
2318
2403
2579
2585
2609
2781
2622
2667
2752
2618
2804
2981
2918
2992
3202
2838
2454
2303
2083
1689
1376
1135
851
543
60
-473
-998
-1590
-2270
-2610
-2835
-3189
-3616
-3885
-4145
-4582
-4848
-4949
-4983
-5070
-4989
-4746
-4579
-4443
-4337
-4160
-3923
-3710
-3327
-2826
-2394
-2101
-1788
-1443
-1262
-1084
-849
-525
-330
-182
45
188
161
101
39
-88
-109
-122
-116
-106
-234
-473
-576
-694
-891
-962
-966
-999
-1034
-1015
-998
-1014
-1052
-1031
-900
-771
-613
-400
-261
-122
-46
88
273
512
563
749
950
978
1037
1244
1375
1127
1207
1424
1378
1332
1700
1569
1457
1648
1323
1361
1599
1648
1525
1682
1859
1703
1521
1911
1714
1572
2326
2113
1895
2077
2074
1891
2131
2182
2051
2209
2333
2191
2427
2540
2293
2329
2559
2564
2601
2859
2762
2854
2965
2680
2406
2266
1861
1285
1214
1170
862
550
93
-532
-1224
-1776
-2217
-2584
-2939
-3324
-3604
-3914
-4209
-4585
-4958
-5089
-5239
-5275
-5050
-4760
-4723
-4682
-4448
-4353
-4173
-3848
-3412
-3043
-2676
-2210
-1916
-1638
-1488
-1335
-1108
-840
-547
-326
-83
7
-19
-40
-56
-85
-95
-55
14
-53
-128
-228
-345
-528
-630
-648
-662
-578
-571
-571
-604
-650
-625
-530
-391
-357
-105
-38
151
186
252
440
437
616
836
1037
940
1336
1093
1270
1416
1264
1170
1664
1544
1475
1803
1657
1416
1700
1827
1364
1708
1750
1590
1574
2214
1535
1454
2129
1727
1406
2538
2135
1456
2159
2597
1595
1794
2645
1682
1957
2690
2199
2074
2914
2075
2012
2810
2261
2347
2851
2754
2655
3201
2547
2282
2286
1589
1257
1561
1229
822
790
119
-688
-1003
-1626
-2198
-2385
-2702
-3147
-3355
-3594
-4119
-4466
-4829
-5018
-5084
-5011
-4761
-4626
-4571
-4547
-4398
-4285
-4108
-3763
-3421
-3004
-2646
-2295
-2015
-1861
-1672
-1534
-1232
-922
-699
-427
-173
-63
-145
-115
-63
-77
-34
35
41
-16
28
-36
-270
-152
-261
-358
-189
-151
-268
-109
-21
-145
23
106
-17
182
353
227
596
537
589
817
896
842
1160
999
970
1705
978
1252
1405
1738
1189
1584
1989
779
1764
1367
1502
1705
1424
2235
846
2034
1385
954
1918
2090
1308
2383
2128
825
2291
1618
1360
1961
2164
1517
1952
2070
1638
1479
2386
1661
1868
2427
2092
1732
2629
2025
2005
2612
2315
2205
2649
2538
2249
2153
1759
1390
952
1180
915
563
348
-191
-780
-1228
-1601
-2186
-2432
-2701
-3213
-3256
-3590
-3921
-4303
-4590
-4690
-4895
-4695
-4562
-4447
-4403
-4300
-4146
-4126
-3861
-3641
-3476
-3032
-2761
-2460
-2028
-1856
-1750
-1602
-1349
-1196
-952
-649
-448
-487
-238
-114
-423
-172
-143
-376
-62
-63
-127
243
-104
-128
116
-265
44
124
-68
381
447
220
372
361
275
460
442
459
793
735
873
1096
397
1158
803
944
1103
1472
1465
1672
991
1445
1644
1140
1268
1995
1836
665
2625
1605
1336
1439
2255
941
1828
2238
1249
1844
2022
1090
1805
1345
1654
2352
1274
1788
1853
1633
1293
2224
1819
1550
1911
2193
1618
1870
2404
1710
2205
2265
2069
2422
2215
2126
1932
1453
1392
1296
868
994
816
242
-64
-402
-1075
-1435
-1656
-2187
-2439
-2632
-2969
-3328
-3475
-3948
-4265
-4192
-4413
-4286
-4108
-4081
-4084
-4052
-3979
-3837
-3738
-3524
-3216
-2940
-2711
-2295
-2186
-2043
-1837
-1819
-1539
-1373
-1173
-1011
-729
-789
-591
-549
-590
-385
-492
-514
-232
-20
-200
110
-31
-56
90
107
121
425
58
272
951
99
706
948
174
546
920
636
860
1100
1472
558
986
1564
101
773
2361
153
1038
2306
592
1385
1946
1285
801
1890
1617
1172
2053
2104
545
1454
2246
214
1432
2546
649
1448
2487
607
1360
1522
1056
1525
1511
1475
1802
1320
1606
1635
1374
1570
2056
1672
1837
2245
2075
1862
2115
2212
2113
2128
2093
1778
1311
1373
1088
899
839
513
0
-229
-819
-1313
-1423
-2065
-2236
-2381
-2857
-2942
-3121
-3629
-3794
-3840
-4099
-3930
-3748
-3824
-3620
-3665
-3584
-3507
-3469
-3193
-3109
-2843
-2530
-2214
-2069
-1874
-1841
-1941
-1846
-1664
-1257
-1221
-645
-802
-1130
-524
-669
-1061
-590
-203
-478
-221
297
-369
-192
183
-141
-125
492
88
593
581
459
630
559
463
830
711
1094
698
1084
1549
696
1033
1455
1015
936
2021
1028
981
2269
1293
1210
1655
1564
1689
855
2266
1873
806
1789
2442
715
1707
1985
1072
1249
1735
2151
266
1887
1693
1036
910
2793
391
1018
2759
641
1784
2007
1375
1062
2237
1388
1458
2297
1499
1731
2273
1868
1803
2061
1420
998
1250
1020
771
969
729
7
-230
-474
-1383
-1302
-1481
-2205
-2103
-2238
-2843
-2821
-3030
-3707
-3518
-3679
-3892
-3361
-3418
-3542
-3185
-3446
-3501
-3135
-3306
-3041
-2551
-2687
-2369
-1791
-2139
-1952
-1811
-1901
-1861
-1476
-937
-1205
-792
-623
-1041
-1060
-298
-1367
-640
-138
-830
-50
120
-364
-370
-33
-579
-110
695
47
244
840
540
193
985
799
343
1028
1115
882
1861
911
759
1851
983
1042
1441
1702
986
1573
2020
1253
1403
1627
1604
1055
2090
1753
1399
2023
1381
1503
1842
1170
1736
1737
1014
1918
1476
1248
1505
1549
1186
1489
1640
1376
1572
1687
1391
1595
1512
1413
1574
1685
1571
1698
1971
1751
1840
2011
1733
1137
1128
662
629
842
488
551
66
-719
-822
-1268
-1834
-1658
-1932
-2318
-2147
-2502
-2869
-2926
-3383
-3564
-3454
-3455
-3115
-3024
-3013
-2949
-3194
-3254
-3002
-2979
-2722
-2211
-2403
-2127
-1927
-2023
-2260
-1638
-2038
-2117
-1319
-1308
-1481
-895
-1238
-1325
-976
-1400
-1095
-731
-818
-667
91
-693
-549
-206
-961
-292
679
-516
361
1466
-461
130
1479
-149
316
1724
614
999
1653
1008
1358
1186
936
1194
1737
1551
1306
2028
1320
1455
1567
1480
1293
1898
1649
1043
2353
1565
1367
1975
1329
1416
1724
1877
1180
1962
1650
1185
1722
1270
1727
1489
1409
1933
1564
1305
2015
1502
849
2312
1280
1362
2441
1251
1457
2324
1023
1554
2232
586
906
1045
231
484
745
106
-223
-463
-954
-1543
-1393
-1596
-2317
-2075
-2066
-2892
-2519
-2492
-3494
-3079
-2842
-3546
-2653
-2370
-3174
-2454
-2561
-3126
-2400
-2227
-2749
-1944
-1832
-2258
-1343
-1345
-2519
-1640
-1015
-2544
-1307
-494
-1646
-1735
-243
-1476
-1973
-450
-821
-1826
-521
-132
-1151
-271
46
-1197
-596
616
-205
7
786
375
-207
1256
696
198
1129
1130
527
1344
1486
794
1699
1127
610
1394
2108
534
1961
2251
1151
1292
2241
1399
1014
2326
2119
1705
1228
2792
1122
954
1718
2151
1136
1469
2473
1443
558
2197
2043
137
2007
2219
653
2123
2503
94
1954
2074
233
1847
2466
624
2334
1968
560
1911
1741
812
1687
1607
56
308
1265
-398
-205
650
-989
-1366
-580
-1642
-2354
-1283
-2445
-3019
-2150
-2469
-3139
-2735
-2841
-3471
-2834
-2799
-2879
-2451
-2783
-2811
-2022
-2493
-2453
-1857
-2332
-2091
-1618
-1560
-1833
-1338
-1314
-1732
-1798
-882
-1490
-1485
-411
-1238
-1352
-866
-843
-1612
-881
-363
-929
-378
-717
-397
-674
-202
-127
-650
822
276
-487
1164
686
113
1470
706
331
1925
991
725
2305
241
1535
2074
513
1138
1733
1496
1130
1564
2516
991
590
3239
698
729
3630
-44
1526
3321
549
930
2635
1393
1050
2240
1177
2229
882
1803
2320
493
1864
2496
578
2009
2092
941
1993
2028
1265
1734
2383
1106
1642
1947
1341
1189
1261
450
-365
776
452
-626
89
40
-2205
-1470
-812
-2825
-2589
-1668
-3192
-2919
-1962
-3611
-3485
-2800
-4133
-3767
-2658
-3101
-3030
-2614
-2790
-3197
-2816
-2337
-2852
-2210
-1468
-1969
-1846
-1493
-1847
-2145
-1424
-1152
-1894
-351
-845
-1523
-751
-774
-1640
-998
-433
-627
-621
-807
253
-706
-254
-350
-440
-518
1002
-58
55
1153
479
542
346
543
796
1003
1094
1973
785
1595
1081
680
2202
955
1442
1820
2267
1442
942
1874
1831
1332
1486
1559
2481
994
2123
2399
903
1139
2498
912
1997
1960
1840
2163
718
2008
1955
1464
1179
2809
1737
1289
2033
2560
929
2004
2795
648
2016
2881
1731
856
1612
707
-582
1031
860
-815
104
-281
-2110
-1791
-1331
-2965
-2397
-2242
-3534
-2591
-2922
-4080
-3580
-3778
-4321
-3321
-3195
-3247
-3082
-3051
-3373
-3159
-2820
-2488
-2499
-2327
-1570
-2041
-2081
-1454
-1584
-2263
-1225
-864
-1137
-688
-721
-553
-1685
-866
507
-1779
-1041
983
-485
-857
613
-440
-1235
80
378
-142
646
261
-91
1304
-116
-533
1231
248
-1732
303
3089
626
1075
2299
-1298
110
4144
1509
75
4724
2051
168
2558
2535
444
1803
3914
2188
2352
3117
1601
-152
3317
2345
1476
3888
1918
1319
3100
1870
905
3899
1113
2371
3673
1680
3024
2656
2034
3234
2081
2756
3765
1745
1241
1446
488
1360
941
295
733
-1148
-2036
-1568
-2090
-2505
-2364
-3415
-3425
-3500
-4346
-4072
-4346
-4706
-4418
-4519
-3825
-3394
-4089
-3991
-3660
-3762
-3096
-2701
-2430
-1834
-2344
-2409
-1201
-1731
-2016
-1130
-1305
-1144
-476
-425
-877
-1521
-1109
-544
-1023
-152
-222
-1035
-14
-237
-1513
15
29
-915
220
942
20
33
1058
-727
169
1237
161
1408
1748
642
973
1808
1213
707
1516
2584
1067
1394
3597
1533
705
3443
1892
1543
3496
3149
2322
2005
3473
2581
1197
3601
4672
1024
3099
5271
1270
2272
5288
3164
2292
4768
4310
2904
4311
4881
3474
3505
5530
4318
1641
2584
1977
1022
2222
2085
361
-766
-1909
-3053
-2874
-2643
-3408
-4040
-4755
-5352
-5691
-6120
-6124
-6464
-6262
-5753
-5528
-4853
-4861
-5856
-5072
-4322
-4110
-2732
-2159
-2409
-2283
-2251
-1711
-1170
-992
-874
-921
-850
-534
-577
-908
-792
-1555
-1580
-384
-864
-1416
-1070
-1916
-2150
-1303
-1502
-1407
-951
-1559
-1545
-330
-750
-1076
-617
-74
203
77
1333
931
366
1507
1718
966
2869
2722
1622
2109
2459
2659
2201
3679
3012
2370
3438
3634
2678
3170
3746
2958
3535
4012
3760
2812
3009
3813
3608
3642
4506
4168
3543
4277
4161
4230
5019
4986
5037
5523
5727
4350
1770
1228
2057
2903
2903
2408
998
-2246
-3785
-3621
-3074
-3198
-3818
-4464
-6068
-6833
-7135
-8170
-7949
-7318
-7396
-6697
-5265
-5918
-7413
-7329
-6296
-5322
-3882
-2057
-1901
-2743
-2958
-2476
-1757
-906
118
411
787
455
-553
-568
-755
-803
-282
404
421
-688
-1831
-2554
-2621
-2560
-1858
-1219
-1593
-2139
-2679
-2710
-2404
-2192
-1748
-649
-176
-393
9
-184
-153
432
1569
2572
2799
2691
2332
2354
2371
2985
3602
4098
4083
3661
3815
3808
3350
3405
4476
4434
4112
4484
4005
3779
3973
3514
3779
4783
4398
4141
4912
4728
4366
4477
5059
5533
5261
6327
6567
6659
5208
1676
1116
2631
3982
3162
3007
1430
-3198
-4698
-3913
-2949
-3359
-4229
-5177
-7265
-8006
-8332
-9119
-8768
-8230
-8336
-7562
-6208
-7090
-8753
-8703
-6740
-5519
-3946
-1913
-2256
-3467
-3769
-2393
-1041
-86
887
1006
1167
621
-199
-51
80
156
593
1365
1033
-782
-2136
-2343
-2317
-1894
-1182
-1171
-1945
-3177
-3598
-3138
-2621
-2201
-1742
-988
-1040
-1318
-990
-693
-201
406
1669
2847
2573
2306
2425
2601
3178
4296
4913
4846
4705
4504
4335
4802
5060
4834
5257
5769
5221
4780
4975
4839
4523
4994
5326
5392
5088
5077
5193
5266
5642
5759
6301
6330
6679
6977
7661
5102
1341
982
3287
5060
3548
2576
98
-4350
-5913
-4234
-2373
-3504
-5311
-7115
-9068
-9360
-9564
-9689
-9217
-8850
-9257
-8702
-7329
-8131
-10139
-9525
-6333
-5021
-3924
-2597
-3072
-4652
-4604
-1903
268
950
924
765
498
-37
-78
410
1102
913
527
920
421
-1524
-3029
-2508
-1592
-1523
-1649
-1706
-3106
-4895
-4420
-2752
-1992
-2127
-1942
-1848
-2136
-2037
-1261
-300
322
957
1861
2509
2284
1707
2172
3390
4411
4993
5394
5334
4578
4322
5057
6001
6174
6059
6294
6125
5585
5161
5256
5593
5411
5846
6234
6328
5524
4828
5494
5928
6450
6809
7406
7439
7073
7308
4283
1314
1371
4479
6058
3901
2175
-1380
-5485
-6137
-3340
-1570
-3102
-5442
-8258
-10547
-10525
-9482
-9626
-8998
-8278
-9472
-9840
-8807
-9017
-10776
-9177
-5325
-4294
-4171
-3811
-4231
-5696
-4423
-805
1227
1506
595
-251
-445
-126
418
1217
1869
1297
322
14
-354
-2062
-3025
-1722
-839
-1472
-2532
-3244
-4604
-5472
-4138
-2223
-1780
-2798
-3421
-3391
-3100
-2226
-853
203
477
524
822
1433
1706
2004
2990
4304
5056
4771
4578
4563
4611
5306
6482
7527
7043
5987
5724
6010
6386
6410
7071
7144
6326
5947
6130
6556
6159
6654
7235
7497
7015
7120
7419
7862
8064
3652
1163
2365
5978
5558
2711
1631
-2671
-6236
-5319
-1350
-1400
-5050
-7219
-9334
-10576
-9648
-8595
-9093
-9217
-9381
-10042
-9286
-8205
-8932
-10436
-7450
-4314
-4251
-4264
-3881
-4300
-5227
-2170
1429
2005
975
-168
-296
101
1443
2508
2316
1538
276
-291
165
124
-1393
-2127
-1484
-1314
-2608
-3438
-3675
-4838
-5074
-3355
-1775
-2943
-4492
-4261
-3625
-2970
-1463
-12
-162
-808
-392
829
1600
2243
3055
3670
4215
4399
4533
4645
4964
5416
6220
7394
7178
6312
5410
5868
6947
7377
7561
7074
6487
5550
6159
7318
7561
7320
6943
7733
7017
7153
8037
9187
7923
2722
1233
3114
6812
5526
2508
483
-3279
-5858
-4408
-404
-1534
-6050
-8836
-9432
-9725
-9005
-8144
-8841
-9426
-10198
-9930
-8581
-7856
-8961
-9828
-6308
-3844
-4142
-4619
-4012
-4235
-4313
-679
2402
1989
-196
-572
106
1169
1982
2768
2614
834
-223
-353
551
-232
-1788
-1785
-1566
-2090
-3717
-4094
-4293
-5128
-4839
-3488
-2952
-4581
-5686
-4768
-3395
-2860
-1912
-1092
-1232
-1571
-731
973
1732
2032
2629
3674
4116
3961
4156
4851
5370
5947
6646
6899
6356
5334
5687
6827
7525
7487
6561
6234
5705
5667
6537
7631
7349
6691
6382
7330
7252
7081
7826
9182
7486
1546
349
3856
7521
4787
1641
-80
-4103
-6818
-4140
200
-1959
-7073
-9638
-9773
-9915
-9070
-8331
-8708
-9280
-10325
-10278
-8708
-7764
-9298
-9491
-5159
-3125
-4505
-5227
-3986
-4013
-3572
522
3357
1866
-971
-907
672
2094
2878
3073
2583
496
-968
-494
1051
412
-1823
-1963
-1644
-2938
-4756
-4236
-3702
-4806
-4884
-3545
-3712
-5743
-6088
-4275
-2702
-2510
-1972
-1549
-1898
-1880
-419
1628
2301
2308
2578
3353
3959
4131
4587
5385
6026
6278
6512
6826
6381
5593
5992
7593
7938
7191
6336
6127
5957
5982
7361
7943
7387
6463
6640
7313
7337
8144
8835
9377
4673
200
1455
6279
7795
3306
1003
-2105
-5906
-6125
-1247
684
-4320
-8899
-10098
-10062
-9710
-8056
-8124
-8834
-9920
-10555
-9655
-8166
-7964
-9503
-7297
-3600
-3560
-5186
-4917
-3660
-3742
-1398
2566
3085
122
-1598
-251
1664
2982
3411
3123
1225
-1115
-1231
334
1408
-425
-2081
-2280
-2887
-4400
-4829
-3723
-3999
-4966
-4682
-3852
-5088
-6310
-5263
-2996
-2234
-2316
-1871
-1946
-2038
-1112
1125
2561
2523
2281
2764
3648
4299
4763
5542
6104
6188
6286
6676
6914
6475
6428
7320
8004
7496
6628
6222
6603
6842
7240
7749
7325
6841
6549
7629
8096
8124
8175
9549
6470
696
187
5153
9164
4732
1312
-1517
-5490
-7037
-2684
1726
-1916
-8019
-10892
-10681
-9824
-7927
-7479
-8035
-9402
-10781
-10461
-8418
-6902
-8578
-7850
-3924
-2817
-4686
-5393
-3425
-2875
-1688
1946
3709
1292
-1699
-943
1774
3506
3500
3048
1619
-918
-1855
-240
1741
311
-2377
-3139
-3178
-4304
-5317
-4189
-3759
-4980
-5590
-4748
-4981
-6306
-5886
-3470
-2058
-2399
-2625
-2448
-2050
-1216
836
2659
2780
1990
2043
3277
4484
5085
5554
6067
6152
6041
6252
6886
6901
6621
6901
7703
7743
6607
6100
6824
7003
6987
7464
7816
7122
6320
7353
8174
8489
8660
9288
4385
-573
881
6833
8681
3599
199
-3709
-6916
-6155
-581
1133
-3925
-9770
-11807
-10852
-8844
-6946
-7710
-8638
-10006
-10834
-9874
-7349
-6685
-8443
-6499
-2744
-2539
-4775
-4802
-2814
-1959
211
3531
3858
402
-1867
-179
3170
4617
3965
2565
593
-1670
-1869
468
1833
-446
-3347
-3820
-3977
-5240
-5702
-4347
-4451
-5730
-5853
-5188
-6003
-6986
-5580
-3034
-2005
-2458
-2831
-2839
-2113
-390
1884
2996
2707
1876
2136
3632
5043
5544
5560
5908
5975
5833
6251
6892
6707
6186
6628
7536
7263
6087
5758
6459
6568
6979
7492
7409
6616
6159
7295
8248
8550
9287
8622
2426
-1217
1859
8352
7979
2421
-736
-4837
-7679
-5702
642
738
-5807
-11037
-11721
-10612
-8715
-7208
-7639
-8799
-10300
-10406
-9191
-6915
-7151
-8362
-5114
-1667
-2359
-4731
-4186
-2281
-1529
1365
4671
4048
38
-1599
809
3919
4575
4170
2704
711
-1746
-2133
664
1173
-915
-3531
-3587
-4376
-6459
-6328
-4476
-4577
-6083
-5880
-5387
-6798
-7647
-5130
-2599
-2071
-2543
-2529
-2476
-2061
94
2397
3284
3005
2460
2828
3886
5141
5732
5876
6417
6498
5881
5922
6525
6667
6291
6793
7833
6568
5216
5334
6372
6569
6500
7392
7027
6194
6011
7376
7645
8074
8919
9685
4206
-798
1121
6142
8062
3420
1342
-2952
-7322
-7081
-1550
681
-4131
-9004
-10910
-10781
-10027
-8023
-7964
-8180
-9335
-10054
-9061
-7357
-7053
-8676
-6025
-1756
-1685
-3470
-3563
-2225
-2297
-42
4302
5204
1915
-321
842
2899
3976
4149
4303
1933
-243
-1480
-367
354
-1674
-2761
-3163
-3418
-6003
-7304
-6318
-5891
-6386
-5921
-5043
-6480
-8337
-7269
-4108
-2856
-2640
-2342
-2101
-2200
-1385
1173
2725
2940
2833
3396
4287
4427
4773
5381
6250
6705
6732
6510
6240
5718
5438
6453
7426
7300
5878
5148
5491
5483
5728
6511
7021
6427
5918
6399
7054
6722
7434
8474
10182
7820
1153
-528
2750
8006
6071
2689
105
-5136
-8503
-5466
450
-1032
-6613
-10001
-10129
-10895
-9748
-8136
-8028
-8626
-9568
-8752
-7989
-7198
-8426
-8413
-3836
-783
-1343
-3051
-2943
-2830
-2341
1763
5801
4994
1314
87
1164
2826
3627
4589
4171
1851
-600
-1660
-634
-1078
-2616
-3114
-2683
-3799
-6714
-7802
-7109
-7173
-6994
-5239
-4626
-6693
-8425
-6932
-4595
-3562
-2280
-1153
-1248
-1854
-870
924
1876
2741
3830
4488
4382
4237
4159
4451
5535
6870
7145
6411
5449
4636
4624
5622
6883
6774
5890
5156
4659
4432
4905
6169
6671
6597
6315
6449
6557
6709
7392
8621
9504
10393
6493
990
469
4530
8234
5242
2730
-408
-5423
-7999
-4437
-50
-2595
-7246
-9248
-9733
-10882
-10364
-9227
-8588
-8698
-8815
-7953
-7528
-7936
-9469
-7941
-2837
-341
-1244
-2556
-2339
-2765
-1859
2502
5910
4799
1716
1288
2289
2947
3053
3930
3948
2465
546
-552
-897
-2836
-4035
-3345
-2047
-3443
-6526
-7834
-8271
-8483
-7559
-5068
-4528
-6644
-7930
-6728
-5214
-4364
-2698
-1050
-780
-1111
-206
830
1141
1996
3504
4631
4699
4509
4131
3965
4717
5784
6324
6103
5699
4650
4128
4796
5669
5444
4911
5365
5141
4636
4241
5020
5381
5311
6423
7055
7095
6422
6781
7364
8527
9483
10561
7632
1861
1064
3908
7474
5467
3185
266
-4664
-6579
-4453
-1663
-3707
-6945
-8612
-9414
-9852
-9642
-10000
-10416
-9642
-8879
-7464
-6424
-6967
-9126
-9097
-4637
-1802
-967
-719
-927
-2074
-2042
1489
4162
4070
3183
3146
3102
3238
3438
3226
2623
2025
2057
1608
632
-1664
-4273
-4529
-3821
-3427
-4437
-5639
-7105
-8773
-8414
-6816
-6001
-6420
-6270
-5453
-4900
-4780
-3968
-3058
-2227
-705
950
1760
1283
936
1656
2915
4311
5052
5034
4540
4039
4274
4887
5452
5495
5039
4528
4480
4513
4505
4453
4547
4506
4488
4782
4779
4712
4519
5024
5977
6394
6886
7198
7326
7402
7894
8983
9950
9709
5320
2330
2357
5176
7207
5368
2364
-2954
-5351
-4483
-2842
-3172
-5571
-7581
-9026
-9311
-9170
-9665
-10946
-10991
-10185
-8676
-6519
-6511
-8124
-9470
-7943
-4828
-2453
-463
-890
-1876
-1777
-44
1908
2721
3061
3004
3424
4159
4480
3714
2860
1955
1781
2666
2940
1634
-938
-3324
-4367
-4203
-3467
-3679
-4987
-6399
-7275
-7237
-7122
-7147
-7033
-6402
-5239
-4142
-3924
-4149
-4373
-3617
-1647
251
1333
1326
1102
1290
2046
3182
3846
4066
4170
4402
4861
4995
4636
4116
3862
4232
4898
5050
4599
3878
3420
3594
3897
4170
4002
3702
3870
4121
4656
5058
5236
5527
5763
6193
6820
7132
7753
7984
8791
7710
4447
2709
2337
4955
6032
4320
944
-2427
-3015
-3355
-3323
-4262
-5742
-6721
-7355
-7408
-7975
-9194
-10373
-10576
-9819
-7985
-6612
-6558
-7155
-8379
-7543
-5589
-3682
-2387
-2423
-1886
-1026
332
1138
1155
1061
1450
2717
3952
4617
4023
3024
2301
2049
2384
2401
2292
1224
44
-885
-2080
-2499
-3455
-3954
-4445
-4624
-4274
-4742
-5409
-6367
-6493
-5836
-4786
-3740
-3309
-3160
-2904
-2157
-1490
-940
-514
270
1510
2483
3005
2603
2110
2208
2857
3336
3424
3501
3569
3399
3076
2990
2691
2535
2526
2581
2760
2874
3064
2934
2655
2564
2679
3251
3875
3985
3615
3507
4117
4968
5264
4578
4063
4506
5601
6145
5906
5577
5342
4279
2719
1152
1456
2795
3409
2171
-615
-2368
-2927
-2265
-2599
-3960
-5577
-6027
-5132
-4635
-5225
-7071
-8254
-8123
-6830
-5584
-5270
-5374
-5596
-5234
-4407
-3613
-3112
-2967
-2402
-1521
-363
590
1021
878
480
496
1080
1974
2484
2443
2046
1653
1583
1577
1393
815
101
-195
-145
-49
-612
-1683
-2735
-3114
-2813
-2354
-2368
-2981
-3558
-3608
-2934
-2333
-2407
-2948
-3087
-2301
-1092
-308
-389
-896
-1144
-676
375
933
974
1047
1253
1396
1780
2381
2074
1621
1427
1962
3364
3561
2779
2062
1898
2726
3339
2743
2193
2315
2610
3096
3276
2983
2530
2149
2450
3130
3417
2935
2456
2513
3100
3647
3552
3048
2790
3130
3910
4395
4290
3623
2691
1522
671
840
1501
1977
1228
-322
-1928
-2601
-2435
-2488
-3390
-4817
-5486
-4966
-3945
-3842
-5202
-6891
-7335
-6188
-4577
-3721
-3868
-4467
-4254
-3124
-1883
-1571
-1928
-1959
-1105
487
1749
2092
1529
931
931
1562
2364
2567
2176
1725
1570
1638
1497
867
-306
-1604
-2109
-1848
-1502
-2113
-3481
-4787
-5112
-4641
-4156
-4267
-4911
-5175
-4555
-3331
-2620
-2729
-3033
-2674
-1483
-134
624
736
633
1003
1830
2578
2872
2795
2643
2754
3257
3737
3985
3683
2895
2385
2663
3430
3408
2763
2313
2233
2483
2601
2215
2021
2144
2304
2778
2875
2391
2396
2772
2991
3283
3707
4209
4264
4207
4379
4822
5298
5502
5533
5845
6506
6165
4311
1473
72
1114
2932
3090
710
-2159
-3721
-3473
-3201
-4314
-6461
-7926
-7413
-5811
-4937
-6053
-8133
-9156
-8495
-6822
-5437
-4743
-4588
-4275
-3406
-2378
-1672
-1485
-1266
-635
513
1884
2961
3336
2855
2143
1815
2174
2790
2928
2489
1715
1188
1069
939
202
-1222
-2548
-3125
-3141
-3071
-3548
-4475
-5671
-6447
-6444
-5916
-5564
-5657
-5709
-5364
-4530
-3656
-3051
-2966
-2885
-2098
-671
686
1265
1153
1034
1396
2229
2934
3120
2802
2556
2835
3371
3481
2888
2034
1658
1830
2341
2638
2028
1234
1015
1321
1584
1490
1220
1447
2169
2763
3050
3181
3188
3211
3532
4264
5143
5929
6436
6395
6407
6712
7334
7911
7967
7810
8040
8672
9335
8309
5499
2080
537
1526
2960
2504
-524
-3518
-4931
-4664
-4894
-6736
-9382
-10906
-10018
-8112
-7113
-8143
-9939
-10510
-9556
-7765
-6343
-5428
-4925
-4302
-3003
-1483
-187
332
612
952
1734
3067
4411
5119
4647
3825
3416
3744
4152
3786
2801
1628
1021
922
775
-83
-1713
-3125
-3822
-3899
-4037
-4798
-5868
-6848
-7103
-6800
-6467
-6508
-6706
-6433
-5677
-4618
-3884
-3407
-3047
-2500
-1601
-547
326
665
807
1029
1444
1901
2136
2133
1901
1767
1891
2068
1978
1490
943
661
710
851
901
673
384
412
801
1203
1259
1180
1442
2086
2859
3626
4110
4192
4131
4532
5287
6019
6423
6578
6601
6917
7495
7845
7912
7625
7612
7915
8551
8725
8486
8299
8053
6610
3619
461
-826
-66
398
-908
-3667
-5728
-6420
-6395
-7287
-9349
-11281
-11669
-10519
-9256
-8867
-9221
-9092
-8174
-6994
-5877
-4769
-3606
-2647
-1762
-573
854
2228
3111
3469
3561
3939
4845
5523
5312
4322
3524
3312
3450
3108
2086
805
-362
-1140
-1726
-2371
-3334
-4340
-5059
-5484
-5735
-5908
-6046
-6302
-6646
-6674
-6356
-5837
-5471
-5113
-4725
-4094
-3293
-2462
-1757
-1391
-1022
-495
197
682
914
995
1082
1216
1391
1464
1345
981
646
508
491
375
174
-68
-266
-305
-254
-211
-305
-353
-279
85
478
767
957
1214
1610
2163
2799
3224
3555
3886
4388
4815
5200
5503
5707
5826
5956
6157
6314
6347
6379
6522
6585
6745
6653
6846
6836
7040
7062
7193
7354
6805
5387
2544
232
-1020
-585
-748
-2110
-4026
-5253
-5311
-5640
-6501
-8099
-9343
-9874
-9560
-8760
-7945
-7241
-6580
-5855
-4929
-3912
-2796
-2064
-1703
-1311
-222
1378
2632
3195
3260
3451
3692
3865
3622
3019
2280
1687
1395
1052
593
-50
-856
-1890
-2896
-3582
-4005
-4477
-5089
-5572
-5659
-5380
-4973
-4742
-4652
-4482
-4028
-3463
-3203
-3013
-2645
-1996
-1255
-652
2
375
554
591
700
844
837
805
547
302
168
201
141
-171
-656
-988
-1083
-1149
-1360
-1617
-1669
-1494
-1179
-905
-661
-556
-406
-87
342
702
939
1125
1384
1669
2139
2626
2985
3153
3339
3719
4026
4326
4547
4719
4768
4825
4941
5079
5190
5218
5168
5095
5109
5192
5386
5578
5638
5836
6009
6273
6187
6212
6257
6421
6625
6133
5186
3207
1603
273
-320
-1004
-2098
-3298
-4483
-4953
-5436
-5969
-6952
-8025
-8840
-9014
-8669
-8047
-7398
-6798
-6052
-5146
-4010
-3021
-2367
-1995
-1536
-696
370
1380
1960
2304
2543
2816
3115
3231
2990
2263
1498
859
440
44
-435
-1069
-1769
-2335
-2735
-3051
-3533
-4129
-4696
-4925
-4746
-4329
-3966
-3681
-3386
-2945
-2408
-1852
-1435
-1184
-1002
-813
-485
-210
71
292
397
468
405
415
252
-30
-508
-892
-1117
-1281
-1370
-1558
-1709
-1827
-1816
-1733
-1606
-1581
-1529
-1429
-1184
-869
-512
-164
202
628
991
1331
1562
1722
1850
1995
2201
2318
2309
2178
2173
2283
2405
2499
2464
2510
2492
2660
2783
2953
3111
3292
3509
3620
3897
4050
4476
4631
4953
5128
5463
5848
6188
6573
6721
7101
7184
7391
7429
7542
7198
6272
5093
3967
2542
750
-833
-1834
-2649
-3929
-5116
-5986
-6457
-7194
-8051
-8803
-9330
-9546
-9578
-9158
-8483
-7640
-6652
-5548
-4400
-3266
-2177
-1266
-631
-39
736
1462
2000
2441
3014
3481
3611
3532
3305
2891
2145
1298
504
-203
-892
-1535
-2109
-2662
-3117
-3477
-3815
-4214
-4468
-4570
-4563
-4531
-4270
-3766
-3181
-2676
-2083
-1296
-534
-2
339
640
773
925
828
744
655
641
690
578
311
-53
-375
-860
-1320
-1746
-2110
-2429
-2657
-2738
-2637
-2593
-2525
-2323
-2143
-1810
-1488
-1156
-916
-608
-208
210
691
1076
1519
1856
2112
2265
2398
2389
2267
2085
1956
1869
1806
1868
1957
2077
2032
1978
1950
1893
1987
2150
2487
2725
3019
3311
3587
4014
4306
4699
4699
4856
4958
5276
5469
5595
5758
5902
6065
6052
6038
5874
5759
5636
5503
4786
3789
2640
1930
489
-1309
-2982
-3834
-4469
-5645
-6642
-7324
-7365
-7781
-8042
-8159
-8014
-8032
-7969
-7525
-6631
-5539
-4529
-3484
-2443
-1142
39
985
1541
2036
2564
2851
3017
3036
3217
3192
2950
2607
2313
1902
1109
193
-689
-1446
-2252
-2962
-3620
-4087
-4479
-4618
-4641
-4522
-4295
-4126
-3944
-3792
-3349
-2791
-2186
-1578
-825
-140
573
1100
1653
1931
2131
2092
1846
1516
972
787
369
83
-469
-754
-1076
-1375
-1790
-2226
-2539
-2937
-3077
-3126
-3042
-3015
-2732
-2407
-1886
-1410
-961
-506
-235
97
366
718
872
1100
1349
1617
1919
2082
2251
2235
2135
1930
1719
1443
1208
992
799
804
820
971
1088
1292
1433
1582
1695
1926
2200
2446
2791
3092
3502
3822
4133
4284
4494
4611
4748
4786
4768
4738
4656
4590
4619
4563
4451
4278
4067
3868
3625
3475
3343
3280
2958
2545
1833
154
-1418
-2637
-3054
-3992
-5011
-5828
-6112
-5967
-5883
-5593
-5773
-5815
-6009
-5901
-5636
-5007
-4670
-4146
-3295
-2186
-939
95
944
1237
1624
1945
2236
2175
1984
1779
1398
1274
1265
1317
1036
583
-4
-483
-1001
-1567
-2213
-2898
-3423
-3775
-3689
-3574
-3341
-3168
-2837
-2487
-2110
-1696
-1450
-1237
-1032
-652
-234
249
646
996
1227
1441
1514
1323
870
258
-245
-676
-1038
-1564
-1919
-2151
-2248
-2254
-2249
-2309
-2439
-2551
-2577
-2485
-2374
-2127
-1892
-1516
-1009
-348
213
651
1008
1293
1501
1626
1677
1671
1580
1533
1568
1641
1720
1684
1512
1226
1001
756
475
156
-125
-308
-316
-109
172
407
563
863
1181
1519
1842
2145
2365
2591
2938
3360
3734
4069
4286
4493
4585
4747
4784
4688
4483
4246
4112
3907
3846
3549
3334
3083
3001
2780
2660
2506
2414
2224
2251
2179
1986
976
-663
-1694
-2224
-2554
-3841
-4683
-5283
-5212
-5264
-4853
-4546
-4763
-5077
-5137
-4738
-4349
-3974
-4011
-3647
-3045
-1965
-968
-45
561
898
1335
1712
2038
1861
1588
1187
935
878
859
712
344
6
-359
-491
-803
-1250
-1991
-2602
-3097
-3286
-3326
-3361
-3283
-3225
-2841
-2424
-1842
-1467
-1222
-1111
-844
-520
-234
92
312
540
693
985
985
910
523
231
-126
-552
-901
-1356
-1676
-2035
-2121
-2276
-2265
-2376
-2425
-2444
-2359
-2237
-2090
-1949
-1757
-1435
-1141
-686
-338
66
409
824
1107
1314
1471
1545
1693
1754
1823
1777
1740
1674
1585
1456
1332
1227
1043
865
712
639
575
623
639
672
777
861
1060
1173
1324
1540
1747
1933
2232
2480
2697
3006
3246
3439
3520
3692
3742
3771
3677
3856
3874
3824
3745
3638
3529
3406
3304
3078
2926
2681
2635
2405
2459
2446
2693
2574
2016
636
-555
-1082
-1626
-2649
-3858
-4360
-4699
-4793
-4763
-4327
-4280
-4478
-4642
-4371
-4001
-3881
-3999
-3987
-3404
-2684
-1904
-1178
-441
129
588
1058
1478
1714
1452
1042
738
709
568
286
24
-44
-154
-389
-540
-789
-1126
-1723
-2191
-2503
-2638
-2848
-2969
-2876
-2636
-2292
-1937
-1463
-1054
-727
-541
-284
23
212
218
183
288
385
149
47
15
-56
-349
-629
-845
-1098
-1389
-1817
-1995
-2243
-2329
-2478
-2521
-2405
-2146
-2058
-1826
-1475
-1172
-952
-764
-442
-187
154
385
759
1000
1244
1486
1682
1956
2118
2093
1985
2022
1947
1745
1520
1385
1232
1048
956
953
991
897
914
907
990
1098
1117
1183
1211
1415
1556
1769
2035
2350
2534
2714
2872
2961
3071
3096
3075
3030
3018
2873
2871
2843
2983
2981
2860
2710
2699
2622
2464
2294
2002
1892
1758
1776
1807
2075
2230
2535
2427
1875
1085
142
-694
-1622
-2459
-3469
-4089
-4550
-4509
-4415
-4266
-4131
-4111
-4101
-3998
-3803
-3865
-3830
-3791
-3396
-2827
-2071
-1366
-648
27
626
1245
1638
1847
1694
1432
1152
956
697
469
224
0
-99
-255
-399
-684
-1047
-1562
-1957
-2352
-2699
-2979
-3176
-3173
-3015
-2675
-2304
-1852
-1487
-1065
-707
-356
-112
12
57
75
67
-58
-57
-91
-62
-158
-244
-403
-603
-818
-1120
-1374
-1707
-1934
-2220
-2363
-2437
-2371
-2295
-2076
-1786
-1508
-1237
-1000
-710
-479
-210
-22
219
410
642
843
1126
1422
1634
1763
1860
1984
1988
1921
1795
1701
1527
1380
1222
1087
984
912
914
958
1054
1132
1145
1185
1233
1276
1338
1387
1507
1672
1843
1965
2190
2332
2525
2539
2501
2543
2619
2537
2369
2260
2179
2292
2223
2181
2090
2039
1912
1954
1840
1629
1437
1207
1249
1225
1253
1203
1335
1416
1549
1443
1101
788
251
-392
-1186
-1808
-2429
-2882
-3457
-3711
-3706
-3716
-3689
-3623
-3434
-3374
-3304
-3318
-3064
-2922
-2727
-2460
-2044
-1532
-1024
-516
-36
487
731
954
1056
1132
1028
805
539
365
217
-34
-208
-393
-523
-728
-910
-1083
-1261
-1566
-1875
-2084
-2272
-2323
-2327
-2203
-2024
-1773
-1535
-1225
-993
-822
-661
-696
-793
-910
-912
-980
-1031
-1140
-1124
-1056
-968
-803
-740
-720
-775
-806
-909
-906
-1008
-1098
-1128
-1026
-847
-645
-425
-202
77
252
452
550
601
641
727
808
945
1085
1179
1335
1490
1639
1707
1712
1657
1549
1370
1264
1156
1039
958
973
1023
1175
1294
1340
1412
1462
1525
1529
1566
1593
1726
1774
1956
2154
2307
2389
2516
2550
2513
2542
2431
2409
2233
2103
1951
1996
1997
1941
1822
1664
1637
1527
1471
1338
1264
1078
1097
1034
1084
1128
1126
1051
893
770
456
118
-525
-1080
-1720
-2160
-2614
-2968
-3332
-3535
-3598
-3604
-3462
-3376
-3214
-3183
-3021
-2889
-2647
-2488
-2246
-1966
-1637
-1229
-834
-412
-69
284
510
724
808
820
709
553
384
177
-13
-227
-364
-564
-705
-874
-1010
-1152
-1335
-1555
-1736
-1889
-2049
-2076
-2058
-1960
-1877
-1770
-1536
-1227
-949
-804
-727
-631
-565
-503
-524
-501
-548
-512
-434
-322
-273
-241
-231
-226
-214
-252
-309
-467
-539
-648
-625
-653
-572
-508
-419
-276
-95
101
219
359
442
556
618
711
766
835
873
929
1004
1078
1133
1139
1191
1236
1271
1284
1308
1300
1248
1253
1277
1281
1216
1220
1251
1239
1288
1327
1352
1399
1498
1480
1498
1520
1526
1504
1511
1548
1531
1500
1512
1563
1454
1373
1296
1246
1126
1092
992
945
933
854
796
782
826
787
773
775
846
816
814
845
854
764
663
623
600
581
451
340
198
21
-205
-465
-784
-1204
-1615
-1974
-2261
-2572
-2829
-3025
-3123
-3148
-3089
-2968
-2841
-2659
-2473
-2290
-2095
-1869
-1697
-1492
-1282
-1043
-830
-637
-435
-253
-87
3
93
95
58
-59
-204
-352
-498
-664
-838
-955
-1091
-1162
-1227
-1252
-1268
-1290
-1377
-1418
-1410
-1406
-1400
-1417
-1303
-1164
-1021
-890
-676
-505
-287
-73
69
181
192
193
211
264
231
199
109
109
124
109
94
81
30
-36
-3
-78
13
-102
15
-17
100
166
253
362
464
627
649
737
775
861
876
979
1027
1142
1145
1294
1356
1447
1513
1559
1626
1696
1751
1697
1670
1616
1647
1651
1658
1650
1656
1615
1607
1585
1567
1609
1556
1504
1440
1363
1272
1231
1175
1104
1001
906
890
867
824
782
767
739
792
770
720
660
585
514
436
343
179
-23
-221
-393
-664
-1023
-1393
-1712
-1995
-2223
-2437
-2577
-2611
-2651
-2611
-2486
-2317
-2174
-2016
-1831
-1636
-1471
-1330
-1156
-985
-807
-658
-513
-388
-303
-295
-292
-291
-344
-460
-589
-705
-840
-976
-1126
-1246
-1341
-1410
-1438
-1412
-1375
-1307
-1233
-1147
-996
-886
-804
-698
-564
-479
-445
-404
-324
-255
-244
-231
-199
-172
-170
-185
-226
-256
-310
-387
-416
-439
-477
-519
-504
-425
-386
-387
-344
-253
-174
-79
66
175
266
319
389
487
590
657
729
767
817
848
845
867
903
895
855
859
861
851
829
825
848
833
831
874
924
930
980
997
1057
1120
1144
1177
1231
1272
1284
1353
1377
1424
1373
1323
1264
1226
1155
1092
1017
924
894
768
654
566
527
441
375
350
333
340
342
371
334
313
312
344
339
353
336
347
364
387
414
408
399
388
346
297
231
109
10
-74
-174
-291
-398
-507
-595
-670
-754
-833
-923
-1038
-1124
-1194
-1246
-1303
-1383
-1449
-1497
-1546
-1562
-1553
-1550
-1550
-1522
-1481
-1434
-1422
-1399
-1355
-1321
-1274
-1197
-1150
-1115
-1084
-1043
-986
-955
-957
-957
-953
-945
-926
-905
-887
-880
-869
-866
-834
-797
-758
-708
-654
-599
-547
-500
-433
-367
-306
-211
-115
-22
77
170
281
386
481
584
697
784
847
903
913
964
991
1031
1032
1035
1045
1046
1070
1082
1086
1047
1035
1052
1075
1077
1087
1051
1039
1035
1030
1001
998
1017
988
1003
976
996
936
923
909
931
921
910
894
868
871
829
825
815
826
792
792
810
831
822
845
868
847
796
746
709
652
582
523
497
440
398
319
268
236
178
113
21
-61
-171
-265
-380
-469
-578
-702
-808
-880
-956
-1035
-1119
-1215
-1283
-1363
-1429
-1490
-1538
-1605
-1642
-1656
-1640
-1621
-1622
-1578
-1533
-1479
-1434
-1382
-1342
-1319
-1290
-1262
-1205
-1184
-1190
-1183
-1172
-1170
-1156
-1142
-1091
-1072
-1075
-1037
-995
-952
-932
-896
-859
-801
-748
-663
-561
-455
-365
-287
-183
-78
12
89
160
220
251
271
304
351
374
407
464
511
563
594
633
642
629
612
594
588
603
618
636
668
711
748
807
872
925
962
998
1026
1049
1047
1042
1014
967
941
906
887
836
798
747
735
712
727
750
761
793
792
795
756
767
733
722
688
668
694
693
734
744
769
765
765
726
689
671
603
574
516
481
419
390
377
364
344
301
270
211
168
98
2
-92
-174
-249
-309
-345
-378
-421
-456
-488
-529
-593
-679
-752
-833
-907
-997
-1086
-1168
-1248
-1309
-1345
-1342
-1339
-1326
-1321
-1291
-1255
-1245
-1224
-1186
-1171
-1149
-1111
-1069
-1024
-991
-945
-904
-854
-818
-777
-757
-721
-680
-673
-658
-648
-642
-648
-641
-621
-595
-552
-517
-474
-428
-396
-352
-306
-251
-199
-150
-100
-40
25
89
152
179
207
231
288
326
333
348
336
336
348
383
413
432
426
409
420
407
411
397
394
426
471
519
559
605
651
710
759
823
872
894
911
922
956
985
997
990
1000
994
985
959
934
903
877
855
829
785
737
691
662
655
617
614
582
580
534
513
462
434
397
363
352
298
300
239
264
265
277
263
237
215
164
120
72
61
18
-11
-65
-89
-102
-79
-83
-46
-30
-29
-29
-57
-72
-127
-127
-177
-193
-253
-302
-363
-424
-459
-518
-575
-661
-694
-754
-776
-814
-846
-860
-885
-862
-840
-822
-805
-758
-708
-635
-602
-567
-544
-518
-487
-460
-416
-394
-381
-393
-373
-342
-331
-328
-349
-390
-419
-439
-459
-455
-488
-487
-474
-433
-392
-351
-319
-281
-237
-177
-109
-67
-48
-31
6
31
74
107
133
153
157
172
177
181
160
136
110
97
80
74
83
86
107
126
151
146
161
168
177
193
204
235
254
291
339
391
440
478
515
560
590
608
610
607
610
604
594
577
547
511
469
427
376
302
252
184
143
121
120
123
112
95
57
52
37
60
64
55
43
15
-12
-25
-50
-85
-110
-130
-152
-166
-166
-164
-167
-162
-129
-129
-127
-142
-151
-151
-136
-119
-126
-125
-164
-179
-192
-163
-168
-149
-136
-133
-134
-150
-155
-191
-195
-225
-255
-313
-334
-361
-370
-359
-365
-368
-372
-368
-389
-387
-374
-355
-357
-333
-314
-304
-288
-267
-249
-243
-233
-240
-227
-232
-217
-234
-245
-256
-269
-260
-271
-252
-248
-221
-207
-201
-205
-202
-177
-156
-135
-109
-86
-74
-48
-31
4
9
8
8
5
11
18
30
36
41
31
46
44
50
36
43
53
60
79
90
120
141
172
203
223
222
229
250
257
271
276
279
267
243
208
205
199
207
220
244
270
291
298
289
275
248
204
161
126
95
107
130
153
177
187
197
203
221
226
224
207
174
149
119
104
80
60
51
48
63
71
71
58
44
27
5
-22
-28
-38
-28
-16
10
38
47
60
60
58
62
67
65
73
76
83
96
103
109
106
101
78
55
19
-2
-23
-50
-67
-94
-102
-114
-109
-98
-82
-64
-51
-41
-43
-52
-60
-77
-96
-115
-123
-125
-120
-99
-76
-61
-40
-34
-25
-16
-29
-53
-77
-107
-125
-129
-138
-142
-156
-162
-160
-153
-161
-158
-166
-174
-180
-190
-175
-170
-146
-115
-87
-64
-44
-19
-1
20
16
9
0
-17
-22
-17
-5
10
25
41
55
61
68
68
58
53
27
22
4
-4
-1
-2
13
35
50
67
78
93
99
109
131
115
111
100
114
125
140
155
165
179
159
172
163
158
152
136
143
140
135
119
121
119
125
139
147
155
144
136
119
108
86
69
55
29
5
-17
-29
-43
-60
-66
-80
-81
-70
-69
-74
-77
-78
-88
-83
-66
-51
-38
-32
-26
-26
-22
-28
-17
-8
-12
-10
-10
-27
-35
-52
-82
-111
-131
-160
-177
-196
-212
-218
-226
-221
-220
-208
-203
-198
-191
-177
-165
-164
-168
-177
-182
-167
-173
-175
-170
-171
-144
-126
-122
-109
-106
-102
-97
-99
-104
-98
-94
-101
-95
-100
-96
-81
-69
-53
-43
-37
-35
-22
-22
-19
-16
-18
-2
18
30
50
63
77
88
77
73
67
58
48
44
37
30
18
31
40
46
47
68
77
85
90
94
89
92
102
101
110
108
115
116
117
118
130
137
127
126
115
105
103
103
102
110
117
128
152
159
172
181
178
182
181
176
179
182
180
180
190
198
188
182
164
151
147
142
119
102
72
43
27
13
6
-13
-23
-35
-50
-61
-62
-66
-77
-88
-95
-93
-93
-99
-97
-87
-68
-66
-52
-42
-41
-26
-17
-10
-8
-13
-17
-25
-28
-33
-35
-44
-54
-75
-88
-104
-121
-132
-145
-155
-170
-176
-178
-175
-176
-177
-180
-176
-178
-185
-174
-170
-175
-175
-167
-156
-144
-135
-118
-95
-79
-62
-55
-50
-49
-54
-65
-72
-73
-81
-94
-97
-99
-94
-93
-96
-93
-94
-100
-102
-93
-91
-82
-80
-71
-67
-62
-39
-31
-20
-9
-14
-3
7
23
37
56
69
73
83
89
94
89
89
87
90
92
101
104
104
102
95
91
93
89
78
67
60
55
64
74
88
94
100
115
129
139
153
159
168
173
174
177
183
199
201
213
220
215
220
218
218
214
200
182
154
141
119
104
83
62
38
13
-18
-34
-41
-50
-61
-67
-85
-96
-98
-97
-82
-82
-68
-61
-53
-48
-37
-28
-29
-25
-30
-34
-40
-57
-71
-77
-94
-106
-117
-132
-148
-164
-185
-201
-210
-229
-245
-249
-248
-250
-246
-238
-233
-234
-228
-221
-209
-203
-191
-173
-158
-147
-144
-139
-131
-124
-117
-120
-117
-122
-133
-134
-141
-151
-162
-163
-168
-171
-172
-169
-157
-160
-156
-144
-130
-125
-111
-90
-68
-58
-41
-37
-22
-13
-5
6
5
15
17
18
15
29
22
29
36
24
22
22
31
30
26
18
13
5
6
