-98
-98
-51
-18
26
-1
-13
-37
-49
-82
-68
-53
-19
38
28
-13
-64
-81
-102
-38
14
14
11
11
-25
-66
-65
-95
-86
-30
33
33
33
-20
-82
-83
-29
19
33
73
61
34
33
16
-24
-33
35
58
107
118
63
-1
2
24
45
63
82
89
92
116
96
77
71
91
110
153
165
100
77
66
61
73
94
63
56
62
52
26
16
11
23
81
105
123
68
35
19
21
25
22
-2
-31
-29
-64
-92
-134
-186
-156
-97
-62
-8
9
-50
-54
-19
-25
18
52
33
46
91
22
-40
-33
-48
-24
77
132
67
46
29
9
22
79
93
97
137
123
66
23
-6
-37
10
120
105
93
110
77
42
110
126
96
143
138
128
123
96
18
58
85
53
70
65
13
11
46
40
42
29
12
57
95
63
64
58
-25
-32
28
10
1
27
-35
-69
-54
-96
-121
-56
-66
-90
-46
-35
-75
-72
-41
-42
-24
-3
2
-36
-21
-25
-22
4
29
-22
-14
16
-38
-23
16
5
-3
54
8
-2
2
-32
-24
24
4
-21
-1
-51
-39
-7
-5
-4
9
21
47
77
43
68
35
33
69
75
57
61
18
-6
60
59
42
45
-32
-107
-68
-59
-57
19
-13
-47
-47
-78
-129
-102
-76
-81
-29
-52
-78
-95
-108
-109
-49
-52
-93
-35
-35
-76
-8
-21
-122
-96
-74
-120
-26
27
-79
-81
-82
-187
-144
-72
-128
-67
15
-28
-40
-1
-97
-105
-58
-23
51
65
53
22
-38
-65
0
27
66
153
131
65
81
-5
-89
-4
58
70
140
152
-3
-12
-15
-40
5
80
63
53
109
59
62
51
43
5
33
66
57
48
55
57
19
30
28
-32
-42
3
11
19
33
-1
-56
-52
-77
-88
-60
-39
-8
-20
3
-31
-107
-119
-63
-87
-50
48
-37
-66
-58
-86
-140
-57
-116
-105
-12
-2
3
3
-36
-107
-63
-32
21
31
21
43
25
-6
-23
-43
-51
-19
40
86
90
20
-36
-52
-34
20
44
35
56
15
26
93
73
-38
18
48
91
209
185
116
123
97
40
162
146
72
123
166
102
84
14
-68
-140
-68
-58
20
-15
-84
-169
-175
-143
-206
-99
-75
-50
-79
-24
-100
-97
-74
-88
14
58
68
89
145
30
48
43
10
68
73
20
50
51
-28
-15
-54
-157
-139
-69
-87
-76
-107
-196
-215
-179
-171
-181
-196
-194
-145
-101
-22
-58
-175
-224
-152
-87
-17
-19
-117
-210
-235
-258
-275
-232
-238
-263
-246
-212
-345
-391
-344
-333
-260
-109
-137
-226
-208
-241
-192
-46
-40
-109
-106
-135
-142
-123
-81
-118
-132
-112
-71
-61
-92
-81
-150
-103
-53
-21
-56
-56
-125
-157
-126
-144
-118
-116
-143
-149
-113
-163
-210
-252
-234
-163
-88
-105
-86
-143
-196
-162
-101
-101
-88
-21
-41
8
-28
-8
-90
-87
-112
-12
29
53
81
38
42
-16
14
-2
52
111
182
244
258
159
92
62
56
93
184
186
193
215
132
25
-55
-26
20
112
222
211
83
-9
-39
-86
27
95
87
128
125
35
76
36
-27
-42
17
22
73
35
-28
-102
-178
-154
-95
-123
-148
-146
-157
-95
-57
-144
-194
-203
-215
-84
35
-19
-86
-92
-177
-145
-80
-144
-79
-24
-70
-51
26
-165
-175
-108
-74
11
105
10
-41
-3
-84
10
42
-6
-26
11
38
93
96
15
-14
-12
20
139
185
162
116
50
2
46
64
34
42
100
116
121
39
-46
-135
-111
4
71
114
99
81
35
63
-35
-37
22
80
190
253
215
107
38
-43
38
190
208
287
270
196
204
201
108
143
225
192
272
344
224
227
157
63
96
145
146
287
335
192
247
111
18
97
109
102
222
153
27
105
-14
-88
-46
-98
-153
7
-46
-24
-101
-205
-291
-298
-265
-208
-121
-217
-183
-317
-359
-339
-375
-366
-278
-272
-286
-260
-367
-435
-406
-428
-408
-308
-425
-439
-413
-473
-466
-422
-505
-508
-366
-379
-300
-273
-330
-270
-187
-172
-146
-70
-160
-128
-91
-102
-27
-47
-212
-178
-184
-300
-218
-145
-184
-142
-118
-264
-260
-359
-349
-219
9
44
71
41
-90
-96
-126
39
120
293
379
493
440
307
319
316
453
661
746
723
729
593
501
562
540
512
613
589
692
729
704
518
504
521
486
773
849
891
823
841
780
847
779
675
844
875
947
926
992
723
580
591
631
740
785
678
600
595
523
450
465
411
234
318
388
320
199
149
-30
-130
-104
-194
-116
-116
-213
-195
-214
-336
-516
-635
-679
-713
-719
-770
-836
-1072
-1329
-1463
-1634
-1790
-1910
-1989
-2129
-2230
-2349
-2582
-2638
-2830
-2899
-2814
-2707
-2670
-2672
-2596
-2603
-2525
-2376
-2209
-2006
-1828
-1651
-1419
-1248
-1143
-997
-803
-589
-343
-94
98
252
285
376
518
717
819
989
1094
1160
1229
1247
1326
1183
1378
1240
1532
1673
1583
1574
1566
1437
1550
1738
1624
1888
1897
1908
1810
1978
1839
1795
1959
1935
2004
2228
2160
2046
2070
1717
1890
1989
1810
2106
1990
1793
1863
1668
1496
1577
1541
1548
1725
1718
1686
1488
1527
1384
1420
1752
1549
1729
1816
1382
1485
1439
1125
940
277
-336
-284
-448
-665
-852
-1407
-2170
-2649
-2919
-3269
-3395
-3672
-4019
-3973
-3980
-4299
-4311
-4423
-4636
-4301
-3926
-3554
-3214
-3115
-3064
-2788
-2507
-2181
-1729
-1381
-1119
-771
-449
-259
-71
-97
9
295
468
593
786
724
552
498
336
196
-103
-314
-475
-518
-661
-876
-1093
-1510
-1728
-1909
-1884
-1841
-1909
-2017
-1933
-1877
-1853
-1696
-1607
-1449
-1227
-863
-594
-334
-236
-166
47
326
590
944
944
1142
1317
1343
1658
1724
1545
1504
1735
1865
1976
1972
1903
1713
1814
1668
1826
1958
1559
1971
1681
1942
1662
1938
1778
1773
2229
1764
2333
2094
2204
1916
2415
2231
2460
2481
2056
2471
2446
2327
2554
2603
2289
2494
2384
2320
2358
2512
2335
2459
2492
2149
2479
2538
2322
2540
2414
1993
1551
728
88
444
242
-93
-91
-915
-1855
-2371
-2765
-3334
-3382
-3694
-4189
-3957
-4236
-4789
-4882
-5092
-5358
-5068
-4515
-4188
-3906
-3865
-3879
-3538
-3366
-3001
-2395
-2060
-1677
-1251
-909
-671
-547
-572
-427
-4
201
408
684
549
428
381
252
245
272
104
29
-28
-348
-528
-696
-970
-1105
-1240
-1190
-1257
-1404
-1554
-1702
-1679
-1653
-1473
-1396
-1332
-1143
-1140
-1119
-889
-896
-592
-317
-147
-69
89
132
225
555
528
723
970
953
1075
1295
954
1306
1447
1473
1286
1445
1131
1481
1437
1536
1473
1423
1660
1502
2021
1705
1526
1764
1460
1970
2242
1518
2088
1536
1940
2208
1945
2236
2288
1964
2440
2062
2162
2400
2331
2470
2402
2513
2318
1962
2199
2105
2294
2842
2203
2358
2446
1939
2376
2369
2313
2567
2710
2239
2077
1386
407
355
598
544
215
183
-1038
-1740
-2055
-2907
-2914
-3099
-3653
-3698
-3693
-4155
-4532
-4793
-5169
-5150
-4752
-4397
-3944
-3829
-3928
-3811
-3537
-3367
-2961
-2424
-2204
-1691
-1260
-1152
-778
-898
-925
-504
-266
132
152
451
166
108
179
59
311
288
-110
-1
-64
-386
-298
-434
-749
-920
-799
-881
-1008
-956
-1201
-1204
-1030
-1262
-979
-1089
-1107
-839
-960
-677
-757
-780
-453
-458
-217
-335
34
104
357
405
499
358
1058
761
708
789
1121
789
1129
1647
684
1409
1209
1014
902
1567
716
1433
1498
915
1611
1326
1051
1264
1704
1543
1758
1771
1777
1318
2345
1508
1726
2485
1544
2154
2269
1825
1911
2189
1750
2029
2180
1976
1829
1831
1853
1501
2303
2091
1456
2537
1201
1552
2081
1317
2038
1975
1555
1731
1877
1713
1377
1290
476
-143
360
308
-325
105
-964
-1913
-1634
-2666
-2735
-2658
-3303
-3500
-3400
-3753
-3865
-4172
-4427
-4517
-4272
-3862
-3660
-3116
-3402
-3356
-3084
-2989
-2633
-2296
-2174
-1822
-1386
-1387
-1176
-1082
-1202
-1058
-673
-467
-283
-56
-173
-286
-76
-424
-56
-35
-209
-193
-235
-206
-391
-116
-653
-461
-604
-788
-648
-450
-854
-639
-571
-738
-561
-583
-1017
-462
-399
-576
39
-274
124
-640
427
-367
546
710
111
827
62
1146
526
1171
605
794
1561
836
1776
957
1172
1376
1043
1485
869
1402
1545
1000
1802
1141
1444
1437
1065
1671
1436
1677
1765
1372
1997
1899
1279
1926
1847
1436
2600
1563
2027
1729
1435
2060
1588
1633
1902
1345
2153
1785
1274
2316
1052
1942
2023
1415
1666
1496
1191
1681
1535
1035
1925
1310
1597
1553
1338
1601
1122
1237
410
-136
277
-149
-273
-171
-1061
-1483
-1742
-2500
-2306
-2708
-3049
-2934
-3389
-3277
-3405
-3782
-4009
-3791
-3861
-3537
-3145
-3166
-3077
-3159
-2754
-2873
-2530
-2249
-2158
-1798
-1243
-1531
-1195
-1052
-1206
-847
-708
-479
-387
-35
-308
-35
-153
-356
-158
-314
-586
-438
-88
-223
-493
-19
-920
-594
-546
-747
-377
-603
-637
-341
-501
-213
-832
-223
-468
-19
-537
186
143
-340
457
-338
832
114
448
831
568
841
669
463
1315
805
898
1651
532
881
1427
949
1124
1546
860
980
1445
877
1573
1479
963
1462
1418
859
1355
1098
1538
1281
1689
1188
1194
2008
1415
1026
1934
1388
969
2459
1344
999
2101
993
1781
2022
779
1423
1229
1503
1028
2059
1470
527
1970
1097
735
2215
1230
721
2265
978
1275
2056
955
1283
1413
784
769
1003
103
-173
124
-144
-1012
-494
-1093
-2279
-1382
-2663
-2859
-2368
-3210
-3561
-3023
-3520
-4008
-3457
-4090
-3894
-3736
-3471
-3580
-2945
-3278
-3326
-2822
-2762
-2874
-2557
-1859
-2340
-1436
-1760
-1650
-1189
-1225
-1048
-807
-553
-590
-713
-180
-1087
-385
-558
-729
-188
-144
-577
-702
154
-1158
-295
78
-499
-632
-27
-632
-64
-120
-605
-33
-425
322
-261
746
-367
-311
861
166
439
1266
-542
861
822
290
714
655
1211
-319
2424
217
978
1485
287
1358
1065
975
607
1757
-149
1951
614
1191
827
1455
1155
1230
1383
1272
1223
1534
1971
714
1728
906
1061
1881
1465
1174
1888
829
1164
1675
526
2051
1513
1296
2021
824
1558
1124
1258
1961
1493
1355
2360
610
1432
2370
562
1849
1862
1434
2074
2155
1108
1363
1607
1719
1328
1677
1293
-384
540
8
-348
165
-335
-1370
-1110
-1716
-2694
-2023
-2789
-2992
-2693
-3364
-3298
-3443
-4042
-3977
-3721
-3706
-3715
-3207
-3378
-3641
-3165
-3165
-3174
-2535
-2642
-2667
-1872
-2237
-1787
-1397
-1550
-1362
-1197
-1635
-746
-600
-897
-496
-591
-1212
-190
-407
-694
-61
251
-977
187
-10
-1315
483
-476
-863
-170
60
-557
12
-79
-173
-524
1166
-434
-492
1821
-663
823
832
-134
-210
1127
506
1106
982
990
904
743
951
1042
1861
916
1150
1188
1062
1200
1576
691
1602
1222
1057
1679
603
1699
1211
1793
807
1525
794
1268
1695
1504
1059
1035
1251
557
1820
1412
1045
2243
1353
1571
1014
2538
453
1307
3286
-640
3007
1547
697
1642
1922
1007
2188
2126
1381
1409
1529
1686
68
3558
1230
854
3304
1193
612
2944
549
313
2439
-426
-214
1072
-238
-941
-3
-771
-2364
-913
-1980
-3423
-2102
-2658
-3900
-2724
-3020
-4538
-3070
-3990
-4410
-3130
-3346
-3798
-2807
-3288
-4125
-2874
-2750
-3084
-2229
-2119
-3031
-1526
-1876
-2167
-1230
-1269
-1865
-538
-414
-1381
-816
-380
-907
-324
395
-1183
-339
78
-477
-590
794
-1150
-546
196
-964
103
182
-858
-60
-544
-631
553
-713
1389
-362
50
1266
-557
815
303
61
987
1504
947
1011
503
1029
670
1692
1173
1522
1062
974
1789
912
1776
563
1637
-18
2048
1732
669
1780
997
854
1196
1968
1262
791
1886
1277
1415
2142
2168
-315
2495
2484
155
3445
1953
1005
2786
1446
524
2467
623
2843
1151
1222
2272
300
1338
2491
270
1845
2292
881
2145
1292
1788
1874
1192
2038
2319
637
3723
1402
1247
2848
270
1330
596
-178
340
-137
-314
-183
-1553
-1902
-2246
-3200
-2295
-2938
-3480
-2708
-3879
-3740
-3505
-4803
-4070
-4020
-4500
-3185
-3178
-3723
-3443
-4113
-3507
-3603
-2489
-2616
-1887
-1734
-2401
-1758
-2242
-1043
-1703
-919
-621
-1218
-815
-917
-718
-797
-324
-987
-324
-144
-1126
-644
-549
-1076
-385
-529
-977
-954
-576
-197
-506
1044
-763
-1079
-438
284
-1115
896
258
-1884
1934
-1119
349
939
-453
295
1709
295
1489
194
522
2798
-461
3135
1543
201
2662
1044
-70
3538
309
821
2465
597
992
2161
1968
1254
2075
2298
1592
484
2957
632
1306
4044
951
134
4261
505
-538
5308
871
-96
5296
449
343
3063
454
2173
2587
1502
1747
452
2952
1336
685
3920
1161
1137
3658
1153
2500
2929
1297
3511
3391
1652
3052
2138
311
1465
189
366
1503
-274
-959
-1012
-1979
-2764
-2520
-2310
-3426
-3354
-3736
-4084
-4294
-4505
-5076
-5034
-4325
-4882
-4438
-3439
-4324
-4443
-3776
-4104
-3206
-2329
-2902
-2131
-1742
-2573
-1630
-1554
-1251
-1203
-701
-1291
-103
-527
-1112
40
-1379
-1016
-1062
-41
-1068
-283
-622
-1748
-852
-1528
-1846
-1440
-1467
-391
-1424
-992
-695
-2604
-868
-2041
-19
-858
305
-129
-657
340
-1092
728
-272
1740
16
1483
1660
-628
1500
395
1479
1706
2095
2759
1600
1700
1970
992
2905
2941
1474
2598
1982
895
2839
1493
1446
2554
1104
2165
2263
1532
1484
1938
1725
3234
587
3971
1688
1267
3383
1570
2052
3179
1610
2515
3019
1218
3629
1259
1943
3911
1189
3293
3818
1334
2399
2482
1869
4029
2908
3247
4072
2601
3629
2871
965
296
1089
1094
1597
1255
-217
-1839
-3198
-2677
-3439
-3247
-2936
-4820
-4770
-4390
-6062
-6390
-6178
-6930
-6147
-5037
-4936
-4815
-4932
-5964
-5666
-4535
-4206
-2733
-2128
-2263
-1999
-2127
-1747
-1413
-889
-289
201
858
261
490
309
-306
-154
384
-71
176
547
-881
-1220
-1160
-1860
-2376
-1407
-1998
-2869
-1654
-2896
-3367
-2165
-3110
-2716
-1637
-2388
-2458
-797
-2130
-1813
-86
-1558
-33
433
102
-75
1293
1193
681
2445
1944
1239
2539
2853
1074
2999
3596
784
3152
3365
1326
3222
3179
1533
2249
3172
2780
2136
2631
2047
1683
2270
2865
1980
2690
3093
1517
2843
3203
2575
3422
3864
2798
3105
3824
2233
3265
4586
2678
3956
3786
2736
2570
4305
3061
3651
4364
3254
3180
3959
3971
3613
4258
4753
4740
2252
1044
287
911
2023
978
1072
-925
-3114
-3939
-4076
-4322
-4338
-5018
-6352
-5491
-6281
-7926
-7582
-8075
-8354
-7192
-5902
-5403
-5605
-6427
-6592
-5915
-4756
-3349
-2883
-1902
-1740
-2202
-1331
-682
-726
-270
597
864
1767
1599
930
1137
389
471
1227
1292
1235
194
-710
-1406
-1703
-1895
-1841
-1867
-2522
-2896
-3628
-3701
-3888
-4418
-4189
-3326
-2934
-3582
-2375
-3210
-3073
-2371
-2240
-894
-75
-162
-249
290
532
317
1327
1837
1510
2297
3218
2285
1983
2452
1748
1973
4015
3328
2625
3085
1978
1545
2296
3791
1658
3762
2610
1462
2781
2872
1640
3133
3965
2134
4463
3605
2171
3680
3691
3236
5264
4683
3747
3838
4507
4537
3417
5018
4992
2819
5081
4923
3110
5041
5572
3055
5147
6030
3889
6342
6425
2426
100
189
1342
2603
2657
1402
-2085
-3938
-5268
-5993
-4305
-4437
-6331
-7379
-6944
-8280
-9330
-9610
-10268
-9344
-8383
-7340
-5798
-6862
-8615
-8193
-7289
-5334
-3278
-2614
-2256
-2187
-2484
-2062
-742
350
352
1167
2273
2592
2059
1668
1475
977
1850
2420
2830
2895
1174
-261
-275
-814
-1230
-1185
-1518
-1985
-2707
-3232
-3980
-4333
-4823
-5232
-4011
-3593
-3948
-4256
-4223
-4404
-4185
-2924
-2168
-1597
-1155
-1171
-729
53
131
407
1366
2217
2259
2573
3399
2363
2137
2954
3035
4383
4472
3182
3590
2375
2296
3083
3296
3740
2697
3012
3280
2522
2439
3250
3171
3402
4374
4387
3766
4006
4529
4251
4909
5732
5961
5567
5557
6087
4986
5374
6029
5945
5715
5970
5865
5081
5636
5184
5646
6651
6340
6737
6586
3014
-1210
-1413
1898
3300
2840
867
-3245
-6346
-7249
-6804
-5445
-4701
-6698
-9365
-8955
-9176
-11562
-11829
-10726
-10228
-9239
-7343
-6604
-8418
-9766
-9572
-8030
-4493
-2240
-2326
-2343
-2409
-3092
-2480
109
1522
1302
1962
2716
2527
2116
1694
1295
1770
2661
2941
3218
2667
392
-1255
-846
-244
-19
-149
-808
-2032
-3672
-5109
-5127
-4142
-4079
-4543
-4303
-4574
-5818
-6162
-5845
-5167
-4158
-3223
-2594
-2370
-2379
-3253
-2802
-1087
-31
576
1342
1749
925
695
1518
2231
2501
3196
3597
3343
3137
2840
2381
2356
3425
3626
3318
3890
3443
1865
2120
3480
3618
3533
4282
4228
3430
3943
4196
4249
5229
5748
5711
6031
6961
6187
5770
7049
7097
7009
8363
8559
7159
6856
7042
6750
8112
9566
9381
9547
9552
6877
627
-1176
2073
5632
6123
3891
-168
-6417
-8993
-8521
-5739
-4098
-5245
-8588
-11391
-11597
-13121
-14607
-13340
-10553
-10462
-9501
-7696
-9420
-12691
-12674
-9491
-6241
-2449
-1131
-2617
-3989
-4119
-3292
-1038
2693
3957
2796
3023
3357
2079
1515
2563
3264
3743
4692
4387
2672
612
-1224
-1624
-37
1332
771
-795
-2348
-4243
-5438
-5187
-4400
-4206
-4645
-5194
-5710
-6123
-6886
-6897
-6038
-4749
-3823
-3124
-3059
-3773
-3806
-3076
-1472
341
1274
953
549
737
922
1645
2785
3389
3137
3275
3356
2914
2589
2686
3001
3300
3845
3778
3049
2415
2149
2191
3117
4210
4067
3487
3370
3294
3259
4414
5396
5447
5675
5993
5946
6353
7199
7286
7582
8234
9002
8655
8461
8188
8116
8370
8414
8560
8142
8448
8107
8088
8628
8815
8451
4286
-1769
-2659
2277
5390
3392
-750
-5479
-9902
-11330
-8484
-5497
-5551
-8953
-13080
-14021
-12874
-13409
-14450
-12177
-10097
-10547
-9666
-8211
-9698
-11938
-10253
-6057
-2305
-318
-1133
-3035
-3443
-2175
-262
2818
5413
4544
2227
2354
3174
2640
2630
3510
3829
3318
2812
1809
210
-1306
-2276
-1780
-179
-142
-2202
-4419
-5317
-5856
-5745
-4152
-3176
-4177
-6384
-6948
-6475
-5598
-4816
-4487
-3932
-3943
-3925
-3792
-2920
-2561
-2365
-1383
243
1125
226
-341
-434
59
977
2300
2973
2192
968
447
916
1569
1966
2106
2311
2123
1720
1382
1456
2002
2299
3020
3957
4121
3444
3223
3322
3873
5285
6496
7191
6849
6554
6470
7006
8434
9349
9476
9550
9611
9301
9610
10203
10274
9739
9918
10030
10202
9778
9442
9781
11205
12080
9614
1883
-4307
-1308
5921
8407
3486
-2333
-8840
-13381
-12636
-6677
-2953
-6773
-12505
-16162
-15335
-14550
-15092
-14690
-11931
-10917
-11189
-9422
-9008
-11941
-13806
-9438
-3164
739
637
-1883
-4168
-4099
-1278
2652
6511
7361
4283
1677
2539
3804
3626
3871
4805
4595
3362
2382
1080
-977
-2868
-2902
-914
460
-937
-4451
-6962
-7640
-7114
-5513
-3200
-3186
-5368
-7498
-7507
-6852
-6421
-4811
-3052
-1886
-2740
-3819
-4521
-4097
-2890
-995
1126
1812
655
-1435
-1699
-551
632
1596
2649
2474
967
-26
-186
175
796
1611
2306
2411
1547
198
-363
592
2133
3351
4112
4182
3056
2159
3027
4702
5746
6329
6855
7042
6986
7219
7572
7982
8967
9903
10795
11098
10886
9755
9069
9971
11127
11602
11223
10511
8912
8480
9089
10326
10787
10762
10747
6938
-1377
-6367
-498
6891
6317
-33
-5619
-10513
-14824
-13093
-6663
-3847
-8390
-14538
-16584
-14717
-14455
-15723
-13776
-10284
-9649
-10284
-8597
-8420
-11337
-11809
-6867
-620
2222
1090
-1880
-3379
-2391
53
3617
7180
7336
3599
1166
2146
3206
2756
2932
3790
3458
1903
71
-1092
-2637
-4284
-4113
-2030
-1012
-3155
-6309
-8086
-8136
-7286
-5577
-3858
-3800
-5746
-7580
-6863
-5780
-5310
-4465
-2747
-1408
-2169
-3119
-3163
-2740
-2130
-690
1123
1982
1050
-837
-1314
-321
586
1164
1753
1548
419
-478
-519
43
138
196
739
1461
1180
226
-198
238
1550
2645
3681
4240
3770
3068
3512
4808
6017
6602
7217
7735
7809
7888
8138
8754
9047
9560
10279
11051
11350
10517
9294
9205
9780
10432
10719
10762
9882
8524
8289
9282
10606
11417
10444
3481
-5060
-4659
3413
7663
3899
-1983
-8051
-13227
-14134
-9002
-4134
-5810
-11871
-15902
-14807
-13160
-14063
-14773
-12592
-10735
-10119
-7962
-6431
-8800
-11837
-10224
-4657
782
2795
977
-1662
-2665
-1639
1215
5135
7232
5434
2649
2395
3245
2845
2140
2271
2486
2310
1733
694
-1196
-3865
-5476
-4450
-2093
-1633
-3463
-5774
-7400
-8165
-7250
-5077
-3615
-4192
-5486
-5589
-4862
-4223
-4193
-4051
-3138
-1692
-783
-658
-1098
-2146
-2573
-1466
595
1683
895
-383
-1050
-953
-475
-11
-45
-365
-615
-693
-323
-334
-1032
-1597
-979
312
1021
1184
786
347
477
1783
3402
4232
4365
4243
4395
5023
6069
6515
6665
7198
7962
8453
8809
8921
8595
8467
9143
9886
10256
10086
9561
9049
8956
9037
8919
8721
8679
8619
8245
8244
8034
8355
8995
7876
2359
-3851
-3763
1645
5635
3509
-2833
-9180
-11223
-10370
-9003
-7425
-6836
-9063
-13120
-14121
-12731
-12125
-13021
-13400
-11811
-8541
-5903
-6470
-8855
-10107
-9265
-6322
-1663
1199
683
-823
-1881
-1937
-80
2602
3899
3645
3039
2794
3101
2940
1596
417
613
1475
1878
1717
446
-1898
-4001
-4491
-3561
-2262
-2043
-3241
-4691
-5631
-5845
-5517
-5013
-4829
-4697
-4155
-3427
-3264
-3690
-4410
-4607
-3780
-2376
-951
-179
-698
-1784
-2264
-1785
-748
1
265
286
383
428
262
-331
-898
-744
96
1040
1381
1008
210
-428
-585
-88
1028
1959
2077
1762
1832
2172
2683
2710
2738
3535
4379
5526
5814
5181
4311
4783
5390
6139
6497
6753
7254
6693
5934
5563
6338
6881
7135
6544
6213
6807
6740
5847
4843
4684
5640
5909
5608
5250
5411
6073
6243
4515
508
-2383
-2085
1494
4312
2968
-1405
-5620
-6637
-6073
-5316
-5530
-6337
-7194
-7773
-7603
-7922
-8943
-10467
-11204
-10415
-8499
-6273
-5208
-5811
-7586
-8682
-7566
-5042
-2942
-2267
-2148
-1741
-787
97
155
-177
-582
65
1666
3283
3795
2767
1345
453
524
1049
1724
1871
1431
755
181
164
-61
-648
-1356
-1618
-1093
-344
84
-357
-1435
-2427
-2567
-1854
-938
-557
-724
-1010
-1006
-809
-716
-1032
-1600
-1541
-965
54
458
638
-396
-1591
-1658
-603
462
521
-72
-474
31
458
513
-80
-545
-368
606
1462
1581
1120
467
381
694
1301
1487
1553
1377
1507
1820
1813
1974
1824
1778
1685
2246
2670
2599
2274
1938
2262
2576
2861
2473
2204
2068
2401
2737
2717
2417
2093
2046
2152
2309
2216
2089
2053
2022
2055
2050
1971
1899
1863
1830
1761
1747
1835
1947
1882
1542
1016
655
740
985
1130
889
284
-327
-642
-623
-681
-998
-1470
-1787
-1874
-1765
-1758
-2024
-2382
-2620
-2605
-2459
-2394
-2563
-2753
-2869
-2860
-2772
-2713
-2747
-2936
-3110
-3033
-2880
-2782
-2716
-2725
-2626
-2506
-2455
-2414
-2290
-2108
-1882
-1580
-1342
-1194
-1150
-1051
-818
-498
-259
-88
81
263
385
492
603
626
751
973
1185
1276
1116
895
869
1029
1189
1192
1096
951
770
721
830
819
644
490
445
484
486
339
125
-42
-123
-109
-23
-51
-229
-408
-474
-470
-512
-579
-610
-573
-565
-589
-567
-576
-642
-604
-492
-384
-299
-274
-237
-164
-82
17
164
267
252
257
397
621
775
860
917
971
1100
1246
1344
1494
1618
1625
1706
1808
1811
1810
1829
1940
2038
2003
1899
1809
1782
1797
1814
1819
1799
1689
1571
1538
1470
1421
1423
1463
1499
1467
1430
1375
1312
1237
1147
1137
1131
1089
1028
902
711
459
179
11
-115
-233
-342
-533
-809
-1156
-1438
-1604
-1635
-1655
-1786
-1967
-2108
-2226
-2380
-2444
-2439
-2455
-2396
-2335
-2300
-2381
-2453
-2504
-2358
-2273
-2125
-2187
-2043
-2147
-1841
-2728
-4937
-4912
-1936
1806
2127
-593
-4533
-5265
-2114
1832
3036
742
-2098
-2830
-797
1683
2306
769
-916
-526
1295
2810
2591
969
-437
-113
1398
2395
2118
1002
211
358
1258
1816
1212
223
-363
-125
588
682
458
-266
-645
-735
-578
-626
-607
-672
-733
-1148
-965
-1028
-939
-1105
-1270
-1003
-820
-702
-690
-525
-905
-898
-739
-209
-150
319
-357
-127
119
225
360
237
536
638
952
956
852
398
998
1312
1258
1379
1090
1181
1184
1476
2034
1436
1041
1176
1761
2374
2258
815
1098
1490
1989
2251
1153
810
1516
1451
1633
1256
977
733
789
1305
915
343
531
965
1235
700
-280
-123
326
890
570
-168
-477
-293
-1023
-2018
-2242
-881
127
-238
-1707
-2713
-2602
-1621
-720
-866
-1806
-2276
-1710
-1177
-1275
-1736
-2379
-2023
-942
-778
-1126
-1452
-1240
-843
-409
-1362
-1874
-1506
-682
-564
-386
-629
-1111
-1180
-1267
-636
-407
-1088
-1520
-967
-133
20
-901
-974
-174
37
239
535
510
-21
233
568
232
352
325
-207
-411
-105
338
204
-273
-970
-1147
-468
368
321
-597
-1197
-653
193
-72
-281
50
388
433
52
-416
271
1838
703
-353
311
547
1518
1871
801
-231
709
1214
1121
1376
299
629
1240
1410
1636
1876
1282
908
1535
1686
2283
2284
1619
1970
2578
2964
2533
2471
1766
2218
2888
3127
3008
2814
3109
2527
2361
2129
2366
2496
3151
3623
3044
2491
2117
3155
3093
2997
2626
2380
2147
2451
2582
1974
667
-547
-1434
-1525
-842
-534
-1190
-2764
-3738
-4274
-4515
-4611
-4823
-5161
-5299
-5234
-4841
-4454
-4505
-4927
-5148
-4722
-3987
-2785
-1950
-1852
-1950
-1977
-1456
-452
99
-6
118
537
1013
1409
1512
1382
1121
810
605
426
502
464
504
142
-414
-745
-877
-993
-1402
-2020
-2387
-2128
-1738
-1914
-2478
-3264
-3657
-3566
-3183
-2861
-2974
-3072
-3007
-2792
-2587
-2368
-2320
-2427
-2175
-1723
-1216
-883
-782
-829
-793
-516
36
487
703
640
468
961
1615
1599
955
742
833
1203
1550
1992
2188
2042
2104
1677
1231
1417
2169
2800
3491
3995
4111
3980
3664
3172
3435
4632
5949
6270
6142
6248
6312
6095
5631
5519
5911
6514
6673
6441
6404
6536
6700
6621
6529
6790
7260
6974
5409
3742
2399
1083
-480
-1355
-1082
-778
-1885
-4355
-6612
-7710
-8183
-8620
-9182
-9545
-9484
-8805
-7935
-7668
-8170
-8389
-7680
-6600
-5517
-4167
-2446
-983
-394
-293
77
924
1632
2004
2261
2719
3371
3919
3960
3204
2012
1130
798
573
115
-444
-925
-1478
-2271
-3072
-3695
-4265
-4946
-5483
-5498
-5056
-4512
-4150
-4041
-4112
-4122
-3771
-3231
-2723
-2286
-1572
-834
-365
-250
-136
149
232
-81
-455
-351
28
425
304
-266
-1045
-1472
-1537
-1659
-2151
-2655
-2620
-2281
-1976
-1926
-1946
-2050
-2151
-2213
-1923
-1329
-645
-106
305
806
1355
1886
2321
2531
2642
3114
3823
4453
4762
4846
5010
5228
5454
5525
5436
5283
5293
5487
5914
6230
6370
6254
6030
5964
6091
6324
6449
6291
6024
6012
6274
6635
6912
7080
7206
6996
6348
5700
4514
2148
-1114
-3088
-2549
-1113
-1281
-3522
-5790
-7167
-7883
-8945
-10063
-10966
-11217
-10621
-9412
-8169
-7525
-7151
-6971
-6926
-6833
-5750
-3711
-1831
-945
-412
671
2166
3086
2969
2382
2057
2172
2632
3213
3411
3218
2653
1920
891
-224
-1169
-1845
-2495
-3263
-3592
-3396
-3125
-3523
-4403
-5233
-5455
-5128
-4580
-4068
-3619
-3076
-2277
-1352
-682
-236
46
336
531
937
1530
2388
2456
1846
1090
972
1256
956
-142
-1552
-2021
-2090
-1800
-2185
-3100
-4042
-4336
-4182
-4114
-4136
-4258
-4013
-3639
-3191
-2534
-1763
-1294
-1144
-920
-261
664
1537
1894
2022
2276
2879
3628
4062
3956
3619
3756
4093
4458
4439
4310
4291
4323
4307
4335
4463
4378
4264
4216
4616
5177
5831
6260
6584
6903
7009
7362
7553
7730
7658
7811
7960
8488
9087
9279
9157
8293
7455
6773
5915
3239
-286
-2923
-3446
-3106
-3685
-5628
-7496
-8601
-9452
-10192
-11178
-12170
-13032
-12896
-12137
-10674
-9189
-7674
-6448
-5694
-5032
-3808
-2067
-846
-99
517
1697
3207
4531
5163
5256
4962
4466
4040
3657
3115
2371
1476
511
-307
-1001
-1598
-2356
-3417
-4716
-5621
-6032
-6131
-6258
-6431
-6419
-6026
-5283
-4453
-3640
-3046
-2550
-1946
-1121
-188
760
1557
2195
2696
3129
3541
3816
3745
3374
2894
2401
1985
1516
1047
223
-672
-1609
-2398
-3081
-3899
-4629
-5269
-5579
-5768
-5460
-5277
-5185
-5086
-4816
-4173
-3503
-2854
-2335
-1651
-908
-48
803
1446
1858
2190
2441
2720
2916
3056
2975
2985
2905
2921
2964
2904
2882
2789
2803
2686
2794
2824
2942
3009
3179
3546
3940
4539
4959
5641
5922
6341
6600
7065
7707
8126
8587
8727
9279
9534
9853
9422
8972
8551
8262
8094
7531
7229
5828
2738
-1145
-3376
-3677
-4156
-5996
-8463
-9547
-9796
-9849
-10044
-10346
-11241
-12175
-12089
-11195
-9806
-8573
-7209
-5981
-4495
-2693
-455
1221
1789
2015
2519
3306
4041
4791
4993
4884
4656
4640
4593
4147
3112
1716
201
-1222
-2179
-3008
-3807
-4722
-5501
-6000
-6094
-6108
-6254
-6516
-6754
-6575
-5975
-5143
-4285
-3391
-2583
-1602
-344
994
2059
2735
3112
3390
3779
4167
4432
4402
4159
3831
3647
3379
2844
1897
712
-461
-1484
-2327
-3118
-3861
-4619
-5021
-5387
-5855
-6231
-6387
-6539
-6489
-6364
-5909
-5115
-4302
-3498
-2752
-1890
-1057
-82
668
1286
1661
1973
2240
2483
2675
2742
2781
2615
2461
2374
2261
1989
1654
1283
1107
1052
1074
1100
1250
1401
1737
2182
2782
3324
3754
4110
4506
5008
5476
5985
6443
6966
7407
8001
8362
8703
8742
8750
8667
8518
8154
7625
7258
6643
6180
5711
5662
5555
5268
3610
587
-2182
-3788
-4235
-5593
-7413
-9046
-9023
-8661
-8288
-7937
-7825
-8130
-8679
-8368
-7777
-6814
-6327
-5553
-4619
-3017
-1080
832
2049
2470
2941
3292
3643
3543
3407
2915
2435
2005
1892
1946
1688
1144
214
-743
-1731
-2553
-3623
-4731
-5714
-6274
-6308
-6063
-5688
-5401
-4934
-4546
-3987
-3326
-2655
-2160
-1716
-1203
-546
368
1218
2098
2815
3479
3960
4279
4290
3982
3515
2925
2377
1796
1288
742
251
-392
-1017
-1665
-2289
-3145
-4491
-5470
-6114
-6366
-6749
-7215
-7477
-7062
-6498
-5834
-5080
-4416
-3672
-3027
-2191
-1450
-790
-307
170
709
1401
1982
2426
2649
2614
2694
2699
2499
2192
1719
1206
855
626
501
542
481
443
549
739
1029
1307
1462
1614
1964
2461
3106
3560
4042
4536
5145
5718
6252
6741
7101
7331
7458
7713
7728
7797
7681
7726
7777
7688
7347
7040
6795
6502
6136
5252
4772
4477
4444
3873
2254
-261
-2181
-2930
-3640
-4956
-6838
-7796
-7937
-7676
-7528
-7076
-6800
-7113
-7362
-6932
-6029
-5448
-5086
-4860
-4075
-2802
-1215
221
1130
1654
2236
2910
3172
3227
2930
2368
1702
1311
1211
1121
743
88
-451
-952
-1373
-1889
-2553
-3433
-4235
-4771
-5034
-5002
-4865
-4584
-4241
-3762
-3086
-2212
-1529
-1089
-713
-274
233
683
1102
1405
1729
2059
2468
2828
2967
2844
2582
2176
1660
1153
531
-233
-1076
-1818
-2416
-2861
-3355
-3791
-4183
-4461
-4608
-4845
-5045
-5232
-5259
-5006
-4662
-4275
-3707
-3138
-2492
-1766
-1086
-335
245
687
1121
1504
1852
2052
2100
2151
2141
2140
2093
1934
1782
1635
1441
1243
988
784
618
383
241
227
386
618
945
1300
1770
2200
2654
3075
3526
4035
4419
4789
5048
5285
5472
5708
5916
6195
6361
6338
6407
6391
6459
6387
6204
5815
5442
5047
4757
4501
4121
3905
3704
3742
3467
3451
3325
3259
2998
2903
2488
872
-969
-2321
-2527
-3378
-4678
-5950
-5905
-5707
-5753
-5627
-5308
-5085
-5472
-5358
-5225
-4863
-4897
-4677
-4446
-3797
-2787
-1681
-718
-196
613
1304
1803
1717
1745
1547
1080
485
116
67
-237
-527
-810
-839
-1016
-1196
-1595
-2053
-2593
-3193
-3616
-4027
-4183
-4270
-4125
-3955
-3489
-2854
-2194
-1689
-1293
-798
-472
-211
-97
124
265
403
487
708
1039
1223
1342
1290
1189
957
712
294
-181
-699
-1237
-1729
-2229
-2540
-2926
-3159
-3556
-4020
-4214
-4307
-4218
-4186
-4140
-3982
-3357
-2920
-2342
-1807
-1333
-762
-261
268
737
1182
1335
1563
1711
1986
2109
2158
2064
1953
1938
1828
1767
1586
1400
1046
831
640
557
529
322
276
310
489
625
861
1000
1327
1621
1878
2327
2699
3154
3405
3710
3868
4184
4283
4380
4353
4396
4531
4556
4493
4221
4255
4141
3996
3696
3451
3189
2940
2628
2392
2349
2222
2221
2232
2344
2455
2581
2645
2597
2729
2682
2178
1031
-297
-1223
-1910
-2869
-4118
-4889
-5441
-5629
-5856
-5875
-5811
-5823
-6036
-6194
-6032
-5964
-5879
-5967
-5715
-5214
-4378
-3625
-2830
-1966
-1123
-338
181
669
875
895
573
339
195
85
-136
-407
-573
-714
-811
-1056
-1230
-1569
-1983
-2526
-3011
-3414
-3740
-4041
-4308
-4265
-4045
-3603
-3200
-2729
-2219
-1674
-1222
-802
-415
-158
30
110
322
587
860
1044
1232
1395
1468
1463
1285
1062
673
103
-615
-1258
-1823
-2366
-2933
-3423
-3589
-3584
-3462
-3354
-3106
-2849
-2535
-2309
-2071
-1794
-1508
-1256
-954
-567
-140
388
871
1440
1962
2421
2677
2865
2879
2849
2705
2479
2238
1985
1762
1512
1428
1342
1314
1257
1157
1047
933
780
646
562
452
526
705
940
1216
1585
1983
2431
2870
3183
3512
3732
3891
3984
4053
4015
4053
4068
4025
3976
3965
3883
3743
3600
3404
3229
3022
2735
2448
2144
1833
1575
1431
1333
1390
1416
1420
1507
1629
1659
1670
1692
1765
1860
1507
771
-130
-754
-1321
-1955
-2857
-3544
-3931
-4121
-4292
-4446
-4454
-4538
-4619
-4686
-4494
-4356
-4364
-4458
-4312
-3916
-3414
-2898
-2406
-1770
-1141
-512
-5
467
747
867
833
733
711
561
318
26
-107
-213
-309
-484
-620
-758
-968
-1225
-1486
-1710
-2007
-2309
-2597
-2691
-2665
-2531
-2346
-2058
-1701
-1298
-838
-409
-34
228
359
429
565
711
802
840
885
1021
1026
971
900
751
426
-40
-542
-968
-1389
-1929
-2328
-2554
-2611
-2602
-2474
-2300
-2075
-1815
-1517
-1187
-866
-581
-393
-212
19
378
712
989
1273
1562
1847
2116
2344
2454
2468
2319
2174
2050
1875
1614
1345
1128
965
882
779
710
586
459
400
448
460
491
529
581
704
874
1099
1355
1695
1996
2292
2555
2805
3023
3223
3281
3295
3289
3211
3173
3138
3014
2900
2796
2679
2634
2557
2434
2336
2136
1850
1644
1440
1234
1090
909
840
878
862
896
964
1019
1133
1264
1316
1408
1515
1532
1400
1128
772
473
51
-572
-1314
-1861
-2451
-3056
-3615
-3998
-4171
-4447
-4663
-4707
-4604
-4610
-4534
-4400
-4202
-3999
-3764
-3431
-2964
-2447
-1961
-1412
-929
-432
31
348
592
773
822
716
523
333
201
-4
-251
-462
-613
-792
-1017
-1183
-1333
-1482
-1675
-1863
-2016
-2124
-2210
-2238
-2148
-1968
-1741
-1512
-1273
-969
-645
-360
-89
187
394
522
570
602
683
654
506
309
116
-65
-255
-467
-657
-834
-1021
-1208
-1346
-1387
-1395
-1432
-1453
-1408
-1308
-1176
-997
-764
-477
-217
14
279
525
722
871
1007
1145
1260
1302
1311
1304
1271
1246
1242
1232
1209
1145
1052
991
917
828
743
704
707
729
762
829
932
1057
1178
1296
1464
1596
1687
1729
1776
1854
1927
1965
2009
2050
2070
2119
2100
2117
2136
2152
2161
2114
1997
1878
1764
1597
1455
1303
1239
1179
1188
1149
1127
1143
1164
1126
1048
928
815
829
723
593
489
501
574
635
675
731
816
848
878
846
806
675
465
277
46
-329
-936
-1507
-1992
-2412
-2887
-3321
-3650
-3852
-4040
-4173
-4078
-3874
-3690
-3531
-3315
-3072
-2827
-2588
-2343
-2050
-1793
-1565
-1297
-999
-707
-463
-316
-211
-111
-104
-211
-385
-589
-816
-1046
-1247
-1390
-1500
-1611
-1676
-1647
-1581
-1516
-1457
-1410
-1331
-1237
-1144
-1058
-935
-782
-605
-386
-160
90
297
454
571
673
674
607
512
375
233
46
-142
-299
-409
-486
-506
-478
-411
-364
-317
-274
-232
-129
-53
24
93
188
297
447
584
717
862
976
1108
1194
1217
1185
1130
1047
957
833
742
670
575
530
503
535
564
593
650
719
754
791
796
789
803
841
932
1001
1080
1156
1255
1298
1385
1474
1565
1613
1596
1552
1515
1493
1407
1378
1325
1261
1207
1152
1082
1021
993
885
839
699
660
580
498
442
356
282
231
214
190
215
143
163
178
199
230
265
251
213
221
233
316
377
375
368
367
375
399
419
355
328
274
184
115
24
-101
-256
-406
-573
-704
-845
-1036
-1188
-1348
-1511
-1650
-1758
-1864
-1953
-2060
-2144
-2168
-2219
-2218
-2201
-2208
-2190
-2148
-2115
-2049
-1977
-1931
-1878
-1841
-1755
-1654
-1556
-1487
-1419
-1337
-1276
-1210
-1151
-1094
-1048
-993
-957
-914
-869
-822
-745
-685
-618
-548
-476
-413
-368
-319
-289
-246
-211
-182
-150
-107
-50
0
55
134
223
284
344
422
528
625
709
746
809
871
926
975
1012
1040
1082
1135
1178
1226
1254
1281
1305
1300
1290
1260
1219
1194
1180
1168
1114
1055
1017
1013
1029
1026
1000
959
930
877
823
776
757
751
714
701
712
759
773
778
797
814
847
869
910
981
1042
1052
1053
1088
1098
1057
970
862
765
715
629
566
499
424
368
334
314
246
206
110
50
21
-33
-113
-156
-225
-257
-230
-240
-190
-187
-176
-158
-142
-169
-171
-207
-261
-284
-348
-426
-492
-566
-665
-675
-745
-797
-830
-906
-976
-1025
-1089
-1159
-1176
-1245
-1274
-1295
-1356
-1381
-1389
-1406
-1393
-1376
-1380
-1347
-1333
-1307
-1260
-1231
-1218
-1171
-1131
-1117
-1063
-1018
-975
-910
-856
-794
-735
-715
-690
-679
-681
-670
-665
-670
-629
-566
-533
-491
-473
-437
-385
-331
-286
-254
-228
-229
-172
-120
-47
5
53
124
196
274
335
417
490
565
595
600
605
621
615
630
661
672
700
710
720
735
729
710
717
709
720
715
719
724
739
748
751
761
765
785
799
825
849
894
905
909
883
836
825
801
766
748
734
679
648
578
588
586
580
566
527
525
533
557
581
609
562
564
543
568
611
584
575
561
561
545
553
505
529
519
508
506
458
426
411
409
404
399
340
304
231
176
123
86
32
-26
-65
-112
-129
-137
-137
-135
-147
-210
-234
-271
-270
-247
-271
-312
-340
-387
-431
-456
-522
-543
-610
-653
-685
-689
-708
-715
-727
-739
-730
-775
-805
-881
-914
-952
-952
-941
-946
-950
-951
-941
-909
-862
-851
-804
-795
-758
-741
-733
-717
-722
-739
-757
-765
-770
-733
-744
-738
-729
-721
-684
-677
-646
-623
-594
-556
-509
-468
-412
-341
-257
-148
-72
21
79
159
223
239
270
275
280
293
289
308
329
335
347
348
362
377
412
453
478
500
486
465
424
411
397
413
429
446
453
451
476
538
599
647
666
691
748
793
833
822
788
719
679
672
682
693
656
624
614
622
613
601
593
563
573
610
664
709
700
705
714
756
793
785
758
740
732
717
749
727
733
720
726
762
740
716
700
675
619
559
489
455
432
412
394
355
310
274
284
268
270
237
194
180
166
155
136
112
106
124
113
108
64
25
-8
-60
-93
-130
-193
-247
-254
-247
-227
-234
-250
-288
-301
-301
-320
-335
-356
-388
-381
-358
-369
-328
-302
-265
-205
-176
-146
-122
-153
-183
-243
-318
-378
-453
-496
-512
-537
-556
-587
-610
-613
-626
-629
-629
-611
-588
-587
-583
-564
-566
-551
-561
-584
-587
-601
-594
-549
-526
-502
-456
-420
-359
-292
-228
-163
-116
-93
-63
-37
-2
27
37
56
33
-10
-53
-79
-87
-93
-94
-82
-50
-20
3
25
52
76
83
97
113
141
161
192
241
284
341
384
418
452
492
537
579
603
617
627
600
584
586
599
605
604
581
541
481
413
357
321
309
297
298
320
340
368
400
410
411
404
408
414
428
433
466
496
550
597
623
663
662
658
645
624
591
532
468
418
352
286
244
193
189
163
136
92
43
13
-21
-35
-51
-78
-107
-111
-123
-115
-123
-126
-134
-136
-137
-126
-121
-145
-166
-177
-186
-208
-239
-278
-322
-355
-383
-417
-441
-497
-546
-553
-562
-555
-554
-576
-585
-620
-638
-628
-636
-634
-628
-627
-606
-577
-563
-544
-536
-516
-501
-493
-478
-497
-533
-578
-606
-645
-683
-698
-703
-703
-708
-685
-661
-638
-619
-607
-594
-591
-574
-568
-554
-536
-524
-495
-446
-387
-358
-338
-333
-325
-289
-270
-274
-299
-309
-300
-284
-248
-226
-212
-203
-187
-164
-146
-141
-157
-168
-185
-211
-237
-244
-229
-197
-153
-99
-42
21
68
82
90
80
73
61
40
35
14
7
25
58
93
140
170
216
250
269
294
290
271
244
234
221
226
233
255
260
248
239
212
196
172
163
160
149
132
108
106
102
118
125
127
119
111
100
70
50
20
-19
-54
-86
-118
-138
-150
-137
-127
-124
-108
-100
-93
-76
-57
-44
-23
-13
-9
-8
-29
-57
-88
-104
-120
-133
-143
-168
-189
-215
-233
-250
-273
-292
-321
-334
-321
-318
-323
-327
-352
-370
-383
-400
-398
-413
-437
-442
-438
-441
-449
-461
-474
-469
-446
-410
-394
-372
-336
-317
-309
-306
-300
-306
-313
-317
-327
-339
-343
-332
-309
-287
-268
-252
-238
-209
-181
-166
-165
-164
-161
-159
-151
-131
-121
-122
-116
-98
-88
-49
-8
27
63
88
111
132
153
165
160
151
156
158
182
200
191
188
175
168
168
167
156
159
161
170
182
183
197
199
205
207
187
174
176
187
180
184
168
172
202
202
218
238
271
293
319
335
329
338
298
272
270
265
282
255
256
246
222
204
170
179
158
141
122
111
115
90
87
83
72
71
43
37
43
41
46
49
67
79
83
93
110
114
109
113
82
46
6
-25
-39
-67
-91
-132
-143
-141
-142
-146
-151
-166
-174
-182
-194
-202
-210
-221
-223
-202
-193
-201
-208
-187
-193
-187
-175
-171
-172
-173
-177
-186
-179
-177
-174
-167
-177
-180
-190
-203
-209
-216
-211
-207
-198
-185
-167
-161
-147
-137
-128
-123
-130
-131
-120
-113
-113
-98
-84
-70
-54
-45
-53
-58
-53
-47
-40
-38
-39
-44
-31
-13
-3
4
2
8
18
22
34
45
49
42
53
58
65
69
81
100
110
141
150
165
164
161
157
166
171
173
174
174
187
200
211
209
206
206
209
204
201
205
203
203
208
208
214
213
212
214
225
233
246
271
285
302
309
303
302
283
263
263
269
278
273
273
259
244
241
236
229
217
206
193
172
161
150
124
114
100
79
70
65
60
43
23
-3
-37
-47
-57
-70
-71
-62
-40
-31
-37
-32
-19
-10
-7
-5
-17
-22
-17
-18
-18
-21
-27
-31
-23
-21
-26
-36
-68
-74
-88
-109
-119
-147
-169
-195
-207
-210
-202
-187
-181
-182
-178
-174
-162
-146
-149
-154
-151
-141
-119
-113
-109
-111
-116
-107
-107
-115
-127
-140
-150
-163
-172
-183
-197
-198
-207
-217
-225
-230
-218
-202
-184
-169
-147
-121
-95
-81
-58
-45
-24
-1
12
20
28
26
30
37
41
49
40
25
2
-10
-31
-32
-37
-47
-53
-71
-82
-89
-84
-80
-75
-72
-70
-62
-60
-44
-24
-14
9
34
50
67
92
106
105
112
114
112
123
119
125
126
110
98
89
91
83
75
69
61
59
55
50
52
42
32
26
25
37
52
55
57
67
76
98
108
120
120
111
112
118
135
134
123
130
130
133
139
141
130
106
83
56
47
34
5
-30
