-48
-43
-34
-34
-38
-47
-41
-45
-42
-39
-43
-56
-64
-58
-53
-48
-58
-45
-43
-53
-59
-65
-53
-54
-57
-49
-73
-81
-85
-93
-98
-84
-89
-85
-78
-96
-105
-114
-103
-101
-106
-122
-117
-119
-127
-138
-142
-138
-141
-144
-144
-151
-153
-148
-144
-146
-149
-134
-132
-134
-137
-139
-129
-111
-108
-123
-132
-131
-121
-101
-95
-90
-84
-92
-80
-62
-49
-53
-71
-77
-62
-52
-55
-58
-78
-93
-83
-73
-82
-97
-114
-129
-117
-108
-125
-142
-142
-132
-125
-125
-116
-119
-109
-95
-94
-89
-85
-71
-47
-36
-54
-78
-72
-51
-55
-79
-92
-82
-82
-81
-67
-65
-80
-98
-103
-93
-112
-109
-77
-84
-109
-124
-140
-135
-109
-104
-111
-141
-157
-145
-128
-112
-98
-100
-123
-122
-84
-61
-61
-74
-83
-80
-74
-50
-39
-50
-60
-63
-45
-6
14
15
1
-13
-4
19
53
58
33
9
-1
14
45
57
46
24
-3
-2
22
53
57
34
22
20
37
54
54
49
35
31
43
61
82
75
55
37
39
59
77
80
69
52
23
23
30
47
31
18
11
-12
-8
15
12
-28
-40
-27
0
-13
-10
-18
-37
-37
-21
10
-11
-32
-17
-3
-17
-23
-6
-7
-9
-16
-27
-37
-15
13
23
-7
-41
-45
-16
27
22
-1
-12
-7
3
6
10
13
-6
-21
-15
-7
-9
-1
2
-13
-44
-45
-33
-13
-14
-17
-18
-23
-35
-9
1
-15
-24
-32
-33
-20
0
15
-24
-55
-54
-42
-21
-29
-44
-47
-52
-37
-8
-7
-30
-48
-49
-27
-10
5
-12
-43
-52
-54
-34
-6
9
-31
-62
-68
-35
-19
-4
-2
-11
-35
-59
-22
2
-4
-20
-22
-54
-81
-65
-11
-3
-49
-82
-89
-64
-38
-9
-23
-76
-97
-54
-23
-20
-30
-20
-29
-31
-35
-5
39
48
33
11
15
43
97
114
64
28
58
85
72
54
48
46
33
24
22
13
-24
-22
2
-31
-63
-66
-18
13
-21
-40
-16
-5
-19
-24
10
16
-12
7
37
22
13
47
87
73
44
50
67
69
76
71
58
44
49
64
52
41
29
40
64
60
38
41
58
60
38
38
62
70
50
14
-2
22
45
26
12
-16
-42
-46
-34
-4
-20
-90
-76
-34
-43
-80
-90
-59
-42
-85
-128
-134
-132
-85
-72
-101
-135
-182
-171
-72
-47
-102
-157
-129
-80
-85
-102
-60
-21
-72
-83
-68
-52
-98
-83
-25
-34
-135
-137
-20
22
-54
-116
-68
-17
-27
-53
-43
-66
-52
-17
-3
-51
-107
-89
-11
-6
-64
-82
-65
-46
-78
-75
-29
-13
-18
-11
-30
-68
-63
-17
30
-31
-121
-122
-62
-32
-34
-48
-102
-151
-99
43
41
-74
-123
-41
38
-10
-91
-62
-2
23
24
-72
-121
-6
88
49
-50
-98
-30
36
46
16
-34
-72
-8
38
24
-14
-30
-41
-53
-52
-35
-59
-96
-13
-22
-84
-106
-16
36
17
-40
-55
-63
-17
78
116
-5
-94
-74
46
112
89
12
-66
-15
105
148
57
14
64
100
48
24
63
100
112
103
83
14
3
84
124
41
-38
-39
15
19
-27
-34
-74
-104
-106
-74
-61
-113
-178
-150
-94
-124
-161
-181
-159
-141
-123
-135
-131
-192
-209
-160
-65
-57
-169
-202
-101
3
-50
-109
-116
-11
9
-38
-30
27
45
43
68
119
101
-59
-26
218
313
48
-161
31
261
148
18
125
123
-86
-95
171
170
-100
-143
77
32
-194
-144
48
21
-202
-186
-107
-120
-182
-73
-28
-154
-236
-111
-11
-41
-52
-21
-12
-134
-124
67
219
46
-161
-59
181
128
-107
-73
167
170
-56
-113
50
130
27
49
117
37
-141
-45
176
141
-59
-117
7
24
-66
-64
61
58
-47
-194
-153
5
47
-15
-94
-123
-173
-172
-83
8
-75
-170
-158
-110
-154
-161
-59
8
-86
-225
-156
-63
12
-4
12
-42
-31
1
53
43
55
100
129
91
6
43
169
215
74
-46
80
194
100
-75
52
164
68
-149
-36
166
101
-103
-84
56
-14
-80
50
148
-15
-157
-30
174
90
-80
-26
66
-15
-44
95
122
-62
-45
124
112
-101
-72
199
217
-57
-160
102
160
37
-44
82
43
-22
-43
69
26
-61
-53
-4
-7
-131
-145
-29
81
-67
-210
-160
66
27
-135
-190
9
80
-24
-149
-84
-101
-74
29
53
-180
-325
-127
65
-58
-276
-212
-104
-123
-175
-98
-116
-204
-207
-60
-64
-123
-158
-92
-103
-77
-51
-1
-40
-38
-60
-59
20
128
147
-34
-97
61
257
174
103
81
109
45
117
209
220
134
56
58
14
145
224
222
-9
-63
48
218
150
67
46
108
107
67
28
36
98
94
13
-30
25
20
53
101
144
-45
-151
-68
193
161
37
-67
-32
-45
40
179
185
-9
-99
35
160
171
91
146
159
154
117
204
249
246
185
169
211
250
282
182
151
227
317
231
65
93
240
263
103
58
71
139
141
107
54
-2
47
78
70
-70
-122
-73
78
14
-155
-168
-54
-45
-147
-85
-19
-60
-254
-211
-89
-14
-124
-177
-163
-119
-197
-197
-196
-142
-140
-120
-243
-330
-271
-89
-99
-189
-284
-181
-226
-221
-147
-50
-140
-257
-157
-7
-23
-153
-76
15
120
-61
-49
-9
134
68
153
159
140
-29
57
367
399
148
-10
289
363
280
164
447
431
226
133
448
522
331
275
452
452
224
265
489
552
353
199
299
447
427
319
191
233
309
305
180
200
160
206
164
141
61
27
135
179
47
-110
-49
-64
-34
-22
-11
-190
-330
-247
-13
-173
-390
-390
-183
-306
-453
-439
-207
-388
-549
-454
-249
-489
-641
-492
-172
-376
-608
-620
-304
-356
-468
-493
-370
-342
-380
-383
-423
-292
-221
-190
-350
-336
-240
-153
-250
-124
-161
-238
-363
-60
-28
-89
-276
-97
-164
-255
-96
145
146
-279
-211
23
265
37
89
209
175
-5
151
345
296
117
218
351
243
117
281
424
246
215
253
392
176
324
474
439
63
105
423
602
387
114
270
366
426
345
428
323
311
318
460
299
118
286
482
439
55
8
266
438
234
10
-23
199
209
28
-118
57
35
-14
-143
-37
-97
-99
-179
-61
-237
-324
-405
-158
-86
-375
-627
-511
-309
-484
-471
-500
-448
-768
-708
-591
-420
-611
-736
-774
-751
-686
-707
-640
-749
-742
-793
-670
-850
-778
-736
-462
-636
-852
-865
-672
-481
-590
-580
-643
-557
-593
-498
-594
-474
-312
-240
-446
-653
-451
-37
28
-207
-367
-181
-53
7
17
192
176
64
28
277
474
510
470
426
360
345
683
991
885
481
511
822
931
756
808
1135
1032
633
679
1146
1217
963
920
1096
972
797
1106
1403
1131
799
837
1109
957
902
1127
1193
680
434
714
1129
831
504
503
733
529
192
244
536
588
161
-218
-93
137
61
-160
-254
-222
-492
-621
-498
-392
-693
-927
-844
-761
-1040
-1244
-1129
-901
-1107
-1448
-1532
-1422
-1283
-1379
-1529
-1603
-1580
-1706
-1831
-1734
-1499
-1558
-1874
-2047
-1862
-1713
-1775
-1876
-1802
-1792
-1903
-1935
-1731
-1613
-1601
-1649
-1639
-1685
-1572
-1347
-1154
-1232
-1338
-1307
-1066
-862
-709
-622
-623
-579
-474
-242
-50
103
354
311
353
402
743
952
1154
1216
1447
1308
1334
1574
2123
2160
1940
1884
2132
2342
2377
2517
2532
2524
2423
2654
2622
2691
2533
2701
2681
2574
2548
2476
2518
2443
2543
2274
2187
1889
2065
2029
2140
1737
1354
1339
1649
1635
1016
1008
1170
1166
528
538
758
911
379
64
167
276
126
-114
-12
-160
-386
-597
-389
-428
-542
-892
-872
-833
-875
-1193
-1361
-1178
-1257
-1492
-1766
-1713
-1852
-1917
-2143
-2154
-2262
-2407
-2634
-2742
-2746
-2979
-3057
-3133
-3065
-3479
-3638
-3724
-3388
-3633
-3805
-4007
-3718
-3796
-4099
-4022
-3752
-3612
-3916
-3799
-3674
-3478
-3402
-3181
-2975
-2876
-2814
-2633
-2121
-1772
-1660
-1656
-1311
-831
-445
-130
-18
375
639
1079
1311
1837
1963
2255
2472
3153
3232
3196
3349
3890
4376
4286
4337
4460
4634
4413
4861
5253
5333
4648
4675
4938
4990
4873
4945
5167
4666
4238
4196
4635
4633
4411
3974
3863
3610
3646
3624
3539
3289
2936
2800
2530
2372
2229
2282
2041
1770
1205
1130
1030
1236
1024
596
186
50
238
110
-104
-447
-446
-650
-896
-1240
-1204
-1342
-1603
-1821
-2115
-2492
-2960
-3038
-3021
-3289
-4053
-4589
-4733
-4776
-5172
-5734
-5981
-6341
-6665
-7176
-7323
-7451
-7665
-7973
-8233
-8362
-8585
-8618
-8487
-8276
-8450
-8490
-8415
-7966
-7655
-7402
-7070
-6684
-6276
-5975
-5403
-4668
-4075
-3688
-3053
-2460
-1716
-1237
-399
411
1016
1521
1989
2776
3364
3976
4347
4994
5213
5595
5788
6428
6800
6861
7186
7384
7389
7043
7673
7968
7823
7249
7531
8058
7943
7363
7195
7487
7291
7355
7118
6917
6532
6684
6522
6470
5929
5644
5643
5753
5508
4818
4682
4684
4709
4266
3745
3499
3669
3457
3117
2633
2828
2664
2339
1988
1892
2203
1942
1580
1195
1223
1083
805
424
238
-104
-497
-947
-1603
-1977
-2311
-2624
-3528
-4284
-4800
-5209
-5939
-6579
-7175
-7662
-8441
-9135
-9594
-9922
-10483
-11153
-11434
-11674
-12125
-12561
-12504
-12509
-12611
-12926
-12786
-12538
-12234
-12080
-11810
-11297
-10920
-10495
-9948
-9069
-8560
-7851
-7245
-6316
-5702
-4786
-4011
-3035
-2188
-1316
-583
319
1189
2086
2940
3610
4073
4571
5327
5858
6317
6609
6998
7582
7984
7492
7386
8344
9127
8642
8141
8239
8889
9260
9078
8730
8529
8625
8936
8973
8595
8378
8858
8815
8491
8186
8287
8686
8534
8037
8035
7866
7380
7499
7878
7370
6547
6635
6492
6011
5823
6171
5927
4726
4474
4858
5080
3951
3358
3598
4085
3188
2276
1755
2238
2061
1447
628
262
-134
-588
-1253
-1802
-2287
-2732
-3598
-4600
-5087
-5418
-6141
-6918
-7578
-8150
-8907
-9553
-10008
-10361
-10769
-11485
-12056
-12190
-12554
-12918
-13053
-12952
-13267
-13574
-13522
-13200
-12972
-12858
-12735
-12441
-11884
-11630
-11106
-10527
-9787
-9326
-8750
-8036
-7307
-6441
-5611
-4820
-4038
-3176
-2363
-1402
-486
331
990
1722
2398
3086
3610
4009
4868
5308
5690
6388
5900
6047
6838
7767
7574
7216
7474
7841
8132
8261
8074
7562
8058
8348
8588
8311
8041
7477
7820
8984
8654
7951
7489
7783
8405
8850
7710
6945
7978
8586
7915
6879
7158
8032
7698
6836
6510
7236
7011
5915
5813
6369
6236
5307
5243
5237
5200
4483
4509
4640
4403
3325
3031
3809
3667
2543
1801
1904
1915
1152
305
-108
-322
-865
-1930
-2760
-3165
-3729
-4430
-5441
-6116
-6755
-7339
-8352
-9025
-9431
-9844
-10889
-11599
-11796
-12066
-12748
-13367
-13333
-13420
-13840
-14328
-14084
-13831
-13851
-14033
-13645
-13252
-13097
-12772
-12155
-11381
-11087
-10607
-9944
-8897
-8264
-7566
-6702
-5543
-4811
-4063
-3183
-1996
-1158
-481
160
963
1721
2437
2714
3167
4656
5067
4926
5053
5820
6721
6989
6705
7038
7091
7180
7248
7871
7950
7926
7724
6938
7549
8734
8104
7179
7541
7618
8260
7746
7711
7275
7520
7942
7565
7714
7111
7538
7796
7395
6828
7180
7031
7541
6921
6464
6284
7291
6145
5675
5986
6442
5682
5261
5198
4596
5022
4325
4673
4295
4235
3239
3396
3785
3422
2784
2492
2522
2072
1753
1200
1060
649
-153
-606
-839
-1441
-2656
-3099
-3229
-3853
-5212
-6086
-6312
-6541
-7565
-8619
-9097
-9337
-10014
-10793
-11326
-11617
-11964
-12380
-12805
-13176
-13314
-13486
-13469
-13487
-13542
-13658
-13399
-13040
-12736
-12509
-12207
-11620
-10986
-10467
-10126
-9334
-8196
-7391
-6808
-6250
-5167
-4136
-3249
-2744
-1933
-1408
-197
555
944
1725
2519
3387
3032
4479
4499
4510
5854
6278
6527
5552
5756
7307
8085
7260
6142
7010
8107
7890
6892
6900
8119
8228
7737
7209
6871
7444
7920
8397
7696
6894
7156
7745
7554
7675
7769
7436
6875
7095
7753
7167
6837
6844
6889
6334
6596
6594
6116
5857
6016
6066
5408
5363
4668
4537
4583
4695
4130
3157
3253
3964
3706
2551
1924
2523
2707
2078
1309
920
1083
935
503
-352
-964
-1130
-1269
-1844
-2825
-3398
-3770
-4070
-5175
-5853
-6236
-6410
-7411
-8277
-8648
-8960
-9550
-10250
-10600
-11004
-11409
-11958
-12198
-12408
-12619
-12857
-12954
-13125
-13166
-13090
-12850
-12608
-12454
-12270
-11968
-11398
-10846
-10360
-9853
-9070
-8198
-7575
-6992
-6315
-5162
-4363
-3654
-3388
-2417
-1536
-425
295
327
382
1929
3012
2686
3525
4033
4803
4884
5087
4895
6181
6831
6120
6487
7128
6874
6414
7427
7149
7273
7614
8126
7293
7072
7447
7668
8013
8807
7829
7204
6711
7557
8192
9267
7934
6162
6932
7914
8283
7584
6871
6893
7435
6939
6108
6540
6908
6597
6055
6253
5611
5546
5410
5584
5300
4623
4444
4536
4901
4449
3560
3695
4214
4110
3373
2721
2958
3135
2994
2066
1534
1239
1692
663
-522
-797
-547
-961
-2870
-3799
-3914
-3723
-5047
-6474
-6971
-6850
-7719
-9132
-9695
-9799
-10068
-11202
-11772
-12096
-12371
-13029
-13250
-13155
-13441
-14180
-14416
-13643
-13473
-13765
-13986
-13126
-12613
-12430
-12366
-11446
-10475
-9843
-9388
-8702
-7624
-6932
-5884
-5413
-4337
-3860
-3347
-1925
-1484
16
157
-189
488
2628
3178
2932
2946
3429
5100
4498
5398
5403
6479
5429
6639
6759
6537
6688
6642
7600
7028
7345
6919
8212
7823
7904
6772
7044
7696
8313
8172
7038
7362
7790
9128
7372
6650
7499
8560
8470
6333
7240
7789
8389
6752
7283
6656
7086
6725
7346
6466
5789
5691
5686
6747
5271
4425
4610
5896
5479
4184
3636
3976
5128
4142
3646
2952
3483
3648
2966
2425
2113
2058
1775
1651
828
551
-522
-502
-983
-973
-2256
-3476
-4120
-4000
-4336
-5797
-6900
-7149
-6894
-8490
-9812
-9968
-9324
-10254
-11936
-12379
-11886
-12047
-13125
-13544
-13140
-12956
-14008
-14170
-13361
-12836
-13180
-13398
-12594
-11908
-11534
-11526
-10521
-9498
-8929
-8936
-8025
-6796
-6155
-5434
-4783
-3674
-2998
-2445
-2093
-191
-282
335
569
2460
2350
2231
2630
4325
4162
4739
4206
3877
5513
5739
6486
5563
6729
6206
6364
6059
7245
8186
7729
6725
6943
7387
7618
8766
7530
7753
7034
7780
6942
8079
7577
7804
7927
6415
6740
6950
8920
7656
7187
6261
7156
7464
6644
6615
6306
6175
6248
7067
5659
5508
4355
5806
6585
5451
3479
3520
5332
4596
3686
3303
4278
3333
2536
2764
3264
2433
1623
2357
2476
1934
229
565
1191
1070
-470
-1328
-1257
-1299
-1224
-3016
-4440
-4335
-3500
-4678
-6947
-7821
-7011
-7028
-8993
-10155
-10055
-9522
-11068
-12048
-11885
-11727
-12597
-13378
-12858
-12777
-13408
-14036
-13291
-12659
-12705
-13421
-12895
-11440
-11280
-11522
-10792
-9564
-8863
-8374
-8151
-7405
-5611
-4951
-5384
-4542
-2681
-2324
-1799
-1866
-593
311
1166
942
790
1208
2071
3349
3108
3074
2829
4597
2967
4441
6426
4986
3199
5107
8216
6592
4995
4614
7286
8534
6741
5000
5804
9828
7849
5223
6549
8003
7671
8053
8139
7184
4992
8424
8889
8314
6608
5079
6772
9799
9637
5984
5699
6744
7873
8240
7714
5757
5446
6698
6674
6678
5277
5108
4726
5135
4827
4898
4122
3869
3828
4490
3877
2602
2725
2903
3534
2231
2002
1532
2342
1489
966
107
378
37
-765
-1996
-2174
-2033
-2052
-3935
-5613
-5492
-5060
-5693
-7784
-8453
-8425
-8571
-9990
-10745
-11072
-11177
-11659
-12680
-12841
-13227
-13354
-13893
-13379
-13021
-13731
-14451
-13905
-12591
-12619
-12976
-12672
-11519
-11122
-10674
-10263
-9121
-8455
-8063
-6762
-6069
-5907
-5349
-3433
-3719
-2038
-1709
-1875
-2853
-627
1878
1112
111
198
2736
2413
2474
2478
4322
3853
3431
4124
4713
4990
5181
5740
5273
5919
5691
6493
5489
5717
6599
8149
6832
6784
6444
7268
7891
8164
9076
7610
6033
5281
8633
9622
7892
7031
6100
7286
7996
9197
7603
6115
5868
8324
9198
7852
4912
5141
8480
9058
6296
4547
5654
7987
7329
5888
5304
5393
5838
6505
6048
3982
3126
4958
5796
4470
3239
2680
3744
3328
3650
3119
1864
799
1742
2729
1270
-647
-1657
-443
-714
-1829
-3199
-4477
-4450
-4601
-4534
-6584
-8513
-9020
-7643
-8121
-10248
-12046
-11779
-10745
-11826
-13165
-13951
-13250
-13056
-13405
-14277
-14279
-14043
-13352
-13110
-13251
-12993
-12583
-12161
-11356
-10294
-10245
-9962
-8788
-7683
-7305
-6226
-6085
-5745
-4747
-3232
-2863
-3670
-3491
-1306
238
-64
-1158
-175
1250
3014
1905
1561
1959
2967
3816
4002
4290
5464
3760
3052
6303
7309
5409
5985
5763
5023
6693
9651
8135
5472
5431
7628
9558
7932
6593
7337
7639
9334
8908
8155
6459
7293
9156
9402
7989
6937
7245
8505
10029
8961
7033
5574
7907
9989
8732
6279
5838
7111
8367
8109
5971
3773
4685
7137
8168
5390
4415
2390
4447
6244
6720
3397
2523
2458
4557
5404
3577
1252
1141
3382
3201
1964
-559
-1078
947
1384
-1189
-3543
-3138
-2357
-3445
-5335
-6011
-6038
-6929
-8479
-9287
-9046
-10136
-11672
-12294
-11782
-12280
-13425
-14567
-14624
-13909
-14080
-14883
-15378
-14889
-14125
-14484
-14916
-14635
-13418
-12559
-12200
-12653
-11864
-10843
-9461
-9017
-8796
-7653
-6314
-5745
-5829
-3944
-2755
-3440
-2219
-1152
-252
-1143
-1044
154
2469
2286
654
1877
3682
4307
2475
3837
3608
4850
6689
5390
4517
5477
8631
7032
5472
5824
6919
7300
8037
6166
7055
7201
7398
8194
8444
8341
8334
6577
7934
8771
9937
8674
7986
7886
7885
8827
9462
7064
7003
8776
9375
8445
7018
6156
7239
8289
8314
7691
6816
5455
6610
8046
6654
6141
4640
6828
6753
5486
3770
3873
5579
4810
4890
3495
2813
2238
3432
3790
3219
935
38
1705
1905
1573
-856
-1172
-1553
-1616
-2002
-2632
-3444
-5792
-6046
-5919
-5548
-7234
-9557
-10274
-9755
-9345
-11130
-12823
-13407
-12808
-13063
-13762
-15082
-15567
-15013
-14167
-14530
-15353
-15589
-15129
-14453
-13772
-12830
-13159
-13087
-12083
-10432
-10042
-9698
-9251
-8314
-6493
-5459
-5766
-5954
-5529
-2955
-582
-1650
-3314
-2774
-504
1360
970
-669
-241
1797
4049
3724
2577
2366
2431
5322
6128
6401
3778
3890
4964
6793
5950
6805
7442
4795
4937
6636
8782
7588
7941
6910
6836
9285
9334
7700
6504
9615
8721
11003
8851
8532
7739
10494
9796
8435
10126
9169
10635
9763
10788
6764
9050
9070
9573
9490
8348
8047
6736
7973
7487
9864
6643
5108
6188
6621
6689
4788
6631
4243
4368
3738
4972
4508
4379
3371
2043
2497
2640
2859
1449
356
-225
531
406
-1539
-3084
-3381
-3289
-4239
-5771
-7480
-8289
-8193
-9428
-10309
-11414
-11857
-14258
-14544
-13524
-13889
-15250
-16770
-17013
-16239
-15781
-17143
-17902
-16555
-16226
-15798
-16546
-15663
-15922
-14994
-14266
-13227
-12923
-11922
-11405
-11087
-10030
-8366
-6568
-7380
-6635
-5093
-3221
-3946
-2958
-2118
-91
26
-16
873
1252
1602
2591
3233
3141
2249
2164
4651
4415
4408
4425
3267
4778
5478
6334
4739
5146
6367
5802
6028
5794
8339
9421
8537
6988
8288
8990
10064
10153
8761
8508
10850
12222
8764
9529
8910
10568
12017
10742
10573
9929
9749
8106
10726
11597
12087
9546
8697
8383
8892
10695
11462
10419
8638
9511
7941
8743
9156
8612
8622
8194
8217
6386
7120
5821
7285
8500
8139
3640
1421
5106
6205
5500
1722
-274
-877
363
976
-1424
-3503
-5522
-5496
-6676
-6494
-8304
-9653
-11385
-12862
-12442
-12513
-13832
-17253
-17291
-16513
-15269
-17394
-19286
-19540
-18902
-17820
-18420
-18370
-18513
-18561
-17945
-17380
-16693
-15780
-15296
-15558
-14559
-13073
-11587
-11878
-11550
-9138
-8276
-7403
-7100
-5545
-5147
-4671
-3102
-1484
-740
-2264
-1202
-297
2039
2370
1063
1472
1701
2846
4374
4460
3985
1711
3333
5926
5778
4754
2323
4674
4534
6422
6660
5364
3662
4903
7653
8624
7479
8175
7454
8326
10745
10415
9017
8964
12940
12934
12283
9585
7889
9660
15817
15693
12749
10199
11153
11988
13597
15541
14458
11775
8030
11268
15007
16407
11020
8005
6482
11172
13235
15210
10491
4109
3721
7143
12291
10646
7737
2484
2563
6040
8402
8801
5809
1758
-1233
2436
5705
4915
567
-3361
-3701
-1232
290
-2577
-6818
-9387
-9424
-8542
-8262
-9500
-12436
-16103
-17507
-16010
-13791
-14146
-18152
-21886
-21618
-19204
-17347
-18804
-20642
-21890
-21139
-19452
-18625
-17968
-18697
-18552
-18405
-16741
-14793
-13193
-13001
-13784
-12796
-10677
-8155
-7813
-7160
-6593
-5993
-5281
-4346
-3707
-2208
-1254
-723
-1327
-1381
-648
-169
1838
2343
3177
1956
2523
1944
2971
4146
5467
5665
4046
4185
4250
6883
8176
7484
7349
7637
9166
9744
9568
8651
7613
10191
11099
12607
10841
9353
9604
10585
10989
13861
13500
14367
9929
7187
8627
14974
18396
15071
12297
6614
9100
14092
18486
17614
12661
9634
9211
12789
15226
15026
11577
8784
9913
12344
13337
10515
7583
5464
8323
11840
11869
8490
4160
1508
2344
6176
8639
6390
1183
-4419
-5075
-3096
-322
407
-3453
-9264
-12827
-11913
-9550
-10104
-12100
-15147
-17269
-18444
-18503
-17475
-17961
-20103
-22546
-21981
-20882
-20369
-21466
-23016
-22390
-21830
-19844
-19023
-18929
-19840
-20126
-18715
-16558
-14128
-13251
-12423
-13756
-13735
-11918
-8236
-6356
-6800
-7156
-7167
-5974
-4754
-2905
-2084
-2205
-3248
-2940
-1657
-283
441
-193
-32
-634
162
1705
2221
2312
2184
2403
3625
4665
4242
4413
5734
5984
7714
6833
6137
6184
9210
11542
12289
10528
9465
9606
11567
13586
13466
14131
13927
14442
13563
13964
15963
16641
16948
15825
14535
14615
14391
16845
18380
17562
15368
14737
13264
15332
15867
16076
16000
14442
13737
12048
11580
12455
11331
11434
10723
10384
11416
10250
9540
6431
4860
4209
7142
7111
6449
2396
-2226
-2930
-2715
-936
-2221
-4540
-7691
-10636
-12286
-13891
-13948
-13520
-14645
-17839
-21207
-22070
-22137
-21590
-22831
-23113
-23586
-24404
-25705
-26219
-24973
-23496
-23177
-22983
-22543
-21578
-20920
-20474
-19865
-18010
-16439
-14788
-12817
-12456
-12183
-12144
-10274
-8420
-6401
-4842
-4876
-5446
-5358
-4459
-2756
-910
349
-317
-1306
-2236
-480
1466
2627
2343
1305
1259
1044
1987
3359
4034
3375
3603
4158
4733
6037
7482
6582
7117
7994
8845
10395
10952
11162
11738
13577
13160
12273
13632
13955
15614
15606
17148
16945
16123
15232
15709
17028
17165
17071
17624
17790
17195
15904
16247
15610
16362
16870
16044
16140
14789
13611
12848
13655
13803
12698
12613
11503
9976
10318
11248
12156
9603
7402
4808
5880
6474
6312
3510
863
-1239
-2970
-3741
-4339
-5041
-6685
-10184
-13847
-16612
-16892
-16209
-16860
-19110
-21919
-24160
-25700
-26399
-26233
-24863
-24643
-26127
-28344
-28944
-27221
-25506
-24617
-23775
-23250
-23034
-22726
-22014
-20440
-18329
-16186
-14839
-14502
-13975
-13273
-12080
-10599
-9138
-7864
-6257
-6156
-6513
-6453
-5318
-4042
-3385
-2544
-1989
-1684
-2109
-2496
-1889
-528
695
1019
1010
1057
735
1342
1877
3495
4651
4518
4280
4118
5212
6906
8149
8226
8522
8941
9497
10942
11534
13454
14706
13845
12988
13549
15509
16376
16548
16122
16427
16741
17550
17317
17235
15999
16906
16656
17621
17430
17099
16028
14289
13692
13407
15454
15692
15608
12826
10909
9699
10317
11425
12837
13847
12052
8120
4294
3179
4303
5431
4495
2799
71
-3141
-6721
-9877
-9784
-8860
-9560
-13430
-17779
-19793
-21981
-23492
-24500
-23610
-24111
-25817
-29128
-30721
-30429
-29917
-29113
-28835
-28082
-27917
-27829
-27734
-27027
-25337
-23658
-22330
-21111
-19962
-18602
-17072
-16061
-15552
-14208
-12490
-10799
-9641
-9074
-7917
-7405
-7407
-7257
-6011
-4131
-3508
-3618
-3899
-3725
-3738
-3524
-2829
-1358
-478
-412
-935
-1106
-541
352
1492
2507
3228
3662
4109
4532
5930
7309
8932
9665
10546
11066
11811
14159
15663
17158
18243
19091
19267
19561
21270
22272
23761
24477
24839
25259
26142
26295
26042
26579
26853
28053
28358
28281
28524
27153
26542
25771
25962
26876
26098
25860
24528
23722
22610
23152
23523
24085
24202
21518
19264
16276
16224
16842
16746
15312
12946
10985
8104
4452
2194
2210
2666
852
-2719
-6177
-7219
-9641
-12148
-13003
-12446
-11758
-14029
-16114
-17067
-16947
-16956
-17749
-17095
-15906
-14541
-14173
-13239
-12961
-12083
-11292
-11086
-9430
-7965
-5207
-3746
-3534
-3855
-3854
-2753
-1989
-1121
156
1664
1761
785
131
508
1254
1001
1050
1482
2248
2420
1603
1389
1601
1142
1193
1446
2443
3282
3655
3705
3332
3262
3847
4623
5234
6168
6880
8396
8165
8469
9045
9875
10029
10151
10948
11984
13440
13414
14060
14421
15142
14918
14373
15093
14983
16177
16121
16696
16096
15520
14990
14412
14773
14441
15053
14325
13737
12005
10817
9967
8694
8370
8009
8652
8807
8166
6504
3843
510
-2088
-2472
-2231
-3507
-4878
-6819
-9988
-14127
-18448
-20115
-20838
-21629
-24323
-26481
-27961
-30681
-32768
-32746
-32768
-32768
-32762
-32768
-32756
-32768
-32753
-32768
-32752
-32768
-32748
-32768
-32632
-31214
-29090
-28014
-27372
-26648
-25816
-23409
-21235
-18978
-17830
-16027
-14958
-14839
-14448
-14108
-12521
-12169
-11495
-10865
-9890
-9288
-9678
-10011
-9911
-9583
-9529
-8956
-8034
-7049
-6645
-6651
-6604
-6159
-5410
-4109
-2855
-1564
-673
112
1493
2418
4245
5653
7465
8024
8500
9727
11332
12644
13591
15161
15722
16142
15951
16750
17242
18407
18944
19282
19980
20490
20055
20480
20546
20284
20008
19663
20491
20534
21251
20534
19855
19293
18566
17795
17560
17350
17210
17040
16762
17088
16605
17217
16645
14826
12451
10501
10400
10019
9678
7493
6796
3848
1232
-2481
-4351
-4515
-6331
-7825
-11146
-12408
-13950
-15875
-18172
-20289
-20693
-22166
-22063
-23087
-22408
-21946
-22331
-22461
-23835
-22476
-21511
-19933
-18497
-17501
-15316
-14521
-13389
-13027
-11264
-9658
-8220
-7263
-6221
-4255
-3548
-2484
-2738
-2040
-1653
-1493
-1135
-815
199
368
414
102
126
253
420
456
457
1031
1343
1929
2070
2479
3167
3495
3954
4254
5402
6456
7311
8196
8748
10023
10677
11991
12749
13975
14568
15220
16781
16662
17742
18278
18685
19082
19251
19842
20676
20532
20863
19971
20225
19988
19345
20032
19266
20181
19594
18490
17843
17098
16387
15691
14556
14699
14040
13640
11720
11243
10971
11685
10937
9114
6652
3629
2951
733
-229
-2330
-3169
-5772
-9088
-12287
-14841
-15374
-18115
-20810
-24524
-26172
-27357
-29310
-30082
-32185
-32747
-32689
-32768
-32732
-32768
-32740
-32768
-32750
-32768
-32743
-31663
-30338
-28468
-27397
-25154
-24228
-22191
-20796
-18751
-16135
-15575
-14097
-13512
-11524
-10462
-9433
-8603
-7988
-7378
-7409
-6966
-6277
-5387
-4981
-5004
-4878
-4916
-4170
-3920
-3405
-2698
-2404
-1582
-1308
-313
629
1836
2633
3652
4731
6043
7386
8524
9846
10994
12566
13702
15050
16606
18192
19363
20542
21444
22398
23467
23764
24482
25293
26404
26964
27229
27283
27233
27321
27449
27994
28234
28694
28448
28253
27846
27416
26903
25753
25488
25220
25154
24569
23944
23251
21963
21036
19678
19744
19459
18524
16525
14432
13021
11011
8934
5530
3886
1772
-195
-3324
-5982
-7446
-9696
-12351
-16093
-18475
-20169
-22345
-24098
-26003
-26258
-26944
-27349
-28173
-28500
-27854
-27936
-27524
-27810
-26645
-25208
-23717
-22171
-20689
-18495
-17197
-15731
-14932
-13715
-11843
-10841
-10005
-9513
-7821
-6730
-6036
-5534
-5267
-4798
-5357
-5940
-6273
-6096
-5701
-5970
-5996
-5928
-5490
-5316
-5674
-5830
-5778
-5462
-5165
-4616
-3487
-1938
-637
393
1381
2654
4003
5072
5896
7025
8638
10416
11889
13255
14956
16283
17497
18266
19239
19693
20467
20395
20698
21089
21795
22525
22609
23384
23233
23463
23730
23052
22865
22219
22285
21679
21789
21585
21828
21856
21455
21206
20104
20285
19021
18307
17560
17301
17759
17835
18234
17624
16396
14112
12304
10468
8600
6233
3898
2571
569
-1067
-3323
-4911
-6617
-9275
-12423
-16036
-17986
-19755
-21571
-22918
-23917
-24078
-24929
-25046
-25468
-25313
-25185
-25656
-25434
-25215
-23833
-22408
-20431
-18653
-16980
-15126
-13813
-12707
-11634
-10344
-9032
-8310
-7787
-6924
-5639
-4432
-3814
-3450
-3328
-3451
-3984
-4666
-5117
-5173
-5560
-5849
-6204
-6100
-5937
-6063
-6122
-6526
-6602
-6761
-6277
-5787
-5026
-3951
-3028
-2208
-1437
-98
1258
2628
3529
4715
5769
7019
8355
9359
10780
11473
12485
12862
13622
14424
15038
15895
16146
16792
16620
16595
16265
16459
16695
16552
16941
16406
16363
16349
16381
16143
15706
15064
13814
13450
12759
12424
12068
11453
11012
10129
9884
9130
8982
9036
8271
7231
5082
3287
1710
374
-1615
-3981
-5423
-7633
-9523
-12268
-14223
-15604
-17537
-19943
-23177
-24842
-26546
-28060
-29276
-30476
-31102
-31856
-32189
-32623
-32006
-31550
-30999
-30630
-30244
-29025
-27890
-25845
-24462
-22558
-20741
-19084
-17360
-15941
-14169
-12717
-11377
-10758
-10102
-9418
-8528
-7766
-7287
-6772
-6824
-6787
-7114
-7297
-7739
-8148
-8571
-9246
-9662
-9894
-9670
-9569
-9449
-9208
-9090
-8599
-8276
-7589
-6537
-5615
-4510
-3515
-2348
-1049
294
1643
3156
4423
5872
7395
8766
10183
11367
12684
13450
14271
15391
16027
17044
17176
17323
17505
17389
17728
17726
17981
18181
18540
18611
18501
18677
18449
18129
18036
17535
17503
17105
17116
17254
17020
17422
16565
16733
16118
15824
15881
15499
15893
15335
15144
13785
12933
11422
9913
8391
5837
4535
2282
841
-1390
-3267
-4485
-6637
-8099
-10605
-12390
-14071
-15830
-17315
-18646
-19237
-20503
-20346
-20837
-19913
-19439
-18852
-17758
-17476
-16011
-15374
-13818
-12463
-11102
-9401
-7845
-5835
-4023
-1969
-532
954
1791
2641
3461
3447
3906
3698
3939
3989
3674
3813
3272
3064
2184
1422
612
-297
-1177
-2034
-2480
-3181
-3156
-3390
-3076
-2904
-2641
-1951
-1698
-809
-64
862
1712
2719
3972
5247
6794
8198
9621
11000
11935
13004
13775
14618
15261
16244
16953
17767
18079
18135
18087
17709
17922
17292
17482
17261
17547
17844
17024
17255
16411
16402
16169
15395
15383
14124
13854
12838
12262
12049
11615
11685
10958
10745
10416
10110
10050
9463
9340
8072
7057
5318
3792
2439
57
-1719
-4000
-5664
-7849
-10046
-12084
-14029
-15658
-18103
-20482
-22658
-24533
-26272
-28151
-29203
-30538
-30908
-31420
-31543
-31026
-30775
-29822
-29438
-28563
-27666
-26420
-24950
-23553
-21760
-20052
-17982
-16218
-14093
-12197
-10260
-8810
-7743
-6667
-5896
-5038
-4565
-4245
-4108
-3959
-3982
-4143
-4159
-4378
-4697
-5351
-5994
-6737
-7310
-7799
-8353
-8762
-9084
-9053
-9114
-8732
-8469
-7668
-6953
-6218
-4978
-3996
-2307
-1223
319
1674
3202
4969
6345
8100
9392
10827
12269
13501
14804
15684
16702
17547
18232
18880
18980
19242
19506
19549
19942
20155
20221
20301
19996
19949
19838
19858
19644
19308
18818
18419
18531
18064
18130
17574
17686
17352
16710
16718
15850
16055
15574
15096
15012
14472
14146
12840
12158
10668
9436
7268
4812
2889
738
-957
-3957
-5687
-7677
-9508
-11400
-13846
-15309
-17200
-18928
-21044
-22709
-23924
-25013
-25695
-26469
-26208
-25997
-25337
-24770
-23940
-22509
-21533
-20202
-19319
-17882
-16360
-14849
-13143
-11426
-9514
-7706
-6050
-4765
-3368
-2247
-1275
-829
-722
-564
-732
-920
-1371
-1621
-1845
-2269
-2618
-3153
-3644
-4128
-4806
-5544
-6363
-6930
-7613
-7899
-8058
-7910
-7446
-6940
-6072
-5178
-3911
-2808
-1451
-83
1048
2275
3275
4572
5867
7058
8299
9352
10640
11786
12952
13832
14395
15346
15485
15931
16191
16167
15935
15998
16258
15980
16265
16039
16023
15658
15724
15496
15398
15552
15303
15565
15354
15344
15077
14577
14149
13370
13380
12933
12603
12339
11793
12124
11905
11814
11254
10605
9721
8201
6621
4451
2392
189
-1840
-3993
-5979
-7969
-9741
-11098
-12801
-14442
-15987
-17561
-19111
-20923
-22343
-23430
-24251
-24897
-25491
-25512
-25055
-24281
-23378
-22221
-21025
-19646
-18511
-17329
-15934
-14645
-13158
-11872
-10316
-8705
-6946
-5161
-3545
-2167
-846
275
873
1535
1624
1887
1500
867
477
-154
-371
-1141
-1627
-2071
-2574
-2927
-3590
-3998
-4542
-4928
-5640
-6058
-6319
-6322
-5922
-5584
-4561
-3664
-2372
-1246
-13
1658
3218
4920
6270
7633
8783
10155
11435
12722
14110
15419
16606
17572
18693
19532
20458
21203
21356
21332
21248
21234
21178
21094
21502
21591
21804
22065
22091
22174
22073
21770
21670
21501
21211
21010
20832
20532
20120
19789
19671
19476
19459
19155
18712
18668
18228
18042
17539
16737
15641
14197
12731
10773
9054
6662
4574
2390
84
-2167
-4624
-6484
-8638
-10601
-12950
-15059
-16858
-18981
-20824
-22652
-24068
-25274
-26262
-27112
-27505
-27365
-27264
-26725
-26204
-25355
-24443
-23492
-22449
-21448
-20105
-18980
-17736
-16516
-15237
-13833
-12469
-11236
-9977
-8810
-7883
-7152
-6746
-6474
-6439
-6711
-7197
-7904
-8613
-9361
-10153
-10824
-11595
-12164
-12763
-13195
-13570
-14015
-14256
-14605
-14955
-15158
-15357
-15289
-15083
-14631
-14000
-13141
-11971
-10655
-9059
-7334
-5642
-3870
-2232
-766
680
1955
3372
4737
6011
7149
8317
8970
9753
10605
11575
12552
13201
13650
13389
13226
13077
12790
12473
12340
12403
12601
12837
13058
13389
13713
13648
13836
13691
13551
13444
13081
13099
12628
12779
12545
12583
12634
12448
12683
12631
12545
12398
11959
11326
10203
9088
7599
6176
4353
2235
517
-1464
-3165
-5240
-6835
-8472
-9972
-11507
-13244
-14498
-15865
-17251
-18618
-19756
-20628
-21217
-21768
-21982
-21783
-21362
-20684
-19863
-18866
-17629
-16367
-15103
-13969
-12673
-11312
-10031
-8739
-7522
-6176
-4848
-3571
-2380
-1070
37
1083
1804
2288
2664
2747
2595
2235
1606
823
149
-718
-1412
-2169
-2655
-3231
-3807
-4232
-4711
-4829
-5204
-5472
-5703
-5865
-5877
-5859
-5595
-5157
-4371
-3440
-2284
-898
588
2215
3608
4989
6265
7493
8737
9841
10761
11561
12288
12851
13516
13877
14524
14853
15398
15745
15958
16410
16223
16705
16474
16456
16312
15835
15955
15472
15644
15524
15403
15594
15367
15815
15746
16088
16064
16021
16100
15820
15927
15541
15572
15060
14716
14362
13883
13574
12943
12565
11926
11150
10294
9005
7790
6340
4512
2621
727
-1111
-3100
-5076
-6837
-8490
-9989
-11421
-12759
-13817
-14790
-15699
-16676
-17528
-18177
-18711
-19249
-19524
-19426
-19261
-18752
-18186
-17328
-16253
-15039
-13740
-12477
-11078
-9719
-8437
-7249
-6143
-5080
-4064
-3191
-2350
-1568
-773
-80
435
815
1129
1268
1183
996
394
-148
-980
-1867
-2804
-3872
-4624
-5607
-6215
-6933
-7443
-7710
-8066
-8119
-8242
-8027
-7851
-7489
-7111
-6688
-6094
-5651
-4897
-4171
-3142
-1992
-725
693
1931
3270
4471
5716
6905
8044
8907
9624
9953
10297
10441
10194
10343
10308
10530
10574
10525
10582
10671
10791
10788
10892
10779
10885
11056
11064
10784
10646
10511
10374
10474
10601
10722
10854
10827
10888
10915
11288
11400
11569
11612
11360
11201
10579
10141
9405
8791
7855
6854
5789
4468
3383
2154
738
-774
-2261
-3798
-5482
-7294
-8987
-10645
-12294
-14040
-15648
-16968
-18131
-19184
-20097
-20836
-21240
-21559
-21693
-21606
-21315
-20874
-20349
-19750
-19025
-17985
-16909
-15738
-14617
-13287
-11918
-10504
-9081
-7682
-6200
-4889
-3663
-2608
-1592
-641
198
803
1268
1600
1701
1548
1303
914
476
-117
-859
-1560
-2337
-2962
-3702
-4322
-4881
-5388
-5779
-6219
-6485
-6634
-6704
-6677
-6575
-6315
-5922
-5494
-4931
-4276
-3482
-2539
-1589
-513
646
1831
3031
4122
5111
6065
7161
7989
8772
9480
10112
10515
10814
11135
11199
11254
11348
11225
11194
11114
11090
11068
11023
10980
10851
10879
10632
10532
10308
10216
10210
10119
10315
10242
10490
10704
10857
11068
10804
10975
10866
10747
10763
10490
10482
10097
9716
9296
8841
8468
7730
6980
6116
5097
3979
2678
1311
-237
-1786
-3495
-5158
-6913
-8660
-10081
-11653
-12994
-14339
-15443
-16344
-17228
-17911
-18513
-18953
-19274
-19585
-19684
-19543
-19315
-18924
-18465
-17809
-16962
-15981
-14813
-13584
-12331
-10961
-9690
-8455
-7234
-6067
-4963
-3997
-3158
-2361
-1654
-1019
-519
-148
204
382
441
329
113
-241
-628
-1257
-1891
-2651
-3548
-4305
-5215
-5942
-6709
-7257
-7735
-8220
-8392
-8514
-8472
-8293
-8078
-7702
-7231
-6732
-6132
-5461
-4728
-3941
-3095
-2172
-1192
-104
1054
2133
3343
4486
5624
6530
7312
8123
8601
9049
9259
9371
9421
9497
9535
9607
9713
9649
9674
9711
9770
9787
9722
9859
9885
9943
10170
10087
10189
10195
10445
10590
10731
11138
11270
11645
11889
12028
12137
12233
12306
12208
12195
11950
11573
11186
10690
10200
9673
9095
8332
7572
6710
5808
4902
3904
2915
1798
554
-759
-1985
-3201
-4378
-5560
-6696
-7776
-8726
-9550
-10240
-10722
-11165
-11490
-11794
-12005
-11991
-11881
-11683
-11415
-11092
-10706
-10191
-9558
-8835
-7973
-7035
-6098
-5131
-4102
-3055
-2000
-1012
-137
666
1390
2045
2638
3140
3573
3902
4090
4199
4272
4164
3984
3675
3193
2719
2085
1476
742
-28
-772
-1608
-2306
-2983
-3501
-3925
-4292
-4517
-4682
-4791
-4756
-4639
-4517
-4233
-3953
-3589
-3129
-2630
-1981
-1296
-511
222
1066
1907
2686
3497
4222
4984
5656
6364
6916
7414
7693
7804
7953
7950
7985
7867
7764
7522
7404
7417
7461
7626
7785
7986
8021
8113
7973
7979
8032
8084
8293
8319
8594
8690
8975
9258
9505
9903
10006
10297
10292
10308
10297
10083
9997
9743
9493
9057
8638
8182
7707
7197
6648
6033
5303
4626
3755
2912
1944
958
-101
-1339
-2480
-3669
-4807
-5946
-7015
-8087
-9040
-9902
-10666
-11292
-11827
-12175
-12566
-12816
-12989
-13033
-12971
-12873
-12666
-12419
-12071
-11644
-11105
-10500
-9757
-8979
-8190
-7347
-6498
-5568
-4680
-3791
-3000
-2277
-1589
-1024
-533
-99
274
528
726
778
813
783
680
549
248
-59
-423
-858
-1303
-1812
-2320
-2849
-3394
-3871
-4310
-4624
-4836
-5072
-5177
-5224
-5174
-4986
-4778
-4440
-4053
-3654
-3163
-2665
-2103
-1502
-886
-241
405
1070
1792
2485
3186
3851
4424
5026
5486
5876
6200
6433
6609
6787
6908
6929
6892
6709
6544
6293
6097
5896
5747
5676
5524
5451
5296
5071
4915
4756
4624
4465
4396
4385
4321
4304
4293
4340
4369
4418
4491
4512
4540
4510
4430
4288
4128
3928
3660
3343
2985
2638
2264
1838
1393
962
507
24
-515
-1097
-1661
-2312
-2977
-3686
-4437
-5172
-5941
-6633
-7389
-8105
-8766
-9439
-10034
-10605
-11091
-11535
-11946
-12299
-12568
-12753
-12852
-12914
-12938
-12865
-12736
-12519
-12237
-11886
-11457
-10993
-10455
-9877
-9247
-8545
-7842
-7141
-6449
-5772
-5107
-4450
-3837
-3258
-2736
-2248
-1820
-1467
-1175
-948
-752
-651
-594
-612
-663
-784
-956
-1150
-1394
-1642
-1944
-2233
-2502
-2755
-2962
-3144
-3245
-3298
-3288
-3221
-3112
-2963
-2746
-2495
-2203
-1867
-1493
-1073
-630
-127
388
937
1510
2091
2698
3311
3947
4530
5085
5596
6020
6389
6677
6900
7073
7165
7271
7337
7372
7432
7442
7468
7474
7460
7462
7390
7298
7179
7023
6871
6757
6618
6414
6211
6041
5874
5776
5756
5731
5678
5624
5570
5456
5402
5239
5063
4887
4615
4395
4072
3774
3451
3090
2763
2425
2125
1865
1628
1403
1245
1091
985
837
674
550
349
192
-48
-314
-614
-968
-1304
-1667
-2035
-2415
-2803
-3198
-3549
-3882
-4200
-4518
-4835
-5120
-5434
-5733
-6027
-6332
-6616
-6914
-7206
-7448
-7669
-7837
-7945
-8024
-8006
-7945
-7826
-7646
-7421
-7134
-6822
-6496
-6161
-5823
-5496
-5159
-4854
-4556
-4281
-4044
-3785
-3569
-3330
-3083
-2848
-2614
-2417
-2200
-1991
-1789
-1608
-1451
-1325
-1192
-1084
-995
-910
-861
-822
-792
-747
-674
-606
-497
-375
-236
-78
133
354
606
858
1111
1358
1583
1834
2069
2315
2551
2772
3022
3265
3504
3770
4016
4284
4528
4736
4961
5158
5368
5576
5709
5799
5838
5872
5857
5819
5823
5766
5744
5720
5686
5663
5643
5593
5478
5360
5231
5094
4945
4765
4506
4222
3899
3545
3205
2840
2575
2257
1962
1687
1387
1142
859
693
488
286
108
-132
-373
-609
-766
-954
-1090
-1202
-1261
-1315
-1326
-1299
-1265
-1164
-1095
-977
-924
-833
-760
-722
-678
-681
-677
-742
-748
-861
-941
-1001
-1089
-1156
-1288
-1330
-1475
-1594
-1713
-1871
-2031
-2229
-2392
-2622
-2811
-3003
-3174
-3372
-3544
-3655
-3778
-3837
-3879
-3879
-3865
-3817
-3744
-3659
-3519
-3372
-3214
-3061
-2867
-2684
-2500
-2304
-2121
-1918
-1716
-1498
-1308
-1102
-909
-719
-550
-385
-218
-77
64
177
294
387
470
543
614
706
792
847
906
993
1066
1152
1251
1358
1476
1603
1756
1879
2021
2177
2335
2489
2636
2831
3045
3299
3558
3767
3990
4158
4327
4512
4643
4765
4855
4915
4942
4954
4937
4856
4795
4676
4551
4386
4242
4081
3937
3836
3668
3528
3326
3129
2922
2710
2504
2305
2119
1902
1707
1509
1336
1152
1004
871
722
614
483
347
201
52
-108
-268
-433
-580
-708
-862
-969
-1097
-1202
-1282
-1385
-1440
-1518
-1584
-1651
-1747
-1827
-1923
-2009
-2081
-2165
-2237
-2299
-2379
-2428
-2466
-2506
-2533
-2590
-2614
-2657
-2689
-2725
-2781
-2828
-2895
-2951
-3020
-3087
-3178
-3254
-3346
-3445
-3514
-3578
-3614
-3675
-3692
-3701
-3711
-3692
-3674
-3612
-3560
-3507
-3450
-3387
-3322
-3256
-3166
-3085
-2974
-2870
-2742
-2615
-2476
-2312
-2143
-1972
-1815
-1632
-1452
-1269
-1100
-915
-743
-598
-460
-342
-208
-101
7
116
222
332
458
593
714
824
921
1038
1147
1261
1378
1472
1582
1672
1765
1870
1971
2087
2199
2310
2423
2518
2616
2713
2829
2940
3032
3093
3109
3107
3127
3113
3110
3116
3111
3125
3125
3141
3152
3149
3133
3080
3030
2933
2837
2716
2568
2401
2230
2078
1926
1816
1691
1591
1501
1396
1315
1217
1119
1010
875
744
573
376
192
-10
-201
-381
-519
-624
-714
-786
-846
-889
-951
-974
-1019
-1048
-1081
-1131
-1183
-1272
-1339
-1415
-1478
-1546
-1625
-1683
-1732
-1768
-1794
-1815
-1820
-1832
-1833
-1836
-1843
-1836
-1830
-1827
-1845
-1867
-1907
-1956
-1996
-2048
-2081
-2112
-2116
-2126
-2133
-2109
-2100
-2080
-2043
-1975
-1943
-1897
-1852
-1819
-1781
-1760
-1715
-1709
-1684
-1641
-1593
-1562
-1511
-1449
-1382
-1278
-1193
-1088
-1011
-912
-819
-723
-605
-529
-451
-396
-341
-283
-215
-139
-72
-13
64
155
218
288
370
444
522
615
701
790
888
965
1032
1076
1128
1163
1193
1223
1245
1282
1316
1357
1400
1462
1506
1558
1618
1664
1720
1743
1763
1777
1781
1781
1757
1728
1683
1615
1544
1480
1426
1378
1330
1281
1240
1191
1131
1079
1017
949
868
785
694
566
467
358
227
121
-3
-129
-227
-317
-381
-441
-519
-583
-636
-658
-686
-730
-761
-803
-857
-917
-991
-1044
-1100
-1165
-1196
-1254
-1282
-1322
-1356
-1365
-1374
-1360
-1351
-1353
-1368
-1366
-1373
-1366
-1369
-1363
-1369
-1381
-1379
-1395
-1382
-1371
-1359
-1332
-1306
-1277
-1229
-1236
-1255
-1249
-1223
-1124
-1043
-973
-896
-822
-752
-688
-620
-543
-475
-415
-348
-298
-241
-235
-255
-218
-221
-222
-204
-204
-218
-219
-191
-182
-166
-120
-89
-80
-32
26
76
149
212
266
328
401
479
586
694
801
887
996
1097
1194
1310
1379
1443
1488
1535
1591
1644
1686
1691
1696
1693
1689
1693
1717
1714
1710
1711
1699
1729
1741
1751
1754
1753
1745
1748
1759
1764
1766
1736
1724
1692
1690
1695
1680
1680
1642
1625
1598
1586
1565
1526
1487
1412
1341
1266
1204
1115
1023
932
840
767
696
627
544
464
399
344
292
242
200
151
94
49
8
-38
-86
-160
-219
-278
-328
-375
-414
-478
-533
-568
-597
-614
-647
-659
-693
-723
-717
-716
-696
-693
-692
-701
-695
-671
-634
-609
-579
-554
-542
-500
-471
-422
-397
-379
-343
-336
-306
-271
-240
-215
-190
-182
-166
-135
-111
-92
-82
-65
-42
-39
-8
12
18
33
24
23
20
26
27
-1
-10
-4
-14
-5
-5
-18
-23
-24
-17
-25
-18
0
-11
-20
-14
5
25
50
84
92
98
132
156
176
211
231
226
231
257
272
276
276
289
273
278
294
300
301
314
297
298
260
306
281
247
271
218
227
177
181
151
114
107
72
70
46
44
33
27
30
-2
26
33
33
52
61
55
32
30
33
25
29
7
-2
-17
-31
-28
-30
-44
-63
-63
-97
-85
-102
-126
-141
-176
-176
-208
-231
-260
-293
-308
-330
-366
-368
-374
-393
-405
-410
-419
-428
-400
-379
-362
-355
-352
-364
-360
-326
-297
-260
-241
-240
-245
-241
-229
-236
-219
-213
-222
-227
-229
-232
-246
-249
-251
-260
-258
-257
-267
-276
-284
-287
-288
-293
-296
-310
-325
-334
-346
-352
-367
-357
-360
-338
-314
-313
-289
-262
-240
-234
-218
-205
-190
-160
-134
-127
-139
-131
-136
-141
-129
-114
-117
-125
-129
-145
-157
-168
-169
-189
-209
-228
-257
-258
-289
-316
-343
-360
-375
-396
-399
-415
-422
-429
-431
-420
-401
-381
-356
-340
-348
-345
-322
-296
-275
-277
-278
-281
-280
-265
-250
-243
-248
-259
-262
-265
-267
-273
-272
-274
-271
-272
-275
-273
-264
-231
-207
-185
-158
-135
-97
-65
-29
24
57
105
131
160
199
225
262
296
317
345
378
407
443
461
473
490
507
534
542
542
537
530
530
536
530
542
544
527
531
524
545
559
561
566
561
565
574
585
597
593
579
578
573
579
575
565
572
551
556
550
541
542
529
518
525
522
521
530
505
500
483
460
438
423
424
405
385
361
347
319
301
282
259
240
215
187
145
137
115
85
70
35
9
-5
-20
-40
-58
-93
-117
-157
-185
-197
-228
-256
-293
-322
-346
-363
-388
-414
-431
-452
-465
-473
-480
-496
-497
-493
-488
-488
-484
-491
-499
-499
-490
-487
-476
-468
-467
-458
-436
-414
-403
-385
-386
-384
-383
-375
-350
-346
-342
-326
-314
-283
-263
-232
-215
-200
-185
-182
-165
-153
-127
-105
-93
-78
-89
-88
-92
-74
-44
-19
-4
-6
-3
5
33
52
72
94
118
137
147
162
171
188
209
227
240
260
264
273
287
299
314
311
313
325
320
324
334
329
322
318
299
294
284
272
258
236
228
214
197
168
141
121
101
81
64
46
25
24
11
4
-21
-50
-70
-90
-92
-111
-118
-137
-170
-195
-215
-229
-237
-252
-263
-272
-301
-312
-331
-347
-357
-378
-385
-397
-424
-435
-455
-466
-482
-493
-497
-510
-510
-513
-522
-525
-520
-526
-527
-530
-521
-521
-518
-511
-499
-488
-487
-466
-454
-422
-403
-394
-379
-359
-337
-318
-299
-282
-267
-255
-249
-242
-221
-201
-184
-166
-153
-131
-103
-105
-101
-83
-88
-106
-126
-164
-196
-218
-213
-214
-235
-247
-263
-225
-199
-167
-127
-97
-48
-5
40
83
124
143
165
195
236
271
285
309
334
358
388
421
444
449
457
476
497
510
511
502
488
477
490
490
469
466
442
426
424
419
398
376
359
336
318
299
284
254
238
220
182
166
137
116
92
69
47
19
-15
-49
-81
-116
-143
-176
-196
-212
-227
-241
-245
-255
-266
-264
-266
-281
-281
-286
-302
-301
-322
-321
-329
-345
-345
-363
-371
-391
-392
-394
-402
-402
-410
-408
-420
-428
-432
-431
-442
-455
-467
-487
-489
-485
-488
-478
-477
-475
-460
-439
-429
-422
-395
-367
-357
-340
-318
-303
-279
-252
-225
-215
-202
-183
-167
-149
-124
-102
-84
-61
-53
-41
-38
-28
-4
13
37
51
62
72
82
94
97
108
117
118
125
134
138
147
153
163
176
179
184
192
207
216
235
235
230
229
228
219
209
197
192
191
195
185
176
162
151
150
150
148
132
108
101
106
100
92
78
63
51
40
34
22
11
-5
-2
-10
-17
-17
-22
-19
-26
-34
-50
-52
-62
-72
-64
-71
-85
-96
-109
-118
-120
-122
-134
-156
-155
-165
-176
-179
-190
-199
-199
-199
-201
-195
-204
-211
-220
-214
-211
-228
-221
-214
-198
-201
-199
-193
-188
-186
-177
-162
-149
-142
-134
-128
-127
-118
-108
-100
-84
-78
-77
-68
-62
-49
-40
-27
-21
-7
-5
-8
1
5
13
25
35
30
37
51
53
63
74
89
98
116
127
140
151
156
160
156
165
174
173
180
178
171
173
174
171
173
168
177
178
179
183
170
167
157
153
138
137
141
144
139
131
130
119
117
109
112
102
93
83
70
61
49
48
42
39
34
28
26
18
11
1
-9
-8
-15
-33
-37
-53
-54
-49
-59
-70
-78
-81
-93
-90
-94
-99
-95
-111
-121
-133
-124
-139
-147
-145
-151
-149
-152
-154
-178
-140
-208
-173
-190
-181
-169
-205
-169
