18
-60
-222
-185
-198
-24
-59
-99
-238
-130
-163
-143
21
-76
-153
-252
-34
-101
37
-67
-192
-254
-18
131
-45
-106
-212
-40
-27
112
-6
-75
-130
19
173
68
-54
-136
9
87
111
-27
-4
33
76
178
164
13
-123
113
252
268
-22
-148
-19
255
130
71
-9
-117
-197
67
135
-9
-150
-222
-124
-25
-42
-205
-195
-230
-197
-199
-60
-242
-309
-295
-168
-170
-288
-299
-284
-126
-275
-239
-324
-202
-214
-70
-92
-198
-267
-304
-41
-73
32
-173
-151
-292
-95
37
-10
-41
-183
30
-162
34
-84
61
-44
-54
-78
-49
134
-94
-2
-76
90
-98
71
21
10
-180
-63
145
141
-64
-276
-31
84
133
63
-25
-247
-179
74
103
-4
-127
-212
-239
2
28
46
-117
-84
-124
-75
-103
-1
67
-36
13
23
21
-204
4
96
138
22
102
39
-113
-123
54
234
142
14
-141
-109
-94
152
214
215
-131
-299
-74
154
181
49
79
-39
-80
-92
33
136
157
61
-113
-92
-199
76
190
184
-122
-170
-217
-51
170
218
-91
-219
-122
-29
12
-2
68
-9
-98
-119
-9
-48
15
124
48
-98
-188
-4
87
216
45
-37
-83
41
99
133
89
51
73
44
16
45
218
125
110
15
-11
-125
193
406
137
-243
-272
-79
152
342
113
-315
-349
-102
111
161
63
-164
-174
-80
-62
65
10
127
39
126
16
-34
171
383
469
159
146
97
434
450
574
454
408
225
120
501
572
540
245
379
224
203
322
424
275
92
169
80
273
115
107
-172
-12
-11
-56
-62
-72
-41
-222
-154
-227
-39
-232
-71
-145
-98
-147
-149
-47
-139
-46
-134
106
-137
-94
21
217
-21
-35
156
98
250
34
160
222
363
51
15
207
316
358
285
184
-23
-28
186
461
468
71
-131
-90
148
194
385
233
80
-286
-102
280
458
192
9
106
14
-59
163
564
362
17
-165
44
200
307
298
371
209
-149
-116
371
667
263
-38
-27
230
130
333
421
249
-83
47
283
339
117
-46
284
380
84
-197
58
184
113
145
272
-15
-344
-167
177
249
73
-203
-343
-146
3
47
15
-43
-500
-312
-10
252
-185
-410
-293
-34
-23
-125
-227
-227
-249
-182
26
-16
-231
-336
-71
137
-99
-234
-165
50
52
-87
-33
14
-19
-13
43
123
56
92
94
174
29
-19
123
352
255
-39
-61
-73
142
152
175
-81
-137
-159
-132
-109
-63
-37
-165
-202
-397
-388
-247
76
-8
-305
-480
-392
-203
-138
78
-67
-360
-475
-265
53
151
-47
-389
-260
-46
131
-61
-113
-164
-142
12
-51
26
-276
-126
-68
90
-142
-251
-235
68
240
-103
-152
-270
69
104
159
124
-15
-147
-265
379
284
65
-215
113
3
79
60
-90
88
-99
-39
-130
15
-403
-245
80
84
-349
-570
-257
-148
15
-320
-338
-417
-314
-366
-77
67
-364
-749
-393
208
9
-367
-452
-140
-203
-119
103
-51
-302
-369
33
178
155
-115
-298
37
74
54
-98
71
-87
-56
60
114
22
-85
-139
-209
72
54
-81
-199
-25
-132
-344
-182
-84
-42
-238
-169
-175
-207
-88
-146
-131
-40
160
-65
-77
44
212
231
242
397
191
248
257
709
719
552
239
388
751
839
733
658
677
344
554
864
988
592
360
520
554
740
504
431
196
464
246
240
160
347
-46
-198
19
0
-82
-331
-176
-314
-299
-299
-373
-671
-461
-264
-470
-741
-666
-504
-629
-641
-514
-478
-789
-994
-686
-417
-447
-718
-783
-743
-710
-706
-464
-461
-613
-744
-497
-644
-697
-390
-262
-512
-773
-555
-440
-304
-324
-323
-684
-604
-349
-101
-251
-486
-441
-312
-206
-109
-176
-373
-92
-66
-92
-31
-53
87
188
347
31
55
404
572
458
486
540
553
841
611
838
835
1012
1048
904
944
961
1009
1312
1423
1214
827
902
1301
1311
1159
1303
1213
768
532
996
1447
1083
660
554
483
573
720
735
648
233
111
104
299
237
36
-192
-109
-196
-311
-504
-531
-381
-518
-550
-739
-1067
-990
-821
-692
-852
-1179
-1582
-1444
-915
-778
-1325
-1477
-1367
-1604
-1355
-977
-1231
-1475
-1549
-1243
-1262
-1311
-1286
-1351
-1150
-1110
-1124
-1297
-1018
-1068
-1081
-1148
-756
-778
-1327
-986
-769
-746
-851
-650
-677
-693
-787
-502
-290
-182
-284
-463
-146
21
34
214
343
426
216
318
883
1069
779
1063
936
1177
1222
1568
1597
1624
1821
1613
1654
2241
2291
1878
2044
2242
2389
2218
2398
2450
1947
2170
2575
2478
2238
1907
1999
2330
2249
1953
1551
1556
1736
1697
1605
1307
865
931
1212
1192
617
184
455
635
-57
-15
23
-192
-568
-487
-495
-878
-1106
-800
-894
-1215
-1407
-1674
-1622
-1560
-1457
-1624
-2163
-2152
-2066
-2002
-2076
-1996
-2232
-2486
-2571
-2275
-2240
-2338
-2409
-2576
-2599
-2446
-2510
-2348
-2386
-2430
-2484
-2369
-2376
-2476
-2235
-2099
-2177
-2304
-2284
-2257
-1974
-1721
-1651
-2034
-2101
-1788
-1465
-1365
-1324
-1295
-1342
-1265
-736
-539
-620
-393
-181
-40
-86
416
584
938
1072
1378
1226
1515
1888
2487
2656
2574
2863
2920
3485
3658
3969
3892
4089
4048
4311
4887
4656
4534
4592
4785
4670
4775
4671
4472
4500
4466
4580
3960
4164
3704
3832
3728
3498
3127
2762
3037
2762
2473
2028
2415
1676
1463
1554
1658
733
575
968
577
-54
-197
53
-416
-740
-1041
-1035
-1486
-1441
-2022
-2273
-2340
-2403
-2720
-3194
-3236
-3592
-3819
-4042
-3876
-4226
-4647
-5050
-4915
-4899
-5139
-5427
-5626
-5709
-5900
-5980
-5857
-5809
-6106
-6309
-6219
-6111
-6118
-6135
-6048
-5953
-5941
-5874
-5639
-5482
-5327
-5220
-4990
-4694
-4451
-4258
-3989
-3540
-3191
-3054
-2700
-2179
-1758
-1554
-1161
-640
-318
49
427
1124
1375
1840
2056
2636
3040
3722
3749
4033
4466
5078
5441
5627
5771
6010
6239
6759
7200
7253
6958
7188
7437
7813
7552
7742
7699
7724
7687
7203
7701
7615
7281
6992
6885
6539
6965
6516
6148
5713
5889
5157
5108
4605
4405
4029
3991
3687
3307
2751
2063
2287
2403
1701
1089
881
398
221
186
-174
-997
-1099
-1331
-1774
-2210
-2335
-2672
-3248
-3520
-3626
-4076
-4676
-4738
-4918
-5382
-5835
-6064
-6310
-6708
-6967
-7170
-7488
-7934
-8123
-8324
-8553
-8795
-8977
-9186
-9447
-9506
-9632
-9771
-9895
-9762
-9755
-9801
-9792
-9530
-9356
-9290
-8952
-8690
-8402
-8089
-7555
-7146
-6716
-6298
-5806
-5142
-4600
-4089
-3490
-2804
-2196
-1447
-988
-339
388
1165
1728
2465
3180
3537
4220
4814
5724
5984
6482
7153
7403
8036
8025
8703
9067
9421
9517
9765
9784
10231
10033
10616
10299
10447
9799
10057
10732
10994
9872
9372
10025
9908
10343
9619
9545
8715
8759
9218
8985
8433
7764
7580
7488
7344
6971
6454
6194
6280
5586
5290
4502
4343
4451
4439
3358
2662
2185
1976
1484
1386
773
-304
-1150
-1366
-1683
-2312
-3296
-3925
-4406
-5035
-5982
-6707
-7258
-7652
-8199
-8898
-9886
-10612
-10886
-11345
-11736
-12170
-12795
-13466
-13799
-13723
-13792
-14118
-14438
-14459
-14332
-14344
-14205
-13830
-13508
-13306
-12932
-12653
-12156
-11409
-10734
-10240
-9541
-8917
-8306
-7515
-6590
-5681
-5018
-4289
-3560
-2731
-1984
-1064
-185
421
885
1614
2393
3033
3742
4345
4701
5216
5727
6350
6754
7045
7169
7932
8048
8338
8637
8127
8899
9748
9115
8884
9277
9683
9732
9817
9987
9461
9163
10101
10145
10126
9357
9646
9627
9613
9668
9904
9426
8589
8964
9428
9279
8489
8344
8136
7536
8180
8138
6880
6174
6966
6941
6270
6078
5339
4930
4606
5219
4662
3603
2798
2598
2745
2117
1213
438
-143
-516
-1267
-2200
-3160
-3610
-4405
-5195
-6307
-6971
-7798
-8708
-9351
-9869
-10582
-11872
-12486
-12675
-13071
-13881
-14433
-14647
-15034
-15393
-15560
-15398
-15585
-15584
-15625
-15298
-14929
-14642
-14315
-13908
-13270
-12700
-12205
-11576
-10706
-9889
-9318
-8539
-7670
-6751
-6104
-5166
-4269
-3473
-2756
-2026
-1124
-311
496
1139
1775
2408
3022
3667
4260
4746
5278
5762
6385
6657
6705
7033
8169
8236
7995
8334
8475
8415
8715
9413
9053
8792
9086
9200
9243
9512
9474
9095
9221
9975
9904
9522
8995
9859
10150
10225
9307
9917
10474
9815
9724
9082
10041
9143
9874
9417
8857
8222
8040
8500
8169
7642
6543
7102
7174
6551
6032
5389
5135
4832
5688
4236
2985
2842
3034
2555
1255
1073
156
-787
-1496
-1770
-2578
-4002
-4923
-5446
-5888
-7331
-8176
-8894
-9683
-10447
-10977
-11705
-13015
-13271
-13513
-14150
-14726
-15045
-15473
-15931
-15808
-15780
-15836
-16192
-15996
-15649
-15308
-15134
-14717
-13968
-13793
-13242
-12414
-11734
-11234
-10340
-9277
-8734
-8100
-7370
-6266
-5412
-4417
-3703
-2954
-2293
-1466
-451
295
1103
1710
2393
2775
3486
4151
4581
5033
5402
6101
6688
7165
6782
7093
7972
8501
8912
9055
8404
8619
10093
10268
10007
10115
10540
11200
12135
12358
11183
11679
12896
12465
11642
11619
11520
11680
11265
10120
9563
9843
8466
8841
9416
8477
6798
7402
7829
7058
6061
6935
6360
5116
5102
5808
5190
4342
4203
4522
4183
3888
3316
3059
2385
2843
2926
1947
802
814
1139
409
-316
-651
-1231
-2070
-2748
-2706
-3458
-4526
-5467
-5640
-6318
-7224
-8157
-8423
-9130
-10104
-10395
-11009
-11943
-12421
-12560
-12962
-13710
-13998
-14246
-14497
-14715
-14498
-14531
-14795
-14829
-14329
-13963
-13880
-13485
-12931
-12371
-12043
-11373
-10579
-10146
-9443
-8633
-7777
-7211
-6542
-5836
-5062
-4163
-3374
-2706
-2081
-1658
-565
339
984
1056
1925
3120
3005
3493
4491
4921
4748
5469
6164
5843
6137
6628
6845
7158
7092
7057
7091
7307
7771
8526
7718
7215
7296
8069
8192
8338
7860
7463
8235
8167
7899
8490
8795
7792
8366
9177
8821
7892
8500
9921
8930
8417
8701
8882
8317
8724
9202
8414
7939
7941
8426
7439
7722
7753
7448
6722
6438
7122
6509
5926
5616
5804
5267
4582
4450
4122
3535
2587
2590
1890
1094
402
-292
-1186
-2111
-2279
-3417
-4814
-5584
-6098
-6860
-8065
-8755
-9610
-10480
-11461
-11813
-12456
-13356
-13920
-14438
-14640
-15232
-15592
-15928
-15999
-16007
-16168
-16146
-16219
-15850
-15400
-15140
-14928
-14342
-13822
-13465
-12704
-11865
-11173
-10559
-9934
-9041
-8104
-7186
-6443
-5708
-4844
-3989
-3129
-2228
-1557
-854
71
787
1208
1916
2871
3289
3854
4373
4539
5303
6035
5551
6418
6815
6569
6890
7516
7744
7498
8068
8019
8249
8463
8217
8666
9196
8941
9162
9689
8869
10034
10225
10021
9259
10194
10950
9742
9943
10551
10900
10592
10574
10849
10478
9788
10680
10562
10128
10155
9607
8682
9090
9785
9656
8078
7451
7446
7803
7955
6971
6337
6493
6330
5369
5014
4224
4478
4129
3509
2705
1492
959
552
442
-232
-1478
-2712
-3818
-4413
-4671
-5442
-6927
-7915
-8628
-9690
-10339
-11189
-11684
-12537
-13178
-14050
-14902
-15185
-15578
-15618
-15939
-16464
-16846
-17166
-17152
-16718
-16257
-16219
-16197
-16296
-15754
-15057
-14336
-13593
-13270
-12716
-12240
-11390
-10343
-9435
-8659
-8154
-7260
-6512
-5512
-5018
-3705
-2842
-2230
-1509
-803
-611
353
1774
2104
2284
2954
3324
3102
4389
5506
5197
4576
5557
6696
6068
5789
6786
7941
7405
7684
7836
7547
8166
8892
9535
8509
8986
9341
9306
9741
10750
11232
10064
8962
10785
12149
11904
11056
10187
11435
11398
11228
12040
11054
11067
10405
11438
10499
10580
10584
9887
9203
9523
9300
8369
8038
7795
7807
7201
6568
6828
6392
5685
5133
5347
4905
3979
3866
3602
2444
1429
1702
1391
-100
-881
-1496
-2001
-3432
-4118
-4758
-5971
-6851
-7585
-8462
-9716
-10715
-10954
-11754
-12630
-13579
-14037
-14835
-15496
-15508
-15711
-16361
-17078
-16784
-16926
-17081
-16999
-16659
-16303
-16408
-15905
-15463
-15066
-14442
-13648
-13014
-12498
-11789
-11163
-10086
-9234
-8455
-7705
-6663
-6042
-5244
-4143
-3203
-2402
-1902
-1398
-346
501
898
2152
2885
3474
4045
4081
5414
6648
6315
6069
6863
7876
7635
7943
8331
8540
8251
8664
9654
9875
9234
8997
10123
11006
10580
10440
10288
10757
10165
10429
11840
9598
9501
10217
10400
10135
8487
9255
8980
9164
7531
7466
8948
8027
7370
7624
7148
5309
6712
8287
6031
4613
6389
6098
4753
5001
6095
3949
3371
4654
4798
3753
3017
3654
3323
2259
2491
2705
1647
677
1073
1232
-25
-1016
-1054
-1440
-2384
-2768
-3300
-4600
-5320
-5697
-6282
-7346
-8100
-8676
-9601
-10278
-10745
-11270
-12175
-12964
-13215
-13324
-14166
-14601
-14671
-14872
-15092
-15241
-15285
-15320
-15349
-14629
-14522
-14408
-14245
-13557
-12946
-12683
-12012
-11393
-10930
-10416
-9351
-8272
-8022
-7509
-6230
-5327
-5055
-3802
-3222
-2397
-1639
-561
509
823
2076
3375
3145
3163
5479
6720
5783
6004
7241
7276
6922
8010
8187
8239
8343
8006
9681
9358
8803
7694
10149
8518
10460
10534
7832
8755
10300
9858
7831
12186
8638
6747
10694
10037
8259
10029
9493
7014
7740
10940
8001
8236
8530
8577
6955
7505
7642
4321
7353
7455
5768
5445
6449
5642
4150
5445
6277
4897
3855
4491
4611
4881
4679
4224
3040
3513
4032
3391
2270
2455
2122
2032
1495
328
-360
115
-1320
-2310
-1920
-3068
-5176
-5373
-5315
-6523
-7655
-8578
-9884
-10016
-10167
-11931
-12743
-12810
-13542
-14383
-14484
-15306
-15732
-15716
-15988
-16349
-16080
-16221
-16844
-16277
-15347
-15276
-15252
-15230
-14520
-13486
-12741
-12472
-11805
-10955
-10255
-9344
-8366
-7686
-7242
-6359
-5131
-4258
-3376
-3009
-2116
-1250
120
792
1260
1372
2371
3340
4141
4784
4399
5269
5844
7224
6759
6796
6462
7148
8623
9092
7767
7438
9330
9016
9394
9466
11089
10356
9711
10341
12996
12592
10878
13328
14677
11121
14060
15268
14676
11456
14080
15845
12049
14303
13085
12725
7956
8798
12236
9809
7549
6670
7868
6349
4473
5834
6066
3846
3335
3880
4500
1766
3461
4191
4016
1863
3150
4501
2616
2021
2974
3529
2552
2350
2798
1397
176
913
1494
193
-2097
-1865
-2251
-3230
-4630
-4608
-5970
-7587
-7834
-8397
-9701
-11346
-11655
-11764
-13035
-13900
-14804
-15329
-16044
-16240
-16093
-16804
-17764
-17859
-17302
-17614
-17533
-17231
-17219
-17159
-16730
-15477
-15452
-15266
-14446
-13532
-12639
-12064
-11171
-10598
-9731
-8535
-7371
-6813
-6344
-4944
-4079
-3310
-2341
-1397
-1002
66
1197
1662
2005
2614
3746
4514
4367
3869
5592
6533
6720
6057
6441
7298
9033
8633
7443
7645
8630
9995
9600
10033
8206
10047
11275
11253
9534
9595
11634
12361
11908
12157
11219
10918
10862
13497
13535
10583
11436
11956
12465
11758
11773
11309
11389
12200
10974
10451
10172
10004
10755
10423
9919
7648
7602
8092
8990
8626
7359
5880
5307
6438
7894
6340
4306
3273
4076
4798
4088
2493
1326
306
522
1328
-268
-2854
-3190
-2935
-3615
-5234
-6424
-7567
-8367
-8907
-9217
-10154
-12025
-13423
-13347
-13172
-13895
-15108
-16081
-16673
-16570
-16338
-16356
-17242
-17823
-17338
-16837
-17036
-16874
-16118
-16127
-16037
-14960
-13846
-14153
-14045
-13117
-11528
-10726
-10484
-10336
-9306
-8429
-7404
-6329
-5711
-5713
-5011
-3781
-2649
-1992
-1461
-1114
-1135
-200
1506
2394
1728
1639
3066
3638
4596
4511
4474
4115
5274
6814
6643
6070
6351
7102
7420
8787
9060
8045
8085
8787
10563
11110
11137
10021
9873
10902
11792
12720
12032
11896
10970
11851
13017
13815
12486
10712
11737
12731
13646
13086
12119
11235
9942
12218
13927
12711
9418
9021
10027
10516
10146
9679
9163
6929
6801
8028
7668
6705
5763
6842
6078
4458
3596
3978
3571
2590
2874
2439
657
-1225
-843
-937
-2250
-2867
-3641
-5448
-6911
-7382
-7499
-8765
-10196
-10787
-11683
-13127
-14348
-14376
-14662
-15707
-16518
-16856
-17876
-18362
-18120
-17930
-18177
-18647
-18320
-18501
-18924
-18107
-17150
-16951
-16881
-16289
-15534
-15146
-14835
-13678
-12287
-11800
-11802
-10905
-9852
-9013
-8064
-6669
-6192
-5988
-5069
-3851
-3196
-2185
-1643
-967
-753
102
964
1708
1979
1817
4096
4054
4214
4334
5461
5748
6538
6281
6068
6897
7261
8539
8185
7378
7328
10054
9936
8857
9656
9908
9940
10895
11945
12353
10912
10234
11288
13446
13719
12070
11065
12225
13037
13284
13385
11777
11971
13052
13886
13768
12173
10182
10796
13386
13545
11481
10583
8849
8471
10671
11337
9258
7561
6936
7615
7678
7931
6827
5870
4745
4667
5024
4181
3365
2688
2144
1146
592
-234
-1568
-2142
-3272
-3829
-4678
-6712
-7791
-8609
-9420
-10515
-10928
-12075
-13906
-14879
-15691
-15703
-16007
-16753
-18137
-18520
-18916
-19414
-18841
-18471
-18976
-19378
-19446
-18973
-18620
-17671
-17404
-16745
-15881
-15435
-15235
-14629
-13284
-11996
-11091
-10621
-9846
-8986
-8471
-7444
-5887
-5007
-4464
-3962
-3406
-2992
-1603
-317
173
273
711
1440
2055
2804
3539
4445
4431
3853
4112
5147
6714
6668
6002
6526
7756
7882
7946
8736
8839
8552
9870
10407
9837
8411
10294
11730
11949
10837
11199
10823
10871
12966
12031
12679
13371
13506
12830
12886
12697
12876
13654
14454
13392
12138
12187
12500
12536
11510
11474
10894
9525
9432
10927
10071
7772
6973
7590
7496
6255
6649
7520
5189
4071
4848
5359
3831
2190
2231
1955
1533
1741
717
-630
-2511
-3428
-2917
-3131
-4012
-5328
-7317
-9281
-9577
-8908
-9449
-11340
-13381
-14100
-14826
-15092
-15309
-15903
-16930
-18282
-18739
-18285
-18342
-18396
-18965
-18839
-18888
-18630
-18235
-17858
-17845
-17329
-16121
-15525
-15154
-14581
-13958
-13337
-12584
-10982
-10066
-9700
-9566
-8629
-7409
-6250
-4920
-4502
-4453
-4204
-2918
-1949
-753
87
365
313
253
1419
2764
4042
3731
3638
3771
4342
4655
5826
6951
7164
7150
6606
7452
8376
9703
9260
9144
9965
10894
10578
10765
12308
11992
12231
12730
12331
12485
14180
14436
13833
13521
14492
14734
14687
14098
14273
15715
14581
14591
13172
13951
14251
13476
12834
11796
12142
11520
11943
11439
11021
9653
8337
8279
8469
8077
7184
7666
6746
5136
5608
5963
5233
3817
2801
2602
2762
3269
1833
652
-988
-1708
-1646
-1669
-2518
-4281
-5749
-7168
-7720
-8012
-8591
-9585
-12045
-13066
-13443
-13936
-14540
-15490
-16604
-17650
-17872
-18337
-18530
-18452
-19203
-19704
-19632
-19160
-19028
-18706
-18775
-18759
-18064
-17127
-15959
-15684
-15578
-14975
-14209
-12965
-11690
-10701
-10187
-9704
-9175
-7965
-6497
-5673
-5217
-4264
-4021
-3801
-2709
-1082
-644
-479
-27
323
1159
2044
3567
3167
2975
3474
4893
5725
5939
6075
6046
6405
7064
8394
9218
8587
9611
9394
9050
9733
11212
12498
12536
12568
11376
11573
12624
13708
14623
14924
14701
13401
13350
13422
14983
16253
16557
15704
13062
13814
13599
14708
15407
14659
14385
12688
12017
10960
12536
11837
11495
11096
10033
8660
8460
8016
7460
8271
8474
7357
6239
5408
4998
4765
4411
4450
3686
2968
1317
473
-629
-1115
-1713
-2801
-3693
-4938
-7180
-9012
-9664
-10048
-10500
-11594
-13913
-15617
-16609
-17585
-17768
-17561
-18165
-19822
-21068
-21928
-22186
-21014
-20339
-20339
-20915
-21732
-21740
-21203
-19702
-18372
-16996
-17099
-17272
-17048
-15756
-14145
-12612
-11449
-10864
-10313
-10209
-9336
-7769
-6396
-5238
-4627
-4371
-3780
-3325
-2342
-1321
-232
163
310
734
1072
1770
2326
3175
3809
4046
4037
4450
4788
5180
5941
6648
6847
7083
7533
7818
7941
8459
9469
9856
10108
10459
11728
11048
10687
11068
13364
14871
14561
13764
12905
13181
14502
16028
16620
16137
15038
14789
15019
15629
16207
17455
16609
15338
13714
13794
14006
14312
15101
14292
13550
11307
10141
9644
9972
10350
10515
9816
8660
7307
6183
5610
4599
3703
4395
4332
3259
1435
-256
-2008
-3613
-3970
-3930
-3840
-5134
-8293
-10960
-13057
-13820
-13469
-12874
-13812
-15931
-18550
-21152
-21666
-21101
-19389
-19071
-20371
-22891
-24561
-24272
-23021
-21132
-19735
-19721
-20730
-22230
-22014
-19954
-17168
-15226
-14674
-15141
-15846
-15305
-13969
-11323
-9037
-8155
-8428
-9068
-8862
-7521
-5834
-4470
-3429
-3062
-3317
-3464
-3264
-2574
-1564
-551
-300
67
830
1217
1041
783
1203
2206
3108
3723
4453
4873
4796
4764
5627
7185
8584
9925
9791
9784
9615
10567
12243
13421
14139
13814
14259
13949
15048
15906
17214
17709
16238
16426
16107
16695
16556
17165
18159
17229
16691
15828
16181
15355
15124
14979
14945
15323
13883
13610
12588
10876
10688
10803
11862
10592
10689
10413
9142
8571
7194
7587
7034
6077
5827
5731
4734
2353
976
-654
-1490
-2230
-3203
-3688
-6016
-8398
-11550
-12699
-13886
-14668
-14534
-16360
-17943
-20400
-22228
-23299
-23278
-22885
-22626
-22824
-24440
-25234
-25516
-24802
-23646
-22544
-21491
-21326
-20703
-20656
-19725
-17914
-16570
-14928
-13898
-12872
-12214
-11462
-10351
-8813
-7149
-6329
-5705
-5472
-4873
-4269
-3060
-2047
-1673
-1052
-913
-888
-1014
-623
103
756
1377
1572
1977
1897
1843
2303
3059
4090
4593
5140
5312
5889
6611
6567
7359
8356
10477
11316
11801
11832
11663
11946
12383
14071
16078
18280
18350
17461
16365
15894
16785
17527
18648
19660
20151
19268
17750
16970
16497
17231
18301
18556
17791
17020
14968
13853
13698
13592
13994
14110
12826
11806
10915
10077
8986
9365
9772
10198
10113
8137
6368
4914
3711
3666
4390
4612
3733
1956
-1479
-4261
-5598
-6162
-5803
-5948
-7397
-10269
-13042
-16233
-17817
-17468
-17563
-17848
-18875
-20861
-22411
-23735
-24426
-24600
-23831
-23190
-22892
-22655
-22709
-22575
-22643
-22093
-21228
-19384
-17880
-16624
-15817
-15465
-14645
-13980
-13010
-11375
-9707
-8329
-7786
-7680
-7389
-6853
-5740
-4812
-4098
-3539
-3066
-3061
-2963
-2539
-2087
-1717
-1424
-1159
-711
-47
382
421
1082
1347
1681
2224
2192
3102
3835
4785
5261
6131
6287
7225
8147
8567
10065
10603
11882
11713
12131
12960
13504
14653
14154
15190
15988
17020
17746
17203
16565
16386
15532
15766
15976
17975
18380
18709
16964
15975
14946
14099
14117
14152
14526
14254
13981
12553
11061
10252
9728
8870
8897
8350
9809
9544
9460
7409
6023
4156
2742
2676
2562
3961
3465
1715
-1905
-5181
-7439
-8547
-8514
-8843
-9445
-11090
-14481
-17710
-20271
-21106
-21786
-22101
-23147
-23884
-24614
-25713
-26686
-27667
-28218
-28121
-27967
-26872
-25739
-23761
-23840
-22935
-24365
-23763
-21364
-21069
-17363
-17405
-13803
-15141
-13473
-14003
-12642
-11022
-10716
-8575
-9063
-6754
-7335
-5797
-6773
-5964
-5785
-5540
-4705
-4506
-3197
-3135
-2891
-3611
-3257
-2533
-1628
-671
-48
753
986
905
716
1809
3188
4711
6262
6903
7883
8335
8478
8959
10144
11212
12236
13886
14779
15672
16095
15875
15929
16055
16796
17328
18852
19658
20122
20165
19193
18502
19351
19525
19729
19542
19738
19030
19817
18942
17830
17116
15792
14873
13892
14129
13671
14647
13462
11824
10350
9576
9249
10119
10606
10072
9148
7223
5031
4827
4750
4652
4673
3172
787
-1386
-2943
-4441
-4826
-5957
-7857
-9454
-11460
-13335
-14054
-14967
-15992
-17211
-18458
-19973
-20123
-20269
-19874
-19722
-20115
-20450
-20489
-19936
-19069
-17807
-16846
-16340
-15960
-15413
-14309
-12907
-11796
-10683
-10054
-9369
-8831
-8126
-7436
-6553
-6254
-6168
-6153
-6095
-5470
-4875
-4767
-5114
-5192
-5472
-5450
-4985
-4697
-4265
-3940
-3948
-3831
-3620
-3111
-2617
-2068
-1828
-1398
-523
459
1399
2180
2782
2650
3257
4335
6018
8165
9492
10321
10038
10309
10262
10870
12168
13832
15446
15664
15993
15997
16619
16755
16481
16787
16580
17350
17466
18130
18082
17978
17913
16943
16748
15798
15260
15352
14840
14179
13646
12863
11754
11115
10401
9407
9278
8573
7917
7762
7917
7317
5867
4191
2230
1291
851
285
-546
-1740
-4115
-6581
-8876
-10702
-11890
-12775
-14778
-16470
-18764
-20343
-21774
-22889
-24342
-25659
-26764
-28228
-28765
-28901
-28411
-28262
-28292
-28828
-28718
-28235
-27442
-26062
-24797
-23540
-22642
-21970
-20544
-19072
-17075
-15896
-14779
-13951
-12742
-11341
-10102
-8805
-7928
-7331
-7201
-6930
-6387
-5430
-4468
-4282
-3988
-4203
-3736
-3537
-2934
-2417
-1979
-1635
-1431
-978
-85
895
1957
2716
3407
4177
4983
6350
7564
9357
10247
11541
11880
13389
14875
16637
18424
19144
20233
20559
21696
22554
23742
25092
26343
27388
27758
28234
28279
28264
28141
28201
28853
29400
29949
29450
29651
28410
28076
27151
25988
25676
24567
25051
23393
23811
21727
21980
20983
20016
19423
18244
18401
17226
17968
17166
17332
16063
14087
12123
10938
9589
9078
8272
6950
5018
3179
872
-561
-2496
-4394
-6208
-8430
-10389
-12111
-12481
-13534
-14140
-15481
-17125
-18265
-19365
-19666
-19263
-18769
-18559
-18383
-18082
-17494
-16300
-15246
-13949
-13023
-12283
-11524
-10284
-8591
-6644
-4865
-3894
-3508
-2868
-2475
-1492
-373
346
848
962
1063
1080
1538
1659
1778
1369
646
108
213
586
930
1295
1069
938
612
721
1397
2258
2692
3055
3363
3822
4558
5520
6312
6749
7624
8098
9333
10277
11297
12253
12942
13055
13327
13792
14495
15395
15916
16299
16484
16594
16369
16183
16557
16290
16370
15827
15536
15268
14841
15207
13980
14553
12868
13343
11517
11839
10350
10226
9242
8053
7530
6470
6069
5580
5257
4829
4417
4154
3359
2327
794
-911
-1905
-3539
-4281
-5777
-6381
-8459
-10090
-12728
-14633
-16777
-18781
-21088
-23060
-24849
-26457
-27908
-29100
-30361
-31374
-32438
-32768
-32716
-32768
-32740
-32768
-32753
-32768
-32766
-32727
-31940
-31024
-29918
-28625
-27462
-26286
-25101
-23787
-22100
-20588
-18856
-17714
-16622
-16057
-15558
-14899
-14339
-13491
-13198
-12860
-13000
-12746
-12823
-12651
-12658
-12870
-13092
-13406
-13564
-13674
-13670
-13311
-13212
-12550
-12289
-11210
-10366
-9228
-8319
-7412
-6430
-5582
-4094
-2712
-776
851
2487
3768
5220
6430
7827
9040
10295
10894
12206
13185
14489
15744
16814
17577
18153
18417
18180
18449
18579
19134
19625
19703
19799
19736
19669
19319
19222
18616
18497
18682
18209
18194
17925
17733
17006
17197
15930
15816
15413
14762
14949
14678
15211
15042
15406
13829
12899
11429
9918
8654
7730
6544
5461
4539
2813
1409
244
-1822
-3153
-5570
-7509
-9616
-10866
-12115
-12814
-13251
-13936
-14451
-15434
-16059
-16606
-16835
-17116
-17089
-16855
-16464
-15278
-14146
-12504
-10955
-9747
-8348
-7421
-6376
-5233
-4170
-2988
-1883
-709
180
1149
1607
2162
2467
2660
2476
2279
2130
1593
1603
1155
980
690
224
-78
-640
-921
-1495
-1761
-2210
-2392
-2484
-2149
-1956
-1497
-938
-696
74
423
1277
1992
3108
3914
5108
6047
6967
7896
8616
9270
9753
10609
10757
11583
11761
11866
12157
12341
12256
12371
12467
12357
12777
12378
12204
11652
11686
11142
11222
10878
10477
10537
9629
9853
8997
9526
8545
8929
7768
7396
7022
6241
6257
5215
5769
5303
6339
6340
6440
5860
5016
4339
2762
1948
839
-116
-1159
-2226
-3679
-4929
-5852
-7197
-8877
-10439
-12612
-14335
-16107
-17453
-18563
-19205
-19837
-20425
-20767
-21154
-20779
-20745
-20502
-20303
-19876
-19321
-18282
-17023
-15488
-13721
-11956
-10591
-9066
-7760
-6261
-5173
-4155
-3153
-2279
-1288
-616
153
578
1316
1611
1668
1625
1394
1025
651
-20
-551
-1051
-1567
-1997
-2510
-2661
-2930
-2836
-3252
-3214
-3172
-3038
-2723
-2300
-1813
-1137
-354
138
886
1920
2827
3744
4433
5006
5541
6174
6796
7148
8064
8211
9319
9562
10061
10567
11013
11380
11261
11642
10916
11557
10826
11237
10750
11076
10838
10799
10888
10935
11454
10689
10995
9733
9587
8686
8880
7706
7542
7191
6544
6555
6337
6279
6604
6989
6702
6247
5112
4238
3103
2234
555
65
-1524
-2769
-3825
-5245
-6196
-7371
-8526
-10701
-12002
-14184
-15777
-17060
-18369
-19091
-19916
-20282
-20600
-20410
-20215
-19498
-19022
-18720
-17970
-17388
-16587
-15186
-13798
-12295
-10568
-8766
-7209
-5251
-3474
-1804
-214
658
1548
2428
3121
4026
4703
5068
5200
5583
5392
5508
5494
5064
4596
3915
3179
2459
2086
1594
1154
796
309
195
24
255
457
765
998
1356
2114
2690
4077
4988
6316
7099
8348
9392
10547
12095
13325
14805
15821
17093
17743
18637
19480
19930
20712
21163
21195
21349
21518
21600
21473
21688
21443
21470
21101
20550
20443
19832
19811
18895
18465
17337
16789
16119
15165
14563
13474
13052
11990
11668
10502
10021
9071
8568
7954
7600
7275
6654
5903
4557
3530
1842
590
-1130
-2649
-4414
-6099
-7783
-9811
-11024
-12748
-13985
-15679
-17220
-18974
-20612
-21887
-23224
-24116
-25145
-25625
-26142
-26308
-26174
-25782
-25149
-24624
-23828
-23287
-22295
-21248
-19993
-18610
-17204
-15627
-14241
-12649
-11164
-9543
-8232
-6893
-6014
-5306
-4491
-4021
-3544
-3453
-3474
-3656
-3846
-4044
-4264
-4566
-4971
-5653
-6186
-7022
-7471
-7933
-8485
-8824
-9263
-9441
-9556
-9249
-9157
-8524
-8185
-7435
-6898
-6080
-5194
-4216
-3200
-2301
-1228
-482
375
1378
2458
3414
4522
5113
5924
6110
6813
6911
7793
7843
8493
8599
8860
9175
8754
9473
9006
9910
9405
10083
9320
9403
8846
9154
9533
9855
10460
10240
10830
10223
11088
10393
11114
10653
10851
10213
10055
9858
10014
10149
9846
9724
8977
8472
7497
6372
5138
3844
2500
569
-1027
-2707
-4131
-5271
-6904
-8239
-9832
-10938
-12667
-13815
-15222
-16092
-17092
-18072
-18587
-18934
-18604
-18353
-17688
-17195
-16241
-15273
-14274
-13162
-11921
-10633
-9378
-8184
-6971
-5471
-3966
-2406
-986
279
1491
2527
3082
3901
4243
4689
4739
4823
4467
4198
4029
3438
3297
2473
1960
972
405
-567
-1061
-1740
-2469
-2947
-3734
-3990
-4379
-4376
-4424
-4137
-3892
-3511
-3070
-2515
-1878
-1186
-553
14
524
1254
1812
2745
3327
4066
4462
5074
5316
5503
5609
5348
5400
5370
5089
5173
5354
5110
5306
5011
4508
4113
3767
3338
2868
2858
2123
2130
1566
1581
1231
1125
980
588
996
213
929
-191
470
-306
-3
-359
-233
136
-253
383
-703
-244
-1231
-1097
-2212
-2703
-3538
-4560
-5365
-6729
-7264
-8393
-9068
-9985
-10852
-11613
-12372
-12870
-13686
-13995
-14468
-14692
-14859
-14865
-14466
-14003
-13193
-12504
-11527
-10517
-9363
-8149
-7048
-5764
-4721
-3682
-2607
-1578
-496
593
1662
2556
3401
4193
4827
5274
5561
5739
5612
5420
4896
4226
3513
2722
1783
986
155
-749
-1432
-2147
-2798
-3447
-3828
-4400
-4586
-4873
-4969
-4833
-4677
-4267
-3855
-3069
-2488
-1454
-622
517
1734
2933
4218
5436
6791
7703
8901
9679
10685
11611
12524
13437
14334
15329
16118
16859
17363
17785
18111
18297
18023
17805
17586
17641
17638
17783
18105
18088
18325
18273
18625
18255
18757
18473
18533
18197
17917
17442
16935
16898
16136
16256
15469
15444
14984
14952
14314
13830
12893
11767
10607
8902
7429
5787
4240
2414
721
-1023
-2635
-3937
-5564
-6872
-8393
-9741
-11275
-12744
-14165
-15379
-16416
-17602
-18293
-18955
-19042
-19008
-18669
-18199
-17361
-16523
-15591
-14581
-13566
-12472
-11417
-10508
-9546
-8521
-7430
-6298
-5167
-4073
-2921
-1930
-1144
-494
-47
353
404
210
-269
-789
-1381
-1919
-2587
-3183
-3753
-4290
-4860
-5389
-5772
-6158
-6492
-7034
-7456
-7873
-8110
-8275
-8429
-8403
-8200
-7661
-7025
-6062
-4971
-3816
-2750
-1905
-916
-85
929
1663
2547
3225
4086
4886
5653
6387
7032
7700
8181
8515
8906
9127
9270
9240
8857
8688
8491
8482
8714
9295
9673
10231
10734
10921
11058
11421
11478
11563
11525
11542
11166
11142
10879
10825
10725
10500
10485
10058
9933
9653
9688
9157
8703
7940
7205
6301
5194
4018
2901
1612
137
-1461
-2842
-4366
-5706
-7192
-8578
-9965
-11371
-12550
-13879
-14879
-15889
-16615
-17460
-17977
-18325
-18440
-18267
-18012
-17634
-17108
-16319
-15574
-14718
-13776
-12758
-11773
-10880
-9888
-8901
-7831
-6809
-5817
-4912
-3939
-3103
-2300
-1682
-1070
-848
-687
-745
-1078
-1402
-1964
-2644
-3409
-4082
-4961
-5524
-6177
-6732
-7146
-7571
-8010
-8345
-8538
-8860
-8919
-8968
-8981
-8764
-8458
-8015
-7307
-6371
-5417
-4313
-3171
-2042
-917
152
1149
2118
3067
3947
5000
5851
6766
7634
8330
8821
9261
9606
9936
10470
10725
11082
11153
11210
11356
11302
11143
11135
11148
11104
11276
11476
11287
11487
11478
11383
11503
11359
11544
11324
11581
11064
11290
10888
10954
10801
10470
10506
10098
10356
9755
10011
9251
9194
8528
7857
7197
6165
5477
4194
3351
1802
857
-478
-1643
-2741
-3954
-4784
-5895
-6724
-7783
-8412
-9255
-9929
-10514
-11186
-11454
-11777
-11803
-11885
-11585
-11339
-10796
-10266
-9637
-8747
-7900
-6933
-6092
-5147
-4261
-3256
-2471
-1630
-831
-112
554
1131
1600
1951
2187
2245
2229
2026
1745
1274
681
-8
-655
-1432
-2191
-2987
-3720
-4443
-5119
-5808
-6376
-6833
-7291
-7624
-7967
-8082
-8212
-8104
-8021
-7710
-7327
-6784
-6073
-5346
-4396
-3477
-2484
-1637
-692
184
1030
1888
2520
3180
3603
4003
4236
4491
4670
4871
5232
5503
6047
6136
6524
6663
6779
6741
6477
6422
5992
6038
5808
6020
5969
6042
6070
5874
6160
6078
6191
6075
5969
5683
5309
4983
4286
3912
3287
2820
2409
1965
1695
1189
879
72
-349
-1299
-2140
-3058
-4130
-5079
-6333
-7376
-8743
-9699
-10941
-11898
-12873
-13719
-14362
-15109
-15625
-16192
-16528
-16953
-17150
-17393
-17476
-17393
-17321
-17045
-16673
-16089
-15378
-14487
-13549
-12421
-11185
-9957
-8675
-7437
-6220
-5018
-3901
-2907
-1922
-1054
-278
460
1134
1711
2223
2595
2929
3115
3184
3119
2928
2628
2244
1874
1306
839
339
-78
-513
-834
-1083
-1231
-1190
-1212
-1043
-938
-639
-396
-50
362
774
1352
1850
2552
3188
4035
4898
5755
6704
7545
8534
9271
10070
10503
11000
11309
11425
11541
11597
11821
11961
12254
12376
12551
12932
13118
13402
13641
13815
13918
14027
14003
13813
13805
13444
13467
13234
13271
13167
13320
13362
13379
13419
13269
13221
12778
12654
11992
11589
10825
10249
9558
8861
8192
7215
6554
5607
4912
4000
3197
2204
1184
109
-1176
-2256
-3581
-4805
-6221
-7564
-8885
-10087
-11160
-12207
-12976
-13752
-14295
-14812
-15161
-15368
-15469
-15494
-15517
-15429
-15297
-15012
-14675
-14212
-13642
-12997
-12238
-11386
-10479
-9441
-8358
-7326
-6314
-5306
-4404
-3528
-2758
-2113
-1540
-1120
-842
-746
-634
-635
-684
-860
-1140
-1430
-1761
-2055
-2461
-2793
-3160
-3515
-3890
-4234
-4456
-4668
-4763
-4908
-4906
-4873
-4640
-4374
-4032
-3546
-3030
-2334
-1643
-804
17
915
1753
2548
3395
4248
5173
6006
6718
7319
7769
8160
8442
8763
9018
9250
9418
9560
9757
10011
10439
10748
11090
11226
11417
11411
11451
11474
11254
11362
11184
11174
11103
11323
11381
11527
11757
11622
11778
11643
11540
11262
10956
10471
9872
9286
8561
8049
7396
6827
6179
5467
4826
4110
3404
2636
1853
905
-81
-1153
-2326
-3383
-4572
-5756
-6976
-8214
-9341
-10360
-11274
-12095
-12705
-13306
-13789
-14120
-14415
-14492
-14519
-14487
-14434
-14264
-14040
-13714
-13283
-12822
-12189
-11563
-10829
-10028
-9149
-8197
-7215
-6284
-5399
-4500
-3709
-2923
-2249
-1677
-1222
-885
-686
-599
-519
-540
-547
-710
-944
-1273
-1613
-1940
-2343
-2676
-3080
-3430
-3865
-4137
-4418
-4599
-4666
-4771
-4747
-4724
-4524
-4325
-3966
-3606
-3130
-2591
-2018
-1316
-612
246
1049
1888
2624
3423
4147
4784
5444
5943
6479
6844
7265
7541
7804
7999
8163
8359
8468
8665
8706
8767
8753
8758
8729
8676
8631
8483
8432
8267
8139
7978
7776
7724
7682
7655
7587
7598
7493
7420
7385
7194
6992
6721
6382
5949
5531
5086
4608
4127
3603
3042
2500
1990
1510
1017
510
-31
-618
-1233
-1843
-2496
-3149
-3802
-4472
-5194
-5893
-6604
-7299
-7940
-8564
-9133
-9700
-10203
-10669
-11036
-11351
-11595
-11790
-11959
-12021
-12026
-11938
-11789
-11560
-11298
-10962
-10559
-10125
-9594
-9037
-8448
-7862
-7242
-6630
-6005
-5395
-4820
-4271
-3800
-3362
-2995
-2653
-2411
-2180
-2028
-1945
-1941
-1992
-2104
-2230
-2353
-2556
-2699
-2894
-3053
-3192
-3288
-3369
-3399
-3384
-3404
-3319
-3265
-3111
-2936
-2742
-2536
-2311
-2022
-1781
-1407
-1100
-665
-228
288
887
1503
2177
2799
3466
3982
4538
4996
5386
5763
6044
6317
6550
6838
7068
7303
7470
7630
7742
7796
7853
7882
7789
7703
7535
7376
7313
7176
7053
6890
6774
6465
6284
6012
5693
5452
5205
4956
4651
4459
4174
3962
3627
3327
3018
2680
2376
2068
1836
1541
1353
1032
824
609
422
242
-19
-267
-582
-832
-1198
-1463
-1813
-2147
-2501
-2898
-3266
-3624
-3904
-4251
-4531
-4890
-5176
-5451
-5737
-6005
-6251
-6470
-6708
-6902
-7105
-7194
-7245
-7253
-7202
-7084
-6909
-6663
-6345
-6012
-5611
-5181
-4727
-4295
-3859
-3413
-2960
-2572
-2213
-1868
-1540
-1256
-1024
-815
-657
-517
-458
-398
-384
-348
-358
-392
-458
-551
-644
-756
-861
-1009
-1125
-1265
-1396
-1507
-1574
-1629
-1665
-1693
-1694
-1618
-1514
-1349
-1113
-833
-508
-133
299
755
1276
1797
2303
2757
3231
3675
4143
4594
4971
5327
5628
5959
6257
6690
7069
7429
7753
8034
8249
8451
8647
8769
8850
8817
8746
8580
8429
8200
7950
7621
7233
6817
6425
6035
5697
5402
5145
4894
4594
4336
4042
3756
3406
3051
2639
2155
1740
1285
889
515
199
-75
-287
-412
-542
-484
-483
-399
-318
-215
-173
-183
-213
-361
-504
-786
-1029
-1360
-1683
-2040
-2375
-2734
-3112
-3443
-3805
-4105
-4465
-4815
-5198
-5595
-6043
-6500
-6952
-7442
-7909
-8376
-8791
-9176
-9489
-9712
-9863
-9936
-9948
-9855
-9725
-9501
-9241
-8926
-8594
-8265
-7961
-7652
-7350
-7063
-6759
-6475
-6163
-5852
-5512
-5169
-4782
-4408
-4011
-3606
-3228
-2849
-2460
-2111
-1787
-1502
-1274
-1086
-942
-836
-731
-653
-567
-488
-383
-258
-83
114
350
607
849
1136
1402
1698
1988
2328
2634
2973
3258
3544
3816
4107
4416
4727
5035
5309
5623
5937
6221
6472
6716
6925
7107
7262
7369
7442
7514
7500
7491
7392
7298
7121
6923
6655
6392
6181
5914
5730
5492
5332
5139
4991
4734
4484
4256
3914
3598
3234
2888
2506
2220
1890
1564
1305
1036
823
656
553
483
444
445
395
376
361
350
289
241
172
21
-132
-326
-486
-688
-856
-1023
-1192
-1366
-1505
-1645
-1805
-1972
-2140
-2358
-2603
-2856
-3132
-3404
-3679
-3962
-4263
-4507
-4723
-4884
-5020
-5091
-5135
-5118
-5049
-4935
-4794
-4620
-4416
-4221
-4010
-3800
-3567
-3333
-3099
-2868
-2647
-2442
-2216
-1977
-1732
-1469
-1199
-946
-674
-396
-126
131
393
610
803
970
1111
1237
1320
1424
1502
1597
1687
1810
1923
2071
2244
2394
2541
2689
2837
2957
3074
3146
3237
3307
3379
3467
3592
3699
3844
4005
4180
4413
4657
4941
5246
5526
5747
5966
6129
6245
6352
6375
6345
6304
6218
6082
5983
5897
5797
5750
5655
5550
5461
5343
5200
5016
4818
4535
4200
3784
3356
2896
2407
1911
1408
913
440
7
-440
-833
-1174
-1472
-1750
-1996
-2203
-2421
-2597
-2798
-2995
-3228
-3453
-3723
-3978
-4202
-4382
-4529
-4659
-4713
-4752
-4741
-4704
-4626
-4541
-4405
-4280
-4181
-4115
-4064
-4064
-4108
-4201
-4331
-4478
-4638
-4809
-4988
-5153
-5278
-5379
-5481
-5547
-5601
-5639
-5696
-5729
-5793
-5839
-5896
-5951
-6017
-6053
-6067
-6077
-6038
-5989
-5875
-5731
-5527
-5294
-5005
-4689
-4344
-3997
-3634
-3251
-2864
-2500
-2146
-1813
-1507
-1212
-929
-641
-358
-74
212
509
790
1070
1351
1609
1849
2068
2245
2412
2536
2636
2704
2767
2818
2873
2957
3044
3161
3242
3349
3441
3556
3675
3824
3990
4132
4296
4414
4540
4657
4791
4905
4993
5054
5085
5136
5164
5196
5214
5233
5242
5238
5255
5217
5198
5109
4994
4864
4683
4449
4203
3961
3613
3340
2988
2682
2396
2144
1908
1632
1395
1088
832
577
322
53
-210
-485
-788
-1057
-1336
-1547
-1746
-1903
-2013
-2132
-2175
-2217
-2186
-2162
-2073
-1987
-1928
-1825
-1754
-1656
-1593
-1523
-1509
-1460
-1445
-1421
-1406
-1379
-1337
-1308
-1260
-1209
-1143
-1072
-1010
-949
-915
-895
-863
-891
-942
-1015
-1108
-1229
-1327
-1449
-1544
-1615
-1657
-1670
-1656
-1585
-1475
-1335
-1170
-973
-771
-544
-346
-140
38
199
324
430
539
629
726
824
953
1083
1234
1387
1551
1704
1860
2016
2162
2309
2461
2582
2670
2724
2741
2732
2701
2650
2596
2567
2536
2513
2512
2524
2552
2604
2662
2724
2784
2841
2894
2937
2968
2981
2997
2997
2980
2969
2986
3001
3029
3057
3103
3122
3137
3153
3110
3100
3024
2970
2856
2741
2608
2426
2258
2047
1852
1602
1370
1103
827
584
323
91
-150
-375
-628
-895
-1149
-1429
-1689
-1991
-2285
-2610
-2899
-3195
-3466
-3690
-3931
-4141
-4323
-4493
-4635
-4741
-4839
-4921
-4999
-5041
-5085
-5109
-5123
-5127
-5156
-5191
-5263
-5321
-5386
-5430
-5459
-5493
-5505
-5512
-5523
-5510
-5468
-5426
-5397
-5394
-5405
-5434
-5462
-5517
-5584
-5675
-5745
-5859
-5934
-6004
-6063
-6090
-6119
-6116
-6101
-6049
-5973
-5904
-5842
-5765
-5684
-5617
-5526
-5442
-5343
-5267
-5184
-5080
-4996
-4858
-4735
-4578
-4426
-4251
-4068
-3873
-3645
-3430
-3202
-2991
-2759
-2549
-2315
-2092
-1878
-1684
-1510
-1341
-1209
-1051
-882
-711
-544
-372
-190
-15
183
359
532
700
865
1023
1186
1354
1512
1694
1869
2064
2264
2486
2710
2950
3198
3423
3647
3829
3973
4084
4175
4262
4334
4410
4492
4571
4666
4730
4763
4785
4819
4822
4804
4749
4669
4584
4485
4404
4284
4192
4093
3996
3888
3787
3690
3604
3555
3511
3488
3465
3436
3400
3332
3270
3161
3051
2934
2803
2691
2556
2448
2297
2173
2048
1930
1835
1736
1668
1579
1516
1435
1340
1243
1162
1105
1036
930
814
687
583
508
448
414
244
105
98
140
334
499
608
737
816
1018
1118
1277
1459
1583
1629
1698
1803
1771
1747
1709
1701
1572
1546
1507
1429
1387
1358
1411
1440
1509
1546
1576
1618
1642
1686
1728
1742
1677
1601
1540
1487
1466
1441
1460
1476
1495
1539
1614
1699
1783
1864
1904
1926
1945
1981
1999
2001
1977
1931
1883
1853
1824
1827
1845
1856
1896
1954
2051
2145
2264
2345
2417
2460
2482
2476
2454
2411
2339
2286
2223
2178
2144
2130
2122
2111
2099
2080
2059
2024
1978
1915
1832
1743
1627
1527
1420
1295
1168
1033
911
794
672
567
433
298
168
29
-70
-185
-283
-409
-541
-677
-809
-942
-1105
-1230
-1378
-1493
-1623
-1736
-1835
-1931
-2011
-2112
-2192
-2293
-2339
-2397
-2412
-2431
-2461
-2482
-2527
-2509
-2533
-2492
-2481
-2436
-2402
-2337
-2244
-2172
-2079
-2026
-1938
-1907
-1843
-1782
-1718
-1673
-1649
-1629
-1631
-1606
-1606
-1596
-1619
-1620
-1623
-1622
-1575
-1547
-1480
-1440
-1379
-1302
-1228
-1124
-1032
-932
-862
-757
-671
-552
-450
-349
-240
-179
-81
-3
102
188
265
326
401
452
529
581
635
713
752
815
864
927
971
992
1039
1059
1074
1095
1082
1080
1065
1052
1039
1033
1003
993
953
928
894
865
880
872
884
887
893
907
934
972
993
1014
1019
1016
984
983
945
907
870
781
718
608
521
424
328
227
134
16
-71
-161
-262
-318
-395
-419
-488
-530
-550
-580
-574
-580
-587
-593
-614
-622
-626
-648
-671
-693
-777
-817
-888
-938
-992
-1058
-1120
-1192
-1232
-1276
-1300
-1323
-1303
-1345
-1317
-1325
-1315
-1283
-1263
-1238
-1236
-1186
-1189
-1167
-1162
-1136
-1157
-1140
-1153
-1178
-1160
-1168
-1162
-1172
-1139
-1137
-1104
-1074
-1041
-998
-957
-885
-858
-781
-721
-670
-588
-536
-458
-392
-307
-259
-196
-156
-109
-48
8
89
105
151
134
174
198
231
254
240
238
214
236
236
280
273
286
276
270
284
296
328
299
311
276
262
238
217
219
192
189
154
158
168
174
170
175
205
236
300
312
363
399
430
472
492
521
529
527
515
512
522
548
520
521
495
467
467
446
423
414
383
346
327
292
307
257
216
133
68
37
-24
-85
-159
-271
-358
-440
-523
-559
-627
-703
-761
-840
-877
-900
-937
-963
-1019
-1054
-1123
-1166
-1204
-1236
-1272
-1312
-1354
-1382
-1385
-1414
-1419
-1416
-1402
-1379
-1358
-1328
-1312
-1291
-1261
-1223
-1173
-1124
-1069
-1077
-1025
-1024
-974
-922
-889
-851
-822
-770
-752
-693
-656
-601
-586
-531
-528
-490
-443
-426
-416
-397
-399
-412
-416
-424
-421
-443
-417
-447
-442
-430
-437
-417
-403
-354
-328
-289
-253
-219
-200
-161
-144
-130
-80
-83
-70
-75
-48
-30
-27
-6
-23
-13
-11
-4
-4
23
21
29
34
20
26
1
19
16
6
7
-37
-63
-93
-96
-102
-97
-127
-133
-173
-177
-181
-207
-191
-232
-234
-275
-277
-301
-314
-339
-376
-396
-456
-459
-514
-523
-539
-558
-540
-551
-553
-585
-575
-587
-560
-561
-541
-526
-553
-528
-569
-547
-546
-548
-542
-568
-564
-570
-569
-553
-554
-554
-539
-546
-513
-479
-444
-413
-395
-369
-364
-328
-320
-297
-295
-296
-307
-296
-290
-291
-268
-287
-265
-254
-214
-207
-187
-153
-148
-101
-62
-45
-27
-5
-18
26
41
52
67
64
90
98
142
153
169
189
214
257
326
336
347
360
342
375
386
399
394
379
374
369
385
379
365
370
388
390
427
410
398
382
364
375
385
378
351
320
303
300
283
298
259
239
247
206
235
234
210
217
156
156
132
141
113
80
44
38
11
12
-7
-91
-56
-130
-97
-103
-129
-146
-180
-206
-220
-212
-223
-230
-262
-232
-261
-216
-208
-217
-204
-202
-195
-171
-164
-150
-147
-147
-124
-127
-91
-102
-99
-85
-101
-116
-92
-111
-98
-117
-108
-112
-122
-112
-143
-111
-116
-106
-97
-93
-96
-81
-52
-23
29
51
80
100
126
174
195
217
221
238
270
274
296
305
290
291
293
301
317
299
307
283
300
322
321
326
310
294
296
304
288
320
287
322
298
333
349
344
370
358
393
404
425
422
448
422
451
452
463
464
441
444
432
423
408
381
340
301
258
257
207
188
141
113
84
76
68
46
37
23
21
-1
-5
-17
1
13
20
28
22
4
-4
4
10
14
-3
-10
-17
-15
-11
-29
-34
-43
-50
-54
-68
-88
-89
-104
-91
-79
-77
-76
-97
-92
-104
-106
-99
-111
-116
-107
-111
-105
-99
-96
-62
-56
-26
-35
-49
-72
-105
-110
-126
-135
-143
-149
-145
-117
-118
-114
-117
-106
-98
-98
-99
-96
-93
-75
-74
-63
-50
-43
-26
-21
0
8
37
46
67
77
91
96
109
121
148
170
179
187
191
192
189
196
202
194
197
193
172
158
139
126
117
108
100
97
85
96
83
95
91
91
111
103
104
103
90
75
77
69
69
68
72
78
82
90
87
90
98
93
98
95
75
53
39
21
13
6
-6
-12
-20
-16
-37
-36
-49
-76
-98
-114
-138
-150
-156
-176
-197
-207
-212
-228
-217
-214
-197
-182
-191
-192
-206
-226
-241
-262
-281
-303
-311
-317
-314
-304
-301
-300
-286
-271
-255
-244
-261
-257
-284
-294
-312
-332
-353
-374
-394
-408
-418
-433
-417
-413
-384
-372
-331
-318
-296
-280
-289
-285
-286
-272
-269
-258
-239
-219
-205
-170
-155
-128
-108
-99
-100
-115
-117
-149
-151
-169
-166
-164
-160
-144
-127
-87
-65
-50
-39
-32
-36
-32
-50
-59
-69
-85
-82
-87
-80
-68
-42
-17
25
54
91
83
79
61
51
34
-5
-18
-50
-74
-81
-81
-82
-74
-58
-39
-15
-1
13
7
-6
-17
-45
-52
-83
-101
-113
-126
-124
-131
-125
-127
-119
-101
-93
-91
-84
-88
-85
-88
-95
-103
-108
-115
-122
-118
-129
-128
-144
-144
-145
-136
-128
-125
-136
-139
-139
-145
-150
-153
-148
-147
-132
-139
-141
-145
-154
-146
-133
-130
-125
-119
-129
-103
-96
-85
-68
-69
-44
-31
-19
-9
-13
-10
-10
-9
2
9
9
15
13
25
41
42
65
86
120
148
159
165
167
182
185
194
201
192
183
182
174
171
175
166
166
177
189
198
197
193
206
220
231
233
238
236
236
249
250
246
242
245
243
250
244
238
237
255
265
266
284
276
281
295
293
306
326
334
340
344
334
313
291
282
277
273
265
246
231
222
223
221
212
212
200
185
187
173
153
122
104
96
86
73
49
28
23
6
-4
-10
-32
-39
-44
-42
-55
-66
-85
-102
-98
-102
-117
-121
-131
-144
-150
-156
-152
-161
-167
-162
-170
-172
-179
-181
-170
-165
-152
-148
-148
-141
-128
-122
-116
-103
-93
-87
-86
-76
-69
-74
-79
-93
-93
-85
-82
-83
-89
-93
-96
-89
-87
-92
-92
-91
-91
-79
-79
-87
-93
-87
-74
-59
-34
-21
-6
8
25
30
47
57
72
74
81
87
93
108
125
134
152
174
187
211
239
262
267
270
267
261
260
277
275
281
280
280
280
282
286
287
292
290
301
294
281
262
247
230
213
210
203
183
169
157
149
153
143
133
120
129
133
134
142
127
109
93
87
65
71
79
61
64
54
43
20
7
1
-17
-16
-36
-60
-96
-125
-150
-178
-200
-225
-240
-253
-266
-275
-278
-282
-279
-277
-284
-284
-294
-296
-296
-301
-304
-310
-303
-307
-301
-296
-291
-299
-302
-294
-300
-290
-288
-283
-288
-287
-294
-299
-300
-305
-302
-291
-273
-262
-245
-235
-218
-207
-200
-190
-178
-162
-155
-141
-128
-111
-104
-86
-65
-47
-28
-20
3
6
20
34
36
46
47
52
54
71
88
89
98
108
127
150
162
185
205
223
244
255
267
285
296
299
304
312
325
337
344
354
369
372
379
392
394
407
411
412
433
442
446
459
467
485
499
517
548
576
601
618
621
625
635
641
647
653
655
647
640
626
626
628
625
607
602
584
567
553
538
525
520
511
485
475
474
467
455
454
453
453
453
447
448
462
488
504
518
531
533
544
549
551
557
566
553
556
556
544
