-10
-25
68
159
150
102
-21
-120
-142
11
21
104
100
202
230
320
355
249
84
-21
-39
-65
146
247
191
47
-74
-38
56
186
167
205
175
149
99
-59
-76
-17
189
294
473
458
474
363
222
145
132
17
25
236
270
330
301
53
-48
-61
-103
99
176
381
413
484
281
320
161
139
206
138
224
193
237
239
339
329
282
220
140
23
39
-28
78
11
146
128
8
-2
-66
-208
-111
29
44
159
116
185
184
300
252
409
405
322
307
249
86
54
-1
76
126
229
206
124
53
-66
-13
104
307
451
339
208
-10
-146
-65
14
47
-3
40
43
-1
177
204
325
350
150
72
160
177
404
438
384
106
-48
-99
-147
-105
-41
26
16
62
-45
-141
-17
93
128
22
-265
-289
-447
-97
-121
60
-77
-311
-393
-394
-232
-13
135
-32
-220
-305
-45
-96
74
-5
-202
-165
-283
-217
-328
-414
-593
-657
-698
-459
-511
-268
-303
-499
-403
-272
-348
-386
-468
-776
-537
-721
-497
-521
-442
-574
-449
-606
-511
-470
-530
-676
-753
-892
-821
-500
-521
-636
-418
-495
-590
-464
-451
-570
-480
-675
-635
-518
-363
-399
-514
-594
-657
-694
-469
-555
-459
-522
-530
-374
-390
-318
-291
-203
-396
-460
-398
-581
-512
-646
-482
-464
-688
-355
-435
-130
-274
-455
-348
-253
-248
-247
-267
-225
-358
-270
-391
-185
127
200
310
-221
-141
-572
-362
-404
-204
-163
-35
86
129
-81
-55
-20
104
276
266
242
-20
-124
215
72
-59
-132
-411
-253
-357
-140
-438
-191
-375
-256
-209
-134
-25
-49
61
-210
-181
-369
-27
-49
-16
-119
-84
-5
-159
-93
-210
-151
89
18
-20
-149
-323
-474
-416
-242
-213
-315
-121
-80
-45
-152
-193
-172
-35
-142
60
183
278
356
21
-119
-318
-26
38
201
308
281
175
81
-263
-498
-203
-280
103
206
461
599
593
391
325
114
14
28
-11
-136
150
336
256
62
-172
-199
-122
86
84
-49
-283
25
-28
0
-199
-415
-350
-193
-16
114
24
31
102
42
-80
-205
-257
-353
-170
-372
-578
-656
-291
20
-81
-343
-529
-324
-392
-138
138
-348
-327
-483
-369
-281
-260
-132
181
421
281
65
-176
-113
-151
-33
-38
-116
144
122
-223
-439
-489
-412
-252
-408
-614
-836
-790
-725
-740
-463
-413
-272
-16
-123
-339
-381
-263
-175
-7
10
202
44
7
240
164
-3
-195
-394
-153
-57
152
241
2
-260
-260
-275
-429
-309
-257
-369
-256
-237
-102
46
142
222
-93
-216
86
39
327
604
444
113
350
666
189
462
232
322
57
359
-77
-433
-189
-90
-95
-360
-379
-531
-183
348
527
627
629
579
305
-101
164
32
177
178
360
96
113
27
-50
-126
-202
26
91
17
-130
-54
-4
2
66
120
228
-300
-583
-290
-387
213
-4
187
93
79
-142
13
-293
-426
-164
265
486
531
229
-95
-80
-118
-416
-353
-185
-62
126
186
328
55
127
-18
95
-181
-16
213
268
-48
-278
-275
119
204
281
212
-99
-491
-375
-369
-303
-50
116
148
196
-7
-71
-29
106
-352
-395
-107
203
164
265
203
-71
159
424
732
429
320
120
294
248
401
68
-70
-281
-265
-55
-57
28
-169
-118
33
119
13
45
-94
-190
-66
101
421
322
722
495
-28
-15
-62
369
431
256
-116
-115
-75
138
49
232
458
387
363
296
238
-385
-443
-143
75
223
144
104
-316
-88
267
267
172
-34
83
277
482
352
357
314
243
15
52
-34
-35
-268
-325
80
185
191
205
27
-439
-186
-280
64
326
-56
243
304
464
413
-88
-86
-322
-90
-58
466
213
323
51
-22
-292
-31
-111
-53
396
324
141
-30
-68
-460
-15
106
332
-379
-72
-131
-389
52
443
142
-45
-5
-63
-505
-24
-59
106
-63
81
-219
-38
-309
583
304
287
128
179
547
234
206
137
80
69
336
174
-16
-120
-126
-225
-189
-95
-35
-370
-238
-576
-322
-76
404
-79
79
172
-12
191
94
-121
-462
-291
150
17
268
14
-70
-125
156
358
124
-54
-149
-299
-304
-394
-313
-392
53
232
359
98
-51
121
-295
34
71
87
307
317
504
108
-58
80
-156
-147
236
336
517
195
2
-21
-215
16
-90
387
-50
107
-61
-147
194
-160
-252
-229
383
465
427
413
80
209
85
229
282
-104
-582
119
1
-132
130
-121
167
-255
-102
6
68
-13
357
437
336
121
125
-166
133
247
120
30
447
506
385
524
-48
-158
-154
287
215
188
12
201
451
99
79
-255
-67
-70
497
106
145
-73
149
332
667
620
419
406
-38
399
196
762
631
178
718
56
814
202
297
-226
18
75
-348
2
-436
47
157
465
246
-439
-288
-195
-174
24
726
20
338
175
310
-212
78
101
659
491
92
10
88
25
-108
-152
-206
-83
240
430
-136
128
-147
-144
207
42
-131
-96
153
60
66
211
137
-21
-102
47
-417
30
-22
260
-140
-279
-449
-732
-285
-74
-103
-48
-240
-185
-170
324
-229
200
66
14
-51
-154
-270
-266
-22
405
307
627
100
169
-3
59
6
-65
-452
-23
-115
-496
234
-42
104
66
-283
-162
-335
90
0
-607
-78
-331
-103
528
317
-227
-44
-46
-164
171
-277
-475
-706
350
-75
171
-424
-325
-894
-90
218
-80
225
474
509
59
133
-540
-571
-330
358
138
-265
205
-471
-4
-227
-37
-181
-145
329
-376
-372
-380
-133
-80
85
-61
-235
-587
338
383
-440
32
-529
-63
-287
-166
-107
406
148
-259
124
-296
-114
-298
232
10
287
174
-186
-401
-222
-215
-45
-45
29
272
-66
-117
-341
-349
-21
25
445
46
495
-152
27
59
87
94
-215
-308
63
-300
-157
9
388
335
-49
164
-326
-381
-301
-531
51
-157
669
179
-119
-256
340
-163
-10
-360
-264
-220
174
-144
244
-87
-553
-690
-321
-686
73
379
-93
-394
326
48
-306
225
-246
19
-488
397
-66
712
-557
636
-605
116
-16
-216
142
-479
407
-498
300
104
69
-146
252
-298
266
21
-162
-34
196
70
-303
-312
-161
87
-63
530
-642
61
-186
367
-17
-294
-2
-159
712
309
677
-253
62
-175
-146
-82
695
644
737
270
-13
-435
-428
-507
-33
220
309
-63
107
-206
-42
184
-352
-206
-272
450
-117
-489
-439
-250
-236
489
-47
-262
-290
-170
47
-20
-175
128
231
12
-212
467
-381
534
-138
-96
-65
-654
564
-356
961
-360
484
-445
526
-503
384
-259
127
260
-239
-288
-854
-202
-523
6
270
-603
-186
-291
-333
-75
-69
-178
111
184
206
279
31
-251
7
-157
329
204
580
-219
-22
-153
-333
-267
389
-1
-47
137
-1033
-2
-318
-74
63
-378
-72
-364
210
316
279
-166
-11
107
274
-647
67
-537
-237
32
319
88
-165
131
-258
-12
-50
-206
-499
-723
-453
-156
66
-29
-569
-397
-803
-735
-552
-126
-243
-297
-215
-285
-112
-715
-122
-320
-70
-19
-186
-220
-204
-113
455
-366
-835
-60
-91
82
3
-33
-269
-430
-171
-22
365
340
-371
-803
-783
-354
-695
297
-856
660
13
-65
-14
-514
217
-744
537
355
431
-195
356
2
36
950
511
479
76
-83
-274
400
242
410
202
-15
71
133
468
467
1078
541
502
222
-103
479
50
792
-88
580
-37
855
193
279
108
170
275
321
869
-5
647
-323
183
-355
694
525
564
-150
3
260
-243
67
119
587
230
986
-368
425
196
390
960
582
488
-465
-41
-1
512
-39
542
350
792
951
641
159
270
2
-130
1005
1124
-54
383
320
628
515
904
877
126
-132
804
845
399
931
377
349
239
-90
310
686
761
390
336
-205
145
-6
336
-11
381
240
708
681
418
153
282
-106
67
512
868
377
-49
447
113
699
283
768
91
709
-884
88
-660
33
-265
243
267
552
781
-275
417
-782
-554
-749
422
269
1313
945
430
25
1080
748
-60
232
248
1179
702
451
855
85
793
916
1112
402
248
342
377
1075
-285
-44
-198
476
1
-114
-283
-465
-418
338
701
738
757
373
967
141
270
-94
-485
-67
316
1505
1374
592
353
-610
125
306
613
343
571
-382
-463
-403
-73
668
459
981
160
-228
-312
-46
360
218
189
-660
-128
84
-16
-58
-159
688
-469
492
-842
-95
-662
178
-169
-319
252
-415
270
-591
348
23
-85
-153
96
-664
-400
-544
116
150
478
226
-196
-744
-602
-767
-255
148
-431
-595
-360
-249
247
-575
-551
-480
-334
-494
-817
-473
-709
-816
-335
-287
-345
-6
-313
-564
-262
-758
-33
-521
-236
-95
21
811
542
82
-254
-115
-649
-62
-977
424
39
-756
223
-769
-825
-491
-382
-666
-516
341
-1149
-1792
-260
-1015
-176
-631
220
-959
-620
-124
-524
-942
-494
194
-1109
18
250
66
243
401
306
-626
-1161
-741
-184
-813
-122
-368
-1311
-1015
-690
-982
-1320
-566
-736
-510
-450
-390
-757
-215
-619
-1199
-924
-118
-1073
-343
-849
-419
-978
-108
-477
-562
-882
-1182
-398
144
280
-351
-142
-516
222
-120
-623
-351
-573
-987
-730
117
-513
238
-275
-203
-965
-348
-777
-905
92
-114
43
341
-615
-548
-896
-895
-1769
-447
-345
102
-330
190
-101
-120
-126
-833
-213
-235
215
289
-125
-1018
-1492
-904
-1009
-399
662
254
-331
-427
-424
-357
-614
173
-775
6
148
-375
-580
-867
-372
-538
183
-603
-218
-110
-478
-164
-634
224
-541
-64
-978
-362
-1387
-648
471
56
-87
-257
97
-1045
326
-672
-1388
-434
-218
20
253
364
-1324
-453
-823
-514
-310
-778
498
-754
317
-397
-304
473
-161
109
-82
1206
326
232
-115
-30
467
-776
433
-133
-90
-123
461
-463
908
-393
276
-145
12
-10
-696
-310
2
66
-215
-316
-74
383
67
-231
481
-251
613
-740
-149
339
555
-140
756
-28
-17
-419
525
656
-485
86
-149
374
32
1176
1033
314
449
117
-332
-1047
-750
-1151
-570
222
1246
257
1338
492
-84
-117
275
937
339
-65
-151
354
-1003
35
-25
519
994
541
271
-753
483
390
179
579
345
160
480
1034
274
329
752
124
48
481
978
72
182
802
1028
960
703
459
-55
-140
223
-410
-350
166
585
678
766
-734
-317
180
235
832
187
-303
41
513
412
-409
-73
328
816
1618
988
-49
457
-223
271
345
392
-90
537
840
674
839
554
859
-34
303
440
632
567
415
65
-266
-281
779
616
143
-393
-800
-327
-114
274
-100
123
137
249
323
-301
-197
604
39
1020
2106
1651
749
-288
-572
-1175
-844
27
-658
-883
-55
-194
-454
90
575
-743
-390
-516
293
-544
-1346
-618
-606
467
829
1578
887
990
653
-16
-768
-30
348
373
531
-494
300
151
168
43
-130
-468
-379
-211
-383
-181
-128
-795
-885
-998
-1011
-386
345
468
813
875
161
-116
418
408
928
-446
-798
-1299
-1096
305
198
1059
416
550
257
-672
-801
-1189
-92
-370
336
233
484
25
662
697
389
451
241
1134
-369
794
285
772
1493
-13
522
-1815
-281
-1084
-1122
-1338
-871
-618
-1850
247
-522
201
-814
-195
-1686
-649
-344
-861
104
-134
918
-349
379
-195
-293
66
695
153
-359
-13
-668
-22
-129
-83
-25
224
12
-279
351
-170
614
-82
-447
-1084
-625
-1178
-145
-515
-332
-1046
-1222
-848
-1573
-462
-489
-462
-478
224
565
625
952
712
479
238
-773
-565
-307
339
418
579
-181
514
185
310
168
-291
-589
-473
-570
-748
-309
-1082
-506
404
440
647
288
165
-310
358
110
502
904
-25
535
252
1412
315
448
-350
-205
489
683
530
717
1313
239
186
-771
-1572
-1940
-1022
-575
-328
-470
-384
107
-169
228
-848
-320
-1346
-957
-727
13
909
364
912
-458
-499
-1468
-851
-1249
-1297
-106
-304
-150
-477
129
-551
-1129
-910
-1504
-940
-1225
-241
-171
-356
-577
-699
-482
232
-74
-351
-585
-205
44
404
-321
-783
-1387
-1601
-1427
-1204
-431
-127
169
-342
-783
-1284
-1333
-625
-432
-339
-628
-723
-1140
-1130
-1119
-834
-466
-79
18
-232
115
416
369
466
887
637
482
204
141
-387
-425
-399
34
-32
167
382
438
727
341
363
360
77
-157
-209
-687
-620
-642
-348
34
177
64
65
469
361
323
-90
-1213
-1366
-1433
-401
91
432
700
276
497
-14
173
-468
-666
-568
-897
-693
-375
311
256
403
-175
-47
147
370
440
466
922
752
1198
787
1131
967
701
590
500
285
140
670
635
977
780
1242
926
435
166
177
703
519
718
444
419
-149
-430
-582
-580
-207
146
381
139
203
123
-53
-372
-782
-939
-1102
-792
-244
-250
-411
-144
-515
-691
-1002
-590
-162
297
859
492
40
205
276
3
19
-137
-439
-819
-447
-266
-702
-403
-511
-33
-56
106
249
129
-27
-320
-470
-543
-280
138
394
300
212
153
174
340
140
-107
-167
-373
-84
-26
150
-36
242
119
-77
-322
-408
81
-101
222
505
577
317
262
-38
-212
-93
-205
-121
-47
345
408
745
883
666
718
739
679
331
394
420
175
259
167
59
1
-96
-181
-39
96
595
597
391
-172
-269
-576
-365
92
13
-296
-745
-429
-740
-489
75
214
140
21
177
258
807
1336
1054
847
628
614
814
1128
1167
1470
1456
1083
722
451
538
814
1017
1084
864
830
365
285
310
433
581
702
683
758
813
788
614
524
724
696
856
805
337
56
-20
4
453
567
785
1012
1172
772
587
309
153
380
511
377
268
19
-149
86
210
-27
-179
-208
0
220
369
347
234
162
134
405
312
557
562
545
262
232
356
242
381
296
392
206
218
65
145
-47
39
24
-18
78
27
355
-69
48
-42
176
542
469
573
712
421
232
540
564
661
814
799
703
713
902
918
859
701
512
352
290
268
242
220
337
566
462
406
552
404
490
529
137
76
-74
-89
-245
-164
-279
-370
5
27
387
282
266
262
526
649
720
820
630
817
658
833
759
667
234
-37
-41
-474
-230
-242
250
225
448
529
364
419
357
720
496
703
566
691
792
867
940
772
914
725
1080
1031
1212
1234
977
872
612
625
347
611
818
1062
1248
1202
1161
978
1258
1103
1217
1289
1468
1750
1615
1588
1263
1131
929
966
859
853
693
702
590
564
659
729
1020
1031
1063
1051
864
726
692
614
711
729
822
944
947
1071
984
1002
794
795
544
423
376
218
247
53
84
-192
-206
-413
-617
-794
-862
-711
-713
-423
-398
-269
-231
-241
-208
-3
288
201
425
321
340
249
144
120
-90
21
-133
-51
-117
-39
-113
-142
-108
-248
-98
-274
-321
-421
-392
-167
68
340
449
694
874
1148
1285
1227
1199
1350
1608
1610
1801
1951
1983
2160
2207
2216
2136
2213
2214
2225
2255
2139
2144
2116
2098
1846
1817
1688
1610
1470
1276
1150
1096
1229
1095
1297
1215
1241
1182
1076
1081
846
843
565
559
326
77
-223
-611
-876
-1443
-1689
-2208
-2572
-3080
-3600
-3976
-4550
-4944
-5566
-5892
-6349
-6675
-6920
-7133
-7180
-7414
-7395
-7405
-7173
-7066
-6957
-6729
-6595
-6407
-6257
-6005
-5891
-5661
-5523
-5271
-5031
-4834
-4583
-4440
-4134
-3899
-3648
-3468
-3314
-3225
-3156
-2972
-2797
-2591
-2430
-2202
-1988
-1728
-1451
-1166
-838
-589
-156
161
454
784
1095
1333
1542
1981
2186
2521
2839
2959
3328
3589
3820
3954
4063
4058
4027
4116
3959
3906
3591
3413
3054
2832
2709
2530
2517
2334
2449
2463
2709
2661
2328
1957
1484
812
-498
-1895
-3391
-4972
-6615
-8322
-9770
-10993
-11947
-12749
-12976
-12727
-12266
-11530
-10645
-9388
-8200
-6988
-5881
-4904
-3967
-3326
-2589
-2061
-1528
-1248
-856
-510
-195
248
604
1076
1228
1373
1366
1386
1202
632
10
-797
-1700
-2835
-3890
-4944
-5876
-6795
-7713
-8325
-8677
-8748
-8724
-8438
-7855
-7113
-6203
-5182
-4027
-2888
-1839
-849
181
1149
1970
2667
3193
3666
4007
4188
4369
4344
4322
4174
4084
4087
4082
4132
4261
4385
4590
4942
5241
5601
5958
6368
6778
7253
7597
7962
8295
8727
9247
9431
9848
9893
10205
10412
10466
10729
10599
10751
10699
10892
10843
10632
10184
9369
8305
6651
4919
2871
697
-1658
-4076
-6203
-8077
-9622
-10714
-11529
-11707
-11612
-10912
-9929
-8507
-7081
-5607
-4065
-2675
-1129
-112
1153
1885
2652
3213
3733
4330
4632
5122
5370
5839
6012
6215
6174
5976
5579
4844
4068
2966
1830
366
-997
-2370
-3591
-4643
-5509
-5996
-6279
-6178
-5855
-5377
-4620
-3666
-2773
-1736
-911
-168
590
1082
1733
2100
2518
2801
3120
3500
3829
4162
4441
4669
4750
4904
4712
4645
4326
3982
3610
3226
3020
2784
2761
2809
3078
3360
3965
4540
5275
6047
6814
7620
8258
8963
9465
10063
10405
10683
10788
10717
10738
10374
10197
9755
9390
9180
8797
8661
8418
8167
7530
6770
5615
4205
2128
-23
-2364
-5031
-7505
-10234
-12268
-14231
-15524
-16500
-16650
-16319
-15521
-14237
-12754
-10652
-8973
-6901
-5282
-3561
-2279
-1307
-435
53
447
475
729
645
744
605
684
696
550
462
61
-310
-1086
-2010
-3135
-4381
-5846
-7390
-8840
-10219
-11232
-12188
-12682
-12807
-12531
-11846
-10976
-9669
-8231
-6734
-5410
-4084
-2985
-2141
-1518
-1261
-1017
-1074
-1076
-1250
-1357
-1440
-1553
-1499
-1479
-1303
-1283
-1158
-1212
-1187
-1256
-1434
-1474
-1614
-1601
-1539
-1209
-741
-163
623
1502
2596
3713
4859
5980
6893
7795
8535
9145
9625
9832
9988
9860
9755
9504
9034
8678
8117
7723
7298
6959
6778
6510
6081
5349
4606
3392
1939
-162
-2260
-4458
-7024
-9296
-11825
-13421
-15094
-16059
-16537
-16408
-15529
-14581
-12902
-11390
-9065
-7325
-5268
-3633
-2137
-811
-167
743
869
1248
1110
1209
1073
987
1003
864
984
607
602
143
-226
-962
-1940
-2866
-4093
-5268
-6700
-7885
-8974
-9788
-10397
-10651
-10384
-9886
-8921
-7871
-6412
-4973
-3579
-2169
-1016
117
766
1302
1538
1728
1692
1546
1424
1208
1177
994
1064
1061
1190
1254
1299
1390
1316
1300
1143
1126
1018
1137
1349
1669
2227
2858
3798
4790
5855
6951
8019
9108
10057
10968
11639
12184
12595
12765
12896
12782
12542
12190
11649
11216
10673
10312
9902
9610
9418
8896
8374
7436
6520
5255
3259
1191
-1157
-3432
-5839
-8214
-10292
-12019
-13219
-13976
-14009
-13542
-12420
-11126
-9413
-7348
-5262
-3172
-1412
249
1569
2544
3331
3795
3981
3951
3882
3680
3526
3323
3182
3029
2783
2535
2146
1730
1084
130
-970
-2100
-3365
-4712
-6083
-7310
-8285
-9121
-9497
-9569
-9161
-8450
-7622
-6390
-5048
-3563
-2267
-1116
-110
728
1343
1622
1826
1759
1645
1413
1197
1043
822
683
506
486
431
421
323
244
196
129
228
267
456
690
1083
1643
2228
3042
3892
4825
5808
6695
7701
8458
9159
9734
10299
10677
10930
10890
10725
10713
10230
9955
9253
8847
8433
7919
7841
7490
7077
6210
5318
4248
2750
581
-1502
-3898
-6399
-8778
-11225
-12941
-14665
-15640
-16236
-15986
-15198
-13903
-12406
-10474
-8154
-6244
-3965
-2230
-369
805
1732
2570
2973
3209
3083
3077
2806
2695
2352
2241
2056
1673
1405
848
411
-437
-1468
-2583
-3798
-5076
-6494
-7773
-8869
-9672
-10342
-10527
-10280
-9713
-8736
-7671
-6273
-4776
-3274
-1872
-597
540
1365
1898
2261
2459
2400
2254
1960
1677
1477
1185
999
836
685
576
443
401
334
267
228
309
455
740
1118
1568
2259
2950
3826
4777
5761
6803
7657
8631
9492
10137
10876
11212
11446
11630
11423
11397
11056
10639
10169
9517
9034
8593
8280
8058
7654
6862
6202
5181
4195
2372
128
-1925
-4463
-6671
-9190
-11210
-12970
-14413
-15216
-15465
-14793
-13927
-12370
-10951
-8732
-6537
-4458
-2299
-765
910
1723
2654
3150
3417
3351
3104
2929
2486
2370
1867
1796
1342
951
624
97
-306
-1340
-2285
-3437
-4513
-5793
-7020
-8160
-9155
-9801
-10331
-10125
-9793
-9001
-8086
-6876
-5337
-3945
-2419
-1225
-1
928
1621
1991
2226
2270
1992
1828
1432
1307
983
770
599
453
489
368
397
296
378
294
341
477
625
986
1329
1979
2619
3508
4409
5362
6396
7359
8329
9162
9983
10479
11051
11355
11570
11677
11485
11270
10768
10339
9746
9250
8755
8290
7922
7666
7259
6531
5782
4723
3662
1728
-213
-2418
-4709
-6879
-9242
-11145
-12839
-13875
-14618
-14556
-14052
-12893
-11474
-9763
-7595
-5565
-3465
-1682
-77
1242
2183
2924
3311
3396
3235
3042
2709
2399
2058
1712
1477
1028
690
249
-242
-870
-1826
-2792
-3864
-4958
-6215
-7382
-8416
-9168
-9766
-10026
-9861
-9400
-8529
-7576
-6313
-4877
-3475
-2167
-992
65
905
1466
1746
1906
1865
1684
1379
1022
777
444
176
-11
-173
-220
-245
-241
-208
-104
64
281
583
967
1414
1950
2628
3324
4114
5077
5878
6809
7679
8424
9167
9752
10308
10707
11066
11033
10997
10712
10451
10142
9517
9036
8254
7995
7399
7240
6865
6261
5715
4563
3836
2352
798
-1403
-3460
-5681
-7804
-9681
-11576
-12762
-14006
-14180
-14136
-13246
-12034
-10651
-8868
-6995
-4875
-3054
-1234
92
1273
2001
2542
2952
2932
2824
2434
2168
1879
1530
1252
914
531
91
-313
-804
-1393
-2315
-3338
-4363
-5424
-6390
-7438
-8287
-8922
-9356
-9433
-9187
-8638
-7841
-6973
-5799
-4460
-3089
-1828
-773
168
943
1538
1843
2047
1930
1774
1452
1166
941
587
320
-10
-150
-291
-309
-338
-336
-243
-100
236
565
1071
1481
2076
2846
3590
4505
5325
6163
7050
7838
8622
9359
9978
10378
10739
10986
11037
11184
10825
10508
10053
9459
9111
8356
8050
7507
7155
6871
6252
5668
4749
3846
2491
908
-1125
-3027
-5133
-7221
-9000
-10911
-11967
-13047
-13341
-13177
-12528
-11331
-10020
-8253
-6492
-4420
-2756
-1014
230
1354
2217
2619
3053
2964
2886
2627
2342
2018
1714
1392
1058
700
239
-166
-752
-1404
-2245
-3248
-4175
-5196
-6201
-7122
-7961
-8535
-8879
-8952
-8649
-8130
-7362
-6417
-5355
-4104
-2902
-1795
-809
12
678
1168
1403
1493
1438
1238
1024
755
519
271
-18
-213
-332
-395
-340
-364
-284
-122
102
386
771
1189
1652
2260
2902
3711
4429
5209
6033
6815
7652
8375
8950
9523
9976
10281
10522
10674
10576
10356
9999
9460
9089
8473
7927
7415
6904
6708
6470
6103
5545
4775
3835
2850
1237
-592
-2471
-4717
-6698
-8698
-10423
-11731
-12897
-13324
-13361
-12791
-11623
-10336
-8753
-6944
-5084
-3358
-1615
-348
798
1498
1983
2342
2279
2307
2022
1731
1434
1148
919
707
335
-47
-407
-926
-1455
-2303
-3214
-4169
-5266
-6232
-7183
-8008
-8603
-9065
-9158
-8839
-8351
-7592
-6663
-5627
-4310
-3160
-2051
-1003
-291
446
840
1125
1275
1128
929
653
345
100
-130
-408
-506
-650
-588
-467
-410
-226
-105
186
511
847
1257
1703
2154
2799
3427
4134
4934
5570
6380
7115
7857
8548
9076
9475
9866
10115
10164
10205
9874
9646
9096
8607
7993
7351
6977
6322
6146
5751
5764
5317
4698
4208
3094
2342
472
-1116
-3129
-5171
-6904
-9111
-10356
-11855
-12453
-13025
-12677
-11959
-10964
-9356
-8174
-6040
-4625
-2744
-1468
-370
654
958
1614
1492
1683
1309
1227
928
671
651
291
387
-99
-209
-629
-1012
-1539
-2480
-3261
-4311
-5180
-6270
-7048
-7829
-8343
-8598
-8663
-8175
-7712
-6859
-6026
-4915
-3711
-2672
-1668
-870
-154
324
673
763
794
674
426
202
-7
-109
-298
-435
-530
-586
-533
-513
-493
-391
-310
-126
112
424
818
1269
1797
2385
3171
3959
4832
5554
6286
7054
7682
8333
8733
9108
9374
9472
9531
9522
9396
9159
8838
8288
7942
7469
7086
6816
6472
6340
6201
5969
5479
4937
4056
3037
1721
-47
-1819
-3866
-5731
-7537
-9304
-10481
-11548
-12066
-12114
-11743
-10820
-9721
-8310
-6854
-5218
-3758
-2323
-1218
-323
468
801
1295
1321
1445
1375
1245
1182
1061
1050
875
755
362
121
-414
-958
-1717
-2694
-3566
-4660
-5560
-6510
-7241
-7818
-8141
-8247
-8045
-7580
-7008
-6183
-5376
-4390
-3417
-2533
-1730
-1112
-576
-155
132
301
376
312
257
162
90
36
-78
-158
-261
-301
-270
-221
-206
-134
24
287
638
1066
1512
2031
2625
3253
4017
4739
5411
6113
6743
7337
7897
8309
8628
8781
8996
9126
9182
9108
8805
8543
8082
7815
7301
6911
6553
6136
6032
5761
5977
5528
5072
4525
3589
2753
1275
-284
-2209
-4025
-5917
-7564
-9179
-10357
-11192
-11815
-11606
-11228
-10225
-9185
-7902
-6497
-4979
-3568
-2253
-1218
-479
190
491
906
946
982
941
825
787
764
728
654
532
199
-1
-454
-970
-1718
-2656
-3554
-4539
-5425
-6256
-6979
-7532
-7806
-7903
-7604
-7145
-6574
-5814
-5039
-4080
-3134
-2338
-1569
-1028
-577
-228
-50
111
127
53
1
-56
-98
-113
-268
-306
-344
-331
-229
-223
-154
-72
73
303
676
983
1471
1956
2494
3139
3764
4499
5088
5879
6397
7044
7590
7907
8384
8466
8868
8838
8950
8797
8505
8411
7875
7797
7185
6996
6557
6292
6342
6116
6270
5885
5625
4968
4349
3323
2101
358
-1526
-3277
-5366
-6786
-8753
-9902
-11058
-11545
-11564
-11236
-10319
-9494
-8066
-6933
-5174
-3962
-2538
-1586
-854
-39
220
821
822
1042
909
1041
1080
1163
1279
1142
1256
880
821
354
-143
-864
-1902
-2819
-3898
-4761
-5772
-6550
-7208
-7502
-7549
-7324
-6806
-6397
-5536
-4810
-3913
-3027
-2387
-1725
-1332
-846
-620
-412
-335
-294
-283
-240
-70
-109
54
-3
91
121
115
161
66
76
50
137
256
482
731
1177
1666
2215
2886
3552
4340
4993
5663
6313
6824
7253
7617
7829
8035
8180
8255
8344
8320
8224
8037
8013
7784
7544
7311
6935
6841
6641
6519
6343
6239
6008
5356
4875
3852
3061
1573
-86
-1727
-3704
-5125
-6967
-8322
-9619
-10355
-10863
-10867
-10453
-9839
-8793
-7960
-6505
-5378
-4011
-2915
-2083
-1211
-658
-37
322
681
764
1014
1133
1326
1516
1507
1641
1446
1275
932
475
-113
-977
-1956
-2919
-3837
-4808
-5645
-6444
-6880
-7129
-7196
-6906
-6556
-5945
-5333
-4667
-3905
-3178
-2650
-2129
-1713
-1410
-1086
-982
-727
-647
-484
-295
-167
79
262
433
482
597
559
550
423
301
189
48
117
147
414
766
1238
1815
2441
3143
3894
4627
5277
5970
6439
6896
7164
7321
7482
7524
7483
7497
7594
7471
7569
7458
7374
7424
7207
7216
6914
6857
6638
6432
6324
5923
5293
4384
3687
2441
1357
-516
-2083
-3706
-5455
-6679
-8366
-9109
-10128
-10508
-10629
-10240
-9638
-9007
-7912
-7122
-5633
-4762
-3510
-2696
-1926
-1100
-705
94
400
845
988
1393
1552
1777
1928
1830
1852
1345
1105
474
-155
-1021
-2107
-2998
-3979
-4844
-5726
-6295
-6848
-7022
-7065
-6857
-6326
-5948
-5302
-4762
-4070
-3388
-2952
-2469
-2112
-1772
-1511
-1250
-1062
-846
-641
-450
-121
103
398
503
647
756
713
681
478
306
80
-39
-142
-98
73
300
761
1291
1957
2597
3356
4088
4793
5456
6020
6506
6852
7104
7281
7376
7493
7623
7624
7699
7549
7507
7444
7300
7205
6952
6794
6549
6433
6274
6051
5658
5062
4390
3527
2569
1427
-111
-1769
-3324
-4931
-6244
-7589
-8623
-9446
-10078
-10087
-9907
-9372
-8749
-7866
-6975
-5920
-4803
-3799
-2872
-2280
-1442
-902
-240
239
609
1006
1253
1592
1779
2085
2022
1950
1639
1329
843
69
-650
-1694
-2596
-3576
-4399
-5133
-5786
-6243
-6520
-6519
-6356
-5968
-5643
-5231
-4733
-4254
-3705
-3273
-2898
-2562
-2252
-1867
-1538
-1201
-878
-555
-193
218
572
839
1019
1064
1107
1011
873
607
311
55
-124
-220
-196
-47
206
710
1232
1886
2575
3255
3928
4542
5175
5724
6170
6442
6746
6902
7108
7290
7390
7612
7622
7743
7795
7751
7692
7520
7305
7108
6821
6499
6241
5926
5687
4971
4292
3647
2704
1775
544
-850
-2395
-3773
-5160
-6353
-7595
-8459
-9115
-9630
-9413
-9276
-8660
-8104
-7257
-6329
-5291
-4188
-3292
-2411
-1771
-883
-395
331
732
1111
1491
1664
2020
2163
2317
2107
1921
1505
1127
517
-269
-1051
-2060
-2858
-3777
-4483
-5097
-5660
-5999
-6148
-6088
-5866
-5524
-5185
-4757
-4286
-3801
-3320
-2998
-2682
-2350
-2091
-1733
-1443
-1110
-789
-466
-93
291
650
868
1017
1043
1074
925
755
454
132
-74
-272
-276
-229
13
370
884
1534
2264
2937
3604
4234
4829
5422
5850
6202
6441
6666
6820
7045
7245
7466
7537
7661
7801
7797
7846
7576
7390
7016
6706
6335
5962
5631
5278
5028
4398
3950
3304
2764
1820
865
-183
-1672
-2831
-4265
-5351
-6674
-7636
-8393
-8976
-9017
-8943
-8474
-8095
-7182
-6392
-5387
-4365
-3500
-2604
-2032
-1193
-719
-144
259
636
962
1167
1498
1617
1843
1671
1566
1336
963
473
-248
-911
-1793
-2594
-3448
-4104
-4711
-5248
-5580
-5756
-5657
-5576
-5266
-4996
-4642
-4243
-3871
-3454
-3162
-2862
-2631
-2298
-1960
-1607
-1239
-875
-440
-81
324
636
801
853
810
706
514
248
-80
-347
-551
-608
-545
-329
-23
417
1024
1697
2415
3072
3694
4206
4704
5173
5578
5878
6079
6254
6504
6723
6926
7173
7287
7474
7557
7539
7490
7179
6873
6405
5931
5562
5055
4702
4378
4080
3905
3503
3114
2725
2133
1363
529
-603
-1865
-3199
-4575
-5621
-6851
-7642
-8254
-8657
-8500
-8259
-7704
-7043
-6185
-5378
-4486
-3609
-2817
-2231
-1824
-1225
-949
-542
-228
72
449
647
1002
1263
1470
1457
1357
1106
751
165
-557
-1236
-2183
-2983
-3792
-4421
-4874
-5285
-5435
-5419
-5251
-4980
-4635
-4306
-3982
-3771
-3514
-3291
-3155
-3005
-2910
-2681
-2378
-2043
-1618
-1169
-689
-233
200
575
815
880
858
739
517
275
-62
-340
-513
-572
-460
-199
210
723
1311
1954
2620
3201
3719
4128
4469
4801
5077
5324
5537
5743
6013
6307
6617
6978
7108
7294
7460
7330
7267
6941
6448
6024
5478
5124
4770
4422
4296
4059
4018
3853
3525
3191
2692
1849
945
-100
-1564
-2862
-4357
-5478
-6571
-7471
-7912
-8286
-8129
-7828
-7308
-6630
-5780
-5197
-4479
-3796
-3238
-2727
-2498
-1966
-1681
-1290
-806
-316
216
700
1157
1620
1949
1905
1869
1467
982
268
-609
-1361
-2314
-3167
-3872
-4360
-4690
-4849
-4906
-4695
-4494
-4320
-3984
-3816
-3595
-3646
-3688
-3680
-3734
-3695
-3624
-3387
-3012
-2525
-1985
-1275
-708
-137
330
631
864
803
634
341
-9
-321
-570
-752
-735
-640
-357
96
572
1160
1689
2209
2674
3020
3297
3524
3657
3867
4072
4391
4799
5181
5657
6108
6550
6897
7195
7296
7278
7118
6710
6348
5899
5429
4933
4569
4300
4104
4130
4144
4291
4304
4320
4080
3625
3074
2157
1151
48
-1298
-2722
-3934
-4972
-5732
-6391
-6729
-6814
-6791
-6419
-6073
-5669
-5272
-4968
-4723
-4417
-4120
-3820
-3518
-3164
-2569
-1970
-1187
-436
265
943
1429
1804
1969
1894
1554
1019
330
-365
-1086
-1790
-2354
-2900
-3210
-3391
-3455
-3418
-3440
-3425
-3455
-3554
-3687
-3824
-4072
-4331
-4522
-4567
-4376
-4146
-3738
-3215
-2592
-1883
-1227
-598
-114
239
413
515
523
421
246
54
-47
-107
-64
-10
123
278
474
693
888
1097
1223
1360
1527
1747
2008
2290
2553
2912
3338
3882
4405
4942
5429
5785
6255
6388
6619
6646
6574
6488
6202
6026
5744
5554
5267
5091
4873
4809
4830
4774
4786
4596
4415
4096
3630
2974
2213
1294
314
-558
-1653
-2715
-3694
-4533
-5087
-5648
-6017
-6261
-6380
-6320
-6203
-5978
-5686
-5394
-5156
-4766
-4283
-3709
-3152
-2576
-1880
-1192
-443
160
723
1149
1401
1509
1501
1353
1040
654
111
-384
-890
-1265
-1651
-2076
-2427
-2762
-2972
-3239
-3468
-3732
-3910
-4148
-4375
-4406
-4424
-4381
-4311
-4093
-3737
-3292
-2850
-2382
-1870
-1411
-956
-592
-244
20
188
295
366
450
438
459
365
339
313
250
246
149
137
135
179
273
406
643
940
1265
1674
2144
2571
3080
3461
3948
4449
4861
5258
5499
5848
6057
6270
6374
6339
6402
6227
6128
5910
5663
5446
5094
4835
4521
4424
4286
4215
4026
3799
3622
3292
2869
2176
1543
698
-54
-852
-1789
-2617
-3510
-4179
-4657
-4994
-5300
-5470
-5584
-5526
-5399
-5316
-5041
-4857
-4652
-4392
-4004
-3484
-2923
-2326
-1746
-1116
-485
108
599
907
1014
998
922
690
408
20
-430
-831
-1244
-1544
-1780
-2046
-2351
-2614
-2863
-3083
-3305
-3586
-3754
-3939
-4017
-4021
-3921
-3722
-3520
-3224
-2950
-2502
-2081
-1682
-1346
-1102
-826
-592
-377
-236
-101
-35
55
103
140
168
127
83
-45
-173
-294
-404
-461
-529
-477
-315
-46
323
711
1207
1703
2224
2696
3127
3521
3869
4224
4529
4863
5145
5420
5638
5842
5967
6150
6228
6165
5996
5630
5341
5043
4739
4391
4005
3757
3574
3575
3511
3441
3287
3060
2935
2522
2021
1439
692
135
-570
-1194
-1842
-2547
-3095
-3599
-3945
-4262
-4549
-4811
-4930
-5060
-5104
-5060
-4944
-4681
-4436
-4042
-3614
-3072
-2486
-1919
-1393
-964
-574
-218
77
183
222
132
68
-10
-146
-266
-499
-740
-1015
-1266
-1483
-1767
-2101
-2461
-2786
-3058
-3220
-3348
-3383
-3392
-3370
-3210
-3128
-2981
-2821
-2678
-2472
-2336
-2166
-1918
-1642
-1362
-1098
-893
-674
-452
-309
-163
-164
-198
-237
-347
-393
-481
-508
-494
-455
-370
-221
-28
165
390
555
805
1055
1335
1656
1945
2306
2655
3042
3386
3776
4127
4471
4784
5015
5278
5369
5403
5381
5248
5192
5044
4842
4650
4385
4248
4107
3941
3868
3749
3722
3694
3510
3383
3049
2861
2530
2091
1610
980
509
6
-397
-944
-1482
-2117
-2720
-3220
-3726
-4022
-4476
-4740
-4971
-5069
-4981
-4872
-4654
-4409
-4093
-3758
-3354
-3011
-2535
-2055
-1585
-1161
-848
-510
-193
89
279
346
255
171
-22
-158
-372
-643
-934
-1256
-1507
-1750
-1936
-2151
-2371
-2636
-2804
-2928
-2972
-3036
-3108
-3150
-3153
-3070
-2940
-2740
-2548
-2294
-2068
-1798
-1585
-1371
-1119
-935
-746
-656
-564
-502
-400
-278
-173
-104
-105
-75
-72
12
20
22
11
2
70
192
405
637
929
1230
1579
1927
2292
2642
2960
3223
3445
3668
3880
4180
4471
4814
5063
5166
5284
5217
5224
5075
4879
4661
4415
4241
4094
3991
3858
3744
3639
3583
3485
3289
3037
2724
2418
2162
1739
1382
908
559
255
-136
-529
-1090
-1590
-2252
-2882
-3569
-4091
-4458
-4725
-4777
-4891
-4760
-4646
-4401
-4118
-3866
-3520
-3289
-3036
-2836
-2515
-2124
-1626
-1151
-762
-381
-100
158
308
363
326
215
91
-101
-344
-577
-773
-920
-1082
-1274
-1519
-1802
-2084
-2342
-2539
-2695
-2844
-3000
-3098
-3168
-3139
-3023
-2862
-2650
-2466
-2252
-2071
-1896
-1719
-1524
-1263
-956
-686
-457
-260
-98
82
237
320
339
303
251
181
115
107
132
228
353
487
631
767
928
1120
1322
1538
1765
1980
2220
2473
2730
3036
3331
3634
3917
4149
4351
4449
4485
4450
4403
4305
4220
4074
3961
3831
3700
3602
3452
3355
3242
3192
3094
2978
2787
2579
2370
2174
2000
1872
1743
1556
1252
848
370
-106
-537
-951
-1347
-1711
-2085
-2466
-2897
-3320
-3652
-3883
-3977
-4034
-4040
-4037
-4028
-3991
-3872
-3678
-3370
-2957
-2503
-2077
-1714
-1408
-1166
-962
-754
-578
-415
-237
-103
-20
21
14
-42
-97
-210
-324
-476
-647
-846
-1085
-1334
-1562
-1754
-1898
-2024
-2151
-2274
-2407
-2513
-2580
-2577
-2494
-2321
-2077
-1791
-1524
-1290
-1098
-927
-776
-615
-450
-260
-75
127
305
413
487
520
615
646
661
699
726
782
821
870
920
963
982
1006
1080
1181
1314
1434
1501
1531
1623
1703
1765
1853
1953
2049
2109
2121
2007
1966
1948
1880
1851
1814
1849
1823
1778
1728
1715
1743
1757
1733
1685
1624
1567
1502
1428
1376
1314
1284
1269
1231
1163
1086
979
836
706
567
460
378
284
194
84
-56
-211
-357
-515
-684
-851
-996
-1117
-1237
-1362
-1503
-1642
-1775
-1894
-1991
-2050
-2063
-2045
-1987
-1910
-1843
-1785
-1741
-1719
-1711
-1708
-1684
-1634
-1556
-1461
-1398
-1307
-1222
-1157
-1080
-1011
-920
-825
-719
-640
-594
-571
-594
-631
-628
-666
-684
-624
-568
-508
-448
-406
-401
-428
-452
-490
-507
-502
-469
-398
-352
-326
-311
-319
-349
-373
-375
-307
-229
-124
-6
88
154
223
269
319
393
431
494
540
595
635
690
748
809
864
888
916
931
917
913
905
902
912
926
917
981
1022
1020
1032
1002
1011
1038
1039
1093
1071
1080
1113
1130
1155
1153
1162
1163
1143
1129
1115
1115
1105
1085
1069
1034
975
918
866
790
718
671
630
574
512
441
365
292
211
111
19
-71
-176
-295
-433
-588
-742
-869
-992
-1110
-1197
-1260
-1293
-1333
-1378
-1416
-1446
-1474
-1504
-1506
-1490
-1451
-1405
-1360
-1338
-1277
-1225
-1187
-1117
-1068
-981
-893
-834
-753
-695
-654
-616
-605
-594
-612
-616
-611
-613
-601
-616
-625
-649
-655
-627
-602
-570
-589
-566
-501
-468
-464
-479
-450
-373
-313
-255
-170
-94
-13
39
59
119
309
434
519
568
554
468
373
359
415
486
595
706
752
727
716
673
629
600
588
688
834
920
948
996
1088
1105
1034
1031
1049
1037
981
933
985
1021
1075
1134
1186
1219
1104
942
819
793
822
821
810
841
887
880
819
697
557
479
394
297
209
232
255
237
195
115
22
-40
-121
-235
-300
-329
-368
-388
-420
-472
-504
-553
-596
-679
-794
-884
-953
-1016
-1073
-1120
-1152
-1164
-1198
-1246
-1299
-1360
-1465
-1586
-1669
-1718
-1681
-1587
-1483
-1364
-1283
-1261
-1305
-1325
-1314
-1277
-1235
-1165
-1018
-888
-803
-778
-826
-852
-788
-695
-611
-555
-528
-430
-286
-168
-109
-49
-4
-71
-134
-137
-80
0
72
115
93
28
128
320
432
470
477
422
374
450
603
736
921
934
845
875
1021
1116
1214
1248
1339
1261
1123
1198
1315
1463
1480
1394
1318
1208
1106
1079
1099
1141
1206
1170
1017
951
949
876
802
787
733
703
688
632
598
657
669
608
592
657
662
628
531
493
417
378
414
428
418
413
364
237
115
-34
-149
-200
-253
-332
-403
-461
-511
-602
-655
-685
-708
-785
-912
-1015
-1108
-1149
-1104
-1038
-988
-974
-1011
-1082
-1153
-1209
-1276
-1337
-1390
-1410
-1402
-1380
-1380
-1382
-1346
-1345
-1358
-1380
-1385
-1370
-1329
-1309
-1266
-1208
-1153
-1093
-1058
-1043
-1017
-974
-944
-900
-862
-799
-723
-647
-546
-464
-383
-332
-321
-337
-331
-272
-190
-111
-52
9
91
195
295
377
454
509
584
598
634
737
796
831
906
943
959
1047
1128
1179
1219
1208
1190
1198
1213
1118
1032
1134
1274
1416
1364
1172
1084
1075
1012
984
1010
1007
1142
1222
1148
1069
1088
1157
1157
1099
1013
967
932
885
845
874
945
989
897
652
538
466
394
320
210
170
219
224
173
118
88
40
-83
-238
-395
-496
-455
-309
-226
-250
-331
-400
-432
-492
-610
-685
-637
-541
-487
-499
-549
-587
-580
-559
-582
-660
-734
-794
-875
-961
-1007
-965
-825
-715
-745
-915
-1097
-1226
-1288
-1303
-1293
-1219
-1103
-1007
-993
-1055
-1102
-1089
-1043
-1002
-951
-854
-744
-671
-614
-592
-538
-451
-358
-298
-312
-375
-388
-344
-257
-182
-143
-77
-12
31
31
-40
-80
-60
-2
76
137
151
159
191
265
370
487
564
605
559
466
448
527
671
828
1005
1152
1196
1140
1022
877
832
859
895
948
1038
1076
1003
953
943
898
867
854
829
826
760
551
460
551
672
698
719
719
630
501
359
240
232
368
457
494
455
318
183
95
100
125
160
131
104
68
1
-15
-3
7
10
-44
-173
-304
-347
-354
-383
-353
-299
-282
-326
-430
-563
-712
-768
-779
-758
-691
-628
-582
-589
-669
-734
-737
-694
-614
-548
-526
-538
-566
-601
-614
-609
-570
-533
-479
-492
-591
-645
-658
-613
-556
-494
-450
-415
-446
-507
-585
-607
-565
-483
-373
-306
-297
-371
-434
-435
-381
-284
-200
-133
-98
-90
-156
-256
-288
-199
-55
72
132
110
59
13
-20
-19
81
247
386
450
424
326
247
252
338
446
509
519
479
446
422
416
491
595
662
629
511
426
367
364
454
577
620
570
425
276
209
223
282
340
407
456
453
395
316
264
274
303
324
300
254
223
201
205
199
218
225
146
50
-68
-146
-194
-143
-57
-20
-27
-110
-202
-259
-248
-233
-215
-168
-135
-98
-144
-241
-262
-179
-68
-41
-74
-153
-214
-274
-309
-296
-274
-223
-195
-198
-230
-298
-371
-425
-423
-377
-317
-253
-252
-274
-264
-239
-208
-203
-196
-192
-168
-143
-164
-193
-226
-205
-185
-192
-207
-257
-275
-247
-213
-190
-195
-199
-190
-197
-251
-314
-340
-303
-220
-171
-143
-127
-129
-126
-116
-102
-94
-89
-63
-15
27
58
79
96
69
23
-6
-21
-11
37
92
151
195
195
150
128
135
150
147
154
156
186
237
219
141
132
145
131
153
173
208
240
238
188
147
157
182
219
247
229
189
169
109
37
26
68
128
170
194
204
155
90
47
22
63
122
132
93
33
-36
-53
-17
-27
-70
-109
-131
-127
-137
-105
-50
35
61
-16
-123
-165
-120
-40
55
111
141
149
142
83
28
26
56
110
112
67
13
-37
-30
-2
7
-16
4
34
26
-37
-103
-157
-203
-226
-239
-218
-173
-103
-52
-69
-135
-211
-222
-192
-156
-123
-134
-105
-43
-10
-15
-75
-148
-200
-228
-253
-274
-236
-146
-58
-27
-68
-136
-206
-271
-310
-312
-300
-258
-214
-193
-180
-187
-186
-156
-115
-72
-68
-77
-63
-46
-18
25
75
114
121
90
40
11
-1
11
8
20
30
69
111
118
104
81
51
50
29
-13
-58
-57
-35
5
3
-171
8
-42
-32
202
40
253
283
319
280
27
165
168
237
327
214
180
156
120
-7
-191
-210
-241
-132
-37
-162
-152
-239
-140
-12
-31
61
18
130
225
208
303
266
330
469
450
429
305
246
259
275
336
317
361
372
357
358
279
264
235
220
225
165
145
86
47
52
41
49
2
-35
-51
-66
-68
-94
-127
-127
-129
-131
-161
-174
-201
-211
-181
-174
-174
-183
-165
-131
-105
-83
-98
-125
-144
-152
-136
-127
-122
-117
-98
-67
