102
172
-169
-185
-9
47
40
118
-3
38
161
-126
-127
76
87
-159
-85
-22
-11
-87
-25
-60
-83
-19
-12
23
112
-222
-395
-208
-3
37
147
237
-63
-14
77
-34
-227
-262
-211
-144
180
103
-245
-408
-86
162
13
-70
-275
-279
-233
-115
-309
-303
-339
-282
-120
75
-215
-217
86
134
-11
-145
-305
-326
-89
-35
69
130
-157
-341
-67
143
-81
-84
-319
-213
71
168
32
239
64
-75
-32
-105
-70
171
46
-173
32
-49
-227
-165
-4
72
-42
43
-85
-308
-346
-113
-208
-235
-38
-190
-57
50
-133
-628
-69
-36
248
-46
-100
-327
-224
-213
-374
-237
-382
-341
-252
-265
-259
-220
-158
-327
-529
-870
-349
2
132
-122
-417
-518
-426
-217
-508
-465
-670
-376
-444
-230
-263
-286
-436
-372
-656
-776
-497
-522
-527
-548
-525
-600
-473
-503
-326
-160
-177
-352
-286
-525
-430
-291
-370
-589
-599
-696
-419
-218
-266
-359
-415
-316
-144
-373
-549
-683
-535
-503
-311
-249
-186
-41
-75
-330
-736
-752
-500
-174
-215
-526
-770
-656
-395
-542
-341
-353
-551
-487
-271
-704
-769
-456
-321
-348
-105
-447
-582
-393
-496
-775
-518
-358
-533
-445
-281
-237
-273
-432
-503
-349
-443
-549
-164
-285
-232
-17
150
-258
-222
-125
-334
-222
-297
-39
-276
227
22
1
-499
-121
-133
221
127
90
-97
171
33
144
145
50
-176
-102
217
262
209
101
257
-60
80
-164
-47
-27
305
-264
-127
-268
233
71
333
-344
-257
-166
115
109
-200
-435
-500
-72
-185
74
-398
-387
-568
-222
-421
-126
-430
-487
-179
-441
-532
-860
-452
-701
-330
-643
-263
-611
-505
-887
-425
-498
-683
-851
-664
-579
-758
-638
-729
-462
-1078
-977
-1135
-464
-675
-462
-744
-808
-876
-770
-713
-713
-599
-657
-298
-518
-504
-743
-532
-469
-210
-539
-441
-528
-788
-605
-476
-95
-128
-59
-361
-452
-247
-745
-851
-523
-107
-305
-212
-390
-595
-318
-488
-421
-477
-115
-69
-7
-672
-939
-460
-566
-255
-11
396
-524
-228
-262
-325
-214
207
-128
-395
-60
-181
308
369
231
-297
-174
-192
168
265
424
213
327
18
244
350
560
442
589
603
210
556
723
961
1052
1323
815
1250
1219
1101
1028
1189
1400
1626
1996
2195
1896
1646
2026
2398
2116
2037
2114
2292
2832
2995
3157
2438
2774
2940
3371
3316
3365
3095
3119
3658
3437
3626
3595
3352
3853
3954
3918
3766
4151
4431
4582
4681
4187
4451
4100
4282
4295
4817
3941
4485
4635
4300
4010
4655
4513
4548
4819
4175
3848
4064
4443
4091
4400
4210
4203
4158
4095
3623
3396
3771
3400
3519
3713
3376
3021
2705
2926
2823
3262
2694
2276
1403
1738
1972
1917
1593
1554
1478
1509
1133
770
177
66
309
731
-262
-447
-103
-714
-444
-599
-199
-1419
-575
-1562
-954
-1607
-1200
-2027
-2145
-1836
-2126
-1777
-2363
-1405
-2765
-1927
-2592
-1757
-2927
-2722
-2763
-2519
-2246
-2320
-2094
-3268
-2270
-2790
-2074
-2322
-1800
-2230
-2356
-2766
-2670
-2109
-2450
-2125
-2482
-2493
-2553
-1650
-2135
-2204
-1821
-1582
-1444
-1354
-1463
-1891
-1686
-1833
-1635
-1161
-972
-1358
-1888
-1699
-1029
-685
-1215
-1793
-1382
-1765
-1473
-964
-553
-1516
-1185
-402
-635
-694
-942
-1126
-1038
-497
-868
-469
-775
-852
-1121
130
-739
-634
-919
-755
-699
-460
-373
-1314
-12
-480
-836
-1284
-1390
-2161
-1118
-901
-945
-1211
-1555
-2141
-1705
-919
-1089
-881
-1583
-1702
-2010
-1155
-1644
-1852
-2222
-2539
-2718
-2510
-1847
-2401
-1958
-3191
-3391
-3353
-2301
-3020
-3001
-3095
-2831
-1919
-2684
-2735
-3887
-2778
-2888
-1066
-2018
-2331
-2633
-2438
-2517
-1959
-1434
-1982
-1650
-1998
-1010
-1871
-524
-776
-97
-791
-687
-18
-258
203
-14
791
9
1057
351
1085
1514
1850
1099
624
1920
1950
2838
2016
2320
1583
2621
2335
2172
2108
2133
2554
2259
3143
2669
2789
2842
3353
1881
1144
1558
2588
3643
3367
3712
2787
3014
2047
2114
1497
2368
2498
1889
2600
1891
2645
1493
2346
1444
2298
2362
1830
2398
2051
1412
605
2052
1098
1395
797
1117
953
1295
1175
980
972
316
971
745
767
-426
-111
-186
236
201
246
144
-263
23
29
48
-873
-820
-569
-91
-159
-506
-1403
-1399
-787
-1345
-2078
-1575
-954
-1044
-757
-1250
-1862
-2240
-1171
-1194
-1473
-1250
-1208
-1570
-687
-123
-2040
-2220
-1701
-1534
-1541
-916
-1160
-1703
-1122
-302
-642
-1307
-1896
-2288
-1826
-761
-1051
-1527
-1245
-1075
-757
-1007
-590
-1018
-1521
-2191
-2283
-2062
-1516
-431
-933
-868
-1237
-1323
-1700
-1269
-1087
-1238
-268
-1484
-2257
-2411
-834
-642
-1258
-1468
-1967
-1285
-1432
-591
-1821
-2192
-1686
-1374
-1373
-2116
-914
-1458
-1530
-2503
-1797
-1552
-1455
-515
-1464
-1359
-2145
-1854
-2295
-973
-1745
-2432
-1496
-1740
-872
-1193
-1097
-2564
-1982
-1111
-1575
-1136
-1269
-1319
-2867
-2141
-1502
-1637
-1368
-1429
-1149
-1343
-296
-472
-1055
-1359
-1899
-1199
-1470
-878
-1756
-1310
-640
-386
239
-206
51
-984
-614
-819
-584
-718
-785
-407
-802
137
814
1175
627
147
31
-238
90
2
-470
-945
-1180
-397
-350
-107
-388
-410
-643
-815
-575
-768
-748
-1341
-1436
-1708
-1675
-1648
-1458
-1110
-1288
-885
-1047
-675
-556
97
3
-469
-602
-1118
-1001
-1210
-570
-524
-232
-517
-710
-340
-222
-273
-1039
-871
-959
-734
-262
-419
-442
-541
-59
-47
-56
-321
-659
-595
-368
431
304
116
-369
-540
-323
-200
616
596
976
740
595
583
392
1029
1250
1786
1403
1353
1645
1952
2395
2144
2229
1739
2271
2434
2748
3117
3389
4424
4515
4878
4375
4261
4351
4496
5112
4767
5291
5206
5675
5917
6124
6569
6153
6305
5740
6063
6020
6218
6834
6354
6274
5564
6101
5930
5624
5637
5537
6010
5424
5589
5183
5106
4963
4658
4270
3042
2672
2457
2942
3387
3366
3169
2343
1863
1019
760
1159
1004
753
238
212
-168
-242
-531
-1235
-1529
-1942
-2042
-2553
-3073
-4403
-5488
-5583
-5926
-5921
-6640
-7267
-7728
-8466
-8968
-9591
-9707
-10518
-10789
-11271
-11795
-12300
-13226
-13511
-14095
-14161
-14530
-14713
-14889
-14963
-15071
-15520
-15676
-16280
-16809
-17410
-17900
-18219
-18725
-18609
-18665
-19239
-20275
-20911
-21338
-21905
-22448
-22801
-23066
-23993
-24657
-25410
-26292
-27691
-28029
-28527
-29256
-29535
-29863
-29912
-29995
-29559
-29578
-29075
-28009
-27260
-26458
-26034
-25357
-24998
-24180
-23109
-22055
-20889
-20026
-18803
-17675
-16454
-15188
-14021
-12496
-11353
-10114
-8975
-8056
-6835
-5616
-4049
-3041
-2130
-1445
-472
688
1623
3062
3969
5092
5909
6789
7756
8406
9538
10449
11293
12051
13197
13782
13949
14205
14327
14624
15173
15612
15799
15766
15688
15566
15780
16212
16417
16734
16745
16897
16924
17039
16992
16824
16708
16557
16658
16708
16662
16284
16278
16358
16385
16560
16390
16185
15838
15752
15485
15156
14956
14697
14980
15511
16081
16519
16805
17007
17130
17603
18086
18322
18652
18674
18737
18565
18213
17783
17494
17485
17292
17420
17031
16560
16105
15486
14970
14198
13117
11429
10299
9184
7998
6962
5964
4572
2675
1026
-740
-2129
-3377
-4550
-5920
-7408
-8743
-9880
-10928
-12129
-13247
-14339
-15633
-16894
-17953
-19272
-20876
-22254
-23445
-24517
-25378
-26211
-27014
-28040
-28995
-30004
-31023
-32178
-32768
-32739
-32768
-32757
-32768
-32766
-32767
-32768
-32762
-32768
-32756
-32768
-32640
-31439
-30166
-29176
-28099
-26666
-24578
-22263
-20134
-18442
-16811
-14997
-13174
-11602
-10138
-8292
-6545
-4745
-3253
-1480
520
2418
4378
6516
8496
10469
12484
14180
15858
17183
18441
20105
21965
23866
25717
27291
28820
30290
31921
32767
32751
32767
32760
32767
32763
32767
32766
32767
32766
32767
32767
32766
32767
32766
32767
32767
32767
32766
32767
32767
32767
32767
32767
32767
32767
32767
32767
32766
32767
32767
32767
32767
32767
32766
32767
32766
32766
32767
32767
32767
32767
32765
32767
32765
32767
32763
32767
32760
32767
32758
32767
32754
32767
32741
32767
32148
30414
28738
26722
24849
22782
20599
18475
16175
13953
11581
9286
6878
4653
2370
-30
-2181
-4378
-6461
-8809
-10933
-12990
-14823
-16717
-18562
-19846
-21107
-22017
-22973
-23857
-24942
-25988
-27043
-28053
-28919
-29820
-30366
-30949
-31102
-31525
-31621
-31854
-32059
-32135
-32249
-32159
-32482
-32542
-32741
-32563
-32575
-32760
-32744
-32768
-32756
-32768
-32758
-32768
-32761
-32768
-32761
-32768
-32759
-32768
-32756
-32768
-32715
-32607
-32314
-32013
-31768
-31115
-30614
-29580
-28724
-27441
-26340
-25044
-23846
-22737
-21359
-20328
-19186
-18301
-16756
-15401
-13585
-12059
-10338
-8787
-7411
-5989
-4643
-3135
-2222
-892
148
1526
2366
3471
4306
5298
6218
7014
7922
8469
9315
9755
10582
11106
11945
12490
13029
13502
13843
14016
13952
14105
13751
13596
13160
12793
12195
11597
10924
10445
10202
9805
9368
8740
8100
7447
7048
6475
5827
5131
4405
3655
3185
2660
2220
1776
1528
1234
1080
1006
702
634
638
1026
1310
1929
2243
2706
2991
3177
3466
3542
3865
3920
4548
4684
5341
5688
6114
6594
7157
7954
8465
9522
9916
10696
11243
11958
12289
12721
13244
13446
14130
14479
15094
15434
16118
16500
17078
17660
17976
18256
18343
18490
18368
18510
18423
18370
18261
18047
17886
17712
17585
17303
17290
17146
16962
16861
16814
16614
16474
16391
16194
16070
15949
15765
15630
15554
15424
15279
15291
15213
15135
15129
15063
14949
14857
14761
14585
14683
14624
14743
14806
15011
15090
15293
15508
15530
15591
15517
15622
15568
15782
15694
15758
15875
16100
16418
16411
16559
16352
16514
16513
16442
16168
15766
15523
15069
14508
13771
13426
12767
11905
10949
9864
9111
8141
7432
6387
5446
4712
3934
3432
2673
2037
1118
522
-234
-838
-1579
-2679
-3813
-5277
-6434
-7944
-9443
-11400
-13442
-15201
-17050
-18711
-20615
-22410
-24494
-26377
-28236
-29834
-31293
-32673
-32768
-32762
-32768
-32764
-32768
-32763
-32768
-32763
-32768
-32763
-32768
-32764
-32768
-32763
-32768
-32763
-32768
-32762
-32765
-32563
-32011
-31448
-30805
-30354
-29847
-29327
-28708
-28068
-27463
-26848
-26270
-25615
-25032
-24189
-23317
-22412
-21586
-20705
-19627
-18565
-17505
-16486
-15432
-14427
-13421
-12438
-11382
-10416
-9669
-8819
-8004
-7182
-6370
-5550
-4920
-4382
-3745
-3253
-2720
-2234
-1776
-1485
-992
-438
-114
514
920
1430
1613
1937
2165
2289
2255
1721
1399
897
597
144
140
-14
-49
260
590
1469
1532
1613
991
735
169
-1058
-2771
-5434
-7509
-9987
-12139
-14804
-16455
-17762
-18821
-19156
-19049
-17607
-16702
-15032
-13727
-11747
-10080
-8540
-7025
-6261
-5306
-4797
-3696
-3417
-2675
-2169
-1591
-1101
-768
-170
-146
-31
-717
-1250
-2100
-3078
-4406
-5670
-6620
-7518
-7957
-8385
-8050
-7386
-6495
-5578
-4077
-2405
-1135
104
1315
2409
3185
4007
4560
5137
5643
6045
6494
7047
7563
7861
8194
8330
8420
8354
8112
7780
7498
7167
6759
6714
6688
6720
7096
7579
8180
8766
9646
10350
11049
11775
12400
13211
13802
14178
14301
14681
14834
14917
14824
14437
14206
13595
12959
11843
11107
10083
8995
8192
7233
6574
6027
6304
5675
4970
3705
2911
2249
1085
-936
-3979
-6147
-8634
-10607
-12669
-14098
-15612
-16468
-16362
-15847
-14314
-13098
-11609
-10546
-8757
-7270
-5958
-5004
-4793
-4719
-4758
-4336
-4276
-4218
-4471
-4382
-4163
-3902
-3470
-3312
-3619
-4481
-4992
-5493
-6323
-7623
-9061
-10075
-10680
-10923
-10962
-10411
-9686
-8689
-7311
-5594
-3730
-2324
-1274
-458
621
1314
1737
1932
2025
2125
2397
2971
3386
3853
4085
4483
4882
5252
5294
5097
4776
4229
3958
3778
3664
3464
3606
3942
4795
5718
6636
7642
8651
9566
10147
11112
11691
12125
12080
12206
12328
12685
12804
12408
12389
12104
11997
11529
11017
10089
9035
8287
7181
6484
5723
5109
4393
3885
3238
2080
1309
213
-698
-2240
-4515
-7240
-9635
-11197
-13258
-14867
-16586
-17551
-17799
-17271
-16309
-15289
-13699
-12621
-10997
-9503
-7996
-7096
-6502
-6277
-6440
-6089
-6017
-6039
-6550
-6814
-6976
-6763
-6721
-6969
-7102
-7671
-8537
-9475
-10043
-11113
-12425
-13874
-14932
-15236
-15052
-14920
-14542
-13367
-12156
-10652
-8785
-7036
-5807
-4789
-3851
-3059
-2205
-1867
-1909
-1922
-1723
-1584
-1151
-609
-444
-167
295
803
1216
1499
1468
1387
1468
1574
1819
2334
2629
2931
3723
4900
6132
7238
8256
9294
10458
11672
12636
13595
14310
14571
14985
15686
16202
16109
16001
15585
15510
15261
14894
14000
13286
12705
11705
11456
10778
10392
9893
10049
9263
8378
7808
6780
6075
4873
3368
385
-1890
-3886
-5395
-6528
-8266
-9541
-9929
-8986
-8412
-7112
-5510
-4260
-2983
-1415
319
1336
2094
2162
2207
2457
2524
2616
2489
2042
1634
1871
2118
1910
1631
1091
306
-405
-1181
-2438
-3704
-4933
-6261
-7082
-7297
-7280
-7145
-6579
-5617
-4159
-2555
-1227
67
1350
2206
2711
3466
3832
3629
3358
3292
3263
3152
3074
2941
3006
3164
3297
3526
3695
3554
3307
3336
3420
3449
3499
3649
3929
4449
5183
5955
6834
7714
8519
9442
10362
10954
11492
11955
12343
12698
12831
12993
12994
12892
12680
12215
12095
11686
11163
10426
9936
9470
8429
7823
7220
7076
6220
5323
4095
2779
1947
182
-989
-3080
-4944
-8058
-10739
-12135
-13419
-14347
-16340
-16589
-16474
-14891
-13820
-12428
-10689
-9477
-7647
-6323
-4174
-3572
-2975
-2808
-2389
-2133
-2075
-1664
-2137
-2411
-2977
-2406
-2493
-2974
-3920
-4645
-5202
-6220
-7049
-8296
-9187
-10480
-11100
-11400
-11013
-10736
-10433
-9471
-8040
-6117
-4874
-3599
-2362
-1005
-323
220
944
1247
1079
797
1084
1173
1130
878
871
1001
1106
1221
1345
1393
1229
1214
1529
1887
2043
2372
2982
3814
4681
5636
6577
7552
8436
9262
10061
10912
11529
11817
12353
12984
13433
13933
14304
14791
15020
14890
14736
14509
14357
13380
12654
11895
11134
10196
9551
9252
8346
7588
6242
5390
4258
2883
1147
-563
-2173
-5284
-8214
-10055
-10749
-12163
-13641
-14310
-13741
-12160
-10717
-9193
-7470
-5515
-4104
-2462
-695
362
443
542
804
790
766
660
487
-162
-585
-530
-268
-708
-1847
-2625
-3321
-4200
-5429
-6454
-7574
-8727
-9672
-10111
-9605
-9091
-8922
-8488
-6758
-4830
-3468
-2289
-1103
28
784
1293
1621
1988
1758
1106
973
1349
1225
778
609
617
601
521
535
290
5
-422
-301
16
188
266
780
1651
2516
3628
4773
5750
6507
7241
8204
9100
9659
9533
9668
10417
10904
11147
11229
11814
12005
12435
12333
12641
12628
12273
11598
11098
11044
9874
9055
7936
7546
6400
5316
3918
2573
1413
-300
-1564
-3424
-4572
-7448
-10037
-12009
-12550
-13376
-14906
-15467
-15498
-13832
-12642
-10747
-9517
-7557
-6117
-4420
-2429
-1435
-786
-875
-244
-572
-447
-559
-743
-1624
-2487
-2422
-2520
-2787
-4161
-4856
-5565
-6224
-7258
-8087
-8713
-9639
-10579
-11067
-10393
-9798
-9539
-9359
-8073
-6225
-4666
-3648
-2567
-1337
-542
-79
481
997
692
156
-52
179
84
-288
-600
-687
-641
-594
-427
-456
-717
-996
-642
-188
-4
-71
310
1114
1933
2792
3695
4743
5427
6297
7219
8249
8683
8892
9202
9743
10363
10507
10779
10981
11287
11514
11574
12042
11880
11453
11007
10849
10675
9661
9258
8096
7465
6183
4938
3513
2003
877
-1615
-2662
-4289
-5957
-9155
-11157
-11967
-13090
-13628
-14986
-14856
-14538
-12594
-11478
-10060
-8200
-6708
-5094
-3571
-1534
-1098
-468
-149
248
95
284
381
-328
-1015
-1504
-1299
-1885
-2661
-3814
-4433
-5260
-6240
-7226
-8101
-8683
-9592
-10197
-10299
-9590
-9347
-9023
-8192
-6839
-5583
-4276
-3157
-2181
-1033
-316
128
676
1323
974
776
920
1025
740
520
342
67
68
-146
-228
-469
-811
-1137
-974
-810
-903
-583
-24
639
1532
2686
3691
4598
5567
6278
7141
7957
8324
8426
8641
9096
9172
9629
9942
10582
11185
11571
12133
12556
13063
12621
12529
12052
11535
10664
9654
8816
7503
6453
4614
3587
2474
1126
-462
-2014
-2634
-4161
-6600
-9428
-10663
-11241
-12597
-14010
-15219
-14739
-13498
-12119
-11122
-9390
-6989
-5710
-3736
-1565
-129
113
731
1306
926
1061
1034
519
-695
-1085
-1069
-1117
-1718
-2888
-3353
-3658
-4317
-5562
-6279
-7082
-8131
-9034
-9216
-8987
-9048
-9115
-8674
-7202
-5814
-4823
-3996
-2707
-1321
-385
134
594
1130
1051
725
714
982
735
179
163
388
448
319
319
251
-52
-274
-241
-275
-645
-832
-416
85
669
1346
2327
3333
4326
5434
6547
7601
8006
8461
9018
9636
9717
9726
9897
10288
10878
11068
11508
11829
12341
12216
12346
12509
12180
11476
10411
10073
9121
8005
6100
4688
3280
1797
547
-1102
-2263
-3894
-4434
-5892
-7695
-9526
-10262
-10310
-11603
-12532
-13038
-11521
-10825
-10201
-9077
-6921
-5138
-4365
-2355
-792
412
488
1261
1543
1447
1311
784
272
-736
-1018
-1554
-1898
-2882
-3619
-3955
-4454
-5129
-6017
-6338
-6996
-7645
-8214
-8261
-8128
-8019
-7814
-7319
-6143
-4884
-3928
-3030
-1686
-432
174
628
1293
1677
1463
1028
1006
995
589
45
-46
127
-102
-140
61
246
-32
-6
147
79
80
36
379
600
1154
1660
2629
3649
4498
5713
6800
7882
8434
9197
9701
10112
10585
10560
10866
11090
11446
11343
11430
11803
11715
11884
11391
11319
10863
10298
9393
8441
7585
5860
4623
2924
1678
158
-1213
-2508
-3672
-4177
-5549
-6974
-8603
-9225
-9502
-10044
-10979
-11755
-11024
-10104
-9391
-8738
-7216
-5786
-4813
-3322
-1670
-625
-292
303
774
811
751
597
6
-873
-1323
-1460
-1816
-2690
-3536
-3899
-4129
-4716
-5411
-5810
-6261
-6981
-7489
-7466
-7427
-7538
-7614
-7231
-6386
-5318
-4450
-3715
-2636
-1475
-529
108
784
1232
1337
1216
1238
1419
1141
556
281
405
207
-57
-29
-121
-466
-468
-152
-174
-357
-306
3
415
962
1553
2189
3009
3832
4762
5931
6828
7220
7910
8753
9242
9634
10005
10205
10343
10850
11001
11077
11315
11299
11121
11046
11065
10511
9949
9264
8412
7752
6905
5667
4175
2963
1789
525
-513
-1967
-3244
-3922
-4526
-6352
-8241
-8818
-9103
-9819
-10957
-11291
-11026
-10094
-9494
-8799
-7408
-5950
-4988
-3958
-2120
-1169
-742
-314
355
381
299
462
127
-478
-1055
-968
-1234
-1862
-2690
-3013
-3285
-4001
-4706
-5314
-5723
-6535
-7174
-7410
-7264
-7347
-7547
-7177
-6341
-5480
-4877
-4041
-3049
-1999
-1269
-708
-1
621
743
656
966
1212
1073
756
809
820
700
522
444
365
33
-173
-211
-229
-572
-631
-356
51
450
1062
1841
2710
3465
4423
5447
6319
6789
7246
8086
8565
9048
8969
9431
9777
10422
10615
10806
11305
11133
11412
11057
11252
10533
10099
9368
8712
8234
6809
5848
4379
3672
2174
1206
-184
-1470
-2395
-3531
-3956
-5494
-7195
-9118
-9036
-9351
-10601
-11589
-11484
-10410
-10093
-9114
-8084
-6265
-5494
-4578
-2679
-1075
-717
-777
314
503
405
479
698
-36
-741
-690
-595
-908
-1965
-2525
-2818
-3255
-4317
-4911
-5484
-6616
-7529
-7836
-7782
-8083
-8166
-8157
-7389
-6321
-5435
-4702
-3749
-2580
-1682
-811
-236
400
662
629
663
1128
1187
655
519
743
805
562
611
553
331
21
-47
-78
-388
-695
-721
-250
-64
392
1087
1977
2739
3722
5009
5889
6675
7238
8038
8564
8987
9078
9282
9638
9847
10098
10235
10594
10720
10864
10736
10692
10602
10006
9388
8760
8382
7234
5982
4792
3669
2713
1252
-46
-1505
-2281
-3304
-4014
-5083
-7098
-8541
-9034
-8900
-10348
-11230
-11504
-10784
-10112
-9686
-8433
-7069
-5794
-5352
-3316
-1588
-999
-916
-35
661
420
754
727
402
-524
-541
-431
-595
-1535
-2346
-2400
-2970
-3715
-4518
-4892
-6043
-6875
-7243
-7264
-7596
-8170
-8230
-7842
-6811
-6216
-5470
-4793
-3587
-2476
-1567
-715
-22
483
472
903
1263
1329
779
543
682
754
558
315
366
97
-76
-30
209
-203
-600
-513
-125
1
135
663
1256
1959
2684
4033
4880
5644
6219
7272
8013
8509
8958
9005
9517
9604
10017
9968
10289
10066
10051
10285
10142
10004
9421
9115
8177
7980
7314
6561
5509
4476
3486
2369
1757
464
-437
-1688
-2464
-3104
-3557
-4918
-6893
-7770
-8138
-8470
-9634
-10326
-10504
-9791
-9298
-8689
-7390
-6321
-5646
-4651
-2694
-1721
-1347
-867
-168
34
142
491
410
-64
-602
-356
-159
-636
-1520
-1748
-1901
-2666
-3405
-3882
-4549
-5658
-6452
-6796
-6933
-7391
-7860
-7806
-7112
-6435
-5832
-5128
-4252
-3202
-2296
-1439
-721
-25
186
378
833
1170
987
676
811
884
882
717
784
629
408
310
382
284
-212
-265
-123
87
103
516
1104
1686
2331
3241
4357
5026
5641
6348
7315
7777
8140
8436
8718
9054
9227
9578
9725
10089
9962
10014
10158
10136
9789
9279
8973
8333
7821
6995
6474
5542
4581
3432
2671
1908
515
-395
-1401
-1961
-3163
-3705
-4684
-6310
-7642
-8170
-8055
-9319
-10159
-10344
-9432
-9034
-8551
-7418
-6226
-5357
-4695
-2905
-1774
-1276
-1232
-390
105
30
213
264
75
-587
-396
-245
-508
-1373
-1798
-1974
-2518
-3238
-3981
-4577
-5576
-6170
-6532
-6696
-7191
-7505
-7558
-7072
-6351
-5802
-5275
-4617
-3471
-2628
-1759
-1174
-496
-102
131
492
926
1029
632
683
990
1066
778
819
774
596
400
490
415
-51
-338
-264
25
7
284
812
1449
2034
2944
4012
4782
5344
5934
6726
7254
7523
7612
7873
8061
8320
8631
8891
9039
9231
9580
9744
9737
9667
9271
8813
8360
7635
6801
5905
5394
4453
3640
2682
2040
1417
576
-60
-733
-1212
-2252
-2550
-3370
-4681
-6347
-7181
-7455
-8327
-9176
-9955
-9270
-8761
-8162
-7480
-6075
-5151
-4600
-3185
-1981
-1350
-1495
-880
-642
-532
-670
-579
-612
-1083
-1132
-914
-591
-1256
-1682
-1853
-1957
-2708
-3456
-4042
-4822
-5658
-6470
-6595
-6862
-7159
-7455
-6985
-6369
-5667
-5061
-4377
-3529
-2759
-2027
-1552
-832
-609
-420
-241
235
363
307
397
601
941
949
1108
1187
1245
946
934
840
568
107
-58
127
178
362
597
1364
1934
2769
3673
4607
5180
5647
6415
6881
7274
7219
7422
7529
7752
7903
8175
8550
8711
8892
9075
9276
9051
8725
8201
7667
7026
6358
5560
5035
4363
3661
2863
2255
1852
1137
603
-406
-969
-1645
-2292
-3142
-4064
-5261
-6662
-7275
-7774
-8160
-9013
-9027
-8742
-8018
-7257
-6524
-5539
-4934
-4073
-3277
-2230
-1983
-1905
-1771
-1424
-1284
-1329
-1187
-1285
-1253
-1360
-1019
-980
-1263
-1727
-2035
-2329
-2961
-3606
-4401
-5067
-5781
-6101
-6483
-6689
-6849
-6872
-6537
-6107
-5443
-4973
-4271
-3745
-2967
-2240
-1704
-1236
-772
-346
-193
285
602
687
703
1043
1264
1222
1237
1193
1188
1003
817
672
488
212
51
288
511
690
1053
1667
2335
3040
3750
4341
4928
5443
5887
6373
6711
6774
6839
7200
7394
7543
7834
8000
8370
8675
8829
8895
8957
8775
8276
7864
7364
6533
5831
5397
4863
4339
3626
3097
2771
2206
1512
750
298
-453
-1433
-2210
-3371
-4920
-6377
-7058
-7496
-8411
-9398
-9245
-8564
-8163
-7614
-6610
-5545
-5088
-4285
-3203
-2487
-2352
-2319
-1834
-1425
-1341
-1251
-897
-764
-711
-430
29
19
-452
-748
-1032
-1483
-2342
-3298
-4109
-4943
-5747
-6407
-6764
-6958
-7126
-7038
-6637
-5942
-5302
-4791
-4147
-3295
-2609
-2229
-1668
-1088
-796
-629
-220
280
514
596
907
1354
1508
1518
1653
1767
1596
1334
1236
1076
703
378
428
479
562
738
1142
1736
2215
2842
3509
4104
4592
4968
5456
5757
5960
6215
6378
6681
7003
7264
7736
8201
8634
8929
9124
9216
9252
8966
8406
7929
7288
6763
6048
5516
5108
4778
4469
3797
3549
3119
2593
1854
980
280
-710
-1699
-2726
-3835
-5391
-6587
-7215
-7538
-8085
-8725
-8488
-7962
-7311
-6879
-6097
-5373
-4935
-4388
-3644
-2928
-2824
-2692
-2280
-1709
-1453
-1105
-727
-489
-331
-191
132
-1
-468
-1055
-1470
-2041
-2820
-3665
-4391
-5033
-5698
-6027
-6104
-6087
-6270
-6178
-5779
-5196
-4696
-4435
-4017
-3450
-2938
-2470
-1941
-1492
-1072
-649
-150
457
888
1056
1307
1629
1863
1879
1752
1595
1426
1222
975
818
582
343
358
582
797
1046
1313
1681
2182
2659
3121
3542
3868
4201
4666
5076
5384
5719
6092
6513
6941
7263
7689
8063
8402
8571
8593
8688
8489
8110
7667
7181
6703
6276
5688
5182
5086
4945
4838
4541
4171
3680
3222
2573
1645
817
-386
-1357
-2267
-3344
-4532
-5660
-6599
-7134
-7384
-7907
-8070
-8006
-7695
-7344
-6892
-6489
-6107
-5622
-5240
-4593
-4055
-3626
-3274
-2740
-2153
-1631
-1143
-803
-547
-428
-280
-351
-543
-1027
-1649
-2188
-2715
-3335
-3995
-4567
-5073
-5390
-5651
-5734
-5911
-5954
-6012
-5883
-5516
-5251
-4982
-4677
-4064
-3508
-2854
-2247
-1597
-937
-290
290
833
1250
1327
1529
1613
1588
1421
1200
844
599
407
140
68
-29
-75
-15
208
352
654
894
1111
1554
1914
2235
2600
3062
3323
3778
4193
4595
5029
5352
5794
6287
6769
6993
7508
7790
7906
8071
7947
7897
7586
7207
6678
6341
6007
5549
5294
5013
4973
4886
4390
3808
3413
2797
1904
904
-101
-932
-1896
-2953
-3890
-4795
-5881
-6760
-7202
-7530
-7870
-8249
-8349
-7994
-7566
-7315
-6968
-6510
-5968
-5346
-4769
-4125
-3502
-2989
-2515
-1934
-1341
-942
-761
-672
-549
-490
-622
-937
-1371
-1874
-2353
-2846
-3346
-3833
-4364
-4789
-4995
-5180
-5345
-5490
-5698
-5674
-5518
-5329
-5093
-4769
-4380
-3820
-3091
-2475
-1798
-1092
-468
148
775
1187
1494
1710
1703
1763
1754
1572
1318
1082
869
742
661
394
285
293
299
358
497
593
847
1169
1420
1925
2362
2750
3193
3666
4095
4616
5095
5499
5948
6345
6774
7238
7654
7880
8067
8198
8267
8320
8189
7938
7618
7344
6916
6459
6017
5696
5505
5243
4993
4473
4206
3689
3147
2531
1622
827
48
-660
-1477
-2167
-3117
-3881
-4720
-5498
-6006
-6342
-6715
-7181
-7174
-7041
-6550
-6313
-6113
-5631
-4999
-4420
-3930
-3393
-2937
-2404
-2075
-1659
-1246
-870
-754
-728
-600
-491
-454
-805
-1207
-1548
-1818
-2260
-2777
-3274
-3605
-3915
-4221
-4425
-4569
-4574
-4681
-4656
-4540
-4235
-3943
-3683
-3352
-2812
-2226
-1713
-1243
-760
-168
269
700
955
1279
1436
1542
1561
1509
1509
1307
1170
935
796
584
432
188
103
254
261
470
585
935
1310
1692
2028
2540
3083
3508
4000
4372
4959
5457
5930
6166
6552
6920
7267
7585
7659
7921
8031
8230
8136
8070
7921
7509
7240
6748
6470
6029
5561
5124
4904
4762
4274
3785
3086
2610
2026
1338
406
-188
-823
-1560
-2126
-2978
-3490
-4292
-5114
-5841
-6135
-6397
-6787
-7049
-7113
-6656
-6243
-6010
-5774
-5201
-4651
-4072
-3711
-3318
-2774
-2431
-2158
-1924
-1537
-1231
-1085
-1076
-989
-843
-834
-1125
-1481
-1771
-2062
-2449
-2977
-3393
-3746
-3978
-4206
-4350
-4464
-4497
-4568
-4435
-4271
-4072
-3788
-3570
-3109
-2701
-2235
-1914
-1480
-1019
-608
-241
-27
247
476
572
583
613
573
537
348
214
91
-23
-148
-297
-422
-411
-315
-182
64
302
730
1158
1651
2127
2555
3003
3441
3929
4317
4763
5053
5366
5701
6017
6330
6521
6727
6943
7318
7406
7345
7212
6947
6855
6392
5971
5396
5024
4756
4393
4091
3851
3840
3522
3054
2365
2034
1495
805
-190
-957
-1401
-1960
-2410
-3172
-3511
-3901
-4282
-4876
-5407
-5733
-5907
-6231
-6569
-6574
-6325
-5980
-5891
-5571
-5149
-4436
-3937
-3589
-3221
-2852
-2434
-2216
-2103
-1962
-1758
-1673
-1681
-1725
-1612
-1630
-1797
-2074
-2318
-2430
-2711
-3036
-3404
-3642
-3720
-3833
-3917
-4075
-4066
-4025
-3956
-3877
-3750
-3536
-3349
-3067
-2783
-2349
-2018
-1685
-1360
-981
-601
-259
-33
97
252
367
440
393
268
152
92
-46
-93
-134
-8
63
237
457
694
1044
1264
1511
1810
2149
2480
2803
2970
3334
3665
4027
4375
4697
5081
5367
5695
5921
6163
6422
6571
6613
6646
6567
6571
6387
6102
5806
5568
5265
4887
4614
4251
4084
3834
3571
3274
2892
2303
1809
1204
595
-24
-839
-1377
-1886
-2171
-2646
-3113
-3569
-3987
-4410
-4981
-5419
-5682
-5913
-6116
-6153
-6000
-5536
-5181
-4842
-4484
-3936
-3390
-3015
-2757
-2580
-2253
-2026
-1920
-1788
-1601
-1408
-1268
-1253
-1182
-1143
-1204
-1395
-1705
-1993
-2304
-2605
-2960
-3260
-3432
-3512
-3542
-3486
-3561
-3482
-3474
-3408
-3280
-3181
-2973
-2876
-2547
-2266
-1766
-1394
-1011
-613
-204
234
532
762
906
1060
1062
1096
930
930
799
814
692
625
725
688
915
863
1121
1239
1514
1710
1897
2200
2361
2684
2891
3283
3681
4018
4344
4712
5128
5563
5751
5903
5862
6072
6186
6233
6231
6086
6256
6149
6162
5879
5817
5623
5359
4972
4420
4148
3852
3716
3320
2878
2377
2090
1747
1382
857
339
-106
-524
-896
-1419
-1786
-2307
-2732
-3334
-3962
-4480
-4956
-5270
-5506
-5583
-5615
-5524
-5322
-5064
-4793
-4482
-4207
-3925
-3691
-3485
-3194
-2933
-2617
-2366
-2082
-1787
-1497
-1237
-1143
-1081
-1127
-1224
-1452
-1697
-1948
-2186
-2429
-2691
-2916
-3097
-3164
-3220
-3242
-3399
-3495
-3630
-3656
-3651
-3567
-3349
-3087
-2739
-2455
-2049
-1694
-1264
-920
-679
-534
-386
-241
-86
-25
31
141
249
452
536
687
686
840
825
787
633
505
533
528
691
749
1047
1282
1726
2135
2571
2951
3254
3511
3643
3857
3977
4244
4322
4588
4856
5203
5518
5725
6063
6202
6487
6286
6113
5710
5453
5226
4889
4672
4320
4395
4319
4394
4156
3899
3511
3075
2496
1764
1002
295
-135
-614
-875
-1431
-1753
-2323
-2728
-3363
-4061
-4687
-5348
-5643
-5987
-6009
-6014
-5748
-5498
-5079
-4668
-4216
-3830
-3520
-3207
-2967
-2593
-2316
-1969
-1666
-1218
-809
-360
-106
69
93
37
-84
-367
-662
-1064
-1343
-1597
-1709
-1836
-1875
-1916
-1953
-2040
-2157
-2374
-2599
-2855
-3006
-3027
-2923
-2634
-2281
-1717
-1222
-599
-165
204
427
565
673
696
781
820
990
1205
1499
1764
1956
2079
2115
2018
1856
1627
1402
1193
1071
1062
1137
1291
1487
1782
2097
2438
2725
2902
3010
3055
3078
3148
3329
3630
3992
4423
4770
5034
5275
5451
5519
5517
5389
5250
5048
4819
4568
4366
4249
4101
4153
4039
4040
3926
3693
3419
3001
2658
2134
1705
1260
911
677
404
183
-86
-264
-440
-636
-944
-1400
-1832
-2333
-2790
-3203
-3513
-3709
-3793
-3784
-3776
-3745
-3747
-3751
-3760
-3760
-3782
-3806
-3757
-3669
-3552
-3404
-3205
-2970
-2738
-2539
-2390
-2280
-2215
-2188
-2190
-2172
-2157
-2098
-2010
-1900
-1749
-1591
-1416
-1300
-1239
-1257
-1340
-1466
-1583
-1660
-1719
-1702
-1603
-1403
-1183
-998
-807
-743
-750
-780
-828
-899
-929
-887
-789
-634
-468
-281
-107
51
160
207
223
212
191
191
210
226
282
350
435
523
579
639
663
676
683
654
624
605
630
692
769
854
935
1005
1052
1076
1088
1107
1127
1173
1220
1288
1366
1445
1554
1618
1680
1712
1699
1668
1626
1618
1595
1599
1610
1657
1717
1741
1740
1703
1639
1539
1440
1331
1211
1123
1059
1013
991
982
963
924
866
777
677
566
442
333
232
159
97
57
14
-27
-53
-95
-167
-224
-298
-371
-441
-492
-523
-564
-597
-629
-673
-716
-782
-861
-949
-1033
-1105
-1157
-1181
-1190
-1181
-1163
-1162
-1157
-1153
-1160
-1175
-1187
-1190
-1180
-1167
-1126
-1040
-967
-871
-786
-708
-639
-553
-499
-457
-409
-351
-279
-199
-119
-55
3
58
125
166
200
226
269
304
337
367
397
414
440
438
402
386
347
307
276
258
235
212
198
167
155
153
137
117
93
76
66
48
26
8
14
9
-1
8
-3
-1
-1
-4
-31
-59
-90
-132
-167
-217
-269
-322
-371
-414
-462
-517
-559
-594
-635
-679
-725
-779
-831
-893
-952
-991
-1026
-1067
-1102
-1114
-1125
-1136
-1155
-1152
-1151
-1145
-1157
-1171
-1187
-1208
-1242
-1287
-1319
-1362
-1405
-1453
-1508
-1559
-1610
-1653
-1716
-1778
-1829
-1892
-1949
-2018
-2070
-2131
-2179
-2223
-2257
-2265
-2288
-2307
-2327
-2332
-2331
-2303
-2278
-2267
-2236
-2189
-2126
-2073
-2006
-1939
-1849
-1759
-1678
-1591
-1512
-1434
-1345
-1249
-1137
-1044
-937
-866
-780
-684
-605
-531
-488
-456
-423
-373
-317
-235
-168
-67
10
63
120
176
231
246
285
343
411
470
531
587
662
711
752
793
839
908
983
1057
1110
1162
1203
1237
1256
1254
1235
1236
1226
1222
1220
1212
1207
1186
1188
1138
1092
1052
1023
1004
986
979
974
987
980
969
947
922
893
883
906
951
1002
1053
1089
1093
1093
1064
1048
1045
1040
1066
1085
1103
1108
1094
1076
1056
1039
1025
989
982
996
1002
1011
975
905
831
787
749
729
706
694
705
707
674
579
468
366
283
223
197
190
215
248
255
262
241
177
144
81
52
21
38
6
119
0
-570
-1188
-1837
-1699
-1002
-197
504
960
1485
1691
1567
829
-142
-605
-473
320
1119
1581
1702
1612
1419
1007
406
-63
-298
145
883
1535
1903
1860
1583
1180
844
502
-190
-177
286
857
1712
1820
1560
481
-599
-1728
-2468
-2181
-1475
-127
1160
2126
2486
2226
1526
544
-174
-192
304
1262
2090
2271
2145
1721
1089
478
109
-11
288
1007
1476
1824
1753
1185
670
265
-27
-174
-14
200
458
829
940
906
588
311
191
140
165
200
425
434
570
451
426
585
505
429
484
449
125
-120
-390
-563
-89
290
309
102
-168
-476
-916
-903
-937
-1010
-973
-517
-330
-479
-434
-902
-922
-963
-1228
-1304
-1054
-708
-481
-498
-499
-527
-662
-1031
-1104
-488
-284
-739
-870
-417
-437
-211
-285
-389
-413
-472
-541
-493
-886
-1007
-619
-208
-355
-544
-655
-670
-415
-373
-601
-1130
-822
-557
-551
-399
-659
-620
-273
-123
-342
-627
-513
-533
-677
-378
-3
-195
-351
-71
-4
-205
-287
-394
15
170
88
-64
-288
31
-21
391
303
-20
254
639
448
168
158
292
644
750
488
392
603
632
816
732
580
326
104
351
776
858
297
273
363
300
256
393
253
-99
234
420
582
130
-157
-338
-66
114
-400
-433
-218
132
-26
-145
-487
-646
-220
-97
-238
-622
-647
-378
14
-177
-635
-650
-669
-340
-442
-634
-841
-635
-343
-384
-485
-721
-610
-551
-592
-712
-813
-707
-654
-542
-484
-513
-711
-652
-557
-735
-878
-1005
-797
-628
-430
-555
-483
-429
-512
-664
-769
-764
-815
-408
-249
-312
-451
-486
-744
-506
-244
-440
-348
-326
-401
-573
-413
-462
-734
-520
-251
-399
-129
-227
-396
-460
-391
-146
-155
66
-104
-414
-134
606
562
323
344
106
196
610
954
464
589
662
344
517
536
533
397
569
582
486
309
-86
171
539
369
294
544
139
-498
-125
263
284
14
63
107
102
145
-6
-98
54
95
-167
-394
-285
-152
-31
-174
-240
203
48
-171
-259
-351
-459
-282
-44
-66
-222
-429
-305
-51
-224
-457
-343
-381
-190
-37
-146
-413
-313
-121
-145
-278
-398
-350
-357
-198
42
-161
-472
-328
-179
-357
-336
-185
-233
-106
5
-44
-319
-435
-241
-103
-121
-133
-91
3
65
-70
-112
-174
-130
-343
-365
-285
-75
-140
-205
76
-52
37
-46
-198
-326
-230
-132
-153
-99
115
172
291
372
207
186
30
15
39
271
395
380
393
502
560
471
306
156
137
163
89
285
356
237
202
267
153
168
140
-63
-164
-163
-100
-87
48
-45
44
274
345
124
103
-116
-231
-202
-36
-56
52
141
172
257
162
29
-22
-95
-128
-219
-166
7
18
31
-182
-15
-19
104
47
-134
-106
-316
-78
24
-149
-145
66
196
204
35
-84
-206
11
-7
22
71
161
34
165
207
49
-46
0
138
307
139
-149
20
117
133
102
23
-54
-130
35
11
-187
-135
-105
-150
-56
198
-167
-287
-217
2
277
128
-156
-187
-142
-142
74
219
136
201
257
304
182
-48
80
226
148
233
310
347
356
135
192
172
38
267
354
219
-81
-109
121
287
245
-98
-141
37
294
59
-338
-411
-101
317
174
-237
-286
-103
102
171
33
-331
-350
-114
27
88
-90
-88
45
150
-117
-203
-213
-436
-234
153
89
-56
-110
-150
-85
-156
-198
-174
-214
-228
0
54
73
202
281
7
-160
42
-11
46
125
104
55
165
234
243
368
324
