61
-29
27
-3
-5
73
58
106
73
37
14
-25
42
57
102
117
59
41
29
24
79
89
41
21
8
37
56
67
41
50
33
42
98
54
27
17
2
55
72
64
53
69
27
63
78
23
61
-7
28
63
21
111
97
52
67
37
49
60
28
-2
6
10
57
60
19
-28
-67
-28
-14
43
44
29
24
-28
-41
-35
-10
-7
-8
-7
8
31
27
-41
-84
-104
-25
1
30
19
-42
-16
-61
-26
-36
-51
-29
-31
-10
-23
-49
-69
-79
-1
-39
-58
-24
-26
-41
-29
-21
-37
-18
-9
-15
-31
5
-24
11
27
11
-9
-16
-8
14
18
8
-28
-8
-31
-12
-13
-24
-8
-42
-59
-44
-29
15
-31
5
-23
-56
20
-26
-33
-31
-18
-11
14
32
5
-26
-28
-15
-16
3
27
-75
32
-10
-9
-16
-30
19
2
123
73
43
76
-4
61
126
79
132
67
91
77
62
76
66
107
67
25
77
19
50
54
26
45
16
66
74
14
84
-36
-9
37
61
160
62
77
44
37
100
49
66
72
59
63
11
103
87
18
46
3
21
65
-52
28
-25
33
65
33
3
-34
-29
-19
-12
23
-13
6
-7
-51
-6
-49
-22
3
5
-26
-44
-90
14
-46
-51
-41
-88
-7
12
-34
-95
-120
-142
11
-10
-14
-51
-84
-17
-14
51
-51
-73
-70
-108
-13
-43
-74
-65
-148
-126
-79
-148
-85
-159
-176
-118
-136
-96
-174
-144
-149
-167
-127
-226
-169
-139
-189
-178
-172
-174
-182
-102
-141
-129
-66
-147
-80
-105
-65
-95
-171
-114
-181
-91
-80
-130
-81
-112
-91
-104
-103
-126
-89
-63
-92
-19
-54
-89
-54
-46
-65
-79
-79
-20
9
23
-26
15
-46
-30
-32
25
67
79
36
34
-82
-74
-12
-19
121
26
90
65
54
39
27
41
-11
47
61
72
81
21
85
-13
36
91
26
124
125
87
141
108
72
124
38
28
52
1
57
12
77
56
8
112
46
77
11
35
50
30
82
83
91
-10
26
89
91
132
115
100
77
43
-2
54
42
81
55
17
28
32
57
3
29
34
76
32
59
83
16
47
41
43
-36
31
64
-66
17
-28
-27
58
-41
-28
-19
-96
30
-93
-19
-63
-120
-59
-199
16
-105
-143
-71
-203
-126
-161
-155
-121
-135
-88
-171
-230
-160
-192
-197
-102
-114
-115
-117
-138
-168
-165
-242
-155
-137
-221
-188
-120
-274
-206
-241
-282
-229
-219
-163
-108
-176
-156
-198
-287
-97
-221
-121
-168
-171
-132
-245
-115
-22
-117
15
-171
-156
-66
-166
-12
-69
-67
39
-114
-15
-32
-181
56
-129
-13
84
-85
69
-6
-11
76
-77
-5
11
-136
17
-81
3
87
-137
30
-79
-173
-21
-111
4
14
18
33
-45
53
-42
15
83
-4
124
147
72
77
41
39
165
112
184
211
35
129
59
36
177
20
141
18
54
110
-47
119
5
-32
100
-23
104
137
-44
142
12
61
148
-11
130
63
22
104
20
169
156
30
81
30
-20
9
45
26
63
48
55
14
-37
14
-124
-23
-89
-28
16
-39
-57
-115
-163
-18
-107
-100
-72
-59
-16
-76
-60
-162
-72
-6
-101
73
-78
-131
-55
-176
-23
-22
-18
12
-229
9
-115
-71
77
-24
107
-123
-98
46
-214
26
-174
-87
117
-191
185
-106
-129
-59
-142
-29
-43
17
-35
-59
-58
-133
39
-54
-50
102
-57
92
74
-52
93
-152
-92
-22
-47
111
-18
-47
85
-149
4
12
-38
-32
-143
29
-18
-20
119
-170
12
-18
-79
-38
-70
-12
72
73
-3
52
43
-27
-15
36
45
62
9
90
-56
-11
93
-55
-25
45
-91
29
75
59
-33
-114
-43
147
-118
68
159
-132
263
-62
102
69
-179
244
-43
-12
272
-26
202
156
-19
363
-28
267
237
-94
128
40
42
331
57
224
160
-73
201
42
154
161
146
190
79
-44
244
-90
115
214
-187
219
-87
216
113
-88
349
-184
26
126
-127
162
4
-29
7
-125
198
-77
-16
32
-189
134
-267
-1
7
-199
278
-270
-49
10
-241
111
-243
24
-102
-275
5
-188
-60
-79
-219
-113
-96
-265
-57
-213
-181
-209
-272
-56
-227
-86
-105
-421
-57
-206
-286
46
-331
-85
-44
-258
104
-242
-137
0
-202
8
-125
-225
-65
-252
-32
-47
-140
-28
-194
-6
-68
-181
86
-207
-146
17
-179
40
-133
-143
11
-102
-1
-25
2
-186
165
2
-129
66
-273
56
-8
-46
203
-173
34
-30
-205
18
-130
-68
69
93
-31
-126
-82
-187
-23
209
-146
9
-111
-90
44
-11
143
-14
151
84
25
108
-127
78
215
99
151
-68
-21
50
27
67
-82
122
-27
77
45
-9
55
136
38
109
51
-32
98
181
219
-54
130
28
61
88
-32
-12
73
2
175
10
199
30
34
168
-55
86
-10
-52
89
-67
178
90
-76
155
-66
-87
134
-135
-60
-2
-7
312
-125
130
-54
-103
152
-186
20
28
-157
114
31
-243
101
-113
-32
-25
-111
-82
-3
-162
-69
57
-108
210
-168
-151
1
-243
143
-60
-173
-14
-387
-26
-160
-143
-17
-135
-41
-107
-13
-81
-170
-128
-200
147
-11
-25
36
-355
119
-139
-111
98
-327
-138
8
-267
9
-205
-5
109
-136
110
-49
-100
112
-148
-8
-104
-49
-27
-309
162
-188
-103
249
-265
-72
47
-139
15
-135
127
-43
-145
48
-145
-42
-248
-18
151
-115
169
-113
86
133
-34
242
182
92
58
-125
58
-6
88
244
16
86
-178
-22
-2
189
120
172
101
-105
164
76
143
181
221
-142
268
-17
157
179
70
119
29
120
156
-146
222
-107
15
116
-279
274
23
110
-13
-216
233
-57
-122
263
-288
74
191
-22
109
-62
40
128
71
-155
-93
-69
7
111
33
177
-50
-65
-55
-306
-103
-43
105
49
32
2
-118
-6
-8
-195
304
-11
41
-25
-59
171
-71
-29
118
-116
121
-68
-223
19
28
24
-167
6
-247
-233
69
-73
-107
86
-429
-98
-103
-361
286
-200
-108
14
-432
300
-279
45
-45
-368
230
-353
-168
129
-390
-17
-258
-215
46
-108
27
-71
-61
-90
-20
-19
107
-38
-107
-256
67
-180
94
91
-166
148
-56
-35
-101
-88
40
-58
-43
-161
-172
58
-249
303
-113
-207
-36
-332
64
99
-116
217
-162
-22
126
-294
180
-179
-150
105
-211
389
-78
-39
236
-377
288
-154
-62
125
-155
57
-21
79
174
-4
277
13
-41
152
-207
189
-58
-104
204
109
113
6
-43
39
204
104
134
-48
219
-2
136
111
-45
220
55
-18
82
-62
152
262
-58
332
-407
438
-34
-87
369
-318
186
409
-324
480
-237
-69
362
-632
498
-115
-72
339
-698
337
19
-254
709
-541
214
129
-454
338
-371
-116
115
-501
5
-14
-323
139
-301
-94
32
-218
349
-81
58
-4
-428
179
71
-163
232
-232
208
-161
-43
212
-26
20
-43
-134
-213
-91
122
52
98
240
-477
16
-206
-144
102
-459
11
-82
-388
352
-453
76
-10
-593
124
-665
-151
325
-46
97
79
-195
251
-461
2
234
-209
576
-128
-278
269
-355
171
-35
-183
168
-445
-13
-97
-262
277
-280
137
178
-197
183
-268
-130
-90
-149
96
-41
52
80
-2
-9
-165
-24
-144
144
-67
245
80
-324
84
-96
129
53
263
-4
-231
34
-163
44
130
-180
27
183
-185
154
-252
45
88
-471
266
-226
-68
430
-341
2
-23
-285
110
-563
-127
79
-98
511
-279
30
363
-389
332
3
-63
152
40
-7
8
154
-36
289
-53
150
-83
-48
72
-150
319
-144
43
364
-564
38
217
-419
20
-279
27
-20
-406
300
-414
-166
399
-596
133
-184
-356
233
-85
0
189
-210
-144
-35
-185
140
-32
-82
8
-5
-218
-212
-4
-87
-42
-33
-39
-285
-54
-70
41
21
-174
123
-267
248
316
-440
156
-226
-535
-20
-485
346
287
-32
104
-404
-224
166
-558
-19
267
-278
279
-205
-144
-75
-401
195
-66
160
238
-480
259
45
-191
415
-58
-40
-176
-56
44
-107
130
-373
45
-11
-283
66
-27
-6
329
-119
198
-11
-15
316
-49
529
-195
15
168
-147
-88
-310
135
240
123
163
92
-272
-367
133
75
-210
381
98
112
-28
-114
-8
-225
130
138
-180
53
-244
-214
156
13
318
207
-167
-203
43
-169
-50
110
-193
105
74
69
142
1
246
-273
-122
467
-397
-11
280
-116
463
88
23
-495
127
292
-60
339
-55
-111
389
11
106
120
-142
149
-400
113
23
-315
554
465
75
232
-378
-106
31
-53
223
-192
177
231
-32
234
87
-21
-260
157
-8
-12
-104
186
232
-138
247
-382
-372
-84
-13
486
177
-182
-58
-289
56
26
200
135
12
48
-341
-53
-29
74
245
4
2
-286
-346
-497
-61
141
160
-294
-194
-192
-622
27
-362
-263
190
-72
-72
-316
-236
105
-90
167
99
-284
-161
-52
-114
356
258
-76
266
154
-65
489
-161
-105
62
-368
47
-729
-143
387
-311
352
-172
-800
-48
-66
-247
210
-193
-382
46
-223
-442
42
-217
-219
-127
-202
74
-147
211
-55
285
382
-134
517
154
21
-51
-166
-71
-66
167
42
-277
-225
297
-263
382
-84
-230
295
-133
333
253
-93
212
-110
-156
-2
-564
375
-97
-384
266
-207
6
321
-519
395
-162
-75
626
-310
643
66
-487
261
-475
66
-248
-325
618
-215
308
270
-306
260
-261
-730
-61
-85
-165
153
-455
-295
-16
-41
339
51
-137
107
-363
247
136
131
411
94
111
-57
-119
-279
62
-14
51
187
-221
49
125
-212
-352
-466
-358
-160
-463
357
-159
-431
104
-483
-170
-187
-155
213
267
-341
36
-200
-117
299
26
320
4
22
387
-156
-79
150
-349
600
-225
228
338
-577
89
287
63
81
-535
-413
-513
71
206
-770
549
-422
119
215
-397
340
63
-362
196
-63
-611
-199
401
655
235
116
-165
-256
-326
79
21
242
298
151
288
74
132
146
-357
68
-45
-45
374
-286
275
488
-399
21
-262
-201
520
96
-49
-320
-519
294
-65
438
296
-836
18
-446
23
65
415
458
459
633
-490
-194
-229
-263
80
-119
329
231
-595
60
-899
9
309
104
507
-327
327
-26
-181
-10
-464
-327
-232
-177
-14
410
-125
113
143
-115
151
580
363
435
375
67
-86
-251
425
-30
98
204
-136
-308
-238
-27
34
18
127
-110
-297
178
-330
477
244
21
25
-356
97
50
381
623
198
-377
9
377
615
531
9
42
-106
-51
-220
-209
-252
-219
-202
-129
81
-3
-191
112
-155
-205
292
-396
376
-85
232
567
-108
553
-631
-723
-236
-118
808
293
197
96
-876
-271
160
41
310
-126
-363
-323
-282
-438
183
138
-449
-28
-1123
-655
163
-22
445
11
-250
233
-333
183
-388
-96
467
-580
509
-365
-486
117
193
198
308
-50
-298
-425
-542
203
-693
245
163
13
235
-582
40
68
647
521
495
263
-532
-753
-579
-91
594
388
509
17
436
92
-305
-123
-654
62
-19
71
502
-58
-128
108
-296
232
236
489
584
188
-369
-181
167
-436
-23
-17
-188
370
353
13
-38
-613
-477
-260
-920
360
78
16
679
-166
-74
-457
7
253
80
326
382
-207
330
414
137
265
23
-250
-395
207
798
134
-481
-181
-1096
370
-489
-850
190
-373
27
-46
-452
286
372
223
833
-409
-48
-217
-635
-112
-599
200
353
83
606
-697
-471
-161
-366
872
-89
709
-40
-93
483
-578
287
-594
375
495
-251
425
-192
-612
-612
-779
-389
206
-338
-149
-644
-574
45
87
639
353
366
-55
-431
-248
-265
-695
-252
80
-1
-282
-58
-208
-401
-70
382
644
148
84
-614
298
145
95
941
146
222
-23
-322
-336
-46
18
286
-93
-155
282
-519
151
-100
-365
534
-75
-112
177
-640
-207
-77
-452
-85
-789
171
480
578
805
230
116
396
108
275
-38
-53
718
-520
-293
-229
-589
71
-208
-249
554
-215
219
329
-240
-166
-669
-33
-324
51
228
54
25
-25
4
439
223
-108
399
137
505
368
381
646
-250
411
152
-672
187
-728
-721
-639
-928
321
-145
-279
182
-607
-271
250
-201
352
14
127
232
-51
39
69
-536
174
-430
-110
352
-167
667
-267
268
239
258
319
186
-99
110
112
366
533
138
572
-179
-80
174
-252
929
-65
-568
470
-786
-266
-48
-350
215
-608
-7
114
-163
192
-307
-223
-278
-91
143
-149
362
-101
225
-47
-296
242
-202
-53
355
-363
-463
-81
-142
259
312
609
-201
-43
-342
-683
-163
-758
-326
-236
-73
439
-352
-164
61
38
605
166
336
-76
265
-148
-404
35
-653
312
-518
99
403
47
756
-396
48
-389
-110
439
-102
641
-169
-631
51
-883
227
403
728
547
-457
0
-370
-254
564
103
272
-17
-80
252
459
1207
665
187
275
-268
504
543
339
578
29
-20
-525
-1199
-130
-590
-96
45
-470
-245
-174
114
-67
214
-142
79
50
-87
-109
-195
415
280
161
364
256
305
174
414
133
353
44
213
-37
321
690
128
818
-154
508
671
202
450
-51
48
-370
-545
-176
-556
-314
171
-511
-168
-654
429
209
108
527
-421
166
-41
155
19
-460
-410
-526
-126
318
102
249
260
-288
-275
-510
-43
-152
-1
187
-435
5
-460
291
294
565
-91
-555
-869
-992
94
-234
260
-365
-473
106
-367
205
-210
-187
206
-26
-19
259
249
346
-79
478
533
360
417
-151
-196
-528
235
218
108
519
-417
-499
-708
-801
-350
-523
566
-55
56
-43
-560
111
-431
-362
-112
-437
-227
-538
-189
-326
-547
403
45
377
350
242
374
-166
392
-218
-185
424
180
739
19
-84
-564
-588
78
50
405
-4
-226
-229
-22
395
714
1118
478
468
168
-161
3
-295
188
173
-539
-637
-719
-321
-131
222
406
212
118
-123
107
-225
-48
-1054
-1008
-969
-720
58
-92
659
-274
-124
252
-193
596
609
445
774
326
673
442
341
1223
526
159
-144
-454
-185
-723
-372
-140
-375
177
160
182
-101
-192
-164
25
168
-106
-120
-297
-458
-562
-215
-90
-33
172
-55
63
-214
289
167
-49
582
332
574
173
366
431
-326
39
-517
-221
-562
-542
-4
174
414
653
165
-631
-749
-903
-452
-265
83
-398
-318
-962
-1230
-520
-692
-168
-26
181
-115
-172
-35
208
159
282
132
-91
-280
-514
-263
-115
210
-278
-353
97
-82
-127
-25
-151
49
195
-27
155
-254
-137
-395
-401
-205
-75
142
-3
187
265
172
-194
184
190
34
221
423
332
-63
-85
-550
-722
-681
-875
-373
-264
-580
-293
-443
180
425
385
612
176
497
174
350
444
520
243
32
-537
-844
-643
-490
11
-370
-262
-17
-278
-275
-451
-398
-254
-102
84
-131
-246
-133
-165
-111
39
-75
234
220
238
-198
-477
-664
-1180
-672
-493
-37
309
-162
-280
-434
-485
-253
-701
-382
-615
-731
-402
-600
-768
-921
-984
-960
-940
-732
-773
-1174
-839
-526
-417
-343
80
-52
-415
-490
-954
-1127
-1118
-984
-1160
-798
-1057
-1071
-941
-1029
-983
-1153
-909
-925
-750
-356
-602
-511
-284
-283
58
-220
-646
-542
-641
-439
-549
-367
-394
-249
-103
-105
12
111
191
60
47
-143
27
29
-338
-406
-772
-465
-438
-256
-46
-158
323
-147
-170
51
-94
190
25
152
244
526
395
92
211
650
988
1132
1038
772
275
290
255
54
285
-178
-378
-524
-724
-304
-683
-610
-613
-601
-439
-395
-70
-137
-60
1
158
-50
17
-1
-372
-190
-347
-219
-237
-362
-88
-62
398
554
337
266
-157
-322
-534
-641
-599
-1028
-784
-885
-955
-328
-320
65
-168
-84
-125
-59
266
23
121
-311
-413
-348
-387
-480
-405
-337
-235
-131
-124
93
229
-77
139
-40
1
-90
-302
-428
-453
-206
-317
-149
-285
-97
47
-99
22
187
336
430
541
634
740
599
584
516
337
240
-12
-55
17
284
213
570
670
531
400
165
-1
-148
-153
-107
150
89
59
-14
-3
82
118
117
279
168
285
349
169
428
533
509
279
264
102
-117
-383
-567
-827
-874
-719
-613
-552
-503
-365
-219
-172
-333
-322
-379
-348
-298
-330
-250
-389
-543
-506
-720
-709
-634
-276
-94
-65
183
-126
-276
-503
-702
-750
-818
-693
-661
-462
-639
-737
-718
-753
-215
-11
191
180
335
537
554
908
963
997
971
1159
1569
1714
1860
1560
1464
1510
1503
1658
1903
2343
2161
2163
2261
2213
2066
1873
1981
1825
1871
1748
1510
1645
1421
1439
1466
1517
1553
1421
1439
1500
1585
1471
1233
1161
1051
511
487
206
155
-44
-308
-193
-348
-263
-432
-283
-452
-616
-745
-953
-1120
-1457
-1705
-2062
-2186
-2476
-2645
-2709
-3021
-3148
-3239
-3586
-3748
-3951
-4275
-4447
-4772
-5003
-5271
-5621
-5822
-6132
-6233
-6362
-6460
-6421
-6516
-6380
-6252
-6087
-5833
-5596
-5440
-5171
-5032
-4732
-4424
-4214
-3888
-3609
-3233
-2996
-2651
-2175
-1899
-1617
-1237
-801
-237
-80
134
539
967
1389
1857
2250
2340
2307
2535
2795
3173
3447
3649
4172
4486
4848
5267
5540
5681
5941
5904
6294
6510
6620
6793
6609
6619
6621
6696
6830
6957
7152
7421
7702
8072
8295
8648
9029
8698
8467
8298
7394
6609
4706
3414
1603
-350
-2225
-4003
-4872
-6477
-7160
-7573
-7112
-6715
-6026
-4909
-3558
-2077
-1243
466
1668
2716
3424
4068
4938
5197
5789
6180
6776
7028
7345
7817
8087
8107
7956
7874
7186
6423
5404
4463
3325
1857
681
-387
-1251
-2024
-2274
-2171
-1898
-1390
-609
493
1322
2079
2723
3467
3889
4032
4304
4399
4481
4401
4396
4590
4723
4748
4861
5103
5260
5198
5069
4889
4650
4110
3641
3452
3215
3051
3110
3327
3813
4321
5032
5898
6645
7386
7855
8458
8823
8866
9120
8997
8664
8463
7830
7775
7542
7352
7860
7969
8458
8921
8867
8559
7537
6216
3968
1308
-1718
-4569
-8219
-11832
-14699
-17061
-18799
-20482
-20343
-19726
-18933
-17731
-15733
-13260
-11474
-9978
-8133
-6646
-6054
-5523
-4857
-4440
-4419
-4465
-3865
-3542
-3345
-2870
-2355
-2057
-2353
-2482
-2942
-4146
-5721
-7384
-9395
-11831
-14162
-16007
-17557
-19115
-19914
-19918
-19502
-18707
-17427
-15579
-13754
-12041
-10256
-8614
-7229
-6358
-5796
-5314
-5284
-5076
-5025
-4929
-4628
-4522
-4240
-3984
-3629
-3287
-3214
-3389
-3557
-3652
-4052
-4412
-4508
-4565
-4758
-4531
-3903
-2830
-1593
-617
1198
2644
3875
5267
6535
7726
8493
9176
9667
10261
10343
10292
10595
10457
10488
10504
10705
10971
11245
11907
11868
11803
10894
9460
7468
4481
1537
-1698
-5076
-8847
-12024
-14340
-16405
-17418
-17466
-16384
-15000
-13242
-10683
-7697
-4855
-2718
-86
1797
3182
4091
5133
6061
6322
6584
6845
7451
7502
7821
8342
8560
8223
7687
7104
5755
4021
2015
-100
-2567
-5148
-7268
-8885
-10251
-11145
-11099
-10447
-9407
-7959
-5956
-3897
-1939
-140
1595
3156
4180
4971
5689
6110
6330
6496
6696
6890
7043
7095
7111
7090
6915
6583
6114
5396
4473
3467
2472
1691
1192
757
752
1372
2123
3430
4981
6622
8457
10012
11519
13083
14415
15086
15853
16240
16302
16376
16144
16113
15939
15493
15094
15023
14774
14617
14532
14569
14604
13760
12851
11084
9060
5945
2249
-869
-4714
-8279
-11939
-14541
-16439
-18020
-18456
-17743
-16144
-14700
-12503
-9835
-6916
-4807
-2736
-472
909
1898
2388
3395
3802
3668
3790
4113
4206
3893
3967
4044
3614
2527
1534
384
-1489
-3698
-5852
-7909
-10413
-12657
-14103
-15145
-15888
-16026
-15295
-14048
-12665
-10920
-8751
-6759
-5000
-3431
-1847
-621
79
714
1053
1263
1216
1143
1200
1141
1000
835
723
591
345
31
-295
-665
-1018
-1472
-1604
-1612
-1499
-1122
-678
291
1352
2430
3897
5368
6722
8040
9196
10234
11272
11683
12180
12442
12292
12193
11888
11684
11244
10543
10221
9976
9717
9956
9486
9147
8050
6166
4356
1041
-1797
-4994
-8599
-12154
-15794
-18092
-20020
-21395
-21376
-20263
-18906
-17052
-14696
-11348
-8311
-6259
-3503
-1378
53
948
1826
2925
2875
2603
2838
2981
2649
2385
2513
2496
1574
564
19
-1342
-3238
-5242
-7112
-9226
-11783
-13511
-14568
-15636
-16307
-16034
-14926
-13587
-12031
-9791
-7365
-5383
-3533
-1796
-198
820
1271
1803
1880
1684
1457
1272
1198
974
779
716
675
664
577
377
230
-148
-436
-638
-900
-755
-883
-605
137
850
2040
3243
4654
6269
7611
8937
10558
11559
12276
12889
13215
13564
13254
12908
12548
11929
11226
10414
10229
9882
9550
9794
9567
9184
8218
6801
4768
1954
-1078
-4210
-7411
-11409
-14582
-16832
-18732
-19989
-19854
-18500
-17028
-15102
-12440
-8939
-6041
-3654
-1034
1301
2421
3002
4053
4560
4362
3974
4046
4062
3547
3225
3436
3356
2439
1715
1249
19
-1838
-3566
-5220
-7452
-9793
-11470
-12490
-13470
-14199
-13727
-12612
-11388
-9777
-7522
-5203
-3258
-1454
378
1948
2820
3348
3691
3695
3290
2832
2566
2212
1823
1575
1482
1436
1399
1352
1266
1121
922
771
577
549
693
713
1056
1605
2333
3531
4623
6015
7658
8764
10194
11421
12520
13534
13897
14473
14481
14272
14042
13471
13041
12396
11504
11064
10631
10203
10566
10160
9658
8766
7351
5579
2518
-157
-3306
-6652
-10397
-13851
-16058
-17919
-19421
-19463
-18224
-17017
-15017
-12530
-9120
-6108
-3788
-1100
1148
2565
3257
4187
4778
4453
3957
3969
3760
3169
2805
2794
2719
1831
1090
814
-265
-2033
-3639
-5156
-7097
-9456
-11143
-12149
-13196
-14046
-13885
-12750
-11494
-10102
-7971
-5542
-3559
-1718
41
1739
2736
3099
3441
3556
3317
2736
2324
1954
1508
1094
929
941
909
739
630
703
553
386
324
314
340
325
585
1123
1897
2783
3912
5287
6623
7854
9173
10695
11585
12589
13248
13745
14129
13805
13641
13377
12749
11860
11391
10746
10242
9673
9541
9680
9307
8822
7618
6833
4591
1563
-930
-4015
-7146
-10930
-14085
-16121
-17923
-19494
-19353
-18109
-16749
-15059
-12544
-9074
-6532
-4165
-1646
523
1942
2444
3371
4027
3484
2934
2983
2631
1982
1589
1716
1594
614
69
-262
-1285
-2973
-4514
-5676
-7683
-10009
-11440
-12360
-13474
-14254
-14030
-12896
-11764
-10512
-8254
-5950
-4020
-2400
-697
923
1699
2101
2403
2398
1996
1393
876
632
93
-234
-312
-377
-248
-351
-246
-209
-287
-314
-459
-572
-502
-437
-77
396
1027
1897
3039
4471
5821
7271
8690
9975
10958
12010
12603
13006
13143
12805
12755
12385
11590
11047
10412
9800
9167
8870
8920
8890
8958
8399
7932
6939
5212
2668
39
-3020
-6265
-9523
-13295
-15567
-17667
-19218
-19816
-19094
-17627
-15951
-13675
-10841
-7590
-5146
-2700
-434
1521
2249
2821
3649
3506
3122
2777
2612
2160
1667
1509
1640
1158
448
237
-329
-1642
-3105
-4244
-5898
-8214
-10031
-11174
-12219
-13297
-13679
-12879
-11935
-10995
-9152
-6704
-4693
-3060
-1296
547
1689
2248
2694
2907
2718
2031
1637
1298
766
249
24
45
-73
-48
-16
89
45
36
24
-47
-69
-189
117
350
896
1634
2572
3817
4915
6312
7534
9014
9948
11084
11751
12352
12813
12455
12800
12294
11964
11285
10793
10294
9666
9112
8601
8689
8293
8529
8551
8543
7498
6289
5041
2463
12
-2940
-5596
-8770
-12247
-14567
-16013
-17267
-18043
-17222
-15954
-14482
-12604
-9752
-6717
-4678
-2491
-421
1233
1955
2435
3311
3178
2553
2303
2334
1903
1432
1423
1516
1112
412
387
-41
-1184
-2628
-3754
-5128
-7277
-8931
-10047
-11169
-12300
-12554
-11989
-11105
-10129
-8547
-6324
-4572
-2875
-1085
626
1696
2255
2811
2867
2757
2308
1890
1447
863
473
221
199
136
271
301
255
367
355
360
299
404
434
460
707
1088
1865
2573
3436
4730
5883
7145
8618
9742
10717
11614
12199
12541
12557
12514
12316
11756
11053
10498
9933
9355
8549
8324
8090
7731
7947
8064
8012
7385
6511
5363
3545
811
-1632
-4298
-7431
-10649
-13331
-14853
-16583
-17496
-17281
-16149
-14906
-13206
-10713
-7877
-5594
-3728
-1273
274
1270
1884
2520
2686
2112
1870
1895
1613
1117
1162
1330
1184
613
516
375
-691
-1915
-3031
-4317
-6274
-8222
-9511
-10697
-11995
-12642
-12379
-11761
-10944
-9649
-7694
-5863
-4253
-2485
-804
545
1351
1913
2263
2295
2009
1682
1386
941
581
301
124
149
188
227
245
359
398
265
254
201
247
239
358
708
1150
1835
2528
3492
4729
5744
7022
8263
9226
10185
10938
11608
11829
12010
12010
11729
11453
10879
10147
9792
8987
8354
8103
7505
7337
7426
7644
7622
7565
6642
5816
4715
2303
162
-2397
-4810
-8001
-10873
-12818
-14466
-15472
-16471
-15781
-14650
-13446
-11894
-9246
-6566
-4890
-2721
-1034
557
1203
1668
2335
2317
1943
1654
1830
1402
1049
1146
1298
900
558
615
81
-941
-2226
-3201
-4659
-6747
-8303
-9338
-10617
-11901
-12138
-11684
-11142
-10400
-8906
-7019
-5349
-3857
-2208
-439
572
1210
1896
2145
2063
1807
1653
1364
1031
725
550
562
489
687
750
813
799
810
636
298
314
169
231
158
568
1014
1533
2311
3106
4488
5399
6494
7809
8740
9650
10273
10774
11089
11194
11060
10845
10708
10224
9854
9072
8562
7914
7597
7501
6995
7325
7198
7561
7449
6827
6163
5083
3472
929
-1139
-3720
-6062
-9076
-11598
-12957
-14496
-15297
-15729
-14422
-13363
-12203
-10134
-7705
-5447
-4024
-2077
-498
702
958
1603
2188
1753
1486
1373
1542
1100
966
1219
1234
821
473
360
-432
-1585
-2754
-3757
-5410
-7252
-8384
-9514
-10679
-11565
-11475
-10892
-10337
-9351
-7676
-5892
-4410
-2822
-1117
355
1187
1888
2418
2573
2500
2260
1995
1636
1304
995
916
827
867
917
788
776
757
731
433
267
152
-20
-180
-50
252
708
1184
1845
3058
4007
5157
6356
7461
8490
9358
10205
10675
10968
11265
11085
10935
10258
9993
9504
8559
8287
7404
7320
6400
6318
6497
6408
6620
6644
7207
6329
5827
4639
3544
1330
-1204
-2915
-5634
-7999
-10731
-11890
-13011
-14309
-14307
-13434
-12441
-11539
-9710
-7644
-5738
-4605
-2873
-1343
-853
-430
87
593
207
-39
313
321
9
117
592
649
382
310
435
-228
-1431
-2138
-3160
-4749
-6447
-7637
-8615
-9920
-10661
-10583
-10237
-9810
-8959
-7444
-5893
-4568
-3015
-1421
-267
662
1418
1947
2185
2121
2160
1897
1652
1404
1231
1049
832
934
833
704
560
571
350
12
-184
-334
-401
-635
-507
-90
195
759
1649
2737
3830
4913
6225
7466
8351
9417
10193
10673
10968
10898
11024
10641
10279
9871
9407
8652
7900
7446
6893
6621
5892
5989
5758
5437
5753
5652
6182
5585
5044
4245
3240
1800
-245
-1572
-3825
-5521
-7993
-9306
-10311
-11449
-11775
-12167
-11054
-10845
-9692
-8385
-6870
-5627
-4810
-3338
-2560
-1573
-1459
-740
-522
-669
-432
-379
7
-262
108
223
186
80
-66
-190
-1096
-1852
-2751
-3559
-4891
-6103
-6861
-7856
-8580
-9021
-8677
-8268
-7795
-6926
-5757
-4407
-3331
-2100
-958
-68
439
870
1354
1438
1473
1257
1205
1041
851
754
548
688
544
465
434
383
301
82
-108
-259
-174
-337
-138
256
651
1319
1955
3000
3879
4847
5991
6873
7898
8664
9267
9821
10056
9968
10057
9789
9288
9055
8529
7982
7401
6850
6386
5925
5337
5058
4947
4822
4731
4738
5191
5282
5470
5225
4649
4089
2954
1363
-209
-1837
-3972
-6054
-8176
-9519
-10634
-11886
-12363
-12144
-11636
-11273
-10226
-8622
-7317
-6412
-5098
-3776
-2988
-2406
-1950
-1251
-1224
-1327
-905
-659
-627
-521
-134
24
-71
-11
171
-182
-898
-1414
-2062
-3058
-4371
-5181
-5935
-7069
-7831
-7973
-7867
-7828
-7409
-6592
-5457
-4640
-3630
-2403
-1453
-652
-191
507
878
1030
1071
1025
992
893
887
817
944
897
899
809
826
944
767
720
650
741
719
739
1057
1495
1789
2262
2972
3741
4554
5366
6206
7003
7648
8167
8839
8995
9113
9106
9049
8720
8345
8104
7512
7055
6440
6098
5668
5162
4739
4619
4498
4235
4431
4703
4876
5001
5539
5382
5056
4313
3534
2302
416
-1163
-3007
-4710
-7238
-8645
-9843
-11061
-11970
-12228
-11543
-11590
-10716
-9699
-8168
-7225
-6329
-4840
-3957
-3296
-2926
-1972
-1707
-1604
-1285
-763
-448
-424
186
537
731
716
963
979
374
-263
-859
-1705
-3094
-4138
-5096
-6169
-7174
-7795
-7845
-7948
-7738
-7081
-6188
-5230
-4299
-3086
-1994
-1187
-433
187
637
860
1119
1138
1094
1089
1051
1110
1062
1233
1368
1380
1433
1571
1609
1450
1286
1352
1312
1092
1251
1349
1553
1758
2198
2867
3442
4143
4891
5804
6258
6958
7586
7913
8170
8207
8415
8073
7792
7436
7172
6583
5989
5755
5321
4955
4470
4482
4391
4233
4293
4587
4727
4802
5090
5439
5445
4918
4441
3731
2691
911
-397
-1995
-3974
-6083
-7868
-8965
-10400
-11299
-11979
-11705
-11718
-11393
-10381
-9197
-7973
-7214
-5721
-4680
-3727
-3064
-2241
-1469
-1241
-780
-302
267
355
743
1118
1272
1290
1252
1342
827
173
-531
-1303
-2450
-3668
-4603
-5626
-6553
-7318
-7551
-7580
-7418
-6951
-6125
-5177
-4306
-3244
-2266
-1250
-581
25
596
1011
1305
1447
1600
1650
1735
1686
1788
1889
1998
1928
1884
1990
1791
1578
1284
1069
858
593
462
574
786
920
1360
2066
2768
3407
4239
5090
5744
6368
6751
7244
7491
7380
7416
7382
7175
6933
6889
6614
6472
6093
5931
5740
5378
5197
4740
4794
4221
4220
4133
3931
4008
4012
4484
4374
4388
3837
3397
2687
1393
195
-1330
-2853
-4871
-6801
-8265
-9542
-10601
-11587
-11810
-11578
-11386
-10673
-9592
-8184
-7232
-6137
-4823
-3692
-2808
-2224
-1340
-935
-680
-427
89
389
440
766
1002
1160
1014
1121
956
363
-407
-1131
-1889
-3073
-4104
-5010
-5832
-6665
-7102
-6989
-6809
-6431
-5760
-4689
-3811
-2894
-1930
-944
-155
240
732
1085
1288
1244
1325
1302
1307
1245
1228
1430
1414
1506
1355
1456
1334
1088
863
552
392
105
21
8
314
503
863
1520
2198
2920
3664
4503
5160
5770
6192
6693
6993
7057
7016
7021
6906
6604
6454
6253
6021
5590
5311
5072
4817
4470
4202
3921
3649
3341
3167
3190
3058
3215
3496
3858
4168
4406
4319
4023
3418
2700
1572
53
-1490
-3252
-5039
-7071
-8510
-9638
-10602
-11486
-11522
-11054
-10689
-9829
-8844
-7379
-6441
-5414
-4236
-3239
-2572
-2189
-1490
-1143
-889
-603
-82
175
379
794
1108
1293
1235
1301
1056
456
-251
-958
-1877
-3116
-4141
-4925
-5734
-6489
-6703
-6524
-6368
-5947
-5204
-4230
-3394
-2614
-1680
-886
-295
45
486
762
828
853
862
949
907
978
998
1057
1115
1076
1072
965
938
713
470
274
168
64
-4
132
342
717
1073
1634
2201
2817
3460
4103
4721
5126
5627
5814
6089
6195
6322
6433
6062
6089
5980
5867
5569
5381
5247
4847
4578
4057
4075
3589
3160
2997
2791
2886
2780
3174
3517
3897
4242
4766
5014
4750
4373
3630
2935
1275
-263
-1760
-3563
-5393
-7247
-8172
-9168
-9925
-10417
-10035
-9559
-9202
-8209
-7206
-5920
-5412
-4421
-3446
-2890
-2317
-1956
-1247
-1008
-684
-190
392
654
942
1453
1602
1686
1506
1395
850
16
-696
-1598
-2552
-3629
-4405
-5078
-5707
-6059
-5995
-5673
-5416
-4775
-4180
-3437
-2821
-2224
-1484
-1102
-705
-455
-164
32
267
475
638
871
1023
1185
1178
1328
1236
1054
869
625
406
0
-384
-564
-624
-720
-555
-210
182
566
1101
1734
2257
2781
3313
3826
4200
4477
4732
4982
4988
5181
5332
5422
5549
5482
5744
5563
5565
5418
5184
5018
4475
4366
3843
3570
3152
3044
2924
2760
3186
3111
3703
3772
4311
4631
4698
4724
4072
3694
2497
1801
144
-1242
-2798
-4351
-5502
-7181
-7601
-8532
-8694
-9034
-8660
-7965
-7660
-6837
-6379
-5271
-4977
-4224
-3599
-3087
-2626
-2373
-1637
-1359
-757
-372
220
540
821
1223
1252
1224
785
457
-274
-1099
-1846
-2652
-3418
-4400
-4927
-5283
-5539
-5581
-5381
-4897
-4535
-3948
-3290
-2649
-2129
-1755
-1365
-1102
-877
-767
-544
-414
-270
-136
30
282
473
652
648
688
560
425
196
-54
-331
-696
-868
-985
-851
-854
-644
-230
242
715
1182
1841
2355
2907
3250
3664
3965
4172
4379
4431
4652
4686
4770
5002
5100
5305
5380
5399
5374
5298
5170
4953
4693
4418
3985
3591
3398
3145
3074
3120
3231
3467
3952
4266
4738
5126
5277
5563
5480
5085
4388
3449
2468
1001
-510
-1894
-3405
-4640
-6146
-7002
-7639
-8143
-8487
-8501
-8055
-7943
-7380
-6932
-6095
-5535
-4999
-4235
-3601
-2879
-2397
-1533
-951
-353
237
838
1230
1451
1709
1622
1477
955
497
-182
-1085
-1830
-2571
-3232
-4044
-4558
-4814
-5125
-5188
-5095
-4768
-4534
-4296
-4002
-3521
-3185
-2903
-2477
-2132
-1632
-1394
-914
-469
-103
235
409
764
919
917
808
724
538
222
-141
-411
-604
-849
-917
-863
-620
-445
-211
230
611
1022
1345
1757
2112
2400
2670
2957
3270
3465
3850
4042
4438
4839
5191
5498
5782
5955
6191
6128
5894
5825
5523
5460
4863
4659
4264
4063
3809
3651
3897
3853
4156
4122
4750
4907
5287
5421
5373
5529
5166
4716
3994
3144
2038
795
-837
-2025
-3381
-4606
-5914
-7023
-7519
-8202
-8561
-8551
-8263
-8033
-7603
-7131
-6220
-5535
-4909
-4051
-3299
-2513
-1863
-1049
-358
241
697
1186
1376
1511
1633
1347
1025
457
-61
-792
-1701
-2452
-3124
-3922
-4727
-5141
-5412
-5623
-5832
-5695
-5372
-5271
-4960
-4540
-4043
-3557
-3210
-2580
-1937
-1450
-936
-365
171
613
873
1132
1305
1253
1197
921
648
299
-183
-612
-1023
-1295
-1399
-1437
-1346
-1080
-848
-499
-105
358
804
1133
1441
1754
2206
2667
2967
3382
3730
4180
4628
4931
5479
5831
6056
6209
6314
6348
6301
5889
5677
5427
5027
4920
4401
4321
4013
3681
3846
3589
3789
3922
3878
4213
4247
4443
4837
4603
4725
4682
4448
4158
3345
2683
1920
707
-586
-1595
-3155
-4058
-5516
-6506
-6881
-7998
-8008
-8327
-8145
-7749
-7419
-6768
-5906
-5303
-4493
-3575
-3111
-2001
-1615
-846
-269
-42
589
713
864
914
847
583
242
-328
-772
-1348
-2209
-2765
-3393
-3912
-4415
-4937
-5084
-5243
-5321
-5166
-4873
-4571
-4274
-3959
-3525
-2983
-2644
-2155
-1694
-1167
-709
-324
59
338
563
631
709
642
504
250
-34
-422
-777
-1096
-1279
-1404
-1534
-1350
-1196
-817
-475
-22
462
817
1166
1522
1863
1986
2361
2639
3032
3243
3468
3987
4290
4737
5163
5402
5760
5659
5740
6017
5756
5782
5188
5102
4820
4454
4434
4115
3971
3642
3630
3478
3850
3421
3769
3768
3663
4299
4048
4797
4377
4429
4386
4336
4183
3438
3022
1796
1255
-453
-1328
-2545
-3944
-4827
-6362
-6702
-7465
-7669
-7987
-7863
-7691
-7307
-6761
-6296
-5279
-4976
-4049
-3581
-2937
-2114
-1654
-985
-690
-216
128
408
449
472
347
-49
-473
-969
-1338
-2058
-2727
-3290
-3746
-4156
-4637
-4740
-4817
-4912
-4907
-4723
-4374
-4184
-3978
-3639
-3314
-2906
-2487
-2005
-1379
-1004
-595
-131
231
592
708
833
837
579
340
49
-344
-624
-970
-1138
-1202
-1277
-996
-878
-616
-268
13
404
638
925
1291
1549
1805
2139
2405
2870
3219
3516
4192
4555
4978
5294
5423
5748
5706
5498
5534
5272
5172
4915
4411
4498
4203
3932
3784
3403
3333
3344
3014
3142
3092
2990
3342
3285
3435
3909
3813
4151
4223
4113
4455
4033
3988
3772
3055
2329
1402
528
-343
-1780
-2927
-3787
-4790
-5494
-6324
-6591
-6900
-7260
-7296
-7094
-6872
-6536
-6279
-5781
-5190
-4659
-3892
-3369
-2550
-1961
-1362
-786
-332
124
342
326
214
161
-171
-501
-1044
-1413
-1881
-2461
-2798
-3203
-3452
-3784
-4022
-4061
-4109
-4166
-4141
-4166
-4066
-3893
-3750
-3327
-3043
-2613
-2089
-1750
-1171
-691
-271
100
150
338
311
64
15
-249
-347
-428
-648
-517
-482
-411
-143
-58
229
397
465
750
752
969
1174
1231
1538
1790
2036
2435
2769
3153
3558
3718
4055
4234
4365
4579
4475
4495
4409
4325
4509
4443
4556
4454
4405
4365
4124
4144
3807
3613
3265
3119
3137
2960
3139
2943
3329
3457
3603
3939
3711
3885
3534
3408
3211
2957
2727
2464
2230
1782
1615
963
661
-51
-956
-1665
-2756
-3400
-4270
-5116
-5707
-6195
-6445
-6514
-6336
-6098
-5621
-5232
-4625
-4040
-3525
-2917
-2568
-2084
-1777
-1328
-1024
-753
-490
-360
-136
-205
-129
-250
-506
-809
-1212
-1602
-2066
-2512
-2898
-3198
-3570
-3635
-3765
-3810
-3760
-3838
-3659
-3583
-3393
-3231
-2933
-2665
-2314
-1964
-1595
-1111
-819
-367
-201
4
190
231
264
165
41
-21
-117
-189
-124
-95
50
161
235
417
519
600
695
774
885
986
1108
1324
1519
1761
2044
2303
2677
2941
3231
3514
3663
3924
4098
4202
4309
4325
4358
4405
4465
4400
4562
4281
4261
4154
3813
3866
3412
3245
3142
2871
2831
2842
2635
3048
2986
3001
3429
3060
3485
3283
3057
3186
2714
2569
2428
2005
1995
1789
1351
1284
569
41
-407
-1381
-1992
-2807
-3582
-4023
-4785
-5138
-5277
-5490
-5336
-5253
-5076
-4693
-4490
-4171
-3739
-3498
-3138
-2798
-2527
-2120
-1785
-1440
-1083
-847
-637
-453
-461
-514
-612
-842
-1065
-1383
-1705
-1934
-2236
-2498
-2602
-2779
-2924
-3160
-3309
-3419
-3450
-3557
-3580
-3484
-3468
-3111
-2949
-2558
-2087
-1793
-1384
-1088
-870
-546
-466
-431
-259
-348
-152
-151
-147
84
36
138
247
240
375
332
278
428
361
450
496
495
786
914
1172
1469
1695
2001
2184
2360
2592
2721
2892
3043
3099
3338
3478
3668
3915
3909
4036
4178
4012
4119
3882
3798
3714
3166
3257
2966
2907
2842
2662
2761
2610
2657
2584
2682
2590
2609
2563
2427
2395
2163
2130
1943
1925
1833
1745
1679
1408
1386
1110
971
788
394
137
-543
-1086
-1679
-2252
-2683
-3202
-3588
-3879
-4159
-4333
-4315
-4376
-4203
-4195
-4081
-3898
-3818
-3531
-3367
-3072
-2793
-2519
-2193
-1896
-1610
-1384
-1198
-1136
-1107
-1135
-1221
-1359
-1575
-1745
-1955
-2187
-2328
-2542
-2730
-2877
-3104
-3176
-3353
-3452
-3487
-3602
-3511
-3442
-3257
-2968
-2748
-2494
-2177
-1906
-1486
-1164
-908
-599
-523
-285
-168
-94
111
152
217
262
253
292
279
255
271
242
312
412
461
586
681
815
1019
1208
1480
1738
1949
2117
2286
2422
2521
2669
2776
2891
3041
3195
3350
3541
3660
3792
3912
3904
3889
3753
3635
3499
3147
2973
2715
2518
2433
2300
2423
2316
2362
2333
2381
2493
2432
2445
2355
2303
2265
2289
2029
2203
1844
1831
1720
1299
1563
959
933
523
117
71
-480
-737
-1023
-1417
-1604
-1765
-2176
-2064
-2571
-2678
-2704
-3101
-2874
-3239
-3192
-3111
-3256
-3011
-2892
-2820
-2521
-2461
-2422
-2162
-2242
-2008
-2036
-2184
-2073
-2320
-2255
-2305
-2381
-2347
-2446
-2445
-2373
-2375
-2434
-2442
-2589
-2567
-2650
-2704
-2651
-2769
-2743
-2717
-2595
-2482
-2376
-2179
-2061
-1906
-1733
-1548
-1403
-1205
-1085
-927
-767
-643
-457
-365
-239
-201
-91
16
110
221
268
411
482
594
759
904
1040
1181
1310
1430
1559
1644
1764
1864
1990
2112
2172
2316
2404
2536
2669
2708
2808
2897
2949
3009
2984
2961
2976
2914
2981
2992
2924
2970
2809
2850
2854
2686
2754
2477
2408
2368
2127
2294
2097
2090
2085
1938
2018
1945
1863
1806
1584
1340
1324
915
927
739
437
553
144
251
53
-136
-142
-462
-538
-782
-929
-1028
-1136
-1300
-1334
-1451
-1516
-1489
-1624
-1595
-1707
-1754
-1827
-1980
-2010
-2061
-2099
-2119
-2159
-2196
-2212
-2285
-2343
-2409
-2509
-2631
-2760
-2853
-2979
-3007
-2987
-2937
-2851
-2770
-2652
-2550
-2486
-2341
-2243
-2149
-2053
-2008
-1926
-1862
-1787
-1676
-1600
-1514
-1372
-1291
-1161
-1067
-993
-886
-825
-712
-632
-517
-389
-305
-206
-79
4
132
284
372
491
605
718
846
963
1094
1248
1391
1495
1620
1689
1756
1848
1907
1975
2009
2035
2090
2094
2127
2133
2132
2166
2182
2253
2276
2291
2344
2317
2357
2392
2363
2482
2423
2390
2428
2263
2331
2251
2188
2169
2031
1996
1976
1846
1830
1734
1640
1625
1446
1494
1362
1282
1178
1022
969
828
754
649
515
431
318
258
205
77
61
-95
-199
-253
-342
-332
-488
-583
-714
-910
-941
-1060
-1123
-1154
-1297
-1279
-1377
-1372
-1300
-1317
-1300
-1371
-1383
-1369
-1380
-1435
-1459
-1542
-1649
-1751
-1808
-1942
-2023
-2120
-2215
-2241
-2318
-2273
-2287
-2278
-2206
-2225
-2204
-2174
-2184
-2118
-2099
-2047
-1979
-1935
-1782
-1730
-1627
-1476
-1418
-1258
-1151
-1090
-1004
-953
-916
-826
-749
-706
-668
-628
-554
-498
-393
-338
-267
-176
-101
-20
76
166
273
402
485
592
707
799
903
988
1079
1121
1173
1229
1287
1367
1424
1484
1538
1578
1605
1593
1624
1630
1600
1598
1535
1530
1626
1608
1651
1602
1561
1627
1553
1639
1585
1564
1565
1464
1464
1427
1383
1438
1399
1403
1363
1240
1262
1084
1067
945
781
780
624
594
527
452
475
484
435
481
345
301
188
96
54
-62
-44
-178
-188
-216
-230
-321
-332
-445
-502
-554
-676
-698
-818
-787
-868
-872
-933
-986
-941
-993
-956
-1044
-1100
-1138
-1255
-1247
-1310
-1310
-1328
-1388
-1340
-1367
-1345
-1363
-1347
-1379
-1373
-1421
-1443
-1489
-1552
-1467
-1539
-1459
-1426
-1435
-1397
-1426
-1369
-1367
-1353
-1351
-1337
-1265
-1198
-1133
-1040
-952
-895
-802
-730
-643
-573
-521
-516
-482
-436
-391
-276
-226
-116
-44
20
128
166
253
336
382
469
523
579
646
664
694
730
770
835
880
934
980
995
1022
1055
1075
1117
1169
1214
1267
1312
1334
1356
1363
1404
1430
1489
1516
1485
1468
1457
1447
1459
1471
1445
1417
1328
1263
1168
1138
1024
948
916
813
823
757
777
784
746
758
696
705
686
660
607
547
477
400
362
311
287
231
249
200
130
73
-66
-135
-194
-192
-217
-228
-250
-282
-336
-423
-458
-555
-622
-703
-774
-807
-893
-888
-922
-955
-963
-1011
-1000
-1035
-1040
-1076
-1106
-1117
-1146
-1123
-1166
-1180
-1236
-1217
-1170
-1152
-1088
-1098
-1123
-1154
-1160
-1113
-1075
-1023
-962
-949
-897
-876
-875
-821
-814
-791
-772
-761
-737
-741
-685
-612
-577
-504
-453
-412
-376
-330
-278
-259
-211
-169
-162
-107
-41
-21
51
121
174
230
257
305
370
395
440
521
542
594
645
657
705
705
721
720
696
711
689
717
773
819
868
892
904
919
967
987
976
983
971
954
925
873
828
824
802
809
807
815
826
832
821
787
759
745
705
697
694
613
583
544
496
448
420
412
394
401
386
322
276
154
73
7
-87
-160
-175
-187
-234
-224
-266
-282
-287
-324
-345
-414
-444
-484
-509
-522
-591
-623
-641
-653
-671
-663
-690
-720
-723
-727
-737
-739
-718
-696
-672
-635
-621
-646
-656
-666
-686
-692
-697
-718
-706
-677
-648
-612
-595
-589
-554
-562
-533
-509
-460
-397
-372
-346
-346
-325
-283
-251
-198
-172
-159
-127
-122
-92
-86
-80
-109
-89
-107
-134
-125
-128
-120
-165
-193
-206
-214
-179
-130
-101
-87
-84
-53
-22
30
69
125
165
194
213
228
256
284
333
343
357
376
358
374
399
387
363
307
266
261
261
282
295
275
287
279
264
281
234
267
262
282
324
346
386
373
379
351
343
313
278
263
214
171
130
100
82
73
54
8
-32
-96
-138
-162
-174
-157
-178
-184
-175
-155
-127
-114
-120
-122
-112
-98
-58
-46
-38
-51
-96
-108
-129
-136
-118
-136
-180
-210
-229
-268
-278
-278
-303
-316
-345
-368
-388
-397
-367
-341
-321
-279
-277
-256
-219
-211
-177
-135
-136
-128
-102
-72
-42
-24
-28
-18
-23
-17
-38
-42
-29
-47
-41
-50
-81
-75
-64
-67
-63
-44
-51
-36
-12
-1
16
13
50
71
123
173
192
229
236
271
289
293
318
321
310
284
242
222
215
225
208
201
197
153
139
127
151
167
172
205
212
207
209
219
245
249
246
272
282
281
287
261
242
239
209
166
137
111
56
33
17
-23
-37
-37
-75
-77
-85
-117
-134
-140
-122
-150
-151
-134
-161
-130
-133
-137
-151
-146
-119
-115
-92
-90
-120
-125
-132
-160
-171
-204
-220
-217
-250
-267
-277
-301
-296
-293
-319
-328
-311
-325
-315
-311
-311
-311
-296
-253
-219
-168
-176
-164
-175
-157
-117
-107
-68
-54
-43
-16
-10
-18
-12
-17
-12
4
10
4
18
-22
-42
-44
-57
-53
-35
-29
-19
15
36
34
62
81
111
131
165
194
244
239
199
191
181
183
186
188
138
134
131
102
76
56
48
38
47
25
31
32
35
36
46
46
43
54
69
127
142
129
141
126
111
139
152
162
165
139
109
78
38
28
44
54
22
13
22
24
20
-13
-29
-32
-46
-52
-47
-60
-108
-88
-121
-129
-161
-191
-181
-201
-219
-228
-235
-255
-271
-285
-305
-334
-356
-357
-355
-349
-348
-321
-334
-360
-372
-361
-340
-315
-304
-306
-293
-280
-272
-276
-251
-251
-221
-211
-199
-150
-139
-163
-141
-121
-140
-137
-119
-134
-143
-132
-147
-139
-121
-83
-86
-70
-53
-65
-57
-67
-27
-12
29
74
80
89
119
178
221
225
227
236
250
241
239
244
238
234
245
234
205
224
199
164
182
191
185
214
199
191
187
199
207
199
220
232
218
219
238
237
241
244
254
271
273
277
218
177
165
132
129
110
76
59
47
34
0
-18
-24
-43
-63
-69
-67
-65
-88
-110
-141
-143
-157
-163
-154
-178
-147
-155
-173
-170
-210
-222
-225
-211
-203
-222
-234
-285
-324
-314
-306
-286
-297
-325
-339
-340
-302
-308
-285
-273
-274
-237
-247
-219
-204
-204
-194
-221
-218
-193
-176
-166
-170
-156
-154
-167
-133
-124
-118
-95
