-95
-7
-14
-45
-31
-81
-71
-73
-101
-8
-151
-33
-2
-80
-137
-150
-213
-121
4
-47
-29
-142
-66
-139
6
-18
-101
-21
-74
-140
-4
-75
-31
-65
-58
-24
-5
57
-46
-101
-32
-144
-68
-91
-43
-33
-126
-19
-223
-70
-139
-150
-84
-152
-139
-150
-35
-186
-93
-151
-45
-85
-83
-74
-11
-18
-70
-47
-12
66
14
27
5
7
-58
111
-6
-69
22
-116
2
45
22
-82
-33
-64
-131
83
-85
150
-82
-110
-127
-73
-16
-90
-52
-147
-53
-147
-4
-26
68
-50
-42
-65
89
-83
59
-24
17
19
4
-58
71
-106
-38
-6
-54
-18
-125
-30
-118
61
-71
-29
-155
7
-71
-55
49
-138
0
-83
-97
6
-25
-35
-1
-75
-34
-133
-10
-30
-100
23
-175
66
-143
-5
-97
-137
-6
-194
-93
-142
-89
-36
-265
-43
-126
-132
-65
-124
-122
-172
-72
-201
-107
-184
-66
-115
-8
-220
-104
-98
-187
12
-219
2
-135
-29
-112
-131
-22
-192
-152
-161
-207
-267
-128
-107
-54
-179
-119
-221
-153
-194
-159
-170
-101
-133
-98
-58
-226
-144
-115
-157
-71
-194
-153
-101
-160
1
-151
-16
-100
-61
-143
-1
-32
-73
74
-174
-81
-17
12
-18
32
-127
3
-98
-57
11
-158
12
-174
-76
46
-90
17
-139
-75
-152
-8
63
-53
82
12
27
107
-110
85
-60
136
46
7
167
140
54
76
0
258
49
270
209
-32
225
31
269
82
201
202
85
136
286
0
343
24
167
179
-8
289
-34
62
207
73
166
87
83
56
15
142
-20
248
77
109
48
92
140
79
163
42
111
-30
137
89
124
88
127
75
44
99
32
80
-20
-24
-144
-82
192
-111
116
-10
-114
40
12
108
-37
-9
-89
-24
34
29
164
-13
147
-49
-24
-109
18
9
-36
289
-117
136
-19
66
222
-3
17
-151
106
161
-153
126
78
27
-82
2
9
-71
35
-18
35
-78
187
-111
37
-48
-96
-43
-31
18
-27
-77
-10
-65
147
55
18
-76
15
-109
-37
-28
-236
26
-87
-31
6
-92
-45
-219
14
115
-130
16
-197
-38
-219
18
-81
-113
28
-147
57
-64
-67
193
-96
-114
-38
40
5
118
275
-61
231
-53
52
263
74
292
84
162
129
-58
125
-112
133
173
148
161
-87
60
179
39
96
-60
143
24
0
211
-75
8
56
-148
136
-194
122
-163
-64
-7
-56
68
-65
158
-78
47
2
-70
-179
198
-87
87
-57
139
68
-18
8
-82
-40
-14
-113
-10
-31
-140
-35
-192
185
-165
42
-234
-104
57
-177
38
-179
-133
-79
-134
-74
-14
-156
-125
-72
-148
-110
-175
-108
-110
-131
-120
-39
-197
-257
-249
-194
-202
-189
-63
-303
-271
-53
-286
-113
-282
-99
-171
-246
-1
-295
-70
-300
-10
-120
-171
-53
-99
81
-181
-48
-89
-333
-122
-216
-35
-66
-258
243
-434
4
-65
-282
75
-391
317
-341
-32
-59
-101
-8
-231
-59
-220
-97
-217
-147
-53
-107
-21
-129
-215
14
-286
120
-43
42
-92
74
-188
-78
56
-6
-112
-64
19
-106
-149
40
-24
-189
134
-115
-182
2
-236
210
-139
20
4
-182
207
-185
137
-92
-71
173
-212
80
-34
66
149
51
-126
23
-126
321
-78
138
-29
-65
236
-147
225
-205
156
182
-160
200
-79
-6
104
-48
84
10
33
-106
151
76
135
39
-11
-100
-59
-170
-83
108
-132
199
-60
14
189
-305
227
-131
-57
293
42
70
-314
32
-164
47
64
-33
26
-123
110
-93
85
-232
-42
-53
21
-39
101
-115
-4
-60
208
-216
302
-109
83
219
-270
318
-396
270
-172
99
98
77
219
-69
124
-129
39
60
-140
-9
157
-118
247
-170
257
-34
62
118
28
31
68
-134
181
-192
240
-218
178
-57
-42
216
-343
423
-509
542
-366
260
22
-367
477
-293
335
10
-64
-15
-104
49
73
-416
363
-282
132
95
-100
230
-575
303
-283
105
102
-424
356
-233
156
-68
-132
144
-215
148
-277
96
-268
101
-27
77
61
-293
-14
-202
8
-92
31
-69
-212
-101
-28
-258
-50
-29
172
-95
14
-130
46
-71
17
-25
-194
91
13
186
142
-48
-151
-4
142
126
78
65
89
228
75
193
80
273
-41
-35
-28
-17
248
82
123
-23
-40
74
29
33
-81
159
-193
-129
-45
-95
97
-152
251
-164
28
12
64
-65
-75
89
49
191
49
38
-75
165
-46
222
59
35
66
92
163
112
-149
171
-107
116
-33
80
52
-93
-53
-217
33
-311
207
46
3
38
-228
-196
81
-236
115
-148
139
-89
-62
39
-138
12
5
256
21
-259
-114
-5
-22
206
-132
-13
19
-122
54
-59
-43
-88
188
-127
-117
-206
-95
-172
81
-140
-52
-27
-142
-36
-75
213
-336
-2
-118
31
106
-104
160
-107
19
13
-175
275
-286
225
-216
63
37
-293
192
-113
325
-469
-42
-113
-118
183
-264
10
-361
143
234
-121
173
-367
13
-111
-86
207
-184
202
34
-33
-104
59
115
-2
160
-87
-2
-124
-68
-12
-2
167
-146
35
48
-138
200
-98
132
-158
156
-278
-121
66
67
24
-7
-142
-98
-10
-26
-133
-67
75
-324
-4
124
-27
19
-73
-62
-215
360
-236
193
13
327
-175
31
142
-408
104
7
164
21
-1
123
-184
264
19
-212
311
-271
350
-393
262
-98
24
22
-363
223
-131
-55
13
-65
-41
-101
-171
-48
-251
279
-261
69
-137
70
-212
63
11
-390
89
-496
273
-193
124
153
-123
-70
-370
-62
27
167
-42
36
-27
-344
-60
41
35
15
73
251
-319
-101
-26
-248
279
35
39
-406
164
-161
8
251
99
10
-548
298
-356
87
34
-50
96
-411
85
-245
67
34
-102
-15
-252
52
-146
11
-315
193
-381
32
-58
-10
31
-325
288
-175
397
-222
-175
-241
-40
89
113
119
-93
36
-119
66
-108
181
43
-151
55
92
-188
-169
-61
105
316
-77
101
-378
41
-259
-1
150
-140
114
-347
-193
-268
100
-146
26
220
-278
138
-266
125
34
-20
70
-222
-22
-87
104
9
-59
105
18
210
-44
-229
-114
-76
-78
266
-420
118
-257
16
-95
-299
187
-360
247
-76
-365
483
-363
257
-308
-180
-82
-227
136
-350
399
-131
323
-43
-285
109
-351
501
-251
197
94
-261
61
-236
201
-33
161
32
246
-242
200
-237
-90
-185
18
-61
60
75
-120
270
-106
92
-135
299
81
263
-81
91
186
-81
425
382
231
333
6
201
-145
-70
361
-180
375
-19
199
66
47
53
-177
-73
7
243
-59
-470
131
-206
134
-198
-245
112
-612
80
-328
341
-60
467
-123
-56
-350
-82
7
-135
416
-304
981
-522
353
45
-315
149
-552
100
-309
279
27
152
-66
162
-254
301
116
-41
-110
124
305
-49
-134
-165
23
71
79
151
-115
-418
-77
-297
-55
48
319
-213
-195
-78
1
-52
172
-16
-548
42
-354
507
55
-265
478
-605
590
-782
-165
125
-716
488
-23
-46
8
-88
-171
-23
-392
41
105
49
-33
-196
133
-11
35
154
-112
-91
-23
-194
-376
103
-31
-181
44
202
-91
-30
209
-571
-102
-194
253
150
189
-5
-365
-86
14
90
143
-224
189
-49
228
-77
-84
-29
-170
170
-65
2
-97
8
-110
462
-302
192
-46
211
369
-458
19
-541
171
373
348
-30
-147
-311
-194
-128
98
38
-244
251
37
-70
25
232
-61
-241
30
319
-121
256
-103
-259
-61
-192
181
-140
241
-469
307
-34
-303
365
-287
-192
-10
559
113
94
-83
-252
356
15
5
221
200
-408
-206
779
-225
116
-207
20
-150
-27
349
-384
221
58
-352
-55
-912
-21
-176
417
664
-728
-25
-297
-397
49
-66
604
-131
-356
-108
-340
388
-32
-120
390
-391
785
-786
212
-291
-546
609
-313
955
-1023
278
33
-835
241
-738
335
-134
96
-201
-238
531
-175
273
350
-287
-495
-510
436
-100
207
-178
-413
-121
207
238
26
78
3
-482
315
128
-170
-151
-196
103
154
-81
-275
-479
-283
-37
484
-128
134
-157
-305
-402
120
-483
517
-110
191
-100
-222
369
-39
197
-100
-23
-138
396
628
221
-295
67
-384
544
252
-78
-621
128
752
-158
333
291
-465
-16
-54
-163
151
-688
492
-191
347
260
-156
483
-520
121
-598
316
-67
226
-41
492
273
-457
-36
86
110
-235
834
-849
285
-125
273
155
-104
-295
-690
-119
-217
283
-139
559
-13
-14
-164
-350
34
-169
498
306
138
301
-483
559
-794
593
121
72
237
-60
-427
-2
343
-317
475
-205
412
1
-253
109
-130
319
557
-355
-114
-536
-66
-343
267
303
-302
371
-183
-428
-209
-363
164
-440
378
-148
-174
449
-787
434
-274
976
-280
-298
-97
-661
644
-297
281
25
-150
221
-358
-37
-140
-408
620
56
113
-23
-470
166
7
117
8
24
202
-1140
67
-1034
155
72
113
384
-90
215
-533
142
26
-15
-573
682
-425
414
-292
-102
427
-659
566
-63
539
-214
75
-562
25
301
-572
-393
-273
265
427
611
-93
-210
-891
25
87
-588
103
216
-235
-38
359
-375
-239
-553
-36
66
76
-35
-60
8
81
447
-232
-312
386
-55
-146
164
125
301
-132
-826
359
-553
118
-14
22
-369
-331
-382
40
166
75
30
-147
389
-464
-123
-933
-285
3
-39
-35
-123
-407
130
292
181
236
32
-23
-41
58
231
-382
549
417
-493
-268
518
183
498
-288
-42
-1108
-243
260
-229
1134
-67
1031
-132
-234
-97
-297
493
402
90
236
-92
-275
-376
-169
146
-259
418
75
-333
54
-211
43
514
-113
2
-138
78
346
-50
1001
28
489
-510
-150
-245
-255
392
57
252
-311
-547
165
290
345
771
-1160
-76
-570
694
226
122
-105
-163
-99
-13
-271
-36
-20
472
482
-515
25
-168
-140
484
54
193
234
-348
122
-495
579
-620
76
-393
-394
934
-473
1068
-611
-70
-355
-580
450
-875
625
299
305
-233
-231
367
-296
160
-223
385
-386
968
110
88
-888
-208
261
-12
544
396
-237
-508
91
-512
85
-614
421
-394
-477
106
-133
404
33
429
-614
-190
-361
-105
112
47
-599
247
-294
150
206
388
508
-23
124
-97
-59
-339
6
-614
109
-13
-123
-390
82
-53
-129
432
-222
-563
291
-421
-815
-142
-271
222
446
-120
-721
725
218
444
603
-236
-399
-980
-169
325
436
418
-21
18
105
420
24
24
426
322
561
-300
25
-603
-146
-41
189
497
374
-38
987
-688
49
-103
-543
391
-711
593
-387
78
463
306
-18
367
96
-463
-5
-525
-243
620
420
403
-583
228
-474
-46
720
466
462
-663
-617
-172
-97
-32
362
217
-185
-509
95
76
420
-59
346
-43
-856
-241
-463
278
760
-321
-286
-886
-598
-1180
-111
861
-390
908
192
35
25
-330
-488
397
285
-26
16
-226
527
-123
-136
254
-674
-51
-319
-259
229
-408
-130
467
-286
-650
-304
-236
-337
-344
-856
-108
408
247
-11
76
89
140
686
-211
703
-77
-270
141
-114
40
-662
251
628
-872
609
-652
219
203
20
-570
-777
52
-485
156
178
342
-116
-190
-615
-50
263
-29
187
-438
-406
-83
-81
-9
111
-116
374
-360
-278
-735
424
-89
1000
21
-392
-284
-195
474
152
176
-49
1098
-228
595
-592
-88
254
716
695
497
361
247
-751
-285
-600
-1272
643
-159
603
-765
174
-412
-912
468
291
147
408
368
-791
757
-433
547
-182
597
-186
-592
460
-521
653
-557
622
-356
189
-226
559
333
-188
653
-350
254
472
130
93
-305
160
-728
448
353
-65
101
-695
187
-868
573
469
261
301
-609
-267
-192
449
-37
-187
54
-678
74
-122
15
-472
425
190
-386
495
363
53
190
-303
-8
-199
-530
391
-599
32
71
-318
247
-742
-10
-75
-134
-398
63
288
467
-423
20
-569
181
145
-475
349
-149
-305
-894
-275
168
72
279
155
105
191
-961
637
1002
-389
-410
-471
476
-377
-21
-793
132
-388
-34
-612
519
337
926
315
-198
445
-609
-71
-187
-473
-381
333
-602
226
-476
-263
68
-19
473
-892
218
180
661
299
505
-65
-946
-517
-360
128
-37
963
702
-131
-512
-496
650
-182
563
691
-274
-454
112
596
728
1032
190
-68
-1131
-829
-647
-7
511
77
668
-310
319
112
211
191
-374
177
68
611
174
29
-234
-563
-920
82
-110
553
620
-119
347
61
195
-133
307
454
510
-433
-329
145
520
96
560
-10
108
-618
-143
-454
-672
283
-663
100
-20
-55
-358
279
426
408
-19
140
-721
-1084
180
41
425
-219
443
-453
125
-147
-210
1008
-164
-73
-787
-104
-160
-373
262
-751
-651
-744
-415
-369
765
6
35
-306
-348
-196
-550
-38
72
280
270
466
-200
191
-18
-300
-110
165
862
80
399
-297
-309
286
-164
-12
-562
-70
17
-431
-150
297
334
-244
534
-667
-1232
-477
313
-210
-569
-45
-550
17
-438
501
-422
242
78
134
-109
-401
682
-108
439
-49
-32
325
265
43
-1056
-630
-147
282
619
590
474
14
-513
-41
-235
97
518
7
203
-492
-799
52
-125
821
18
-322
22
207
237
-324
-74
-112
273
-225
-515
101
-285
1
-98
350
-374
-53
-720
-779
-165
-406
396
-109
911
226
282
-45
200
685
113
115
-604
-224
-413
296
20
-27
-160
273
915
846
103
-91
-155
-244
382
81
209
-498
-200
144
386
-131
164
664
67
-247
-640
-247
-297
-85
383
-163
-35
-174
-126
247
-208
-119
-365
-146
355
571
-25
-418
-315
-447
-688
-85
-211
-62
-128
182
160
61
-294
100
963
332
330
-170
-195
-573
-267
258
76
305
127
11
-192
45
-268
-519
19
-142
-153
-1046
-555
-676
-123
-84
-755
-511
-586
488
82
310
80
215
318
51
177
-61
-121
109
611
579
414
294
158
-389
-203
-395
-385
-169
-612
-126
-159
-160
39
-73
-101
28
-292
250
259
433
158
-109
-33
-564
-362
-276
24
637
174
-88
-73
-41
-77
-231
128
161
170
-153
-747
-907
-418
-166
-135
51
-343
-165
4
192
162
211
514
47
-293
-760
-738
-490
-388
448
244
144
266
-310
-107
-168
325
376
274
237
111
-113
-217
306
-233
-188
-500
-311
-481
-112
35
-115
-190
-445
-146
-626
106
-47
154
209
-548
-580
-528
-374
30
689
349
452
-333
-355
-282
-386
581
190
143
-49
-432
132
-317
-10
-44
-533
-632
-597
-725
-203
-24
-128
-163
-628
-131
-217
145
159
-59
-229
-751
-1051
-1216
-835
-561
-141
131
266
-1
-27
157
-34
190
33
-21
-218
-191
-211
-203
126
255
426
474
340
169
161
35
69
302
123
-104
-100
31
-67
-18
241
204
406
727
506
787
603
753
525
329
451
329
398
478
805
372
300
263
-115
29
-30
311
256
310
-53
-11
-137
-326
-223
61
397
123
42
-211
-593
-523
-538
-537
-253
-165
-32
8
-99
-113
-652
-428
-745
-864
-398
-752
-889
-798
-947
-946
-851
-598
-382
-322
268
129
98
33
-68
7
210
409
153
170
-8
59
363
720
454
331
83
-116
87
132
244
126
306
302
190
122
129
225
454
877
850
699
895
969
1039
1010
1120
1054
1113
1426
1272
1354
1119
1153
1010
1216
1288
1147
1017
871
732
625
486
374
453
245
304
304
260
316
239
112
-48
-202
-161
-23
42
115
-47
-113
-217
-262
-280
-289
-203
-185
-201
-300
-353
-472
-434
-558
-700
-892
-1055
-1211
-1455
-1530
-1710
-1626
-1724
-1749
-1740
-1693
-1678
-1720
-1814
-2058
-2010
-2114
-2032
-2042
-1978
-1836
-1929
-1729
-1717
-1513
-1493
-1285
-1042
-961
-512
-408
-407
-465
-114
-72
-11
143
382
539
1003
1523
1639
2174
2233
2578
2727
2825
3009
3156
3565
3620
3897
3942
4078
4229
4340
4285
4439
4500
4300
4550
4451
4713
4622
4626
4729
4581
4799
4696
4783
4888
5061
5142
5108
4770
4256
3797
2883
2234
998
-239
-1599
-3308
-4609
-5963
-7046
-8113
-8992
-9639
-9918
-9902
-9558
-8899
-8198
-7294
-6570
-5491
-4511
-3748
-2895
-2488
-1944
-1645
-1328
-951
-724
-487
-341
-197
-143
-15
-163
-249
-483
-762
-1076
-1595
-2067
-2751
-3376
-3920
-4456
-4812
-5059
-5119
-5075
-4938
-4599
-4161
-3561
-2990
-2328
-1705
-1028
-425
241
831
1473
2079
2492
2996
3165
3422
3509
3673
3657
3783
3963
4068
4193
4443
4842
4969
5322
5491
5835
6097
6427
6559
6648
6887
7126
7218
7277
7377
7302
7438
7321
7381
7424
7671
7872
8287
8789
8815
8964
8423
8095
6731
5004
2918
526
-1845
-5123
-7714
-10512
-12514
-14768
-15940
-16333
-16312
-15719
-15098
-12885
-11317
-9198
-7443
-5386
-3756
-2862
-1583
-787
37
107
665
941
1141
1383
1774
2414
2380
2691
2743
2688
2220
1395
692
-690
-2278
-3993
-5494
-7034
-8583
-9614
-10360
-10502
-10407
-9658
-8639
-7306
-5847
-4386
-2785
-1450
-120
714
1458
1962
2299
2360
2361
2480
2603
2525
2507
2661
2833
2800
2705
2795
2697
2204
1749
1498
1180
1138
954
1290
1532
2044
2615
3726
4733
5721
7037
7876
8856
9117
10006
10035
10668
10479
10525
10612
10080
10168
9642
9912
9403
9870
9857
10304
10474
10339
10055
8943
7331
4574
2238
-985
-4068
-7799
-11250
-14217
-16766
-18829
-19666
-19521
-18884
-17724
-15901
-13103
-10497
-7712
-5359
-2711
-1144
144
1143
1986
2292
2189
2424
2134
2244
2018
2377
2558
2505
2479
2401
2168
1301
463
-832
-2482
-4482
-6407
-8242
-9992
-11542
-12609
-12939
-12968
-12401
-11078
-9455
-7554
-5591
-3657
-1757
35
1444
2487
3262
3518
3722
3585
3420
3295
2887
2466
2016
1987
1760
1631
1457
1422
1329
1180
1296
1468
1710
1642
2004
2310
2937
3652
4423
5344
6282
7091
8175
9237
10031
10935
11378
11934
12390
12535
12525
12387
11964
11534
11150
10638
10567
10253
10023
9604
8679
7849
5663
3457
732
-2170
-5248
-8930
-12125
-15263
-17624
-20078
-20727
-21180
-20452
-19455
-17698
-14599
-12242
-8824
-6180
-3107
-981
690
2384
3396
4055
4082
4259
3879
3487
2879
2673
2437
1656
1353
821
231
-678
-1775
-2743
-4431
-6191
-7958
-9490
-10953
-12476
-13292
-13679
-13492
-13025
-11755
-10064
-8084
-6057
-4138
-1868
-189
1484
2511
3344
3951
4021
3999
3763
3675
3166
2731
2249
2054
1822
1505
1405
1292
1338
1036
1352
1491
1786
2076
2438
3255
3658
4502
5234
6371
7199
8223
9355
10205
11180
11846
12679
13246
13453
13511
13682
13269
12856
12308
11802
11375
10827
10623
10395
10090
8963
8074
5701
3559
667
-2110
-5104
-9181
-11981
-15542
-17554
-20022
-20529
-20370
-19845
-18390
-16546
-13036
-10659
-7143
-4429
-1283
706
2175
4087
4823
5438
5038
5139
4594
3792
3290
2906
2511
1564
1002
470
-279
-1337
-2436
-3483
-5300
-7052
-8614
-10047
-11379
-12757
-13242
-13413
-12964
-12102
-10569
-8523
-6584
-4349
-2223
-120
1624
2928
3783
4281
4510
4319
4002
3519
3029
2424
1704
1389
1084
879
515
496
497
364
306
387
778
813
1014
1459
2274
3003
3867
5026
6147
7318
8391
9737
10964
11929
12500
13267
13823
14051
14024
13921
13512
12920
12308
11542
11218
10293
10203
9702
9583
8844
7918
6931
4083
2042
-1356
-3549
-7362
-10833
-13919
-16766
-18728
-21108
-20310
-20302
-18611
-17404
-14456
-11070
-8471
-4890
-2296
1028
2175
3860
5009
5491
5445
4907
4775
3663
2875
2047
1667
870
-176
-482
-1182
-2044
-3150
-4015
-5139
-7021
-8467
-9938
-11050
-12407
-13295
-13315
-13128
-12372
-11307
-9497
-7613
-5599
-3566
-1536
371
1904
3000
3683
4193
4299
4069
3654
3259
2908
2312
1582
1313
1024
666
175
41
-86
-380
-500
-385
196
165
810
1250
2293
3161
4232
5787
6904
8326
9201
10939
11623
12552
13231
13679
14258
13755
13926
13386
13247
12244
11742
11227
10390
10012
9521
9568
9120
8468
7376
5814
3102
430
-2455
-5235
-8994
-12407
-15365
-17961
-19825
-21016
-20201
-19581
-17863
-16120
-12672
-9461
-6449
-3075
-504
2045
3024
4607
5308
5585
5091
4520
3914
2685
1932
1205
759
-255
-949
-1401
-2053
-2897
-3880
-4777
-6192
-7943
-9337
-10580
-11688
-12758
-13327
-13200
-12805
-11803
-10374
-8335
-6424
-4387
-2345
-361
1430
2699
3615
3999
4213
3949
3553
2971
2427
1714
883
294
-90
-265
-645
-695
-700
-655
-586
-344
198
636
1015
1602
2280
3074
4111
5037
6414
7332
8475
9675
10610
11628
12134
13101
13307
13601
13503
13475
13217
12395
11910
10909
10571
9543
9206
8985
8561
8234
6824
6175
3721
1511
-1336
-4146
-6838
-10770
-13477
-16532
-18143
-20116
-20321
-19611
-18627
-16616
-14662
-10840
-8198
-4896
-2107
563
2625
3608
5096
5442
5509
4746
4258
3373
2163
1291
515
-34
-1177
-1804
-2329
-3119
-4034
-5085
-5867
-7223
-8681
-9899
-10935
-11783
-12644
-12695
-12324
-11479
-10235
-8620
-6653
-4780
-2776
-943
811
2212
3192
3685
3844
3874
3551
3043
2472
1942
1252
582
20
-225
-513
-788
-951
-967
-941
-983
-575
-170
363
820
1613
2735
3749
4918
6109
7368
8403
9446
10548
11593
12417
13012
13497
13844
13672
13668
13304
12892
12235
11198
10766
9772
9469
8775
8757
8450
7900
7288
5914
4584
1738
-345
-3445
-6046
-9521
-12761
-15008
-17544
-18651
-19650
-18646
-17817
-16096
-13898
-10839
-7603
-4997
-1880
437
2653
3652
4825
5424
5198
4651
3870
3171
2024
1086
427
-247
-1146
-1831
-2246
-2808
-3620
-4422
-5224
-6364
-7821
-9000
-9967
-10915
-11762
-12057
-11731
-11159
-10167
-8691
-6922
-5118
-3287
-1480
282
1653
2631
3180
3456
3392
3070
2572
1939
1395
705
126
-357
-558
-723
-827
-744
-601
-318
-127
331
838
1488
1829
2372
3250
3934
4967
5801
6864
7922
8765
9810
10762
11611
12188
12708
13051
13184
13267
12912
12810
12021
11261
10549
9705
9283
8427
8447
8110
7923
7244
6252
5266
2839
916
-1987
-4204
-7577
-10858
-13366
-15915
-17255
-18968
-18405
-17917
-16607
-14887
-12237
-8810
-6316
-3078
-664
1963
3248
4463
5426
5481
5191
4291
3802
2646
1624
739
32
-803
-1681
-1997
-2399
-2957
-3724
-4399
-5309
-6610
-7742
-8767
-9699
-10738
-11347
-11373
-11102
-10316
-9217
-7619
-5953
-4270
-2371
-654
984
2195
3009
3482
3578
3581
3149
2648
2045
1475
802
201
-103
-405
-554
-972
-841
-788
-638
-479
-236
399
530
1296
1929
2927
3967
4863
6069
7157
8270
9175
10332
11098
11717
12338
12719
13017
12985
12739
12414
11955
11265
10522
9961
9179
8517
8084
7881
7755
7559
7071
6143
5163
2797
876
-1643
-4212
-7098
-10499
-12874
-15525
-16850
-18388
-18148
-17524
-16463
-14551
-12224
-8853
-6443
-3277
-1020
1445
2975
3947
5043
5072
4889
3999
3472
2420
1495
658
-106
-732
-1551
-1862
-2223
-2665
-3426
-4147
-4976
-6208
-7292
-8345
-9380
-10402
-11152
-11308
-11036
-10421
-9358
-7845
-6076
-4355
-2514
-637
857
2207
2959
3449
3659
3448
3039
2305
1687
860
220
-456
-824
-960
-1214
-1066
-954
-373
-120
322
809
1227
1926
2205
3077
3440
4236
4896
5769
6843
7559
8790
9541
10553
11261
12018
12732
12861
13197
12844
12850
12158
11496
10937
9852
9386
8217
8134
7693
7609
7546
6928
6519
5157
3741
1656
-428
-3095
-5909
-9096
-11920
-14203
-16143
-17400
-18001
-17442
-16572
-14881
-12606
-9556
-6732
-3899
-1294
1186
3050
4193
5237
5443
5209
4382
3664
2718
1669
639
-175
-882
-1626
-1935
-2248
-2571
-3235
-3793
-4484
-5513
-6642
-7736
-8843
-10031
-10976
-11417
-11369
-11095
-10308
-9038
-7475
-5749
-3836
-1890
-18
1364
2480
3325
3817
3965
3700
3311
2559
1892
1075
374
-201
-679
-1015
-1302
-1275
-1226
-993
-783
-452
87
585
1137
1773
2507
3321
4087
5042
5952
6911
7928
8738
9713
10451
10984
11488
11723
12052
12083
11939
11555
10983
10541
9668
9166
8470
8010
7424
7131
7145
6892
6682
5536
4931
3129
1233
-869
-3210
-5404
-8764
-10965
-13334
-14683
-16063
-16551
-15868
-15190
-13645
-11825
-8768
-6420
-3913
-1503
715
2504
3435
4584
4896
4717
3978
3492
2769
1669
820
112
-483
-1330
-1731
-1952
-2323
-2992
-3702
-4252
-5233
-6366
-7330
-8273
-9302
-10253
-10680
-10621
-10304
-9686
-8686
-7232
-5678
-4026
-2241
-499
935
2078
2904
3459
3838
3763
3413
2949
2394
1741
1045
454
98
-377
-687
-847
-786
-701
-778
-341
-154
405
786
1416
2155
2623
3544
4214
5395
6158
7103
8100
8833
9582
10155
10965
11275
11623
11585
11651
11509
10964
10700
9965
9642
8741
8200
7922
7314
7489
6989
6851
6009
4969
3810
1731
49
-2620
-4719
-7579
-10362
-12405
-14348
-15419
-16598
-16213
-15683
-14440
-12678
-10393
-7543
-5279
-2750
-513
1655
2932
3992
4658
4706
4405
3663
3137
2151
1189
288
-391
-1069
-1781
-2086
-2519
-3108
-3780
-4341
-5116
-6121
-7133
-8107
-9036
-10008
-10603
-10719
-10544
-10150
-9344
-7977
-6415
-4651
-2856
-1054
497
1665
2726
3350
3770
3661
3283
2759
2042
1445
621
91
-426
-752
-939
-992
-731
-550
-296
-129
351
730
1031
1417
1879
2302
2687
3367
3983
5032
5654
6636
7685
8491
9687
10142
11151
11446
11742
12141
11760
11828
11042
10618
9830
8995
8495
7798
7553
7158
7213
6984
6742
5932
5275
3823
1819
-132
-2614
-4710
-8114
-10511
-12872
-14671
-16108
-17121
-16274
-15851
-14317
-12603
-9707
-6949
-4599
-1789
506
2637
3655
4702
5216
5087
4402
3707
2950
1747
720
-184
-793
-1620
-2071
-2292
-2609
-3116
-3655
-4054
-4879
-5894
-6857
-7740
-8841
-9931
-10522
-10729
-10670
-10364
-9450
-8117
-6644
-5029
-3244
-1223
361
1720
2799
3653
4162
4078
3951
3452
2964
2093
1296
778
226
-127
-597
-583
-589
-621
-514
-417
-167
-157
-97
262
567
930
1369
1851
2838
3468
4650
5778
6892
8137
8823
10176
10562
11386
11623
11727
11765
11041
10884
9896
9521
8413
7950
7373
6839
6869
6621
7182
6561
6515
5564
4862
3329
1143
-628
-3466
-5738
-9191
-11267
-13406
-15076
-16148
-16838
-15707
-15068
-13187
-11138
-8259
-5694
-3487
-891
1096
2836
3504
4219
4276
3903
3143
2354
1688
544
-236
-935
-1310
-1764
-1971
-2021
-2335
-2679
-3212
-3606
-4536
-5603
-6652
-7734
-8829
-9936
-10351
-10534
-10401
-9994
-8938
-7388
-5853
-4096
-2190
-217
1258
2488
3508
4270
4537
4288
3975
3384
2726
1753
1012
389
-247
-704
-1045
-906
-926
-716
-567
-187
229
423
866
1125
1619
1829
2374
2946
3578
4395
5110
6248
7103
8196
9100
9974
10731
11177
11707
11697
11565
11188
10706
10114
9192
8430
7678
7069
6450
6072
6122
6222
5985
5647
5046
4350
3092
1241
-341
-2523
-4711
-7558
-9890
-11582
-13430
-14440
-15312
-14693
-14013
-12870
-10908
-8641
-6092
-4240
-1983
16
1602
2498
3098
3486
3185
2580
1890
1309
390
-458
-1088
-1484
-1948
-2250
-2329
-2529
-2864
-3327
-3636
-4295
-5281
-6179
-7100
-8057
-9094
-9678
-9783
-9854
-9545
-8692
-7372
-5912
-4526
-2768
-978
515
1693
2723
3598
3916
3834
3578
3232
2671
1913
1193
665
180
-347
-579
-705
-668
-751
-696
-524
-383
-99
-125
263
583
899
1422
1901
2790
3495
4484
5360
6533
7594
8464
9481
10234
10900
11172
11547
11432
11415
10731
10161
9471
8570
8002
6988
6811
5957
5878
5762
5658
5660
5018
4731
3666
2824
957
-679
-2593
-4858
-6985
-9353
-10693
-12380
-13158
-13842
-13501
-12569
-11666
-9820
-7979
-5671
-3968
-2076
-354
989
1900
2289
2692
2455
2018
1365
903
193
-593
-1074
-1464
-1777
-2133
-2199
-2344
-2618
-3085
-3484
-3983
-4921
-5848
-6684
-7473
-8331
-8933
-9031
-8911
-8625
-7907
-6768
-5303
-3969
-2517
-838
504
1613
2449
3162
3520
3390
3116
2683
2216
1537
828
355
-147
-557
-871
-896
-845
-838
-686
-565
-186
-33
160
465
709
1193
1549
2155
2817
3438
4315
5214
6304
7277
8178
9163
9739
10413
10678
10964
11064
10646
10250
9422
8914
7924
7258
6578
5887
5551
5018
5239
5211
5359
5032
4642
4107
3210
2059
263
-1354
-3502
-5495
-7836
-9601
-10980
-12313
-12982
-13395
-12581
-11832
-10558
-8891
-6969
-4988
-3540
-1745
-322
794
1267
1593
1773
1442
1019
482
87
-575
-1145
-1419
-1584
-1806
-2002
-2015
-2226
-2563
-2966
-3352
-4048
-5007
-5816
-6567
-7308
-8045
-8313
-8269
-8090
-7671
-6727
-5476
-4283
-3036
-1672
-188
785
1647
2368
2909
2989
2691
2558
2180
1710
1009
578
199
-203
-517
-629
-490
-516
-463
-330
-14
172
301
536
759
1113
1404
1833
2411
3099
3786
4613
5529
6466
7504
8337
9219
9853
10413
10654
10728
10701
10239
9871
9072
8380
7647
6822
6129
5492
5066
4808
4643
4856
5018
4942
4774
4051
3684
2501
1040
-486
-2392
-4077
-6526
-8225
-9759
-10887
-11798
-12465
-11906
-11364
-10369
-9072
-7244
-5447
-4029
-2455
-1022
121
658
1037
1260
1125
655
281
-108
-662
-1119
-1416
-1502
-1785
-1815
-1769
-1875
-2099
-2501
-2654
-3291
-4133
-4910
-5567
-6357
-7248
-7594
-7667
-7631
-7517
-6768
-5689
-4581
-3545
-2259
-804
213
1117
1861
2581
2745
2583
2470
2226
1838
1191
749
403
28
-327
-551
-562
-578
-551
-392
-164
51
221
364
653
961
1283
1691
2164
2693
3364
4090
4861
5819
6621
7498
8214
8821
9417
9672
9914
9641
9534
9098
8486
7847
6981
6463
5616
5128
4617
4493
4303
4366
4551
4850
4922
4485
4363
3458
2949
1203
-196
-1747
-3778
-5383
-7715
-8573
-10058
-10762
-11304
-11263
-10329
-9945
-8563
-7350
-5579
-4384
-3175
-1891
-1018
-377
-238
84
35
-120
-504
-625
-879
-1123
-1173
-1193
-1044
-1163
-993
-1110
-1286
-1579
-2046
-2520
-3485
-4203
-4991
-5734
-6463
-7009
-6993
-7055
-6758
-6218
-5162
-4131
-3200
-2041
-962
97
660
1340
1782
1994
1851
1619
1543
1177
860
481
404
248
148
145
316
496
499
643
739
858
811
850
907
1000
1124
1273
1661
2193
2837
3556
4367
5192
5982
6869
7558
8230
8625
8888
8940
8750
8554
8031
7582
6874
6236
5640
5095
4671
4363
4285
4239
4243
4537
4825
5149
5295
4935
4696
3807
2973
1694
168
-1429
-3371
-4886
-6716
-7954
-9096
-9834
-10247
-10448
-9966
-9338
-8431
-7576
-6403
-5323
-4333
-3482
-2660
-2041
-1775
-1533
-1342
-1090
-1118
-975
-829
-697
-565
-432
-121
-97
-136
-296
-567
-981
-1599
-2237
-3061
-4002
-4872
-5577
-6166
-6600
-6804
-6685
-6362
-5864
-5038
-4072
-3115
-2294
-1373
-488
164
691
1004
1253
1246
1167
1100
1033
937
750
760
816
953
1020
1089
1137
1173
1129
1057
1071
932
818
684
692
802
971
1242
1702
2300
2927
3622
4409
5189
5863
6491
7023
7493
7643
7798
7707
7592
7286
6834
6608
5995
5675
5189
4815
4733
4328
4501
4358
4456
4546
4657
5106
4891
4829
4136
3588
2656
1559
337
-1349
-2656
-4538
-5757
-7221
-8163
-8924
-9555
-9689
-9787
-9038
-8624
-7739
-6940
-5926
-5027
-4293
-3353
-2747
-2062
-1852
-1373
-1057
-763
-543
-367
-103
-74
194
266
368
222
-2
-368
-935
-1476
-2242
-2950
-3929
-4746
-5375
-5966
-6344
-6549
-6368
-6142
-5617
-4867
-3909
-3009
-2243
-1427
-775
-43
291
773
1037
1028
1098
1046
1209
1100
1148
1128
1145
1278
1281
1385
1381
1333
1195
1078
915
793
567
378
260
316
462
527
953
1330
1986
2654
3357
4199
4909
5628
6158
6819
7165
7403
7513
7440
7271
7017
6716
6232
5945
5476
5165
4910
4662
4571
4552
4548
4616
4856
5018
5116
4965
4536
3847
3096
2023
950
-598
-2170
-3701
-5246
-6391
-7746
-8372
-9016
-9271
-9308
-9035
-8225
-7641
-6772
-5998
-4954
-4153
-3385
-2668
-2018
-1545
-1278
-762
-399
19
249
570
789
935
1092
1081
982
583
150
-498
-1227
-2050
-2926
-3816
-4793
-5467
-5900
-6194
-6272
-6136
-5706
-5135
-4446
-3519
-2515
-1661
-981
-283
308
690
847
1027
1095
1011
1007
935
1036
1021
1024
1133
1229
1353
1349
1327
1202
1100
845
646
398
198
50
-102
-44
87
366
660
1102
1597
2292
2852
3591
4201
4742
5300
5661
6269
6411
6748
6758
6682
6725
6450
6372
5960
5597
5224
4823
4483
4207
4000
3842
3673
3644
3740
3753
4004
3981
3831
3445
2722
2160
1218
256
-1062
-2538
-3760
-5216
-6188
-7268
-8010
-8523
-8894
-8814
-8652
-7960
-7416
-6740
-6036
-5232
-4449
-3751
-3122
-2527
-1919
-1643
-1053
-600
-136
133
384
711
779
924
826
639
139
-450
-1116
-1839
-2622
-3435
-4162
-4868
-5336
-5602
-5583
-5528
-5317
-4834
-4250
-3630
-2977
-2321
-1826
-1451
-1093
-665
-333
-153
24
261
468
679
973
1195
1381
1467
1504
1577
1483
1339
1056
710
388
12
-203
-442
-569
-581
-475
-139
227
786
1199
1627
2185
2766
3290
3715
4063
4344
4828
5046
5352
5613
5718
5978
5936
6144
6199
6065
5844
5405
5192
4921
4562
4147
3826
3416
3310
3071
3194
3489
3351
3744
3526
3431
3105
2320
1766
694
-460
-1778
-3163
-4523
-5533
-6765
-7544
-7939
-8386
-8164
-8168
-7654
-6929
-6373
-5667
-4947
-4237
-3573
-3040
-2583
-1855
-1484
-978
-440
20
571
795
1180
1398
1363
1257
956
396
-212
-974
-1847
-2658
-3575
-4245
-4825
-5322
-5507
-5431
-5299
-5015
-4537
-3947
-3325
-2849
-2332
-1884
-1574
-1236
-880
-673
-373
-185
47
457
720
1077
1330
1472
1586
1595
1487
1362
992
680
331
-92
-267
-515
-513
-533
-450
-97
106
475
921
1176
1566
1930
2264
2793
3071
3380
3827
4054
4560
4915
5327
5713
5827
6142
6093
6158
5824
5586
5241
4561
4476
3719
3603
3348
2876
3270
3027
3233
3561
3616
4025
4058
3922
3812
3029
2202
1497
292
-631
-1797
-3033
-3839
-4987
-5530
-5874
-6375
-6496
-6692
-6575
-6446
-6274
-5827
-5447
-5135
-4613
-3978
-3238
-2483
-1820
-883
-258
411
1095
1516
1831
1744
1619
1319
828
319
-319
-1042
-1753
-2442
-2889
-3307
-3768
-3933
-4190
-4319
-4268
-4206
-3964
-3923
-3722
-3378
-3039
-2550
-2111
-1627
-1212
-856
-379
123
451
805
973
1106
1191
1217
1260
1061
953
749
516
372
170
29
-64
-272
-315
-229
-200
-87
-31
150
292
476
753
966
1295
1587
1882
2376
2762
3253
3799
4117
4541
4800
5016
5277
5181
5151
5159
4928
4971
4604
4595
4450
3996
4158
3611
3774
3646
3278
3567
3187
3397
3585
3474
3746
3753
3551
3531
2831
2169
1681
512
-198
-1290
-2464
-3149
-4210
-4820
-5165
-5773
-5846
-5921
-6036
-5748
-5693
-5323
-4888
-4662
-4159
-3649
-3053
-2403
-1829
-1121
-517
-44
461
808
1018
944
823
614
148
-263
-803
-1383
-1904
-2472
-2869
-3214
-3535
-3659
-3864
-3969
-3946
-3952
-3764
-3607
-3339
-3066
-2747
-2437
-2012
-1727
-1396
-990
-761
-213
-86
216
431
451
673
658
637
618
418
250
139
-154
-220
-414
-543
-581
-673
-576
-480
-381
-231
25
278
496
786
946
1175
1491
1633
1982
2225
2555
2975
3308
3586
3955
4113
4339
4490
4399
4676
4356
4468
4251
4102
4017
3576
3717
3234
3284
3066
2980
2991
2845
3041
3104
3222
3341
3528
3432
3590
3270
3204
2613
1907
1370
437
-147
-1027
-1779
-2467
-3133
-3757
-4131
-4557
-4824
-5028
-5315
-5325
-5448
-5246
-5012
-4855
-4419
-4026
-3448
-2850
-2216
-1534
-1001
-608
-296
23
197
195
74
-78
-314
-581
-789
-1013
-1340
-1679
-1984
-2327
-2635
-2911
-3178
-3388
-3601
-3679
-3610
-3476
-3236
-2996
-2695
-2373
-2080
-1742
-1535
-1413
-1322
-1186
-1019
-853
-674
-459
-254
-119
37
183
251
294
229
169
26
-118
-139
-204
-205
-226
-135
-17
152
332
472
658
792
960
1212
1395
1632
1946
2192
2584
2850
3258
3528
3793
4051
4048
4087
4130
4169
4203
4242
4097
4253
4042
4097
4142
4057
4086
3875
3821
3622
3477
3336
3374
3185
3287
3186
3278
3341
3229
3324
3171
2940
2342
1779
967
449
-302
-1011
-1783
-2603
-3071
-3639
-3953
-4252
-4408
-4584
-4711
-4916
-4814
-4630
-4403
-4049
-3771
-3310
-2850
-2312
-1793
-1232
-777
-382
-229
-146
-7
-10
22
-104
-276
-477
-696
-936
-1196
-1528
-1824
-2189
-2648
-2989
-3296
-3503
-3620
-3659
-3680
-3529
-3405
-3103
-2882
-2766
-2513
-2398
-2065
-1826
-1544
-1154
-915
-529
-248
-19
202
310
396
443
364
235
81
-49
-86
-233
-202
-244
-330
-369
-348
-234
-188
-92
21
220
437
759
1033
1351
1674
2019
2430
2640
2887
3187
3457
3743
3876
4004
4041
4097
4198
4107
4175
3959
3920
3767
3588
3595
3351
3384
3212
3250
3151
3097
3095
3065
3183
3201
3189
3150
2972
2863
2638
2404
2359
2055
1997
1597
1219
602
10
-442
-1159
-1741
-2432
-3003
-3537
-3955
-4283
-4399
-4492
-4484
-4453
-4363
-4257
-4078
-3782
-3439
-3044
-2681
-2249
-1951
-1635
-1309
-985
-756
-610
-579
-610
-689
-865
-971
-1108
-1207
-1341
-1542
-1750
-2037
-2263
-2444
-2612
-2830
-3028
-3187
-3337
-3429
-3419
-3300
-3178
-3006
-2820
-2600
-2343
-2056
-1766
-1483
-1179
-931
-754
-579
-455
-368
-223
-104
-20
9
-9
-48
-51
-92
-96
-32
-22
-21
-2
29
102
230
353
507
669
829
1010
1173
1353
1589
1862
2198
2522
2821
3040
3267
3446
3500
3650
3722
3786
3837
3766
3838
3734
3638
3531
3326
3207
2994
2923
2803
2614
2555
2403
2294
2175
2033
1991
1898
1907
1827
1763
1715
1601
1457
1333
1175
1021
972
858
759
625
395
157
-142
-482
-805
-1133
-1448
-1778
-2002
-2187
-2376
-2485
-2530
-2636
-2754
-2842
-2951
-3036
-3075
-3036
-2967
-2789
-2605
-2405
-2196
-1996
-1837
-1747
-1680
-1620
-1513
-1471
-1368
-1204
-1123
-1059
-942
-874
-851
-828
-848
-900
-976
-1079
-1156
-1205
-1252
-1269
-1249
-1220
-1199
-1168
-1103
-1051
-1032
-955
-847
-778
-683
-601
-541
-415
-310
-263
-226
-206
-225
-190
-88
4
143
292
418
509
587
601
620
607
601
642
682
805
895
919
1014
1068
1064
1087
1012
991
955
919
906
908
902
940
968
970
983
913
932
924
892
914
945
982
1034
1113
1184
1199
1240
1284
1236
1180
1164
1106
1040
1016
1000
967
964
965
935
883
816
753
692
616
491
430
399
308
253
238
181
117
49
-29
-105
-188
-256
-319
-355
-390
-430
-455
-501
-571
-637
-731
-764
-774
-794
-778
-748
-683
-669
-660
-633
-635
-654
-698
-737
-765
-769
-779
-791
-797
-798
-826
-891
-901
-964
-989
-987
-1014
-981
-928
-897
-878
-797
-722
-708
-732
-752
-734
-705
-639
-550
-462
-387
-324
-250
-181
-94
-76
-55
-11
-18
8
51
105
146
152
167
188
186
148
159
204
216
207
245
284
306
292
274
259
214
212
241
269
297
360
413
438
455
488
551
596
603
630
637
636
653
624
595
592
542
486
469
434
390
342
322
320
312
295
311
350
350
310
299
297
274
253
248
256
245
210
214
232
231
234
218
207
195
155
141
133
105
94
77
38
33
-4
-61
-79
-104
-134
-159
-178
-227
-244
-279
-336
-360
-401
-413
-411
-427
-437
-423
-396
-390
-410
-385
-378
-385
-372
-391
-406
-404
-406
-416
-449
-488
-522
-518
-507
-526
-535
-540
-527
-526
-539
-544
-537
-543
-503
-473
-458
-399
-369
-393
-387
-347
-331
-330
-332
-326
-311
-294
-295
-293
-322
-348
-363
-387
-365
-331
-331
-287
-236
-207
-157
-121
-98
-64
-29
-9
11
15
26
60
90
112
126
165
188
155
149
189
171
170
253
278
267
294
266
222
187
154
121
132
175
182
232
180
149
159
116
76
95
121
151
188
216
220
210
226
234
189
161
169
172
175
142
115
81
64
-3
-36
-82
-86
-82
-88
-162
-165
-140
-94
-120
-98
-85
-85
-85
-83
-64
-69
-99
-140
-81
-35
-58
-42
-52
-99
-78
-115
-147
-222
-239
-201
-265
-269
-365
-349
-315
-191
-893
-1870
-2453
-2393
-1636
-1224
-855
-130
569
1284
910
-92
-822
-932
-429
-59
140
483
877
1084
555
-425
-1167
-1470
-1171
-553
-68
348
581
715
395
-318
-959
-1213
-1123
-1175
-1229
-1141
-687
-173
-248
-543
-617
-348
116
246
174
198
644
1152
1379
1247
961
870
788
475
41
-197
-9
398
565
577
683
685
586
321
-116
-419
-350
-61
125
397
695
859
859
618
262
139
123
305
572
590
804
1089
1166
984
698
502
327
255
149
242
208
386
527
359
286
263
221
174
156
-45
-208
-146
31
154
204
278
263
304
108
-194
-356
-343
-159
59
116
189
313
413
264
-245
-359
-267
-328
-255
-130
24
258
317
78
-130
-406
-699
-673
-482
-323
-109
132
51
-186
-249
-267
-481
-573
-537
-402
-202
-174
-214
-32
49
-86
-137
-121
-196
-106
-112
-155
-183
-94
44
172
199
128
121
-1
-162
-342
-396
-285
-128
-39
49
117
170
50
41
-105
-107
-115
0
184
206
419
336
165
3
-67
-93
18
58
9
46
210
289
236
228
194
266
125
-83
-220
-161
-39
-30
-33
53
143
171
135
-119
-187
-117
-21
-28
39
150
276
431
414
271
158
95
86
50
16
161
304
387
441
359
215
129
66
2
-79
-22
124
222
238
132
74
37
-78
-211
-196
-22
122
129
110
136
155
145
90
9
9
72
13
-32
45
154
192
111
84
143
117
-22
-160
-222
-209
-110
-38
11
104
126
42
-124
-270
-292
-283
-308
-254
-69
118
196
171
95
6
-61
-172
-243
-193
-80
58
118
97
83
71
85
-49
-218
-265
-233
-150
-143
-96
2
84
99
82
30
-27
-53
-159
-222
-126
37
83
20
0
44
29
-59
-193
-343
-370
-334
-238
-225
-162
-13
66
37
-62
-157
-255
-318
-328
-289
-203
-58
66
123
75
16
-35
-77
-124
-149
-93
8
95
140
143
125
75
32
-63
-224
-325
-287
-155
-21
46
81
141
148
139
84
-17
-43
-13
48
119
145
176
213
151
79
-21
-1
101
178
230
205
173
192
180
99
82
127
134
103
83
33
-7
22
86
91
14
-45
-35
-64
-107
-127
-128
-48
42
98
107
83
40
13
-72
-165
-174
-131
-32
63
81
58
15
-45
-84
-137
-135
-87
-55
-30
-33
-30
25
67
15
-103
-165
-189
-180
-198
-243
-224
-125
-55
-113
-181
-229
-249
-258
-264
-240
-239
-200
-175
-207
-275
-311
-236
-183
-182
-214
-282
-294
-219
-156
-134
-95
-34
10
-23
-140
-209
-191
-134
-115
-107
-101
-114
-106
-111
-158
-163
-140
-131
-118
-142
-175
-144
-72
-30
-34
-17
-14
-38
-46
-65
-45
2
90
173
241
279
289
260
210
172
172
189
210
247
279
226
189
176
120
73
45
28
16
41
19
34
74
98
64
45
22
1
-8
-1
48
63
40
18
40
25
13
-16
-18
39
84
78
47
28
20
-8
-73
-107
-120
-102
-51
-61
-106
-141
-162
-210
-258
-265
-251
-216
-181
-191
-174
-153
-159
-156
-162
-172
-141
-100
-104
-122
-165
-158
-153
-153
-101
-43
9
25
2
-1
-17
-42
9
33
19
18
-18
-69
-81
-103
-107
-82
-97
-99
-75
-87
-83
-24
2
23
37
0
-39
-76
-93
-89
-79
-112
-94
-46
12
60
55
57
16
9
16
12
16
46
127
160
188
179
152
107
54
24
-32
-63
-50
-22
-6
-13
14
34
20
11
-10
-28
-26
-14
28
67
82
108
121
88
32
8
19
4
15
61
102
96
65
47
35
12
-16
-34
-60
-112
-152
-166
-211
-215
-175
-172
-193
-197
-190
-208
-215
-200
-194
-187
-176
-165
-158
-171
-201
-216
-239
-267
-261
-236
-180
-170
-195
-203
-240
-249
-234
-210
-223
-206
-184
-210
-217
-210
-178
-180
-167
-140
-137
-147
-126
-99
-73
-67
-52
-37
-45
-42
-5
27
17
16
40
68
49
41
28
8
18
84
138
196
217
202
204
161
156
176
176
191
232
254
238
251
259
255
256
243
225
222
204
202
209
172
179
202
170
126
88
87
99
98
121
155
177
208
222
166
139
179
200
214
200
189
214
197
127
94
81
19
-38
-64
-70
-65
-67
-96
-145
-184
-195
-212
-228
-238
-225
-225
-222
-242
-254
-258
-242
-173
-135
-114
-106
-116
-142
-143
-128
-111
-98
-114
-150
-140
-159
-198
-187
-169
-152
-139
-133
-131
-142
-172
-189
-182
-176
-168
-154
-145
-145
-139
-139
-133
-121
-76
-31
-23
-16
29
43
57
70
43
45
58
58
82
101
116
131
139
129
108
88
83
98
102
104
91
90
76
54
44
25
-17
-31
-14
-11
7
64
109
109
89
59
40
30
20
27
39
51
105
140
137
129
110
79
74
120
130
140
139
126
138
108
87
75
67
99
115
91
75
79
50
54
102
88
75
68
39
6
0
-6
-36
-48
-53
-15
2
5
19
-2
-34
-49
-92
-114
-125
-130
-117
-109
-90
-80
-67
-52
-66
-87
-128
-151
-135
-106
-75
-87
-104
-117
-120
-136
-169
-179
-186
-187
-187
-186
-184
-165
-132
-140
-157
-151
-157
-170
-152
-149
-130
-115
-124
-91
-59
-56
-53
-45
-29
-35
-31
-15
-19
-18
-36
-71
-80
-76
-98
-107
-68
-53
-59
-76
-100
-92
-85
-65
-21
15
29
32
74
82
69
52
15
-6
16
33
60
104
117
122
137
119
93
84
64
82
107
108
98
96
80
58
40
14
4
-8
14
18
30
65
73
71
75
62
80
72
42
42
52
48
22
21
6
-11
-15
-16
-29
-65
-87
-72
-59
-33
-28
9
40
46
64
54
24
7
-19
-17
16
52
70
75
99
96
79
56
28
30
47
34
58
39
20
23
20
