68
66
80
71
67
70
68
70
63
61
54
52
41
44
43
39
23
20
28
25
24
0
-5
-8
-12
-20
-21
-20
-24
-23
-22
-28
-44
-49
-56
-56
-55
-52
-45
-32
-22
-32
-48
-47
-45
-42
-54
-70
-65
-54
-62
-73
-96
-108
-102
-100
-95
-88
-80
-80
-76
-69
-62
-45
-28
-25
-26
-10
-5
10
-1
-10
3
7
16
26
27
37
50
36
18
18
15
19
13
9
18
-7
-10
-19
-17
-14
-24
-35
-41
-38
-42
-40
-32
-18
-11
-3
0
-4
4
12
19
28
15
2
2
-1
-2
6
5
-5
-7
1
-8
-20
-35
-50
-39
-40
-42
-48
-62
-70
-58
-49
-38
-34
-52
-51
-47
-40
-39
-31
-13
2
17
19
1
-23
-38
-53
-49
-52
-42
-18
-3
-2
11
9
5
14
19
32
41
34
8
-4
4
22
42
57
50
24
8
-12
-17
-21
-27
-24
-26
-19
-16
-22
-32
-28
-19
-9
-12
-15
-18
-24
-23
-27
-25
-24
-13
-6
-9
-4
-9
-11
1
15
36
51
42
39
32
16
26
30
32
24
19
16
2
8
5
5
0
-2
0
0
5
4
7
3
2
11
7
7
12
20
22
13
5
-3
0
-2
6
34
63
63
59
57
54
50
42
34
39
45
52
47
23
2
-6
-5
-13
-8
-8
-6
5
-4
-11
-23
-34
-29
-30
-14
-21
-27
-39
-31
-21
-12
6
12
23
9
12
-12
-12
6
10
17
11
1
-1
-13
-15
-24
-51
-55
-55
-55
-64
-62
-69
-82
-81
-90
-93
-93
-83
-81
-89
-88
-89
-97
-83
-65
-71
-79
-89
-91
-68
-43
-41
-44
-49
-43
-48
-46
-49
-42
-44
-54
-57
-75
-79
-74
-79
-90
-107
-94
-89
-84
-73
-68
-59
-53
-45
-51
-51
-41
-38
-32
-24
-11
-1
-14
-16
-4
0
-2
0
12
10
16
6
-14
-28
-23
-18
0
10
6
-1
-9
-7
-15
-27
-34
-21
-20
-30
-34
-48
-35
-21
-3
6
-6
-22
-33
-33
-29
-21
-15
-18
-18
-15
-23
-32
-29
-36
-43
-36
-17
-13
-5
7
-1
-1
-5
-1
9
20
16
8
9
9
10
9
4
5
8
11
8
13
5
-9
-21
-24
-9
-12
-8
-10
-14
-15
-4
13
14
9
-6
-17
-9
-5
-4
-3
-3
-8
-23
-23
-15
-18
-20
-27
-35
-39
-34
-30
-35
-47
-65
-59
-52
-50
-54
-51
-60
-64
-60
-61
-62
-61
-66
-59
-41
-40
-32
-14
-20
-19
-13
-9
2
7
17
38
53
57
58
53
67
71
68
58
46
45
57
84
91
95
98
87
95
94
81
76
75
52
40
35
34
48
70
81
68
62
51
65
80
91
100
108
104
94
90
88
82
72
65
60
62
58
56
46
46
53
48
44
36
23
9
4
-6
-8
5
7
15
14
4
0
-2
-13
-15
-14
4
8
24
7
5
21
8
-18
-19
6
3
-3
-8
-22
-53
-78
-105
-128
-153
-180
-190
-186
-169
-129
-97
-75
-55
-46
-44
-44
-57
-39
-39
-2
-10
13
-28
-23
-61
-12
-62
-32
-102
-99
-240
-495
-1324
-2588
-1660
888
3072
-504
-529
-1718
-3412
344
-58
-5709
-101
4331
-3369
-1090
1394
-2576
-1172
2133
120
-90
2235
132
462
1261
-15
1151
250
105
1782
328
-312
1499
-5598
-1562
3760
-5472
-4067
-2456
-137
1219
-1599
-2760
-1342
1705
-1337
3464
-1897
-2574
7211
-2499
-1649
2465
-1735
1952
1507
-324
-964
-1629
-3094
3028
4243
-1981
2509
-7523
-3794
5258
-656
4551
3441
-3551
-2088
3396
-867
-563
6996
-587
3
909
-1478
394
-1567
-1897
-792
-362
-1015
1853
-1800
-4838
2482
825
1349
-2210
-1702
2406
535
1276
-75
-1799
-2731
2776
2259
-1619
1999
-5924
-2784
2475
-2480
2128
610
-2257
-1052
-322
-1254
-419
1660
-572
1629
1092
-2132
-1002
-317
-1875
2404
456
-1280
1140
1780
-1213
-969
856
-4252
805
2090
-759
70
-4402
-2499
-4089
-1061
581
-152
803
217
-1321
-3308
1500
1526
760
3851
2495
901
-964
2434
-869
1657
3530
-40
2013
698
-874
-1707
2392
-928
1333
3013
-1054
-352
-1123
313
-704
785
796
551
1198
-2228
387
-756
-955
1896
542
2213
280
-155
-305
-279
922
813
1646
1278
1409
-411
459
230
-1930
1354
428
-205
1529
1580
-1490
-991
1310
-2879
-31
981
-1015
-658
488
-222
-931
1117
-447
-368
612
-525
1
143
1471
-1030
633
510
-2223
467
-434
-1493
539
986
-1250
1262
-433
-2421
-631
745
36
-608
1430
-1054
-2918
2663
-103
-763
1410
-379
-650
-270
1359
-401
-397
1756
-1754
-158
1473
-2040
-968
1794
23
-743
1837
-344
-1311
556
424
-46
696
731
-475
88
342
-635
-317
1276
747
-705
1315
769
-592
-241
1202
230
-1364
3002
574
-2270
1145
1659
-908
718
977
-1922
686
1952
991
287
1843
744
-1284
1543
1352
-870
2264
1974
-986
409
948
-221
-1305
3112
447
-1985
2202
530
-1782
447
1652
-786
466
1465
-1237
-294
-155
-330
657
1389
605
487
1869
-661
-60
297
190
1586
967
2245
1102
-638
-437
1131
-70
-175
2304
1680
404
248
87
-996
-1401
-100
680
196
162
-268
-867
-633
-1741
-1304
239
196
-44
865
1787
-833
-214
80
-832
-32
2190
1979
526
-135
-221
-551
-1244
1367
334
-118
-136
-558
685
-106
214
-283
457
441
468
782
288
609
870
1672
644
744
-786
586
1415
1245
2798
1451
593
-856
1016
966
1125
2820
-388
1428
878
876
259
1128
2115
-137
1144
1178
417
-747
1120
1816
335
-430
1003
1407
-699
726
1485
924
-1711
1491
3142
606
1691
1860
604
-369
1285
969
1862
2426
1829
1207
1685
1079
-1161
909
2564
121
157
2129
-808
-1733
1839
1457
-913
-453
207
-1080
-1399
569
-189
-203
-173
-621
1278
287
-100
-541
-1907
272
1486
1874
1190
-110
-1230
-1186
535
1205
-988
-1100
-982
-606
1526
674
-1880
-1781
-1782
-1019
859
1752
-461
-1958
-1256
292
208
45
-959
-132
-1038
-428
2516
1594
-809
-1980
359
-1503
175
2889
569
-505
-934
-797
-1916
-1312
-775
556
-7
-668
488
-1480
-2516
-1513
-669
-646
659
956
-280
-558
-640
-693
-1127
5
44
-149
244
165
-1338
-1686
-1766
-1913
-328
-606
122
-775
-1092
-987
-1404
-1845
-989
401
457
83
-376
364
-1574
-1708
169
-414
-817
-495
560
-1579
-1685
-496
-858
-1547
-795
-267
-935
-330
-11
-995
-1944
-1673
-1852
-875
-975
-916
-253
-850
-2046
-1800
-646
-1251
-642
59
-255
-686
-1227
-790
-183
-653
-562
377
1231
101
-667
328
-551
-2098
-577
1097
-1348
-1044
537
-408
-1215
-1584
-336
-1628
-1635
675
797
1436
40
-281
760
127
-218
910
2007
800
662
2388
2188
537
1012
2050
2077
665
1648
3407
1812
1127
1506
1812
71
-376
1886
1177
-155
778
925
-1009
-560
330
1230
392
303
956
274
686
-549
272
623
-207
-85
962
1182
-1109
-874
309
-1108
-1849
266
808
-1168
-1114
-339
-1049
-2751
-1599
-1295
-1820
-1954
-1546
-1799
-2923
-4395
-4897
-5126
-6154
-5303
-5445
-4256
-5133
-5992
-6440
-7409
-7064
-6762
-4961
-4433
-4838
-5170
-4886
-5295
-5208
-5268
-4541
-3373
-2733
-1778
-1772
-1743
-2213
-2462
-1951
-674
-492
-288
-142
100
-156
-798
311
-147
-185
702
2114
2205
1141
2300
2518
1780
2807
3882
3285
3290
4075
4132
4413
2943
4076
5136
4509
5654
4509
4308
4108
3668
5204
4275
3939
4493
2498
2864
3108
2724
3686
2045
2360
2072
1386
2923
2763
2848
2468
2529
3573
2850
2048
2938
2530
2801
2087
1594
1201
-706
43
-1708
-4284
-5199
-5778
-6127
-7566
-7572
-7733
-10777
-12459
-11848
-11745
-11584
-12041
-10845
-10581
-12101
-10896
-9903
-9171
-8713
-7769
-5926
-5148
-4820
-3900
-3218
-2770
-2263
-1516
-613
-413
-68
-207
-15
50
-266
66
-43
-255
-273
128
463
754
718
1258
1455
1601
2919
3190
4233
4609
5110
5715
5886
6874
6747
7087
7320
7976
8204
7610
7868
7894
7605
8012
7980
6718
7236
6338
6816
6912
5657
6518
5153
5651
4281
4097
4133
2777
4000
3067
3865
3791
3205
2260
3235
3818
4444
4824
3799
5200
2332
2881
3134
2565
962
-2001
-2993
-3021
-3943
-5181
-4728
-7309
-8567
-10579
-9784
-9665
-10335
-9901
-10089
-9941
-9840
-9016
-8985
-8790
-8838
-7170
-7027
-6112
-5186
-5399
-5314
-5321
-3587
-3766
-3939
-3299
-2551
-2277
-1946
-1254
-1911
-1752
-1733
-1164
-1011
-1341
-1192
-334
116
-43
540
570
778
736
1802
3041
2433
2097
2848
4191
4848
3865
4872
5104
3741
4967
4951
4203
5725
5725
3692
2443
4776
4242
4714
6246
2494
4649
4208
1252
3380
8061
6337
3871
2226
2443
3013
3192
5697
4622
3501
1603
1859
2384
2915
3772
2167
1440
1804
2289
3921
4190
2502
1067
975
1992
3092
3496
2945
2236
1223
172
-45
-310
-865
-824
-1108
-1358
-1435
-1879
-2490
-3060
-3062
-3426
-3342
-2928
-2758
-2594
-2453
-2734
-2886
-2911
-3179
-3106
-2953
-2334
-2031
-2393
-2692
-2899
-2965
-2515
-2771
-3432
-3286
-3461
-3368
-2840
-2877
-2996
-3220
-3531
-3778
-3336
-2887
-2520
-1966
-1999
-1980
-1929
-1927
-1647
-1219
-944
-566
-172
-68
145
467
598
728
1035
1399
1727
1799
1835
1959
1942
2194
2299
2460
2416
2420
1974
2050
2580
2817
2734
1980
1852
1833
2401
2272
2419
2269
2130
1978
1874
2103
2517
2517
2165
2137
2163
2182
2154
2278
2238
2212
2206
2050
1877
1793
1637
1612
1543
1431
1312
1282
1192
1087
986
952
865
682
623
523
527
499
432
258
-4
-216
-171
-232
-269
-314
-512
-779
-1012
-1005
-1227
-1296
-1433
-1549
-1685
-1726
-1724
-1888
-1959
-1998
-1976
-2044
-1880
-1864
-2064
-2016
-1975
-1989
-1805
-1716
-1742
-1632
-1514
-1546
-1359
-1342
-1325
-1426
-1291
-2893
-3640
121
2144
1240
-891
-1921
-1038
-59
648
1088
1290
1171
786
111
359
711
1367
1563
1647
695
-723
423
2857
3161
1553
1136
723
390
1098
2524
2980
2479
1614
2135
2570
2337
1105
50
1907
3583
3720
2223
2063
1704
1260
1421
1959
2319
2304
1957
1395
1963
903
1286
1887
1338
583
798
493
683
1339
799
1110
1240
494
-717
-263
306
526
563
578
563
-31
72
-39
-994
-758
-554
-464
-522
-424
-716
-1984
-1410
-1918
-2278
-1952
-2247
-1890
-2208
-2058
-2051
-2355
-2219
-2428
-2642
-2510
-1336
-2286
-2317
-2045
-1507
-3926
-4256
-1909
-558
-1089
-2003
-2300
-2146
-852
-1647
196
424
-139
-655
-311
-430
-1409
-1023
-827
-848
-1953
-529
801
-913
-2094
-4116
-3242
611
2146
-2129
-974
2534
-61
-949
1155
3154
3679
3293
3329
3259
4474
2951
2629
4492
4249
3586
2535
4012
3070
2272
4326
3248
2531
3001
2682
2117
2974
3093
2370
3101
4094
3595
2434
3745
3555
3129
2624
3105
4212
3413
3772
3348
2326
115
-1281
-1197
-1049
-465
-1109
-1993
-3616
-4939
-5812
-5988
-6154
-6435
-5991
-5550
-5452
-5413
-5882
-6646
-6731
-6114
-4754
-3935
-3736
-3071
-2729
-3205
-2764
-2533
-2848
-2521
-2024
-1254
-689
-1032
-2356
-3038
-3171
-3318
-3131
-2484
-2733
-3449
-2895
-3385
-2795
-2004
-2585
-2841
-1939
-1625
-869
1173
1494
516
2076
2108
1425
2148
2614
4077
4138
4998
4961
4657
5450
4083
3972
5832
7182
5816
6072
6645
5708
5552
4532
4856
6591
7207
6496
5184
5078
5027
3592
4450
5688
4882
3890
4433
4314
4175
4384
4405
4193
4530
4958
3096
-201
-2714
-1649
-318
-17
-789
-2925
-5232
-7189
-7483
-7009
-6837
-7545
-7544
-6832
-6384
-6099
-6720
-7503
-7854
-6876
-4390
-2693
-2867
-2915
-2698
-2560
-2220
-2044
-1736
-1717
-1010
188
74
-746
-940
-2080
-3676
-3349
-3421
-3603
-3138
-3743
-4638
-5128
-5515
-5365
-4330
-4277
-4242
-2415
-2128
-2493
-1783
-816
-1444
-771
1308
371
605
1848
1633
1972
1541
1736
3573
3052
2817
3231
3754
4454
4186
4105
4512
4556
4207
4289
4037
4163
5102
4157
4162
4576
3885
4126
3460
3686
4567
4543
3736
3511
3686
3157
3664
4436
4228
3648
4214
4205
4001
4258
4033
2517
547
-539
-242
958
738
-329
-1627
-2997
-4293
-4661
-4381
-4583
-5276
-5538
-4788
-4449
-4568
-4922
-5680
-6094
-5478
-4313
-3214
-2876
-3155
-3200
-3184
-2709
-2397
-2346
-2459
-2335
-1457
-877
-1341
-1566
-1720
-2483
-2602
-2281
-1708
-2469
-2587
-2407
-3278
-3065
-2890
-3183
-2925
-2240
-2394
-2078
-1657
-1833
-1912
-1872
-987
-836
-530
-153
-684
225
-240
-23
1033
317
735
872
1846
1826
987
1101
1887
2074
1692
2526
1750
2449
2383
2274
2413
2181
2841
2485
3197
2931
2998
3278
2975
3086
3456
3877
3672
3843
4045
4382
4499
4799
5198
5343
5422
5808
6144
5980
5048
3340
1751
1343
2301
2570
1531
295
-1443
-3098
-3791
-4149
-4507
-5467
-6458
-6142
-5716
-5966
-6451
-7313
-7845
-7802
-6670
-4925
-4095
-4169
-3939
-3352
-2820
-2253
-1877
-1440
-1154
-615
350
902
586
-523
-1165
-1413
-1731
-1253
-1187
-2128
-3117
-3730
-3975
-4043
-4490
-4498
-4375
-4534
-3724
-3209
-3660
-3202
-2442
-2378
-1749
-132
-206
-306
1119
1425
1523
2564
2816
2452
3681
4028
3915
4452
4143
4588
4719
4184
5621
5900
4251
4516
6117
6227
5373
5127
5708
6422
5870
5948
6194
6081
5511
6225
6874
6561
6315
6114
6869
7363
7676
8569
8529
4237
-76
-1270
1216
3841
2557
428
-2325
-5972
-8323
-7793
-6605
-7362
-9274
-8797
-6990
-7875
-9420
-10664
-11380
-10845
-8502
-4540
-3138
-4157
-4943
-4564
-3542
-2615
-929
660
1373
1931
3007
3366
2381
978
230
728
1111
1260
791
-1113
-3158
-5077
-5621
-5961
-6696
-6758
-6875
-6970
-7515
-7796
-7778
-7583
-6618
-4742
-3035
-2491
-1985
-1315
-164
848
1852
3270
3963
5022
5711
5969
5871
5370
5562
6436
7363
7070
7007
6673
5691
5394
5555
5951
5397
5739
6317
6384
5960
5281
5270
4736
5413
6252
6699
6747
6537
6257
5723
5852
6322
8118
8874
9738
7205
1137
-2624
-1267
4410
5057
2290
-1572
-5411
-8994
-10093
-6904
-5870
-7668
-10093
-9219
-8250
-10580
-11894
-12470
-10926
-9198
-5797
-2899
-4157
-6629
-7722
-5085
-2173
-106
1785
2117
1665
1097
2051
2671
2025
1524
2077
2848
2318
1385
-234
-3137
-5350
-5488
-3967
-4016
-5392
-6778
-7973
-9306
-9751
-8561
-7598
-6983
-5671
-4162
-3871
-4703
-4504
-2778
-513
1432
3266
4097
3687
3803
4823
5841
6238
6902
8113
8196
8151
7632
7117
6299
6020
6733
7419
7292
5984
5589
5398
5290
4966
5916
5541
5871
5545
5623
6708
5247
6351
5335
6649
7534
8087
9499
9182
8323
1877
-1300
-747
5681
8525
4046
-765
-6213
-8346
-9270
-5650
-1957
-4545
-8924
-11649
-10133
-10561
-11725
-10801
-9107
-7954
-7256
-5780
-6261
-8551
-9402
-5395
-768
835
763
-414
-1410
-1604
543
3907
4986
3516
1988
1513
767
383
-122
-994
-2302
-2623
-2176
-3900
-6701
-8678
-8287
-7412
-7038
-6396
-7186
-8339
-8638
-6864
-4817
-4367
-3984
-2877
-1405
-745
368
1294
1838
2995
4678
6140
5786
4994
5415
6621
7700
8138
8091
7214
6064
6701
7366
7465
6808
5488
6173
6226
6561
6465
5656
5601
4852
5531
6771
6180
6492
5321
5929
6863
6791
8324
8242
9134
4675
-577
-1629
2283
8357
5962
563
-5474
-8878
-9160
-6373
-1138
-1559
-7926
-13803
-13559
-10631
-9618
-9010
-8042
-8391
-10239
-9859
-8026
-7596
-8318
-6000
-1622
-277
-1771
-3496
-3173
-1922
725
4434
5795
3236
-417
-1171
395
2175
2969
2306
-650
-3593
-4272
-3588
-3749
-4992
-5566
-5745
-6760
-7520
-7788
-7915
-7425
-6208
-4247
-3992
-5246
-5355
-3835
-1509
278
1376
1741
1439
1888
3577
4975
5507
5813
6229
7158
7149
6947
7059
6690
7482
8199
8309
6989
5952
5826
6898
7051
7296
6713
6150
5390
4810
6715
6312
6823
5892
6127
6047
5942
6112
7728
8375
8883
4948
-1505
-1686
1968
9174
6804
-803
-6541
-9776
-7986
-3834
512
-967
-9865
-16352
-13880
-8876
-6463
-7377
-8556
-10162
-12884
-11083
-7201
-5951
-6787
-6404
-3418
-3000
-5140
-4758
-2271
256
1744
2726
2263
-921
-2249
528
3628
4756
2503
-35
-3482
-4460
-2267
-74
-626
-4043
-6035
-6994
-7412
-6823
-5230
-4742
-5700
-6289
-6050
-5796
-5723
-3911
-1282
-283
-1032
-1653
-729
797
2876
4766
5159
4023
3376
4709
6743
7857
7498
7233
6322
6458
7160
7882
7604
6682
7037
7212
6930
6450
6313
6035
6662
6475
7102
5876
5046
5836
6389
7219
6077
6135
6805
7175
8452
7580
1000
-1871
760
8212
9549
897
-5910
-9197
-6844
-2449
1297
509
-8762
-17224
-14985
-7494
-3684
-5960
-10234
-12459
-14315
-11681
-6501
-4725
-6807
-9267
-7093
-4967
-5460
-4609
-2095
-311
-178
-354
-133
-923
-810
2539
4445
3475
537
-1278
-1115
-747
1013
1457
-991
-4414
-5748
-4555
-4023
-4199
-4342
-5361
-6608
-6893
-5961
-4483
-4312
-3966
-3108
-3089
-3074
-2406
-282
1581
2052
2276
2049
2158
3279
5395
7189
6925
5875
5365
5780
7010
8007
8466
7429
6184
5822
6683
7458
7379
7047
6737
5963
5527
6538
6677
7131
6310
6341
5814
5727
6286
7552
7777
8163
7835
7051
2134
-1430
2423
8545
10247
1643
-6303
-8163
-5487
-1144
2061
240
-8399
-17038
-15309
-6368
-2774
-5622
-10774
-13833
-14841
-12497
-6385
-3660
-6779
-10220
-9527
-6874
-5594
-4210
-1209
-530
-2052
-3194
-1882
-13
1368
3154
3766
883
-1886
-1400
1717
3464
1739
-1339
-4115
-4607
-2751
-751
-1683
-5383
-7793
-6929
-4924
-3831
-4408
-5258
-6063
-5769
-4182
-2901
-2262
-2314
-1455
-371
231
262
1233
2626
3952
4602
4463
4331
4349
5897
7433
7814
6661
5477
5816
6682
7693
8210
7515
6268
5435
6305
7066
7569
7205
6549
6204
5707
6517
7152
7044
6615
6772
7249
7155
7562
7752
7942
3221
-392
2822
8311
9223
551
-6089
-6429
-3376
-226
1706
-1227
-9606
-16331
-12324
-3991
-2458
-7179
-12292
-13816
-13288
-9811
-4705
-4397
-8786
-11664
-9239
-5355
-4178
-3439
-1889
-2463
-3754
-3253
-554
1362
1670
2135
1549
-519
-886
1506
3811
3025
222
-2029
-2538
-1801
170
204
-2304
-5750
-6278
-4254
-2595
-2943
-4615
-5901
-6178
-4997
-3128
-2009
-2507
-3049
-2772
-1545
-518
264
1537
2298
2411
2215
2714
4001
5182
6125
6112
5346
4783
5463
6739
7624
7257
6308
5368
5573
6559
7037
7056
5944
5953
5927
6455
6150
5926
5594
6686
6494
5851
6193
6324
7027
6909
7668
7593
3880
-1244
1730
8155
10782
1634
-7076
-6495
-1755
1473
1372
-1449
-8637
-15187
-11620
-1883
-632
-8108
-14516
-13535
-10229
-8167
-5108
-5335
-9761
-12638
-9372
-3930
-3197
-4978
-3801
-3098
-3960
-3915
-982
1660
1459
678
516
-565
-607
1833
4375
3420
-522
-2910
-1495
834
1891
792
-2765
-5504
-5366
-2220
-210
-2007
-5210
-6627
-5364
-3246
-1840
-1919
-3190
-4310
-3477
-1229
424
710
420
479
891
1819
3119
4308
4493
4355
4285
4448
5173
5989
6888
6357
5635
5294
5758
6461
7064
6859
5937
5504
5562
6341
6409
6656
5930
6250
5759
5626
5932
6420
6826
6937
6412
6630
7059
6572
2326
-192
4317
9334
7442
-2542
-7258
-3369
1215
1497
-407
-5024
-11134
-12738
-6209
-330
-4131
-11927
-14705
-11037
-7837
-6933
-6292
-7804
-11068
-10913
-6850
-3953
-4958
-5806
-3999
-3487
-4522
-3571
-456
1111
333
-576
-711
-636
1090
3205
3353
1066
-1221
-1195
585
2163
1797
-753
-3520
-3960
-2119
-263
-1137
-3585
-5618
-5165
-3375
-1994
-2066
-3501
-4475
-4116
-2266
-723
-307
-739
-828
-442
557
1935
2820
3067
2945
3237
3599
4346
5171
6014
5894
4962
4871
5517
6456
6858
6549
5690
5299
5613
6792
7072
6240
5753
5660
5797
6315
6296
6024
5816
5594
6214
6429
6119
6436
6806
5559
182
120
5707
9381
4371
-4972
-6502
-1522
1526
707
-1661
-6782
-11277
-10564
-4040
-1442
-6514
-12442
-12785
-9144
-7632
-7272
-6284
-7636
-10561
-9861
-6592
-4607
-4939
-4552
-3481
-4568
-5438
-2935
739
1636
-58
-1480
-1525
147
2961
4152
2129
-92
-567
582
2264
2161
1184
-1264
-2522
-1773
-420
-377
-2204
-3625
-3712
-3375
-3060
-2720
-2775
-2896
-3476
-3333
-2495
-1669
-1009
-417
-415
-725
-18
1384
2446
2790
2643
2370
2987
4323
5604
5577
4693
4155
5023
6055
6794
6668
5602
4810
5555
6597
7227
6379
5201
4907
5948
6548
6453
5896
4850
4880
5138
6548
6328
5898
5293
5414
6077
5510
1339
175
4429
8335
5016
-4192
-6505
-1514
2153
928
-2561
-6617
-10258
-9564
-3615
-1146
-6520
-12904
-12847
-8001
-6400
-7151
-7393
-8720
-10689
-9479
-5721
-4113
-5898
-6109
-4445
-4333
-4452
-2454
342
482
-1242
-1634
-601
1071
3139
3144
1701
-22
277
1902
2881
2270
540
-1068
-1641
-811
144
-347
-2091
-3613
-3974
-3314
-2729
-2521
-2824
-3611
-4137
-3657
-2592
-1622
-1284
-1389
-1671
-1298
96
1532
2006
1640
1342
1961
3299
4551
5038
4530
3876
3990
5202
6363
6464
5461
4652
4805
5674
6433
6302
5259
4717
4516
5603
5824
5226
5308
4587
4792
4354
5053
5627
5403
5376
4472
4764
5534
6114
3693
62
1115
5846
7148
784
-5266
-4200
269
873
-1217
-3979
-7448
-9559
-7202
-3001
-3989
-9402
-11940
-9543
-7366
-7660
-7769
-7357
-8380
-9243
-7592
-5363
-4952
-5340
-4348
-3550
-4047
-3606
-1064
839
308
-1009
-1116
217
1937
3091
2283
787
154
663
1717
1676
1108
-268
-1476
-1722
-1335
-934
-1797
-3123
-3944
-4130
-3622
-3194
-3327
-3687
-4386
-4485
-3449
-2465
-1963
-2315
-2525
-2139
-1088
224
863
527
206
803
2301
3464
3246
2858
2693
3310
4299
4713
4763
4173
3591
3883
4614
5089
4735
4126
3922
3513
4058
4587
4945
4120
3223
3087
4012
4379
4302
3812
3557
3574
4162
4453
4539
4528
4009
2761
-297
580
4612
6398
661
-6105
-5333
-163
1372
-1307
-4638
-7657
-9101
-7062
-2562
-3029
-8615
-11802
-9499
-6424
-6397
-6896
-6944
-8045
-8938
-7162
-4596
-3963
-4978
-4724
-3991
-4110
-3322
-975
436
-430
-2032
-1887
-143
1873
2588
1276
-541
-844
653
2031
1638
203
-1186
-1909
-1355
-787
-741
-1746
-3282
-3824
-3643
-2964
-2863
-3252
-3605
-4046
-4077
-3549
-2606
-1918
-2184
-2714
-2468
-1313
12
568
270
158
667
1801
2760
3178
2954
2632
3129
3966
4551
4593
4294
3985
3859
4201
4673
4830
4569
3895
3515
3691
4211
4509
4020
3456
3126
3316
3993
4312
3741
2746
3181
4283
4678
3907
3325
3691
4523
4829
2807
346
1083
4475
5509
1177
-3732
-3356
349
1462
-682
-3562
-5706
-6472
-4810
-2227
-3013
-7110
-9325
-7316
-4912
-5081
-5946
-6151
-6618
-6850
-5641
-4051
-3682
-4117
-3893
-3312
-3126
-2532
-1019
14
-362
-1248
-1016
301
1506
1675
1025
430
420
1025
1203
1381
213
-340
-426
-377
-357
-1199
-1804
-2101
-2044
-2160
-2472
-2999
-2946
-2735
-2512
-2659
-2782
-2352
-1773
-1298
-1436
-1515
-795
265
929
1028
959
1258
2018
2764
3280
3340
3245
3356
3927
4430
4412
4049
3955
4216
4437
4420
4090
3710
3719
4108
4222
3667
3059
3521
3933
4021
3593
2992
3259
3242
4126
4424
3658
3406
3332
4333
4645
4642
4223
4113
4062
2778
1956
2950
4897
3810
287
-2516
-860
1446
992
-1492
-3732
-4892
-5015
-3561
-2395
-3872
-7199
-8094
-6185
-4643
-5168
-5904
-6119
-6723
-6445
-4916
-3611
-3914
-4539
-4238
-3381
-2859
-2083
-1176
-881
-1288
-1506
-789
225
902
785
226
-154
197
919
1303
741
-337
-618
-152
91
-138
-845
-1461
-1737
-1668
-1229
-1322
-2022
-2387
-2274
-1755
-1637
-1715
-1513
-1522
-1326
-1104
-669
-176
54
112
295
523
1084
1628
1888
1913
1839
2073
2479
2841
3055
3014
2864
2917
3250
3433
3366
3213
3122
3187
3261
3563
3466
3381
3249
3285
3573
3592
3510
3605
3510
3705
3821
3842
3640
3639
3873
4119
3904
3600
3821
3990
4127
3648
2734
1598
1487
2924
3759
1457
-1742
-2655
-523
702
-681
-3082
-4762
-5206
-4375
-3131
-3359
-5709
-7635
-6937
-5283
-4847
-5509
-6220
-6481
-6482
-5648
-4569
-4246
-4672
-4742
-4364
-3821
-3299
-2400
-1828
-2023
-2482
-2215
-1128
-162
-35
-313
-656
-506
215
1035
1066
481
-488
-122
517
961
773
-351
-952
-1128
-427
-288
-571
-1373
-1813
-1872
-1434
-1200
-1445
-1852
-2036
-1713
-1387
-1110
-908
-972
-1088
-825
-187
445
666
645
816
1138
1607
2127
2576
2679
2496
2644
3223
3699
3805
3630
3545
3675
3866
4119
3985
3768
3637
3790
4094
3883
3354
3292
3556
3863
3630
3110
2927
2926
3225
3350
3235
2685
2687
2824
3272
3128
2727
2762
2930
2932
1675
1371
1513
2419
1957
499
-1034
-1454
-554
-108
-803
-2802
-3805
-3951
-3310
-3188
-3706
-5024
-5951
-5713
-4926
-4734
-5319
-5710
-5687
-5403
-5056
-4447
-4228
-4200
-4002
-3480
-3054
-2742
-2161
-1536
-1248
-1323
-1042
-403
287
567
681
592
657
993
1441
1670
1429
739
562
1175
1286
824
186
-58
-196
-372
-453
-603
-987
-1387
-1538
-1613
-1570
-1458
-1227
-1448
-1703
-1509
-905
-417
-281
-335
-147
337
996
1555
1648
1595
1801
2485
3027
3180
3142
3131
3285
3580
3840
3796
3585
3368
3538
3658
3528
3293
3030
2829
2762
2843
2902
2637
2269
2112
2094
2302
1954
1965
1856
1872
1977
2041
2137
1877
1838
1960
2468
2458
2360
2257
2393
2405
2611
2478
1778
1538
1570
1669
1302
492
-125
-776
-962
-620
-1267
-2568
-3272
-3035
-2995
-3629
-4078
-4344
-4797
-4959
-4605
-4455
-4848
-5270
-4750
-4370
-4448
-4319
-3911
-3662
-3605
-3261
-2647
-2370
-2235
-1805
-1419
-1157
-933
-511
-221
-72
55
262
479
764
844
798
703
638
585
661
878
721
263
-183
-132
60
128
-61
-434
-897
-932
-514
-208
-375
-912
-1043
-703
-300
-129
-204
-286
-275
0
465
715
692
672
753
1041
1371
1610
1599
1523
1560
1711
1868
1961
1909
1782
1721
1731
1830
1877
1848
1671
1403
1362
1633
1817
1653
1300
1174
1280
1548
1641
1573
1231
1188
1383
1636
1702
1545
1438
1379
1764
1740
1784
1643
1721
1731
1860
1987
2020
1941
1805
1439
1243
1476
1639
1031
331
112
57
-265
-721
-903
-1450
-2121
-2444
-2303
-2592
-3271
-3707
-3696
-3844
-4091
-4165
-4121
-4223
-4394
-4188
-3912
-3839
-3719
-3355
-3133
-3076
-2783
-2261
-1918
-1726
-1396
-1077
-804
-496
-131
86
276
529
729
856
1009
1098
1111
1101
1048
977
1065
1011
733
343
235
250
208
6
-272
-671
-915
-872
-765
-736
-999
-1267
-1357
-1215
-1040
-912
-865
-869
-849
-692
-406
-202
-44
110
289
359
516
794
994
1101
1146
1149
1172
1293
1428
1536
1466
1329
1297
1388
1470
1371
1247
1220
1175
1233
1257
1185
932
932
1169
1265
1079
1026
1015
1128
1200
1241
1317
1323
1430
1509
1545
1483
1698
1837
2119
1896
1782
1815
2083
2218
2337
2147
1929
1686
1630
1765
1822
1576
849
362
495
482
-92
-625
-890
-1048
-1658
-1960
-1997
-2186
-2749
-3140
-3133
-3232
-3486
-3482
-3315
-3606
-3844
-3706
-3246
-3143
-3310
-3189
-2916
-2676
-2435
-2108
-1924
-1897
-1772
-1343
-1023
-894
-826
-620
-362
-189
-196
-218
-250
-138
-34
4
-120
-387
-570
-610
-583
-666
-790
-1025
-1231
-1410
-1354
-1287
-1346
-1628
-1750
-1668
-1535
-1451
-1428
-1509
-1598
-1448
-1138
-879
-861
-903
-814
-561
-315
-170
-68
-3
82
256
420
517
526
540
674
872
925
858
864
955
1092
1199
1303
1253
1151
1175
1397
1644
1598
1525
1477
1553
1720
1968
2011
1823
1675
1884
2179
2325
2195
2012
1945
2160
2322
2332
2201
2030
2025
2101
2366
2192
1968
1889
2102
2170
1913
1850
1826
1737
1349
1375
1302
1129
739
458
324
-98
-419
-605
-710
-1162
-1607
-1888
-2052
-2318
-2454
-2572
-2786
-3051
-3247
-3212
-3161
-3142
-3177
-3231
-3226
-3060
-2853
-2604
-2483
-2420
-2324
-2057
-1669
-1468
-1368
-1285
-1121
-843
-535
-485
-527
-396
-318
-345
-347
-179
-227
-471
-605
-565
-542
-704
-817
-930
-1071
-1190
-1142
-1094
-1260
-1428
-1397
-1254
-1168
-1143
-1099
-1020
-910
-739
-485
-334
-325
-241
5
297
437
499
611
822
1040
1165
1254
1331
1381
1464
1677
1803
1760
1659
1713
1865
1969
1969
1880
1782
1872
2039
2099
2044
1924
1916
1980
2129
2151
2094
1995
1929
2026
2029
2043
1971
2054
1961
2029
1956
1960
1880
1888
1877
1781
1796
1775
1711
1520
1611
1553
1386
1304
1421
1322
1009
936
964
895
697
525
288
124
-80
-103
-227
-363
-794
-1157
-1339
-1289
-1283
-1500
-1820
-2281
-2505
-2420
-2154
-2299
-2734
-3012
-2977
-2794
-2673
-2632
-2748
-2917
-2865
-2583
-2346
-2409
-2406
-2212
-2108
-1825
-1596
-1403
-1487
-1446
-1252
-1079
-894
-972
-867
-810
-875
-975
-807
-719
-782
-855
-884
-946
-974
-857
-797
-857
-1052
-1040
-852
-715
-687
-574
-584
-586
-391
-143
33
72
146
270
491
671
828
951
968
1036
1270
1470
1483
1456
1474
1531
1710
1652
1744
1407
1536
1576
1597
1789
1672
1717
1360
1606
1602
1640
1686
1531
1510
1535
1732
1542
1563
1423
1663
1766
1615
1480
1399
1541
1542
1747
1593
1283
1196
1323
1395
1462
1400
1131
946
813
970
1043
1006
685
339
313
366
532
430
172
-149
-310
-212
-8
-200
-524
-637
-700
-666
-660
-726
-1011
-1061
-1100
-1203
-1206
-1165
-1288
-1529
-1598
-1638
-1632
-1705
-1650
-1728
-1962
-2107
-2000
-1894
-1963
-2036
-2168
-2231
-2181
-1998
-1938
-2062
-2268
-2145
-1882
-1767
-1791
-1858
-1842
-1741
-1488
-1357
-1383
-1457
-1354
-1177
-1007
-991
-972
-949
-888
-755
-572
-518
-554
-583
-479
-290
-198
-196
-207
-131
-40
115
262
285
248
293
406
604
739
777
749
759
861
1058
1201
1207
1171
1187
1322
1417
1585
1565
1527
1469
1518
1692
1695
1735
1657
1575
1523
1647
1722
1660
1490
1373
1384
1490
1608
1408
1235
1076
1173
1379
1362
1218
938
859
903
1111
1118
910
724
649
686
814
869
647
501
326
313
437
492
420
206
16
69
188
171
67
-54
-62
-221
-161
-72
-198
-343
-517
-529
-489
-439
-433
-580
-822
-870
-779
-639
-729
-914
-1002
-1006
-943
-845
-876
-994
-1137
-1105
-933
-937
-1024
-1146
-1171
-1169
-1147
-1133
-1185
-1340
-1391
-1354
-1363
-1434
-1538
-1515
-1523
-1550
-1551
-1546
-1542
-1618
-1625
-1604
-1535
-1536
-1490
-1421
-1355
-1344
-1246
-1135
-1023
-937
-886
-790
-666
-536
-389
-279
-235
-184
-41
113
207
214
260
396
523
585
627
668
674
727
821
879
871
884
946
988
976
969
1021
1070
1092
1103
1140
1134
1139
1170
1211
1284
1289
1254
1246
1277
1339
1379
1329
1233
1181
1197
1228
1265
1212
1107
1003
934
1018
1096
1084
851
660
583
780
923
793
482
319
370
420
558
393
280
86
87
174
286
212
30
28
-60
-22
85
140
37
-151
-130
-32
27
-109
-150
-151
-261
-225
-178
-176
-360
-475
-477
-427
-418
-523
-577
-694
-725
-696
-608
-710
-853
-887
-906
-779
-769
-836
-958
-1006
-995
-846
-775
-885
-1017
-1077
-951
-869
-901
-1004
-1079
-1112
-1053
-933
-964
-1089
-1139
-1084
-1042
-1012
-1025
-1056
-1025
-1017
-944
-871
-844
-877
-785
-710
-673
-619
-523
-487
-451
-384
-316
-243
-232
-151
-80
-34
-23
61
141
139
144
208
302
358
375
361
420
482
528
567
585
584
621
694
729
763
804
830
843
862
898
954
993
984
955
926
964
1017
1056
993
901
877
910
983
969
871
764
735
798
871
810
680
564
589
664
676
606
499
449
480
532
550
507
361
375
457
487
404
300
255
224
257
303
361
157
34
15
62
122
150
-5
-166
-281
-228
-101
-84
-256
-484
-478
-435
-258
-244
-378
-601
-689
-516
-340
-323
-628
-782
-736
-594
-521
-593
-765
-883
-884
-758
-696
-737
-957
-983
-910
-895
-842
-858
-935
-1005
-937
-831
-787
-719
-768
-779
-687
-645
-534
-496
-443
-513
-469
-382
-271
-216
-299
-356
-294
-170
-91
-80
-194
-261
-156
-68
-15
-50
-166
-216
-115
22
30
-40
-129
-98
17
112
90
56
34
61
197
247
215
181
217
262
321
325
314
338
381
393
412
404
368
395
459
441
429
371
353
425
490
434
332
287
336
418
440
356
251
252
288
377
332
279
160
177
249
326
287
154
118
125
224
237
201
81
76
67
79
128
68
8
0
47
-23
-72
-11
76
22
-111
-162
-159
-78
-73
-102
-219
-381
-366
-261
-174
-252
-348
-408
-347
-272
-204
-228
-328
-395
-276
-251
-291
-287
-322
-349
-318
-305
-411
-315
-233
-237
-335
-357
-411
-317
-205
-230
-311
-416
-364
-211
-140
-258
-332
-360
-301
-188
-152
-272
-328
-241
-160
-124
-181
-257
-196
-95
-55
-21
-114
-183
-92
35
37
-45
-104
-187
-30
-14
-1
49
-150
11
14
21
75
13
15
-53
95
53
-20
71
106
94
32
80
106
126
150
103
135
93
50
167
138
96
86
107
70
69
143
151
118
80
51
59
116
184
253
197
80
53
166
264
289
176
23
28
178
290
272
156
70
132
231
286
240
175
53
117
240
216
117
16
54
69
103
123
43
-20
-5
72
119
88
9
1
6
-1
1
54
21
-51
-72
-30
-12
-32
-32
-24
-52
-102
-111
-84
-80
-119
-167
-222
-210
-174
-150
-142
-162
-202
-228
-193
-149
-172
-171
-190
-187
-153
-160
-169
-171
-157
-197
-196
-165
-187
-164
-132
-170
-165
-164
-140
-76
-59
-63
-106
-42
-21
41
57
-15
-51
2
74
137
110
29
16
76
142
169
138
13
56
111
172
152
123
96
49
130
127
131
127
99
82
69
98
116
169
152
130
88
88
124
201
193
110
96
140
159
164
147
131
86
21
74
104
109
37
-3
25
13
42
55
-1
-39
-48
4
6
-32
-29
-72
-95
-103
-75
-51
-57
-87
-104
-119
-121
-94
-32
-43
-74
-82
-90
-13
-46
-96
-177
-132
-85
-92
-116
-217
-214
-216
-164
-126
-194
-270
-311
-238
-180
-185
-229
-309
-305
-249
-185
-178
-249
-308
-288
-222
-189
-158
-150
-192
-201
-170
-95
-38
-20
-20
-40
-31
-4
36
84
63
42
54
56
100
111
122
93
69
99
107
131
102
102
146
139
131
96
101
113
110
94
