18
17
12
2
-9
4
25
7
7
4
-7
-35
-27
-29
-40
-36
-29
-30
-43
-49
-56
-33
-33
-27
-4
-21
-9
11
5
15
45
46
44
62
57
50
70
71
72
81
55
64
74
69
54
33
42
15
2
13
-24
-57
-60
-75
-99
-92
-83
-81
-90
-91
-117
-117
-76
-54
-51
-67
-63
-49
-52
-34
-26
-20
-9
10
16
6
26
36
41
38
48
47
35
38
41
53
23
21
27
1
-2
1
-15
-39
-26
-20
-31
-37
-51
-89
-92
-79
-41
-42
-54
-65
-47
-43
-36
-15
-30
-33
-22
-18
-15
2
-1
-19
-11
22
-18
-26
3
-11
-18
-23
-47
-78
-77
-75
-67
-88
-111
-104
-93
-98
-123
-125
-117
-83
-100
-130
-122
-97
-93
-79
-71
-67
-71
-101
-75
-27
-36
-26
-11
-19
-20
-1
14
18
12
5
-5
-29
-11
-9
-6
29
18
12
-3
-4
-24
-36
-12
-10
-8
-26
-19
-21
-39
-34
-16
-28
-36
-13
-14
11
-1
-3
18
-7
13
44
58
41
48
44
53
63
55
58
48
66
67
54
40
31
-7
-16
-92
21
-27
-78
-162
-109
-315
-484
-938
-1041
-1446
-2364
-916
1935
1262
-1208
-603
-13
-836
-615
596
248
-243
-33
432
-299
-775
-24
-21
-787
-399
36
-971
-3379
-3755
-358
1203
-323
-53
694
-779
-713
804
678
-49
502
1104
592
-73
436
497
-185
321
843
-186
-234
302
-509
-1884
-1843
-2742
-4548
-3444
-344
58
39
545
-457
-3724
-5102
-2176
-733
-920
574
2225
595
-341
580
128
-540
2163
3383
2380
2054
2687
627
-22
585
183
-125
808
2155
963
-43
284
-684
-3027
-1953
-1194
-2533
-1964
638
578
-1112
-1388
-723
-1434
-584
1078
228
815
1758
1557
1196
1432
-182
-588
1217
1562
866
1270
-724
-4849
-4171
221
-346
-1239
990
34
-1287
-1200
888
1364
-718
1319
2569
719
42
1240
622
-411
1290
2177
924
805
739
374
-1182
-550
455
-1898
-925
1625
1078
-619
1149
849
-2486
45
1070
295
1506
2137
262
-821
231
384
-1312
411
1456
-225
-136
706
797
-1795
-806
1239
332
-770
1055
1289
-1185
-908
2100
-1219
-1839
2034
544
-1852
-977
316
-1489
-662
1685
603
-3195
-2047
357
-1423
-1468
1327
428
-1496
581
-576
-2383
-507
-135
-671
-351
1595
833
-1191
-1397
-1068
-890
-1683
-63
1023
-81
406
72
-816
-1169
-1545
-453
893
2052
1489
739
466
-586
-1642
-20
1820
1310
2031
2080
913
376
300
-492
-603
420
1369
1794
2279
815
-615
-617
-719
-155
1089
2208
1365
865
1807
1157
-328
517
693
95
1469
2971
2166
859
486
230
134
270
1036
1595
2147
1546
316
-587
15
489
-180
727
1658
1458
720
773
712
384
-117
841
1994
1126
1531
1872
1467
676
261
29
6
1031
2062
1741
1562
1526
-378
-1670
23
1849
135
-771
1929
1750
-570
-927
442
465
-1655
-1225
1961
2828
410
-720
761
659
-2160
-1835
1921
2052
209
571
2413
1155
-2018
-1499
1053
2090
605
472
2540
1405
-775
-172
1181
673
-375
-452
1560
1975
536
107
889
1008
-886
-577
1652
1585
1003
1057
945
1174
69
-883
127
967
579
-135
620
1868
566
-829
-215
1146
379
-1293
568
2765
842
-1541
154
1430
-171
-1295
1468
2994
-514
-1158
1300
1192
-1051
-822
1783
2010
396
687
1755
717
-584
-361
1301
1731
953
461
646
1071
-502
-1460
-143
599
366
-436
547
860
-1041
-1568
-276
90
-562
95
719
460
-577
-348
-436
-894
-428
-104
255
266
521
141
-831
-427
-603
-1044
-1176
-226
451
-1024
-1322
-1124
-1140
-2151
-1701
-622
-594
-997
-1121
-414
-1517
-1841
-1607
-1153
-987
-1026
-615
-920
-942
-918
-963
-1420
-1136
-692
-1048
-1336
-845
-1067
-2557
-2575
-1790
-2139
-2160
-1505
-1187
-2145
-3141
-2440
-2539
-2587
-2029
-1299
-1136
-1808
-1802
-1726
-1974
-1973
-1346
-419
183
315
558
110
-591
-49
552
741
1501
1933
1773
1132
825
1058
974
843
1473
1795
1181
1215
1669
1045
-42
593
1443
1530
1286
1537
1417
666
175
115
444
37
471
775
878
278
-955
-1087
-1154
-1124
-960
-293
-3
-710
-1027
-990
-1586
-2093
-2213
-1199
-749
-1114
-936
-989
-1414
-2560
-2653
-2023
-2075
-2243
-1771
-1443
-2025
-2832
-2634
-3205
-4379
-4279
-4295
-4733
-5637
-6223
-6650
-7897
-8898
-9162
-9642
-10175
-10652
-10607
-11243
-12049
-11894
-11862
-12069
-12169
-11408
-10730
-10830
-10376
-9242
-8791
-8691
-8031
-7123
-6563
-6159
-5378
-4375
-4035
-3804
-3330
-2889
-2633
-2210
-1512
-1045
-696
-309
65
338
554
803
1277
1757
2157
2425
2944
3193
3248
3929
4495
4657
5051
5193
5795
6521
6977
7401
7286
7576
7975
7995
7939
7860
7544
7474
7848
8785
9105
8748
8058
7386
7369
7005
6931
7184
6859
6758
6639
6124
6420
6192
5842
6113
6470
7153
7749
7411
6976
7066
7462
7983
8464
8230
5909
3522
1908
2918
3991
3626
2488
880
-683
-1164
-1539
-2176
-2694
-3509
-2884
-2267
-1354
-1144
-1946
-2967
-3299
-2236
-174
997
1793
1684
1697
2363
2858
3323
3089
3081
3531
4094
4725
4806
4388
3574
2499
2070
1892
1656
1448
892
247
28
-252
-92
-851
-1216
-1162
-598
449
994
1610
1770
2258
2996
3505
4358
5072
5731
6281
7089
8240
8512
8452
8371
8331
8464
8760
9316
9720
9635
9829
9470
8549
8707
9482
9534
9300
9479
9596
10125
10259
9908
8756
8301
9007
10317
10760
9923
9368
9115
9800
9594
9144
8772
8614
9369
8998
8158
7415
7744
7434
7560
7299
6508
7032
7657
7439
6668
6117
5718
6220
6216
4605
2511
1444
1565
2239
2142
964
-1177
-1993
-1816
-1827
-2662
-4094
-5170
-5382
-4399
-3836
-4032
-4965
-5803
-5963
-5411
-4707
-4467
-4697
-4620
-4277
-3686
-3450
-3612
-3999
-4380
-4421
-4188
-3700
-3499
-3737
-4101
-4483
-5188
-4991
-4747
-5308
-5653
-5930
-5982
-5887
-5962
-6451
-7079
-6919
-7017
-7289
-7501
-7247
-7174
-7247
-7327
-7813
-7687
-7412
-7505
-7671
-7790
-7634
-7216
-6916
-7291
-7799
-7714
-7550
-6923
-6667
-6957
-7248
-7264
-6912
-6581
-6564
-6859
-7482
-7823
-7847
-6970
-6154
-6727
-8198
-8784
-7796
-6385
-5752
-6284
-7359
-7660
-6659
-5643
-5512
-6070
-6538
-6386
-5553
-4879
-5016
-5435
-5575
-5409
-4922
-4490
-4684
-5111
-5226
-4904
-4457
-4288
-4492
-4676
-4655
-4470
-4229
-4256
-4460
-4479
-4290
-3990
-3814
-3829
-3999
-4056
-3923
-3740
-3717
-3758
-3856
-4001
-4069
-4056
-4046
-4129
-4267
-4321
-4280
-4339
-4443
-4642
-4800
-4882
-4888
-4894
-4932
-4840
-4809
-4825
-4753
-4732
-4766
-4787
-4702
-4588
-4535
-4382
-4221
-4128
-4009
-3921
-3835
-3731
-3675
-3498
-3342
-3202
-3023
-2880
-2746
-2638
-2524
-2355
-2216
-2121
-1968
-1773
-1645
-1493
-1309
-1239
-1211
-1097
-975
-842
-743
-622
-533
-527
-507
-418
-329
-325
-238
-171
-77
-34
-44
6
-2
-12
-17
80
197
232
274
271
281
324
339
409
433
425
459
482
540
517
445
430
466
527
515
542
576
539
478
518
509
438
448
498
486
447
419
439
369
341
385
374
367
325
322
315
346
129
32
356
641
646
333
19
136
491
516
374
206
123
276
414
309
79
9
119
151
45
-139
-233
-200
-147
-82
-186
-253
-313
-359
-335
-388
-442
-528
-539
-550
-630
-662
-612
-654
-721
-708
-733
-762
-789
-770
-730
-659
-588
-464
-331
-267
-297
-296
-84
138
192
256
412
533
640
761
914
999
1061
1227
1281
1269
1346
1452
1574
1767
1771
1621
1490
1541
1656
-37
-2052
-739
2131
3806
3018
1046
985
2382
3501
3228
2097
2415
4147
4996
3862
2880
3223
3984
4359
3983
3569
3881
4251
4228
4222
3708
4019
4006
4069
3911
3741
3914
4342
4406
3972
3937
3930
4066
4064
4000
3609
3991
4603
4725
3696
3620
3475
4281
4337
3881
3744
1647
778
2378
5079
6227
3654
1534
1759
3811
4479
2656
2154
3545
4440
4332
2301
1538
2386
1334
-20
423
2549
3514
1916
-39
801
1685
1695
-47
-774
259
2609
2737
807
256
599
863
651
394
458
1416
2754
1598
635
936
846
326
-236
304
862
882
1224
782
59
112
-85
-224
-502
1111
527
65
1276
869
-177
356
1090
533
609
1261
977
753
1408
1073
1082
976
1228
1561
1602
1671
1419
1581
1690
1669
2382
2388
2040
3491
3705
2453
3474
4032
3388
3220
5008
4425
2648
3711
4439
4541
3197
2928
4098
4209
3334
3506
3604
2995
2937
2882
3396
2915
2439
3329
3435
2561
2524
2429
3147
3319
2844
3005
3389
2926
2934
3022
3151
3057
2137
1777
1907
1861
607
-362
-466
-908
-1490
-1696
-2026
-2573
-3204
-3923
-4265
-3983
-3981
-4520
-4551
-4288
-3935
-3673
-3647
-3670
-3487
-3284
-2889
-2109
-1747
-1569
-1283
-1446
-1051
-703
-943
-584
-553
-815
-582
-334
-494
-1016
-1928
-2169
-1918
-1945
-1797
-2208
-2903
-3062
-2632
-2559
-2839
-3146
-3079
-2528
-2487
-2595
-1780
-1759
-2046
-1424
-926
-429
-249
226
-495
169
1092
1012
1342
1652
1489
1469
2573
3110
2300
1711
2204
2000
2957
3991
3272
2640
3323
3731
3322
3268
3478
3572
3071
3022
3471
3998
3389
3110
3300
3472
3903
3494
2782
2500
3153
3277
2687
2825
3322
3492
3024
2818
3356
3693
3410
2884
2196
1661
1142
343
-362
-431
-611
-1365
-2146
-2736
-3631
-4656
-5349
-5708
-5757
-5636
-5706
-5969
-6187
-6310
-6330
-6079
-5706
-5359
-4862
-4201
-3571
-3189
-3036
-2978
-2581
-1956
-1402
-1061
-738
-415
-481
-691
-755
-698
-600
-639
-854
-844
-967
-1387
-2044
-2744
-2958
-2769
-2855
-3167
-3405
-3520
-3677
-3815
-3945
-3909
-3498
-3005
-2925
-2562
-2046
-2023
-2017
-1597
-920
-470
-211
138
473
533
826
1231
1227
1491
1854
1784
2102
2420
2346
2335
2656
2818
2667
2459
2745
3260
3350
3184
3194
3631
3483
3588
3727
3570
4002
4276
4017
3654
4523
4729
3936
3631
3867
3959
3915
4021
3718
3663
4170
4249
3908
3989
4307
4162
3509
2606
2048
1555
613
-153
-279
-268
-1102
-2356
-3273
-4108
-4914
-5520
-5700
-5744
-6057
-6317
-6620
-6916
-6937
-6766
-6596
-6237
-5478
-4693
-4134
-3922
-3594
-3502
-2995
-2115
-1038
-454
-252
95
348
274
16
1
241
469
314
162
151
-103
-710
-1340
-1888
-2331
-2687
-3093
-3395
-3494
-3780
-4261
-4616
-4804
-4822
-4687
-4422
-4002
-3585
-3410
-3143
-2715
-2312
-1874
-1293
-716
-536
-168
491
705
595
847
1597
1820
1837
2327
2644
2217
2262
2856
3059
2868
3071
3413
3467
3353
3634
4332
3798
3552
4315
5073
5086
4636
4888
5187
4850
4601
5113
6086
6032
5191
5052
5306
5187
4763
4635
4919
5179
5268
5168
5205
5504
5110
4010
2905
2192
1313
244
-122
229
-293
-2103
-3758
-4764
-5688
-6438
-6564
-6565
-7025
-7670
-8219
-8606
-8696
-8672
-8355
-7792
-6852
-5934
-5462
-5235
-5008
-4625
-3918
-2783
-1506
-551
-47
176
306
466
676
1026
1436
1649
1614
1507
1189
533
-210
-726
-1000
-1256
-1592
-2040
-2794
-3835
-4856
-5407
-5603
-5650
-5718
-5873
-6123
-6320
-6244
-6028
-5708
-5089
-4387
-3736
-2947
-2229
-1774
-1513
-1024
-224
551
1206
1738
2144
2296
2438
2721
3060
3207
3365
3584
3709
3800
3732
3645
3644
3935
4357
4758
4867
4819
4846
5054
5223
5599
6100
6455
6405
6158
6514
7082
7629
7447
6960
6813
6683
6653
6658
6742
6936
6941
6836
6870
6990
6529
5410
3581
1523
274
370
1321
1085
-1018
-3643
-5966
-7346
-7401
-6643
-6462
-7445
-8732
-9734
-10223
-10218
-9749
-9188
-8431
-7387
-6296
-5701
-5723
-5743
-5449
-4197
-2097
-333
464
316
-50
-72
616
1589
2383
2691
2311
1749
1163
849
457
92
-347
-678
-971
-1524
-2456
-3752
-4708
-4996
-4624
-4466
-4597
-5416
-6328
-6661
-6683
-6309
-5798
-5167
-4827
-4851
-4672
-4270
-3849
-3222
-2373
-1497
-836
-535
-477
-363
51
722
1363
1858
2096
2094
2096
2136
2477
2728
3032
3310
3538
3530
3491
3649
4095
4366
4697
5036
5585
5751
5793
6192
6308
6842
6820
7424
7637
8124
8002
8004
7797
7758
8108
7782
8009
7415
7246
7011
7188
7767
7600
7250
6671
5371
3375
611
7
567
1735
1283
-1404
-4622
-7367
-8298
-7437
-5864
-5768
-7207
-9770
-11386
-11522
-10477
-9007
-8024
-7512
-7323
-7294
-7005
-6726
-5764
-4589
-2827
-1206
-324
-509
-1095
-1192
-192
1387
2759
3179
2361
1064
81
235
844
1278
1049
110
-1087
-2176
-3043
-3235
-3572
-3776
-4154
-4392
-4950
-5838
-6532
-6721
-6337
-5484
-5085
-5352
-5897
-6123
-5569
-4785
-3636
-3017
-2875
-2762
-2425
-1997
-1380
-787
-319
114
454
706
841
840
1087
1457
1950
2242
2427
2266
2135
2286
2755
3287
3705
3884
3943
4067
4175
4789
5304
5868
6278
6339
6472
6622
7051
7444
7802
8202
8334
8280
8100
7958
7745
7733
7804
8057
7702
7606
7371
7189
6861
7493
7691
6130
3998
728
-50
674
2979
2485
-710
-4405
-7311
-7803
-6345
-4305
-5085
-7419
-10152
-11461
-11274
-9633
-8184
-8031
-8194
-8256
-8127
-7695
-6926
-5964
-4761
-3073
-1658
-1409
-1938
-1930
-1331
305
2142
3090
2590
1357
384
478
1543
2535
2491
1284
-62
-1020
-1414
-1574
-1627
-2202
-3142
-3895
-4305
-5050
-5584
-5855
-5775
-5721
-5440
-5384
-6284
-7065
-6480
-5151
-3916
-3197
-3260
-4084
-4311
-3074
-1402
-349
45
-19
-390
-184
729
1600
1888
2070
2287
2204
2091
2266
2514
2769
3108
3590
3567
3097
3074
3464
3946
4503
5052
5023
4690
4706
5255
5879
6503
6903
6664
6396
6751
7310
7760
7739
7794
7359
7001
7067
7137
7496
7364
7658
7184
6947
6465
7219
6884
5308
2483
428
1708
2949
3482
516
-2599
-5688
-6302
-5046
-3441
-4090
-6692
-9340
-10700
-10148
-8718
-7674
-8166
-8818
-8856
-8645
-8011
-7009
-6132
-5486
-4413
-2951
-2616
-2980
-2689
-1244
137
1488
2130
1679
628
513
1427
2529
2970
2523
1293
134
-237
73
214
-149
-1148
-2364
-3360
-3629
-3584
-3822
-4633
-5507
-5845
-5764
-5709
-5655
-5999
-6278
-5925
-5175
-4456
-4452
-4268
-4012
-3374
-2362
-1431
-1197
-1163
-747
66
768
1304
1680
1629
1675
2148
2731
2974
2832
2924
3089
3234
3493
3631
3429
3527
3734
4057
3883
4055
4355
4620
4750
5178
5465
5298
5424
5614
6208
6337
7024
6937
6810
6507
6659
6807
6857
7072
7211
7063
6931
7026
6819
7166
7299
6320
4520
2133
1984
3023
4059
2968
-536
-3300
-4768
-4190
-3080
-2757
-4800
-7670
-9639
-9475
-8507
-7577
-7621
-8656
-9285
-9262
-8571
-7729
-6898
-6080
-5462
-4706
-4066
-3824
-3554
-2385
-790
476
860
696
351
526
1538
2708
3067
2459
1535
958
1151
1584
1598
855
-169
-1242
-1803
-2133
-2257
-2768
-3414
-4132
-5002
-5781
-6108
-5895
-5523
-5433
-5772
-6130
-6401
-5888
-4903
-3932
-3337
-3174
-3095
-2847
-1951
-835
-21
444
593
775
1160
1714
2345
2701
2878
3061
3060
3093
3240
3487
3699
3778
3914
3815
3586
3448
3567
4102
4484
4728
4452
4046
3947
4444
5429
5859
5783
5251
5231
5316
5924
5961
6400
5963
5757
5869
5938
6378
6338
6594
6383
6495
6638
5813
4152
2768
2601
3580
3835
2853
215
-2224
-3237
-2694
-2252
-2400
-4309
-6573
-8228
-8136
-7322
-6976
-7332
-8248
-8905
-8965
-8300
-7541
-6856
-6305
-5823
-5475
-4919
-4382
-3791
-2582
-1146
-338
-310
-347
-91
435
1574
2515
2639
1932
1366
1344
1659
1990
1862
1048
192
-501
-842
-1237
-1529
-2032
-2932
-3771
-4278
-4693
-5032
-5152
-5227
-5452
-5898
-5911
-5779
-5409
-4703
-4251
-4026
-3880
-3515
-2874
-2021
-1066
-491
-346
-141
339
1066
1690
2200
2466
2420
2520
2827
3196
3527
3626
3539
3403
3425
3593
3708
3715
3760
3654
3710
3997
4084
4081
4159
4257
4398
4611
4898
5010
4833
4934
5085
5289
5517
5471
5323
5401
5840
6098
5879
5667
5916
6070
6341
6210
5435
4107
2827
2938
3311
3250
2272
346
-1621
-2547
-2532
-2320
-2980
-4462
-6100
-7242
-7317
-7057
-7045
-7421
-7957
-8332
-8272
-7828
-7209
-6717
-6166
-5650
-5160
-4661
-4064
-3347
-2362
-1376
-689
-315
-230
174
841
1601
2095
2089
1805
1622
1636
1792
1872
1533
824
226
-158
-561
-1184
-1691
-2334
-3115
-3695
-3908
-4107
-4601
-5029
-5343
-5574
-5531
-5225
-4978
-4843
-4612
-4231
-3855
-3263
-2545
-2179
-1826
-1211
-498
-19
429
1000
1254
1472
1949
2477
2622
2681
2882
3144
3186
3267
3278
3143
3111
3373
3479
3383
3310
3252
3269
3351
3820
3912
3695
3495
3619
4106
4401
4687
4490
4229
4353
4693
5065
5085
4984
4999
5007
5040
5506
5361
5453
5558
5687
5524
4966
4005
3382
2914
3163
2773
2025
1006
-587
-1748
-2213
-2079
-2605
-3627
-4919
-6029
-6619
-6308
-6510
-6871
-7163
-7448
-7681
-7366
-6762
-6489
-6318
-5599
-5072
-4695
-4219
-3514
-2859
-2092
-1309
-823
-617
-276
246
781
1373
1628
1459
1338
1354
1450
1422
1291
1041
612
-95
-572
-1028
-1341
-1736
-2205
-2696
-3442
-3842
-4123
-4349
-4578
-4756
-4795
-4729
-4680
-4499
-4277
-3951
-3410
-3067
-2683
-2298
-1776
-1156
-628
-75
261
495
874
1406
1856
2186
2326
2487
2566
2754
3014
3082
3074
3054
3089
3163
3182
3238
3287
3182
3256
3130
3184
3409
3479
3555
3379
3781
3515
3758
3889
3919
4047
4200
4464
4164
4188
4265
4671
4826
5033
4624
4527
4759
5088
5033
5180
4489
3492
3039
2854
2424
1852
1962
1183
-490
-1699
-2083
-2576
-2756
-2970
-4030
-5645
-6183
-6197
-6406
-6159
-6016
-6848
-7415
-7007
-6403
-6136
-5637
-5045
-4977
-4855
-4076
-3307
-2694
-2169
-1541
-1111
-782
-400
79
660
1125
1287
1336
1219
1084
1243
1407
1510
1196
564
-115
-519
-613
-811
-1205
-1909
-2541
-3096
-3326
-3427
-3594
-3811
-4274
-4425
-4365
-4183
-4067
-3701
-3345
-3143
-2990
-2591
-2166
-1775
-1102
-541
-215
-66
299
739
1186
1758
2082
2006
2001
2309
2635
2946
3083
3031
2803
2765
3035
3211
3241
3155
2980
2972
2982
3115
3329
3269
3229
3164
3331
3586
3594
3736
3779
3814
3899
3930
3907
4032
4269
4544
4505
4269
4141
4013
4510
4746
4873
4433
4241
3690
3338
3305
2614
1715
1375
2072
1381
-348
-1789
-2074
-2457
-2307
-2435
-3629
-5322
-6056
-5742
-5497
-5172
-5580
-6733
-7315
-6473
-5642
-5384
-5226
-4941
-5020
-4832
-3796
-2935
-2692
-2443
-1719
-1189
-993
-730
-177
369
729
1021
1040
816
551
829
1228
1394
915
181
-503
-596
-518
-508
-1043
-1901
-2587
-3040
-2983
-2743
-2924
-3541
-3974
-3999
-3806
-3643
-3375
-3149
-3047
-2989
-2644
-2232
-1832
-1474
-938
-506
-250
-4
325
736
1164
1548
1711
1784
1907
2192
2486
2731
2816
2669
2519
2536
2758
2858
2974
2886
2754
2539
2638
2954
3052
2959
3049
3123
3025
3169
3413
3626
3554
3609
3557
3605
3851
4186
4041
4008
3992
4004
4043
4270
4362
4060
3930
4022
4089
3930
3327
2941
2614
1891
1271
1377
1572
483
-1143
-1801
-2101
-2472
-2383
-2812
-4019
-5164
-5353
-5317
-5265
-5068
-5438
-6338
-6307
-5634
-5383
-5253
-4712
-4462
-4679
-4266
-3332
-2883
-2667
-2131
-1623
-1364
-1080
-708
-218
167
395
541
569
573
528
719
876
746
353
-88
-354
-602
-725
-1031
-1186
-1672
-2164
-2630
-2713
-2746
-2889
-2965
-3034
-3271
-3586
-3387
-3028
-2460
-2324
-2384
-2478
-2161
-1586
-1005
-506
-329
-405
-274
265
935
1326
1397
1415
1501
1702
2119
2432
2545
2369
2298
2387
2516
2607
2629
2626
2636
2666
2648
2660
2669
2905
2931
2916
2920
2949
3026
3019
3181
3405
3432
3378
3328
3232
3462
3705
3828
3638
3462
3413
3571
3680
3826
3658
3370
3358
3436
3370
2890
2554
1979
1200
1018
1477
1341
-108
-1378
-1867
-1985
-1990
-1919
-2724
-4081
-4791
-4818
-4621
-4439
-4423
-5288
-5900
-5596
-4978
-4844
-4575
-4242
-4363
-4399
-3777
-3059
-2791
-2496
-2018
-1644
-1466
-1152
-781
-439
-92
140
204
189
184
290
369
413
311
-69
-414
-586
-538
-662
-965
-1425
-1782
-2052
-2091
-2063
-2197
-2599
-2893
-2852
-2743
-2561
-2480
-2519
-2570
-2392
-2002
-1661
-1447
-1239
-1019
-714
-331
18
201
405
764
1147
1425
1600
1675
1785
1962
2285
2512
2517
2419
2364
2448
2624
2814
2822
2623
2498
2597
2792
3013
2982
2766
2625
2794
3200
3198
3113
3012
3027
3101
3276
3435
3263
3210
3259
3333
3314
3445
3353
3149
3104
3348
3277
3125
3106
3093
2624
2346
2144
1860
1221
777
858
638
-25
-1125
-1616
-1901
-1998
-2219
-2610
-3446
-4150
-4364
-4305
-4153
-4175
-4520
-5024
-4990
-4570
-4286
-4143
-3867
-3699
-3866
-3558
-2914
-2442
-2337
-2001
-1671
-1499
-1336
-921
-540
-367
-267
-247
-104
-66
85
163
157
-81
-343
-446
-326
-327
-588
-1065
-1327
-1387
-1406
-1431
-1660
-1962
-2279
-2332
-2125
-2003
-2108
-2305
-2265
-1959
-1714
-1552
-1419
-1341
-1162
-831
-420
-102
-26
80
351
704
1047
1323
1417
1454
1561
1824
2074
2253
2273
2190
2220
2382
2569
2613
2566
2542
2560
2623
2786
2857
2755
2702
2732
2811
2892
2913
2959
2741
2723
2750
2853
2886
2962
2835
2680
2715
2782
2833
2746
2802
2713
2638
2552
2536
2531
2515
2368
1885
1484
1429
1434
1054
501
229
-195
-640
-1152
-1400
-1786
-2259
-2675
-2942
-3232
-3550
-3849
-4076
-4160
-4192
-4214
-4355
-4268
-4204
-4089
-3918
-3632
-3444
-3329
-3125
-2679
-2332
-2143
-1899
-1610
-1353
-1137
-786
-507
-408
-370
-212
-7
136
128
-34
-241
-313
-126
-70
-305
-804
-1211
-1342
-1208
-1098
-1343
-1854
-2228
-2276
-2060
-1883
-1857
-2114
-2333
-2235
-1891
-1506
-1335
-1299
-1279
-1120
-752
-321
-28
102
204
399
687
1003
1251
1412
1522
1669
1830
1981
2103
2193
2215
2263
2342
2428
2391
2386
2428
2462
2529
2529
2516
2441
2455
2485
2521
2588
2525
2389
2392
2465
2607
2688
2629
2553
2336
2506
2628
2707
2629
2491
2356
2360
2473
2542
2468
2308
2318
1954
1610
1374
1555
1521
1104
574
-78
-495
-591
-374
-711
-1449
-2238
-2605
-2691
-2523
-2460
-3075
-3741
-3997
-3810
-3581
-3331
-3402
-3767
-3972
-3622
-3154
-2883
-2742
-2681
-2610
-2425
-1999
-1590
-1391
-1289
-1097
-924
-725
-475
-352
-252
-213
-121
-140
-264
-300
-263
-185
-264
-455
-785
-970
-1012
-867
-958
-1131
-1436
-1661
-1670
-1548
-1394
-1442
-1612
-1737
-1606
-1434
-1149
-1027
-925
-908
-850
-592
-293
-25
188
337
475
656
883
1134
1361
1570
1662
1733
1878
2040
2190
2278
2320
2350
2366
2357
2476
2515
2526
2476
2433
2343
2328
2469
2519
2438
2296
2231
2194
2323
2394
2343
2208
2230
2242
2265
2241
2305
2201
2134
2179
2231
2182
2043
1946
1884
1943
1912
1851
1475
1149
964
1077
1063
759
157
-342
-596
-735
-743
-936
-1376
-2074
-2464
-2535
-2471
-2552
-2828
-3254
-3535
-3507
-3318
-3185
-3234
-3312
-3466
-3327
-2963
-2659
-2551
-2453
-2287
-2151
-1946
-1581
-1296
-1196
-1075
-974
-805
-679
-527
-477
-433
-363
-393
-518
-604
-544
-504
-592
-743
-939
-1138
-1137
-1083
-1086
-1234
-1412
-1550
-1566
-1454
-1350
-1334
-1422
-1475
-1407
-1242
-1029
-851
-789
-725
-599
-400
-141
91
307
442
540
707
914
1140
1313
1457
1572
1649
1733
1891
1982
2004
2000
2018
2089
2159
2160
2096
2058
2083
2131
2124
2133
2111
2039
2038
2095
2112
2062
2027
2066
2012
2032
2030
2041
2030
1931
1895
1905
1839
1868
1836
1784
1679
1479
1426
1368
1411
1310
1091
754
546
484
495
350
39
-362
-710
-869
-945
-1076
-1405
-1727
-1995
-2248
-2371
-2387
-2520
-2745
-2911
-3003
-3059
-2980
-2871
-2879
-2937
-2890
-2767
-2622
-2450
-2257
-2143
-2056
-1910
-1743
-1564
-1394
-1211
-1060
-1006
-990
-893
-751
-640
-627
-713
-754
-733
-649
-650
-743
-870
-948
-978
-962
-965
-1089
-1242
-1288
-1227
-1190
-1180
-1244
-1297
-1290
-1181
-1013
-866
-823
-810
-710
-515
-332
-113
32
107
253
442
644
810
923
1017
1174
1297
1426
1504
1552
1602
1639
1679
1743
1816
1845
1845
1864
1829
1787
1787
1885
1991
1941
1831
1762
1805
1856
1941
1947
1845
1706
1689
1828
1876
1871
1762
1610
1498
1535
1651
1640
1537
1358
1183
1133
1221
1244
1032
821
649
511
424
418
299
-15
-261
-410
-536
-690
-800
-974
-1270
-1512
-1616
-1709
-1839
-2014
-2185
-2288
-2377
-2403
-2460
-2503
-2541
-2553
-2562
-2527
-2490
-2445
-2382
-2300
-2168
-2112
-2083
-1945
-1790
-1702
-1594
-1484
-1408
-1373
-1249
-1127
-1070
-1007
-948
-908
-845
-803
-789
-782
-763
-766
-757
-748
-763
-772
-729
-703
-698
-677
-669
-608
-545
-485
-450
-394
-320
-221
-84
32
142
212
320
489
639
797
886
949
1055
1182
1330
1462
1530
1541
1571
1632
1746
1824
1814
1806
1791
1813
1857
1895
1874
1812
1772
1747
1724
1745
1801
1727
1695
1588
1570
1580
1608
1612
1517
1481
1446
1437
1402
1450
1400
1357
1235
1241
1237
1155
1090
990
899
833
780
728
581
408
307
179
119
-13
-180
-301
-457
-602
-707
-841
-938
-1108
-1240
-1302
-1401
-1506
-1612
-1670
-1719
-1756
-1795
-1802
-1859
-1875
-1893
-1829
-1760
-1754
-1749
-1710
-1650
-1565
-1475
-1392
-1320
-1287
-1208
-1099
-1027
-1002
-950
-882
-792
-710
-641
-630
-637
-601
-545
-485
-416
-412
-428
-408
-368
-310
-257
-211
-191
-176
-125
-39
25
45
61
146
240
312
438
512
547
612
684
794
900
989
1075
1144
1198
1257
1293
1363
1438
1481
1540
1558
1541
1489
1507
1555
1577
1583
1521
1449
1436
1467
1473
1449
1371
1295
1246
1256
1273
1231
1189
1113
1078
1061
1050
1021
980
909
876
894
892
854
755
669
648
641
578
520
421
332
276
191
128
32
-53
-136
-238
-330
-449
-544
-623
-698
-790
-885
-1005
-1100
-1146
-1215
-1254
-1340
-1394
-1511
-1548
-1549
-1552
-1577
-1618
-1666
-1736
-1727
-1705
-1645
-1675
-1680
-1716
-1691
-1667
-1649
-1639
-1648
-1612
-1604
-1581
-1541
-1481
-1496
-1465
-1440
-1404
-1340
-1276
-1234
-1197
-1158
-1082
-998
-941
-886
-846
-766
-698
-598
-543
-502
-446
-356
-253
-170
-114
-116
-65
39
147
213
254
298
338
398
506
597
618
681
737
776
834
881
915
944
971
995
1005
1037
1051
1061
1079
1072
1087
1095
1086
1081
1098
1099
1127
1111
1069
1042
1053
1056
1059
1059
1014
984
971
950
907
929
895
839
776
770
773
763
705
618
526
511
493
478
443
363
247
184
160
137
109
31
-49
-165
-210
-215
-225
-272
-364
-461
-521
-526
-521
-536
-601
-636
-646
-696
-662
-615
-640
-694
-690
-686
-704
-683
-676
-662
-668
-696
-738
-751
-735
-716
-712
-746
-806
-869
-860
-845
-822
-823
-828
-845
-860
-851
-804
-764
-725
-718
-715
-667
-611
-546
-517
-499
-464
-422
-341
-262
-244
-203
-168
-113
-61
9
74
119
153
170
215
267
333
389
424
428
442
461
483
515
539
566
593
613
606
618
669
665
659
681
704
735
767
767
772
800
830
831
838
851
865
891
914
905
838
820
844
866
874
841
772
698
712
697
688
631
543
492
469
484
453
373
301
268
223
247
214
140
52
43
42
65
4
-39
-100
-185
-123
-109
-121
-196
-254
-275
-281
-239
-273
-327
-351
-358
-351
-357
-415
-465
-512
-453
-440
-516
-552
-630
-634
-572
-532
-599
-689
-753
-703
-601
-582
-674
-733
-731
-691
-635
-593
-616
-635
-620
-621
-603
-561
-545
-533
-523
-502
-505
-468
-423
-421
-427
-419
-393
-370
-314
-300
-304
-304
-277
-231
-198
-170
-178
-153
-124
-89
-43
-26
-26
-13
10
49
90
141
140
118
121
142
184
239
286
282
238
188
241
323
381
402
364
306
309
347
400
442
405
350
293
300
377
452
436
359
279
263
301
336
369
344
252
208
211
237
242
212
160
140
