-73
-84
-95
-103
-103
-108
-111
-106
-105
-112
-109
-103
-90
-91
-80
-75
-67
-53
-50
-33
-23
-14
-17
-8
0
1
7
4
12
10
5
-4
-19
-19
-18
-30
-33
-35
-27
-26
-35
-25
-28
-24
-14
-14
-7
-7
1
-2
7
17
15
28
35
42
49
41
40
38
36
42
51
42
29
29
24
6
6
4
-4
-8
-15
-26
-33
-49
-65
-74
-69
-77
-84
-87
-98
-97
-101
-102
-106
-99
-80
-77
-83
-92
-81
-54
-35
-44
-27
-5
-3
-2
16
23
20
26
23
22
37
55
45
23
17
5
-3
5
10
2
-9
-13
-29
-51
-64
-61
-66
-55
-48
-51
-62
-57
-43
-58
-52
-27
-10
-7
-11
-21
-25
3
12
23
28
28
17
24
23
19
26
17
4
0
5
-4
-19
-28
-37
-47
-58
-80
-81
-78
-87
-87
-71
-69
-95
-107
-89
-73
-73
-66
-43
-43
-59
-59
-43
-36
-34
-26
-35
-21
-21
-32
-23
-24
10
-9
-14
-59
-39
-130
-146
-223
-225
-509
-595
-1006
-1054
-1892
-3626
-2872
-317
-943
-3038
-1220
1020
715
-542
-468
194
237
-175
532
410
-250
369
696
-122
11
439
-721
-1301
-1281
-498
563
-1082
-2556
-1215
-741
-930
1587
2152
1132
1107
1432
692
-225
-1316
-1016
-619
-2291
-2422
-18
-623
-3277
-4285
-3835
256
1848
-478
-197
1064
-110
-52
2053
663
-1028
1465
2326
1560
1389
511
232
307
-873
-58
-46
-223
1496
2373
-396
-2458
-1527
-3818
-1985
1573
1266
147
608
-724
-1299
-93
441
-351
850
1144
628
-179
1237
816
-1435
17
1329
-111
984
1514
1511
735
95
969
530
-1123
86
1950
1864
1716
1604
1035
-357
-838
835
190
32
1785
1324
-467
-1414
-1336
-4030
-3033
-1086
60
-94
413
1568
-1289
-3727
-1580
-2141
-2927
-368
429
275
1193
-282
-2496
-1616
389
-1729
-72
2870
754
488
962
-2541
-3464
-1867
-1843
-567
1860
440
-628
-1143
-1708
-1879
-2170
-853
-10
137
-125
1157
-887
-2067
-1789
-1862
-1286
-2033
172
913
-752
-869
-912
-2373
-2778
-611
452
-767
1832
2506
-1010
-886
248
-1500
-1769
581
939
944
793
494
-1682
-2310
-980
-1462
-409
1994
1536
-717
233
-438
-2185
-1979
-908
266
-225
1180
700
-784
-996
-2655
-1483
180
-113
-249
1105
344
-968
-1704
-1340
-1537
-2071
-1218
320
892
749
-2021
-2250
-2633
-3608
-1394
-696
73
-804
-2304
-3490
-3338
-2505
-3195
-2591
-977
-829
-2241
-2383
-2294
-3424
-2702
-2945
-2905
-255
241
-2945
-2586
-1311
-2870
-3277
-2234
-1658
-1193
-1580
-2174
-1809
-3385
-3965
-3373
-3032
-2048
-2358
-2557
-1941
-3008
-3422
-3044
-2596
-2982
-2308
-1580
-1639
-982
-1388
-2729
-3018
-2082
-1475
-2244
-1014
79
-1724
-1912
-1420
-1783
-2526
-1805
-779
-896
-399
-96
-1159
-740
-630
-1394
-1380
274
412
-1043
50
944
60
-309
927
745
579
1012
1731
2306
1768
2008
1832
1818
2025
2093
2668
2880
2771
2911
3232
3795
3818
3858
4056
4329
4314
4707
5294
5985
6001
5754
6646
7301
6766
5664
6588
7725
7249
7591
8700
7599
6996
7719
8484
8261
7785
8286
8833
8988
9040
8668
8019
8277
9094
9275
9050
8553
8036
8600
8828
9058
9728
9394
7455
7483
8393
8119
8423
8516
8853
8476
7643
7467
8013
7898
6322
6643
7583
7602
6634
5756
6874
6694
5631
6204
6448
5056
4004
4505
5543
4948
4243
4036
3578
2677
2209
2506
2588
1949
1585
1870
1443
74
-861
-1118
-1914
-2819
-2391
-1841
-2453
-3832
-4004
-4614
-6154
-6769
-6694
-6398
-7001
-7578
-7782
-8884
-9308
-9509
-9551
-9192
-9655
-9899
-9564
-8684
-9178
-9592
-9341
-8912
-9061
-8743
-7742
-7471
-7397
-7036
-6020
-5782
-6023
-5404
-5105
-4927
-3916
-2928
-2632
-2574
-2388
-1742
-1931
-1600
-176
303
361
1394
3095
2631
1810
2473
3101
3028
3555
5691
6208
5085
4949
5766
5481
4561
5390
6901
6779
5613
5863
6574
5364
4264
4787
5316
5004
5131
5541
4898
3824
3573
3395
2698
2369
3355
3138
2436
2857
2957
1981
890
1739
2721
1927
2318
3888
3815
2660
2891
3582
3693
3634
4668
6127
5967
6172
7231
7830
7645
8174
9553
9557
10031
11795
12638
12862
13673
14387
14112
14534
15275
15629
15684
15763
15754
15817
15738
14845
14365
13517
12888
12659
12178
11562
10879
10235
9636
9109
8476
7608
6500
5807
5468
4885
4064
3425
2106
990
589
-264
-1069
-1885
-2370
-3225
-4302
-5098
-6212
-7802
-9050
-9218
-10028
-10859
-11754
-12661
-14013
-15864
-16580
-16913
-17732
-18999
-19578
-20066
-20983
-21863
-22292
-23295
-24532
-24461
-24106
-24154
-24456
-24736
-25230
-26112
-26485
-25944
-26043
-25909
-25535
-25178
-25236
-25713
-25192
-25276
-25058
-24438
-23559
-22684
-22726
-22330
-22082
-22069
-21767
-21501
-21338
-20758
-20360
-19745
-19015
-19325
-19276
-19327
-18625
-17549
-17141
-16422
-15869
-15600
-15413
-14672
-13903
-13488
-13018
-12070
-11122
-10303
-9899
-9297
-8669
-8536
-7465
-6181
-5338
-4557
-3853
-3333
-2932
-2341
-1093
-784
-914
53
509
479
487
897
1488
1322
1821
2572
2731
2571
2736
2622
2251
2777
3677
3761
3744
4564
5031
4842
4345
5473
5933
5696
6849
7992
7955
7597
8273
9347
9709
9399
10555
11126
10733
11257
11991
12151
11598
11891
12235
12136
12708
13209
12966
11987
11337
10932
9871
9290
9710
9159
8578
8292
7733
7462
6332
6144
5909
5577
5654
5556
5787
5469
5149
5019
5090
5279
5335
5323
5707
5937
5930
5936
6051
6187
5840
6089
6467
6515
6447
6221
6282
6045
5790
5985
5786
5647
5603
5638
5760
5707
5808
5900
5812
6002
6313
6417
6526
6548
6812
6953
6949
7175
7140
7060
7266
7525
7672
7617
7429
7532
7422
7354
6920
6529
6327
6026
5586
5029
4607
3987
3321
2784
2423
1863
1683
1751
1803
1033
649
1180
1208
785
856
1113
957
734
663
364
-1407
-3003
-3562
-3804
-4182
-4801
-5121
-6163
-7751
-8468
-9216
-9684
-10443
-10665
-10580
-10552
-10342
-10561
-10747
-11144
-10851
-10259
-9198
-8483
-7702
-7112
-6900
-6599
-6366
-5624
-5287
-5099
-4425
-3916
-3634
-4025
-4157
-4382
-4940
-5144
-5282
-5341
-5751
-6278
-6702
-7134
-7519
-7165
-7127
-6787
-6766
-6340
-5718
-5338
-4626
-4133
-3233
-2555
-1570
-462
318
857
1489
2210
3097
3958
4629
5124
5553
6112
6670
6960
7146
7332
7637
7813
8120
8587
8872
8874
8487
8264
8454
8815
9410
9593
9492
9486
9343
9476
9114
8790
8690
8636
9090
9174
8966
8752
8390
8076
8181
8781
9327
9366
9666
9612
9273
8937
7208
5904
4422
4326
4810
4433
4287
2606
1415
11
-733
-1074
-1891
-2179
-2270
-1954
-1890
-1838
-2241
-2665
-2829
-2310
-1224
-382
448
642
627
873
1188
1714
1882
2282
2778
3423
3914
4188
3947
3485
3322
3170
3577
3445
3344
2868
2380
2083
1772
1439
961
435
109
16
-52
-164
-692
-833
-864
-353
271
604
1012
1119
1806
2641
3187
3676
4022
4660
5316
5998
6528
6785
7009
7248
7261
7563
7567
7016
7768
8323
8024
7896
7437
7259
7576
7947
7754
7295
6979
7106
7252
7071
7076
6636
6471
6942
6762
6415
5908
5449
5511
5794
4996
4384
4530
4966
4700
3657
3138
3176
3615
3424
2723
2132
2205
2134
1103
-554
-2235
-2970
-2849
-2682
-3109
-4570
-5760
-6563
-7031
-7399
-8480
-9421
-10092
-10079
-9605
-9487
-9779
-10438
-10991
-10868
-10422
-9986
-9656
-9540
-9401
-9153
-8775
-8385
-8368
-8410
-8220
-8004
-7762
-7450
-7081
-7113
-7230
-7400
-7482
-7079
-6754
-6731
-6825
-6670
-6515
-6294
-6162
-6128
-6255
-6255
-5962
-5724
-5486
-5371
-5331
-5302
-5136
-4873
-4846
-5132
-5261
-4885
-4533
-4312
-4382
-4657
-4740
-4624
-4344
-4159
-4061
-4090
-3961
-3742
-3472
-3242
-3177
-3095
-3079
-2859
-2636
-2362
-1892
-2023
-2564
-2864
-2214
-1119
-307
-618
-1412
-1788
-1449
-1043
-835
-916
-1045
-884
-499
-266
-343
-639
-756
-667
-457
-283
-284
-309
-253
-116
-102
-101
-135
-110
6
147
226
230
142
164
259
343
386
281
184
145
83
52
52
-24
-72
-133
-254
-359
-503
-665
-821
-966
-1069
-1135
-1156
-1201
-1264
-1357
-1414
-1498
-1605
-1610
-1598
-1564
-1512
-1454
-1434
-1397
-1290
-1228
-1198
-1073
-925
-810
-629
-477
-332
-184
-7
155
226
342
562
806
930
1067
1226
1332
1456
1613
1783
1940
2054
2151
2292
2440
2559
2627
2685
2698
2784
2938
3113
3205
3174
3115
3108
3210
3381
3504
3487
3464
3478
3476
3482
3496
3602
3615
3581
3619
3568
3597
3706
3768
3670
3559
3594
3623
3621
3607
3510
3447
3516
3523
3420
3268
3192
3180
3200
3192
3012
2849
2874
2949
2897
2770
2616
2621
2654
2624
2401
2225
2183
2152
2132
2034
1865
1692
1594
1485
1226
908
668
527
423
388
267
31
-278
-549
-720
-918
-1056
-1173
-1466
-1802
-1986
-1895
-1772
-1823
-2053
-2358
-2373
-2211
-2107
-2325
-2528
-2460
-2263
-2322
-2475
-2577
-2618
-2479
-2619
-2694
-2605
-2803
-3186
-3071
-2452
-2282
-2709
-2424
-2895
-4760
-4495
-2222
-1051
-1802
-2997
-2722
-2308
-2324
-2130
-2389
-1664
-517
-493
-1040
-1255
-1231
-1645
-1526
-1462
-1431
-1288
-615
27
-437
-1265
-1638
-1128
-632
509
1015
1075
1997
2243
1915
1910
2154
2759
3483
4198
4060
3648
3826
3737
3477
3585
3784
3746
3520
3573
3554
3189
3006
3094
2842
3058
3441
3512
3322
2848
2664
2604
2363
1794
1197
1094
623
28
-772
-1283
-1695
-2522
-3081
-3601
-3910
-4407
-4724
-4976
-5326
-5260
-5753
-5934
-5843
-5497
-5092
-4949
-4367
-4042
-3742
-3627
-3172
-2628
-2407
-1957
-1451
-944
-926
-747
-753
-748
-625
-787
-862
-1129
-1219
-1686
-2488
-2931
-3084
-3186
-3716
-4251
-4629
-5195
-5583
-5945
-6123
-5916
-5691
-5470
-5366
-5061
-4588
-4328
-3962
-3452
-2555
-1745
-1276
-910
-401
451
974
1256
1530
2020
2362
2415
2748
3035
3677
4111
3727
3501
3805
4236
4073
4091
4360
4751
4978
4593
4169
3987
4251
4494
4714
4673
4703
4304
3700
3801
3989
4385
4656
4884
4904
4852
4818
4226
3479
2704
1630
618
376
502
240
-1123
-2635
-3860
-4874
-5320
-5744
-6062
-6723
-7223
-7307
-7539
-7726
-7820
-7871
-7668
-6841
-5824
-5029
-4910
-4773
-4404
-3924
-2899
-1773
-820
-410
-137
225
451
713
840
944
1045
1179
1275
1041
461
-271
-915
-1356
-1639
-1879
-2214
-2927
-3801
-4583
-5029
-5207
-5542
-5627
-5700
-5650
-5334
-5247
-5098
-5012
-4612
-3744
-2854
-1844
-1092
-624
-209
149
821
1561
2195
2899
3438
3883
4184
4193
4020
4135
4331
4565
4855
5073
5114
4869
4445
4601
5161
5532
5676
5772
5498
5341
5642
5637
6007
6441
6544
6633
6683
6504
6269
6169
6360
6938
7308
7756
7627
7548
6866
5921
4501
2284
1679
1558
2411
1860
-156
-2088
-4534
-5332
-5643
-5804
-6227
-7081
-7637
-8273
-8631
-8734
-8861
-8959
-8339
-7246
-5910
-5177
-5162
-5114
-5122
-4124
-2572
-953
133
376
586
642
1018
1490
1856
2108
2189
2430
2505
2160
1354
445
-355
-672
-704
-879
-1399
-2500
-3433
-4248
-4585
-4665
-4900
-4965
-5235
-5322
-5428
-5665
-5484
-5341
-4768
-3866
-3178
-2482
-2355
-2151
-1741
-1114
-43
726
1410
1815
2110
2472
2618
2942
3253
3680
4232
4487
4732
4575
4267
4282
4530
5009
5236
5420
5352
5162
5315
5340
5578
5720
5838
6069
6351
6911
6939
6704
6313
6087
6447
6912
7514
7643
7494
7274
6928
7193
7000
6302
5182
3027
1826
1421
1976
1760
-242
-2034
-4273
-5459
-5553
-5692
-6126
-7333
-8292
-8749
-9128
-8949
-8884
-9176
-8969
-8217
-6915
-6051
-5808
-5627
-5522
-4551
-2974
-1385
-310
-156
-86
138
675
1469
2073
2273
2137
2072
2067
1778
1263
556
-95
-482
-621
-776
-1414
-2570
-3695
-4493
-4667
-4553
-4618
-4932
-5446
-5734
-5874
-5735
-5476
-5244
-4833
-4325
-3707
-3191
-3068
-2812
-2406
-1549
-484
381
904
919
1120
1487
1988
2615
3191
3616
3772
3806
3917
3953
4072
4361
4822
5346
5398
5472
5079
4957
5153
5539
5915
5960
6037
5861
6103
6172
6340
5945
5827
6104
6350
6811
6572
6506
6204
6328
6683
6890
7400
6826
5753
3896
1507
1273
1851
2944
1997
-695
-2749
-4998
-5674
-5241
-5103
-5752
-7175
-8013
-8622
-9278
-9078
-9093
-9154
-8559
-7442
-6300
-6333
-6608
-6386
-5820
-4113
-2259
-938
-715
-1078
-844
-180
856
1917
2563
2478
2160
2105
2105
1704
1316
1093
832
648
330
-316
-1700
-2929
-3427
-3691
-3658
-3930
-4539
-5496
-6303
-6329
-6223
-5892
-5636
-5498
-5311
-5177
-4660
-4172
-3615
-2823
-1943
-1041
-429
-27
339
685
1418
2374
3077
3628
3748
3840
3896
4203
4733
5080
5414
5479
5548
5415
5322
5427
5603
5781
6025
6143
5958
5685
5729
5632
6118
6229
6489
6415
5930
5962
5410
5650
6038
6340
6523
6370
6188
6147
6111
6336
5464
4037
1800
1108
1871
2781
2033
-394
-2885
-4965
-5297
-4508
-3724
-5024
-6878
-8513
-9082
-8909
-8280
-8065
-8448
-8491
-7964
-7290
-6805
-6575
-6299
-5775
-4305
-2704
-1867
-1844
-1991
-1586
-594
825
1922
2224
1594
1153
1253
1853
2107
2044
1541
865
305
73
-348
-1135
-2023
-2557
-2958
-3422
-3956
-4743
-5378
-5788
-5702
-5475
-5591
-5923
-6124
-5960
-5415
-4698
-3944
-3452
-3169
-2652
-1954
-1195
-500
145
778
1311
1925
2389
2717
3062
3510
4023
4378
4546
4525
4437
4708
5067
5336
5265
5114
4980
4876
4855
5051
5230
5388
5480
5468
5542
5024
5210
5510
5644
5937
5512
5630
5422
5634
6018
5821
6042
6196
6268
6636
6305
5319
3028
1229
2100
3261
3768
1888
-988
-3504
-4992
-4114
-2667
-3028
-4945
-7334
-8655
-8776
-8274
-7393
-7663
-8192
-8276
-7970
-7597
-7337
-6923
-6348
-5367
-3858
-3054
-3188
-3331
-2786
-1592
-172
1047
1414
613
75
511
1510
2078
2170
1834
884
227
73
291
-90
-956
-1631
-2148
-2856
-3453
-4017
-4434
-4891
-5127
-4951
-5373
-5888
-6465
-6209
-5347
-4522
-3766
-3793
-3937
-3672
-2855
-1514
-528
73
365
510
1132
1876
2486
3102
3561
4010
4098
4147
4318
4322
4641
5151
5530
5379
4722
4356
4460
4790
5401
5275
5126
4514
4400
4836
4986
5118
4756
4765
4678
4874
5138
5208
4758
4837
5187
5441
5661
5617
5561
5119
5495
5591
4791
2692
1487
1909
2844
2608
927
-1130
-3383
-4277
-3664
-2633
-3439
-5485
-7304
-8186
-8102
-7409
-7027
-7575
-8136
-8121
-7734
-7251
-6738
-6420
-6168
-5205
-3893
-3278
-3355
-3170
-2356
-1325
-215
681
774
129
17
849
1848
2069
1807
1381
674
165
329
616
8
-1019
-1707
-2242
-2983
-3457
-3654
-4157
-4737
-5072
-5379
-5786
-5939
-5618
-5302
-4978
-4510
-4379
-4208
-3657
-2745
-1887
-1197
-520
-97
191
841
1774
2454
2918
3342
3682
3779
3995
4410
4717
4979
5217
5245
5043
4711
4730
4827
4987
5264
5083
4713
4356
4360
4595
4653
4858
4504
4299
4324
4371
4437
4402
4738
4758
4680
4675
4825
4752
4969
5124
5447
5222
4539
2979
1483
1822
2932
3335
1576
-600
-2548
-3610
-3177
-2029
-2415
-4408
-6515
-7515
-7566
-6993
-6280
-6694
-7597
-8147
-7997
-7529
-6949
-6331
-5993
-5614
-4862
-4329
-4225
-3805
-2853
-1656
-871
-358
-292
-617
-351
536
1706
1855
1355
832
419
405
707
987
423
-667
-1473
-1896
-2441
-2727
-2875
-3233
-4031
-4770
-5122
-5384
-5118
-4718
-4435
-4644
-4775
-4503
-4010
-3159
-2257
-1653
-1497
-1199
-635
95
868
1738
2296
2438
2735
3234
3683
3927
4353
4729
4730
4738
4880
4935
4837
4900
5194
5080
4770
4703
4479
4464
4576
4928
4781
4265
4132
3909
4019
4508
4778
4529
4111
4217
4236
4422
5074
5112
4620
4423
4563
4980
4762
4023
2712
1404
1785
2702
2545
799
-1408
-2667
-2994
-2516
-2019
-3055
-5151
-6700
-6751
-6126
-5956
-6225
-6961
-7783
-7558
-6821
-6312
-6257
-6167
-5731
-5212
-4437
-3797
-3697
-3489
-2527
-1432
-846
-745
-665
-580
-140
842
1547
1330
640
446
561
743
984
676
-102
-1039
-1275
-1314
-1609
-2110
-2732
-3301
-3842
-4096
-4226
-4166
-4227
-4232
-4306
-4360
-4199
-3751
-3060
-2479
-1992
-1782
-1514
-1007
-221
565
1105
1548
1910
2285
2802
3389
3783
4005
4195
4456
4585
4739
4968
5177
5116
5027
4937
4976
4891
5049
5164
4907
4758
4644
4568
4556
4494
4603
4521
4382
4403
4066
4369
4586
4501
4533
4434
4244
4054
4455
4905
4954
4380
3480
2170
1383
2215
3072
2705
619
-1193
-2336
-2488
-1610
-1202
-2468
-4629
-5814
-6034
-5643
-5126
-5003
-6191
-7087
-6895
-6477
-6188
-5741
-5297
-5369
-5224
-4559
-4138
-4016
-3358
-2372
-1762
-1581
-1492
-1315
-1056
-263
711
957
471
-2
115
386
558
771
651
-258
-1193
-1415
-1137
-1265
-1700
-2306
-3199
-3995
-3834
-3323
-3354
-3729
-4040
-4307
-4378
-3664
-2840
-2730
-2726
-2333
-2046
-1723
-890
-46
136
356
1059
1493
1703
2332
3047
3264
3283
3657
3828
3708
3946
4473
4601
4480
4339
4223
4077
4101
4551
4376
4036
3768
3776
3733
3801
3822
3521
3362
3376
3650
3398
3425
3538
3464
3463
3487
3560
3506
3516
3844
3893
3960
3448
2912
1725
1106
1730
2554
2095
-43
-1504
-2178
-2131
-1714
-1278
-2643
-4795
-5816
-5466
-5062
-4832
-4936
-6120
-7007
-6803
-6083
-5728
-5447
-5164
-5396
-5366
-4635
-4023
-3815
-3267
-2342
-1936
-1978
-1778
-1227
-824
-207
431
619
63
-226
193
534
778
717
222
-730
-1016
-748
-685
-1235
-1848
-2516
-2967
-2766
-2553
-2799
-3381
-3582
-3468
-3203
-2809
-2539
-2586
-2406
-1908
-1382
-1024
-692
-287
148
757
1375
1692
1877
2212
2779
3229
3590
3752
3747
3820
4049
4394
4537
4579
4508
4359
4347
4451
4488
4202
4176
4302
4144
4021
3834
3791
3664
3748
3947
3762
3498
3664
3641
3687
3691
3636
3595
3495
3666
3767
3871
3824
3993
3422
2807
2554
1819
1714
2078
2394
820
-969
-1373
-1351
-1450
-1322
-1830
-3545
-4877
-4823
-4182
-4320
-4391
-5203
-6186
-6149
-5493
-5055
-5087
-4929
-4842
-5018
-4539
-3729
-3464
-3253
-2620
-1971
-1930
-1972
-1399
-852
-493
-44
214
22
-435
-189
315
541
355
-71
-687
-1196
-1199
-1133
-1261
-1749
-2254
-2777
-3108
-3076
-2937
-2963
-3134
-3235
-3334
-3332
-3046
-2488
-2134
-1964
-1752
-1596
-1269
-765
-58
464
622
787
1105
1519
2043
2502
2725
2742
2800
3054
3190
3399
3602
3596
3480
3409
3386
3378
3378
3496
3445
3205
3082
2984
2895
3099
3072
2999
2682
2640
2622
2747
2920
3025
2879
2577
2592
2800
3179
3102
3156
2853
2811
3055
3182
2834
2460
1207
596
1153
2074
1508
-720
-1693
-2026
-2023
-1562
-1377
-2870
-4750
-5308
-4567
-4217
-4225
-4758
-5955
-6281
-5765
-5105
-4866
-4857
-4767
-5094
-4778
-3862
-3487
-3441
-2976
-2273
-2105
-2191
-1716
-1128
-895
-448
-50
-96
-522
-415
20
342
362
-17
-657
-1188
-1152
-824
-737
-1148
-2052
-2696
-2625
-2190
-1848
-2188
-2720
-3044
-2974
-2436
-1986
-1819
-1940
-1987
-1659
-1200
-720
-375
-159
209
477
758
1130
1423
1821
2179
2475
2616
2503
2591
2918
3211
3366
3296
3234
3173
3172
3356
3430
3356
3287
3086
3026
3051
3138
3252
3039
2869
2885
2783
2912
2950
2970
3079
3037
2934
2722
2938
2952
3076
3206
3169
2884
2739
2805
3042
2961
2696
2035
551
597
1459
2014
705
-709
-1450
-2122
-1937
-999
-1280
-3043
-4337
-4500
-4205
-3917
-3493
-4245
-5365
-5447
-5028
-4673
-4307
-4005
-4264
-4651
-4087
-3454
-3271
-3057
-2419
-2025
-2121
-1909
-1364
-1047
-770
-189
54
-320
-613
-271
140
311
306
-177
-772
-1119
-756
-495
-752
-1257
-1802
-2018
-1957
-1704
-1638
-1994
-2274
-2273
-2196
-1947
-1687
-1534
-1546
-1441
-1137
-940
-715
-318
23
289
473
795
1047
1237
1692
2071
2184
2234
2367
2600
2779
2944
3090
3009
2965
3089
3164
3196
3168
3103
2897
2871
3012
2937
2714
2715
2717
2553
2466
2548
2572
2486
2419
2469
2281
2217
2421
2415
2310
2264
2285
2216
2257
2353
2463
2233
2167
1962
1775
1543
899
693
872
1101
308
-806
-1242
-1387
-1663
-1487
-1705
-2734
-3663
-3914
-3592
-3640
-3669
-4112
-4802
-4871
-4511
-4225
-4199
-4133
-4126
-4253
-3943
-3194
-2953
-2945
-2643
-2145
-1944
-1879
-1359
-914
-775
-549
-190
-274
-498
-243
162
145
-57
-257
-631
-811
-635
-453
-840
-1241
-1568
-1760
-1735
-1497
-1503
-1983
-2217
-2093
-1908
-1757
-1563
-1505
-1544
-1431
-963
-651
-481
-228
46
340
580
878
1161
1414
1764
2058
2158
2248
2358
2542
2696
2852
2956
2837
2757
2850
2998
2992
2853
2636
2464
2425
2612
2694
2456
2167
2036
2036
2134
2195
2112
2010
1917
1955
1962
1905
2016
2006
1987
1898
1930
2047
2073
2060
2050
2017
1972
1925
1930
1656
1441
1078
592
442
573
431
-368
-1032
-1374
-1631
-1815
-1910
-2402
-3089
-3558
-3750
-3766
-3693
-3695
-4250
-4630
-4579
-4297
-4002
-3791
-3659
-3823
-3857
-3420
-2831
-2531
-2381
-2171
-1901
-1696
-1327
-889
-697
-688
-596
-337
-313
-289
-154
-63
-257
-479
-558
-638
-718
-782
-870
-1191
-1387
-1537
-1606
-1594
-1448
-1515
-1798
-1842
-1628
-1391
-1283
-1145
-1077
-1039
-846
-387
-62
59
206
453
723
947
1252
1505
1635
1780
2020
2157
2191
2225
2273
2378
2546
2641
2512
2291
2278
2405
2509
2502
2291
2003
1840
1923
2184
2314
2057
1709
1510
1697
1888
2103
1985
1742
1561
1673
1951
2008
2043
1868
1857
1850
1994
2007
1995
1918
1894
1809
1722
1669
1471
1253
1075
672
216
53
168
-24
-754
-1300
-1674
-1917
-1973
-1994
-2346
-2945
-3390
-3464
-3387
-3254
-3348
-3708
-3865
-3783
-3548
-3288
-3072
-2983
-3041
-2962
-2578
-2226
-1946
-1752
-1551
-1377
-1223
-948
-678
-507
-526
-428
-316
-348
-309
-242
-260
-421
-604
-640
-734
-808
-792
-912
-1083
-1231
-1265
-1235
-1222
-1202
-1255
-1331
-1206
-1047
-900
-826
-707
-530
-434
-207
-6
162
371
632
849
955
1058
1253
1435
1600
1833
1990
1992
1910
1942
2078
2245
2383
2324
2100
1883
1947
2227
2391
2236
1889
1647
1730
2014
2174
1982
1691
1598
1726
1894
1915
1893
1720
1681
1793
1987
1926
1816
1765
1845
1892
1892
1795
1714
1671
1715
1862
1647
1347
1190
1191
1259
1268
1028
599
223
52
-130
-267
-300
-479
-1055
-1584
-1718
-1744
-1925
-1999
-2167
-2615
-2898
-2900
-2754
-2702
-2731
-2883
-3058
-3102
-2803
-2495
-2305
-2246
-2343
-2386
-2185
-1662
-1359
-1321
-1380
-1330
-1236
-1103
-723
-513
-666
-844
-778
-718
-756
-734
-614
-725
-844
-869
-969
-1030
-970
-813
-892
-1082
-1140
-1137
-1017
-706
-540
-721
-881
-755
-442
-190
66
173
41
36
332
727
899
962
976
956
1093
1436
1673
1633
1523
1572
1671
1798
2002
1999
1831
1737
1875
2009
1972
1908
1855
1754
1786
1868
1815
1701
1610
1662
1701
1722
1633
1463
1422
1535
1620
1578
1461
1418
1420
1451
1516
1486
1384
1284
1327
1379
1355
1257
1073
1031
968
915
890
774
592
445
359
300
194
-2
-210
-559
-687
-711
-750
-953
-1292
-1540
-1676
-1694
-1706
-1820
-2057
-2233
-2345
-2219
-2193
-2250
-2349
-2405
-2315
-2266
-2132
-2093
-2063
-1992
-1860
-1734
-1673
-1599
-1528
-1421
-1285
-1153
-1187
-1188
-1149
-1084
-969
-904
-933
-1105
-1117
-959
-855
-883
-934
-990
-1031
-964
-815
-730
-786
-821
-783
-679
-575
-496
-421
-362
-257
-172
-87
19
142
265
411
538
608
653
779
978
1128
1209
1253
1316
1355
1409
1565
1652
1640
1617
1612
1637
1690
1739
1701
1578
1506
1533
1568
1616
1555
1423
1277
1280
1359
1439
1432
1378
1224
1104
1134
1284
1409
1367
1194
1068
1028
1191
1316
1335
1205
1006
926
955
1043
1019
903
773
699
584
521
476
396
264
147
2
-129
-213
-257
-398
-572
-744
-954
-1046
-1072
-1075
-1235
-1479
-1648
-1708
-1666
-1661
-1708
-1861
-1992
-2035
-1980
-1941
-1907
-1942
-1960
-1970
-1973
-1866
-1803
-1769
-1778
-1754
-1668
-1597
-1567
-1559
-1528
-1481
-1400
-1313
-1293
-1331
-1260
-1126
-1024
-1012
-1061
-1021
-913
-755
-656
-689
-718
-687
-560
-382
-291
-281
-301
-223
-68
85
184
229
266
353
496
649
758
781
841
920
1022
1097
1122
1147
1162
1271
1388
1376
1294
1229
1279
1433
1535
1504
1360
1261
1338
1436
1502
1504
1344
1205
1240
1396
1400
1307
1260
1206
1212
1279
1339
1219
1100
1098
1182
1183
1172
1064
977
955
983
996
818
744
723
631
552
511
444
317
234
242
86
-128
-145
-136
-162
-247
-370
-523
-660
-571
-484
-575
-703
-878
-979
-978
-891
-895
-1072
-1274
-1339
-1374
-1396
-1384
-1472
-1639
-1787
-1740
-1708
-1745
-1813
-1855
-1892
-1878
-1819
-1784
-1789
-1760
-1688
-1642
-1582
-1485
-1404
-1392
-1293
-1140
-1078
-1055
-964
-874
-769
-673
-534
-499
-506
-425
-322
-265
-198
-121
-116
-120
-32
82
96
97
127
176
244
314
368
401
434
516
579
633
728
802
817
835
905
957
998
1079
1118
1097
1103
1168
1247
1267
1281
1264
1197
1195
1271
1310
1291
1211
1163
1129
1142
1217
1212
1131
1028
948
1006
1073
1122
1076
931
861
871
894
933
937
838
696
603
657
666
650
608
502
361
306
396
405
280
187
168
33
-46
-46
-47
-148
-200
-279
-409
-476
-430
-416
-497
-595
-677
-709
-719
-675
-675
-734
-873
-909
-899
-882
-903
-913
-981
-1070
-1101
-1097
-1051
-1059
-1088
-1213
-1274
-1245
-1184
-1160
-1163
-1177
-1235
-1277
-1225
-1121
-1074
-1102
-1147
-1132
-1108
-1053
-927
-888
-919
-938
-891
-793
-679
-601
-591
-591
-552
-478
-381
-286
-241
-218
-217
-140
-19
49
82
136
168
206
277
378
432
457
491
528
564
603
679
734
739
713
739
787
851
885
894
913
910
941
989
1013
1033
1059
1028
1042
1086
1120
1088
1077
1100
1090
1093
1106
1100
1092
1071
1045
982
972
996
942
901
859
811
748
743
705
651
547
511
473
446
378
280
220
196
171
148
62
-20
-48
-54
-94
-124
-174
-262
-296
-299
-282
-320
-332
-416
-479
-510
-421
-392
-480
-548
-546
-515
-524
-531
-596
-657
-616
-567
-607
-671
-703
-768
-780
-740
-689
-744
-818
-854
-898
-898
-844
-807
-889
-961
-952
-901
-911
-899
-842
-845
-891
-875
-802
-819
-792
-732
-691
-708
-668
-615
-570
-527
-473
-426
-442
-385
-284
-215
-214
-187
-169
-154
-99
28
107
82
37
82
164
228
302
336
331
324
368
425
459
490
518
548
547
550
581
616
618
636
686
686
669
640
669
719
729
717
680
663
669
709
700
663
657
650
623
597
611
595
551
516
529
530
475
418
384
387
424
424
308
164
161
249
249
151
81
-4
-30
-27
34
-5
-108
-157
-171
-155
-177
-200
-221
-247
-246
-206
-187
-259
-364
-325
-296
-264
-225
-265
-318
-372
-351
-340
-308
-302
-373
-430
-444
-386
-385
-397
-414
-470
-488
-436
-417
-464
-462
-455
-452
-489
-471
-507
-500
-461
-392
-396
-470
-454
-410
-369
-348
-280
-277
-312
-314
-255
-172
-124
-154
-232
-201
-57
52
-54
-153
-115
-18
35
38
22
-43
-48
41
109
102
61
48
68
110
167
158
110
98
184
230
185
158
183
249
313
336
311
225
217
