-5
-17
-29
-22
-23
-15
-6
-8
-11
-17
-17
-22
-18
-1
14
31
38
30
31
33
23
25
37
38
28
24
29
15
24
17
0
4
9
-3
-14
-21
-17
-29
-40
-38
-49
-48
-65
-86
-91
-101
-112
-124
-109
-107
-125
-114
-105
-109
-108
-103
-119
-104
-91
-94
-89
-85
-62
-55
-40
-28
-42
-47
-45
-57
-51
-38
-49
-58
-70
-69
-62
-63
-84
-88
-85
-93
-89
-80
-78
-80
-77
-78
-79
-80
-75
-68
-67
-53
-44
-49
-37
-34
-39
-33
-23
-17
-13
-22
-14
3
-9
3
10
15
5
-1
7
-10
-14
-14
-12
-15
-15
-10
-20
-31
-42
-43
-41
-29
-9
-7
-18
-10
-4
-6
-1
3
11
-8
-17
-15
-34
-31
-18
-14
-11
-10
-18
-18
-12
-16
-17
-20
-11
-22
-27
-25
-26
-23
-22
-29
-28
-36
-31
-27
-27
-6
-2
-8
-11
-6
6
7
-2
-3
3
-15
-8
-1
-12
-17
-17
-21
-27
-31
-53
-51
-42
-61
-76
-80
-72
-75
-80
-80
-73
-69
-80
-84
-89
-80
-74
-76
-77
-66
-59
-66
-63
-68
-76
-76
-52
-45
-41
-28
-14
-15
-35
-26
-33
-35
-30
-39
-40
-42
-35
-43
-45
-49
-41
-43
-51
-62
-73
-74
-69
-58
-63
-56
-44
-65
-75
-76
-76
-76
-71
-78
-77
-76
-63
-46
-48
-57
-63
-58
-51
-51
-47
-50
-68
-77
-87
-86
-80
-77
-69
-67
-66
-69
-79
-87
-75
-52
-52
-48
-47
-44
-37
-34
-23
-11
1
0
1
9
-5
-6
-5
-6
0
10
20
33
37
25
31
32
36
36
45
50
33
33
28
31
40
34
31
36
43
37
34
26
19
25
31
26
27
29
29
45
48
46
44
41
47
55
56
55
55
57
53
53
42
40
52
47
41
42
47
31
40
56
62
78
70
65
51
24
18
6
14
34
52
47
32
33
26
16
18
28
12
11
10
10
3
6
33
26
29
25
16
-1
3
-10
-17
-13
-16
-27
-30
-66
-118
-197
-311
-439
-461
-318
-853
-1613
-1179
-703
-2034
-246
2137
-489
-1446
617
-77
-659
1238
1095
19
-154
618
572
-693
183
759
-21
301
408
10
-887
366
636
-767
416
365
-965
-235
-71
-934
-1179
-1125
-646
948
426
-786
-374
-739
-1892
-2584
1068
821
-1156
-480
-1506
-1826
-220
137
-1
1066
1218
-880
-1555
665
1514
1838
990
-637
-2433
-247
1345
370
1296
-289
-467
-435
91
580
215
359
-656
-715
15
-310
-691
-2115
-851
385
-672
1192
-1103
-1861
183
1011
102
1146
1018
-1095
627
687
-610
-800
-344
248
29
712
-387
-717
-565
-445
476
-1206
-71
165
33
768
-719
-425
-339
131
766
1183
1182
14
222
-2059
-591
1409
358
1025
987
-338
-554
986
106
622
1953
489
-475
568
1514
-1627
1405
1309
-373
1129
296
554
-534
584
169
-626
700
228
-736
-233
142
-427
8
-302
296
-757
99
523
-467
514
844
-422
1161
1890
-603
776
1237
29
377
2107
-93
-98
785
-185
-405
1151
-992
-637
1331
-914
-1296
801
23
-2186
767
183
-1204
155
-78
-81
-1247
748
-86
-1223
1920
-1180
-854
704
-793
-1669
818
-109
-1927
437
84
-1913
160
1644
-1806
-145
1673
-1031
-101
922
-449
311
-381
116
-47
-1232
1298
-458
-853
101
-248
-980
-409
1173
-1833
1203
-94
-265
-1320
-898
725
-727
1239
591
-896
-320
-1105
-377
427
1780
73
-213
1540
-1532
-397
750
-538
-727
1749
1118
392
-50
-2243
-119
89
391
2927
-108
-1604
918
-575
-1606
943
891
-34
824
1220
-1696
-448
271
-657
-798
2151
674
-787
363
-1196
238
-450
1191
1455
-32
1402
-988
-1002
2129
-326
294
2638
399
-1249
1523
828
-2108
438
113
367
437
279
-131
-509
-516
40
-891
1081
1153
-1371
788
1224
-1485
-1618
2594
93
-1369
2392
-52
-516
265
512
391
-272
319
-93
33
464
1389
-1606
1
-184
-1280
616
-499
932
27
-1110
707
-191
-1878
-498
1325
729
232
-481
-888
-2266
301
2142
-391
884
68
-1379
229
776
-1565
1
3164
-1484
-740
1324
-534
-2483
1388
262
-215
2207
-1317
-1348
164
-1194
-3142
2651
1142
-157
427
-1136
-346
-2296
1375
109
1298
631
-273
1112
-2092
1079
-809
316
1173
-951
-346
994
633
-1622
1178
-1986
81
1293
-570
2278
-146
-912
-246
847
155
169
809
69
-378
-1052
224
132
-104
572
1114
666
-1390
100
-1583
68
1623
233
450
-1097
1102
-1576
-1490
907
-306
26
1500
560
-1270
-297
-1501
-1012
2098
-23
1441
592
-876
-1379
-1156
446
795
1475
1098
-1218
-460
-801
-797
-701
959
1778
-786
707
44
-1412
-1445
743
804
817
-135
-1063
1105
-879
-802
315
-311
-156
548
258
430
-864
-874
815
-1838
1372
3541
-1078
150
60
-2719
-643
1094
215
455
1845
-2436
-1871
-1038
-848
746
2703
150
-1648
643
-2104
-629
-356
577
1473
466
1249
-1163
-1998
178
1071
-975
1299
1367
285
-269
-372
-491
-1166
1092
753
-204
1375
1248
-2713
82
2503
-1880
996
2108
-983
10
1171
-1473
-2087
1997
89
-1173
1477
17
-1778
417
49
-492
1290
1885
-397
-1169
195
-891
605
2442
493
572
45
1299
-1125
-1607
1596
929
169
1899
1956
-1215
-756
-636
-962
-391
2036
2556
-777
1217
-1271
-1155
-397
936
1353
180
2026
53
-259
212
-1358
-299
1856
2594
873
1118
361
-2554
120
1053
837
2340
2099
-102
-901
-676
1179
-808
-423
2615
2737
-159
-796
-335
-2387
91
913
2101
2868
-1102
205
484
-2643
164
2267
106
-64
3300
137
-1806
457
-400
-29
1264
401
1937
-103
-2045
1837
-340
-1752
2375
419
457
1410
23
-2160
295
1204
-1238
832
1549
-393
2819
-30
-4561
-540
1714
871
884
1680
-353
-1519
594
-896
-1696
606
1846
330
-269
2848
-248
-2050
-1409
42
2060
2735
936
-2075
1240
1472
-1768
-2036
168
1761
1617
869
-833
-1416
368
-1364
-788
4581
3300
-1523
-1050
-254
-1485
2377
1951
53
1360
2047
-619
-1216
-1118
1054
1951
527
1900
584
-1690
-160
-464
1016
-227
2035
1242
-703
282
547
1510
-654
815
315
2537
679
1231
289
-773
673
4
-978
419
1458
-314
1770
1018
-3955
-476
-204
-1838
2247
2220
-111
-1887
970
-1156
-1723
223
-771
964
1732
-945
-195
-365
-168
594
-2455
166
2859
2222
-1714
-491
-5
-403
942
57
-1744
-591
1446
-94
424
-1632
-766
415
-1073
-105
662
2067
-3093
835
-847
47
356
-609
333
-142
339
-373
-975
-439
1785
123
-1517
-446
48
-111
-131
-1068
-1056
-21
-430
-1362
-1062
630
-403
-33
226
-1019
-1307
-458
-37
-415
-331
-78
-1840
-2516
-514
-313
-600
-1840
-1258
-2324
-1220
-499
-1093
-3060
-1979
-1531
-2380
-1361
-801
-2147
-2868
-1620
-2548
-1776
-2160
-1217
-1761
-1879
-1074
-2263
-1954
-2276
-1910
-1175
-202
696
-1985
-2600
-677
-263
-112
325
-686
-389
-243
-278
-869
-804
-331
-1047
211
76
-1080
-793
-588
-1446
-1770
504
-341
-1256
-1234
-1763
-2431
-1854
8
-1670
-1231
-378
-12
-665
-1551
-972
-1770
1377
2335
1339
-90
-1203
-404
544
800
-887
-795
2465
520
-1772
-1942
-2492
1178
1209
494
-970
-1458
1636
1685
-1221
-2817
830
-69
1339
1973
-1865
-210
-242
613
-575
-330
-536
601
2200
-1110
990
-377
28
-955
507
363
1405
2026
-3335
914
1132
-867
-507
526
-49
726
-382
-554
-164
-715
307
-991
-412
137
12
-637
-1071
391
-1863
-233
-1430
2058
-1863
-252
-210
-1911
601
-1437
-1115
-199
64
-874
-409
-1255
142
-2847
-268
575
-1908
356
-160
-1471
-103
-1815
-711
-1078
-1
657
-1245
642
-1430
-2814
1672
-21
-1237
-176
763
-1737
206
1773
-3568
-102
1399
-558
-370
989
-2032
-66
1152
-2293
-978
-1168
-3874
-145
560
-1868
-1974
-293
-390
-1528
-893
2754
369
-341
436
808
-1419
889
191
1017
1425
650
-1540
-534
1815
-1034
-529
-793
226
1980
-354
-1371
391
-197
-144
-637
303
567
86
488
-537
-776
1058
-550
-212
960
-763
-192
1116
-395
309
413
242
-1158
607
2743
-571
-546
936
360
16
579
942
-65
-346
2535
-1416
-440
1228
466
-20
-40
323
644
1080
685
-453
-946
1379
2226
-485
-3296
-1159
1577
-446
606
-60
-1520
639
214
1078
-2155
2092
2477
-996
-699
1064
1362
-725
981
397
-565
977
2242
-1260
-2804
2884
2314
-1489
-1762
2073
-1171
1255
1788
-2193
-865
2670
4
-3109
1907
1209
-712
-474
1873
-1231
220
1199
-71
-1055
2392
1602
-1728
66
229
930
400
93
-1001
1489
-151
317
-115
-1388
824
534
377
-1585
671
920
-897
493
-828
-1544
1216
1617
-1072
-1293
1098
-782
1543
-164
-2099
682
1629
596
-1566
337
306
654
-145
-1530
1283
656
-381
243
-434
-460
1440
-373
-795
-158
1343
140
-1153
511
828
-399
-1006
1780
-1736
652
1213
127
-1640
1361
184
-649
39
524
830
196
697
-1536
278
948
671
-62
-391
808
653
640
-653
-653
1631
1362
-841
-1053
1681
571
120
475
-1296
1174
1123
148
-815
-493
1638
253
-116
-1289
709
1576
76
-206
-649
273
1003
1472
-1173
-940
1886
281
-556
232
-131
834
573
-465
-15
664
1240
-759
-1035
1251
533
300
185
-627
587
319
131
-507
-32
964
-325
535
52
-1043
685
893
-617
-93
738
488
-119
71
-246
442
822
-10
44
14
341
428
393
-473
1034
-111
-103
-217
506
187
323
-142
-684
1213
204
-916
123
1253
-258
6
30
14
776
-356
169
526
-510
1148
-328
-122
709
233
-220
-397
867
-175
735
-196
-112
863
686
-1533
-568
1619
-27
903
79
-1430
658
626
-460
-1074
481
1586
323
-289
-837
5
356
-410
-32
1027
-926
1241
490
-1717
328
505
190
-574
325
439
811
266
-996
-852
1554
-63
811
-190
-855
1635
413
-1760
509
990
165
20
299
-460
354
729
-517
-341
683
291
-379
-398
686
-231
88
349
-705
137
747
100
-1469
1028
413
-590
652
304
-139
252
336
-640
67
1316
457
-901
525
441
-138
-269
-236
82
492
1247
-1306
-148
-44
285
82
-428
-274
850
1167
-646
-695
-278
845
-192
-496
692
1184
-826
-147
-606
-464
908
817
-644
-914
799
857
-243
-1198
333
281
168
141
346
-958
703
-1
-327
-103
-273
466
-254
49
-123
397
-15
-149
-429
-438
604
381
-78
228
-904
597
278
-431
-352
509
736
136
-1183
316
881
-499
-419
35
-145
916
37
-1290
208
701
-404
-693
983
-235
-165
732
-33
-1017
841
26
-917
556
989
-488
-429
759
-398
-681
1354
-789
-221
481
534
-362
209
101
-706
326
434
349
97
-127
116
-1009
38
685
-297
-318
584
538
-1065
-326
293
-42
88
714
-360
-386
-155
404
109
-918
152
677
310
-260
-275
-602
-34
647
303
-877
670
333
-289
-242
-211
-95
253
753
115
-1300
-73
619
314
-963
-305
70
127
89
-825
703
-414
-123
525
-253
-1125
840
882
-566
-122
667
-377
-371
400
730
-368
11
639
-86
-79
256
-95
-201
693
660
-204
42
-146
76
281
-130
-15
453
156
-779
951
-365
-398
725
390
-804
128
899
-59
-617
514
225
-422
479
-36
-575
39
512
-531
157
-78
-66
115
-438
-91
29
287
-501
200
363
-567
452
-36
-357
-85
148
70
10
108
-847
-245
417
22
-454
349
-235
-716
595
213
-1260
-178
593
-44
-686
586
-568
-894
692
-432
-275
-372
369
-56
-178
118
-69
-660
366
179
-241
5
505
340
-100
-56
-572
1
474
686
-34
198
302
-250
-77
298
-348
300
879
262
186
-67
-136
60
-29
359
948
582
-636
129
-231
-750
691
691
-296
-240
441
-229
-388
-87
-291
-157
468
277
-139
-550
-319
-124
-138
-81
-182
143
-636
-411
-312
-735
-508
-29
-346
-588
-195
-318
-882
-683
-130
-816
-119
378
-679
-1250
-501
-250
-369
-227
-156
-584
-467
-257
-599
-536
-374
-49
96
-489
-97
-534
-829
7
13
-47
61
427
-293
-771
207
315
183
746
364
-30
270
728
491
193
915
1184
871
963
633
872
819
1149
1602
1045
560
1354
1256
729
1199
1313
118
737
1562
662
936
843
507
-116
505
297
352
657
390
-18
-407
-127
-265
-162
-98
-52
-116
-276
-642
-961
-857
-762
-584
-263
-660
-1119
-1138
-1306
-1223
-1047
-867
-991
-1025
-1197
-1601
-1447
-1333
-1389
-1316
-1307
-1426
-1399
-1536
-1780
-1731
-1595
-1269
-1321
-1411
-1437
-1457
-1449
-1322
-1101
-1181
-1047
-680
-402
-581
-972
-457
91
-234
759
1114
356
761
1545
1420
1088
2524
2923
1931
2422
3133
2585
2729
3571
3256
3059
3632
3633
3161
3505
3587
2975
3582
3890
3364
3345
3465
3018
3085
3066
2980
2695
2161
1829
1427
1181
494
44
-584
-1188
-1588
-2196
-2754
-3386
-4064
-4330
-4435
-4760
-5038
-5439
-5566
-5801
-5348
-4898
-5199
-4776
-4623
-4382
-3928
-3333
-2808
-2761
-2108
-1443
-1494
-1180
-679
-793
-641
-484
69
0
-303
-156
-845
-1015
-674
-609
-668
-1281
-1315
-1615
-1818
-1315
-1247
-1335
-1186
-850
-718
-399
-31
293
806
1620
1941
2524
3054
3351
3775
4456
4862
5248
5460
5498
5882
6050
6240
6755
6353
5916
6076
6215
6421
6334
6498
6321
5452
4305
3216
2214
2069
2323
2592
1768
-1166
-3457
-4243
-4277
-3642
-3063
-3959
-6358
-8002
-8049
-7766
-6920
-6129
-6369
-6737
-6779
-6510
-6269
-5748
-4615
-3744
-2648
-1847
-2193
-2272
-1763
-818
574
1749
1961
1255
862
941
1344
2200
2561
1985
419
-429
-356
-621
-559
-803
-1502
-2603
-3246
-3028
-3746
-3858
-2872
-2851
-3116
-2883
-2952
-3247
-2637
-741
-29
197
1048
771
797
2001
3462
4093
4529
5347
5088
4901
5764
6100
6292
7173
7020
6326
6355
6262
6141
6320
6672
6440
6228
6131
5893
4696
3472
2469
1892
2060
2488
2465
-252
-3361
-4514
-4829
-3914
-2735
-3445
-6201
-8759
-9069
-8366
-7046
-5913
-6607
-7820
-8067
-7695
-6760
-5689
-4790
-4264
-3564
-2680
-2754
-2533
-1660
-693
791
1986
2194
1320
884
1361
2253
3297
3740
2906
1776
765
594
473
193
389
-480
-1442
-2346
-3248
-3705
-3647
-2997
-2799
-3482
-3847
-4341
-4126
-2901
-1711
-1114
-1065
-865
-749
-64
1533
2458
3094
3845
3884
4338
4778
5640
6138
6535
7009
6849
6661
6282
6831
7112
7073
7237
6834
6274
6159
6407
6971
6424
4897
2839
1063
2130
3621
3603
1388
-2373
-4763
-5403
-3682
-1534
-2529
-5630
-8845
-9716
-8365
-6643
-5417
-6454
-8176
-8716
-8109
-6651
-5629
-5095
-4605
-4067
-3373
-3042
-2870
-2180
-1046
692
1823
1607
789
313
1081
2552
3703
3736
2055
797
556
999
1641
1392
302
-1461
-2349
-2104
-2122
-2114
-2473
-3315
-3794
-3821
-3478
-3504
-3066
-2405
-2181
-1829
-1536
-1297
-606
574
1683
2057
2250
2850
3261
4292
5302
5779
5939
5704
6165
6496
6852
7143
7028
6841
6764
6815
7002
6893
6847
6935
6582
6771
4675
1426
1634
3988
5343
3407
74
-3157
-6048
-4463
-485
-9
-3120
-7741
-10370
-9799
-6631
-4067
-5107
-7613
-9848
-10247
-7695
-5374
-5036
-5058
-5057
-5136
-4848
-3259
-2323
-1970
17
1082
455
-23
266
773
2032
3809
3676
1898
835
802
1406
2349
2167
650
-741
-1207
-1202
-1190
-1128
-1797
-2652
-2816
-2828
-3059
-3050
-2596
-2245
-1931
-1574
-1489
-1656
-883
512
1436
1663
1645
1930
2654
3844
5147
5171
4972
5216
5587
6379
6490
7150
6791
6407
6812
6952
7217
6843
6902
6532
6632
7561
5549
1539
1329
4075
5961
3940
410
-2848
-6134
-4180
267
369
-3147
-8309
-10812
-9657
-6025
-3642
-5688
-8454
-10757
-10912
-7495
-5176
-5460
-6057
-5962
-5985
-5777
-3643
-2403
-2466
-606
127
-875
-975
134
1347
2326
3164
2345
638
594
1519
2404
2574
1311
-235
-981
-655
-161
-378
-864
-1894
-2533
-2272
-2285
-2383
-2432
-2079
-1844
-1947
-1771
-1691
-1251
-89
928
1124
651
855
1955
3016
4266
4545
4109
4058
4681
5857
6355
6380
6275
5925
6150
6386
7188
7204
6532
6620
6656
6691
7241
4851
1337
2504
5740
6179
2572
-239
-2983
-5040
-1365
1478
-500
-5145
-8910
-9489
-7482
-4049
-4347
-7474
-9482
-10817
-9515
-6106
-5238
-6597
-6973
-6485
-6709
-5818
-3057
-2626
-2604
-1099
-1471
-2314
-1052
1229
2022
2196
2123
589
226
1861
3004
3008
1808
86
-577
182
1005
486
-583
-1442
-2340
-1955
-1276
-1662
-2367
-2460
-2105
-2195
-1900
-1392
-1418
-1079
-148
469
253
380
1417
2287
3022
3638
3700
3376
4090
5274
5894
5713
5658
5660
5846
6653
6931
7019
6545
6362
6831
7162
7147
7432
4844
1843
2805
5800
6479
2720
-184
-2407
-4132
-1311
1348
-527
-5304
-8641
-8701
-7049
-4514
-4849
-7810
-9677
-10574
-9472
-6567
-5919
-7172
-7492
-6933
-7055
-6358
-3617
-2960
-3064
-1917
-2081
-2753
-1361
1283
1946
1531
1282
153
358
2190
3226
2612
1128
49
-191
720
1360
481
-548
-1169
-1615
-1300
-769
-1176
-1997
-1955
-1558
-1767
-1582
-940
-904
-841
-86
524
340
650
1978
2414
2545
3250
3614
3753
4336
5295
5257
5118
5582
5796
6143
6244
6659
5941
6224
6743
6389
6963
6776
6907
5742
2463
2466
4709
6516
4314
455
-1379
-3329
-2298
954
597
-3185
-7617
-8673
-7007
-4985
-4081
-6296
-8988
-10256
-9881
-6881
-5543
-6624
-7324
-7321
-6937
-6483
-4339
-2894
-3252
-2496
-2220
-2557
-1703
406
2012
1644
1076
487
251
1897
3237
3215
1961
133
-123
748
1671
1343
-12
-904
-1602
-1278
-432
-737
-1578
-2041
-1726
-1616
-1602
-1041
-979
-976
-437
38
168
437
1227
2026
2278
2488
3025
3573
4050
4358
4889
4956
4907
5522
6074
5895
5611
6165
6199
6344
6523
6406
6092
6143
7047
6680
3070
1720
4077
6021
4968
1405
-949
-2997
-2528
683
1029
-2322
-6800
-8581
-6756
-4497
-3765
-5973
-8645
-9879
-9499
-6785
-5133
-6432
-7556
-7245
-6660
-6147
-4419
-2853
-3395
-3172
-2229
-2212
-1760
107
1720
1160
312
317
289
1537
2958
2834
1367
-112
-57
768
1664
1514
-57
-1064
-1330
-1046
-371
-347
-1113
-1933
-1718
-1223
-1374
-1031
-590
-797
-628
84
623
490
1164
1924
1836
2150
3030
3693
3778
4177
4347
4209
4752
5628
5707
5561
5403
5323
5647
6205
6451
5820
6073
5605
5937
6690
6133
3314
1746
4015
5794
4570
1470
-957
-2524
-1883
782
766
-2736
-6526
-7640
-6079
-4085
-3798
-6281
-8720
-9431
-8526
-6404
-5205
-6461
-7975
-7424
-6388
-5706
-4507
-3358
-3730
-3591
-2564
-2241
-1798
-203
993
523
-131
-4
345
1432
2426
2065
794
-226
-189
686
1527
1047
-457
-1327
-1425
-1094
-343
-260
-1271
-2103
-1783
-1499
-1420
-855
-402
-656
-836
-335
139
570
1444
1927
1740
1898
2560
3244
3859
4208
4147
4073
4522
5075
5233
5493
5335
5257
5627
5656
5820
5787
5681
5715
6045
6200
5896
3983
1672
3180
5598
5401
1968
-1078
-1931
-2047
354
1297
-1573
-5803
-7847
-6092
-3984
-3426
-5357
-8441
-9326
-8369
-6658
-5071
-5874
-7706
-7742
-6342
-5468
-5000
-3568
-3348
-3822
-2980
-2305
-2000
-1026
711
847
-321
-422
211
1110
2087
2119
907
-256
-108
801
1466
1156
-293
-1332
-1066
-741
-347
-309
-1135
-2086
-2004
-1192
-1124
-1110
-655
-609
-996
-744
78
486
1032
1872
1779
1246
1613
3005
4064
4018
3860
3397
3482
4620
5588
5433
4868
4581
4744
5361
6085
5905
5245
5033
5288
5633
6243
6290
4280
1896
2393
4622
5212
3077
89
-1703
-2091
-407
703
-892
-4203
-6749
-6517
-4669
-3818
-5174
-7336
-8441
-8503
-7334
-5653
-5827
-7219
-7475
-6523
-5894
-5416
-4044
-3345
-3556
-3273
-2705
-2184
-1283
293
818
-133
-631
-218
781
1822
2012
1299
110
-317
285
1202
1416
207
-852
-991
-896
-484
-187
-624
-1652
-2000
-1328
-1017
-904
-668
-762
-1170
-918
47
666
858
1340
1424
1274
1737
2816
3668
3727
3785
3524
3660
4290
5071
5566
5244
4646
4500
5337
5690
5839
5822
5125
4998
5439
6233
6052
5459
4144
1335
2624
5311
5397
2136
-1010
-1929
-1776
-20
991
-1402
-5254
-7429
-6180
-3704
-3518
-5463
-7754
-8644
-8130
-6698
-4920
-5546
-7453
-7364
-6054
-5284
-4692
-3289
-2996
-3832
-3144
-2096
-1499
-602
532
635
-523
-551
594
1637
2001
1419
648
97
154
1028
1543
736
-789
-1152
-612
-720
-661
-532
-1272
-2121
-1868
-1269
-1472
-1467
-897
-1002
-1417
-1150
-290
270
601
1096
1170
941
1491
2728
3463
3396
3174
3260
3635
4493
4893
5038
4564
4623
4952
5277
5619
5209
5244
5069
5211
5307
5496
5446
4956
5122
3979
1985
2276
4318
4449
1677
-631
-1668
-2060
-644
427
-1364
-5046
-7100
-5913
-4019
-3776
-5292
-7504
-8471
-8056
-6195
-4555
-5500
-7229
-7317
-5760
-4689
-4074
-3031
-3249
-3826
-2926
-1559
-1050
-632
336
384
-365
-163
927
1578
1567
1283
830
339
403
959
1155
437
-642
-900
-653
-828
-968
-869
-1449
-2194
-2001
-1509
-1678
-1742
-1281
-1334
-1646
-1216
-393
62
189
547
913
1041
1762
2641
2903
2881
3123
3761
4250
4658
4473
4536
4732
5045
5329
5575
5162
4781
5049
5523
5478
5058
4955
4942
5177
4835
4924
3370
1453
2211
4192
4039
1000
-1341
-2016
-1740
-329
-46
-2142
-5495
-7107
-5409
-3458
-3638
-5722
-7474
-7934
-7260
-5520
-4316
-5310
-6862
-6673
-5152
-4280
-3887
-2868
-2796
-3181
-2665
-1543
-919
-533
577
792
-78
-542
794
2081
1933
1425
652
-228
77
1329
1585
187
-1356
-1647
-933
-546
-873
-1475
-2439
-3055
-2214
-1385
-1861
-2334
-2194
-1867
-1678
-1320
-815
-337
-101
223
885
1056
1298
2345
3091
3087
3089
3524
4031
4565
4957
4724
4657
4602
5085
5636
5268
4774
4585
4702
4916
5286
4889
4277
4027
4456
4658
4549
3479
667
848
3341
4504
1913
-1589
-2732
-2356
-706
659
-961
-4662
-7471
-6017
-2803
-2221
-4501
-7071
-7797
-7042
-5128
-3219
-4003
-6579
-6973
-5059
-3604
-3415
-2779
-2539
-3323
-3031
-1538
-471
-388
161
621
-11
-546
621
2105
2289
1406
563
70
166
1378
2150
1059
-1431
-2316
-989
-78
-221
-1012
-2581
-3798
-3024
-1169
-1056
-2203
-2869
-2820
-2143
-1186
-323
-326
-819
-654
368
1212
1634
2142
2603
2577
2539
3104
3941
4492
4565
4354
3996
3836
4564
5342
5180
4249
3721
3780
4015
4554
4532
3801
3217
2970
3835
4152
3787
3485
3524
1986
277
1891
3994
3219
272
-1444
-1836
-1358
-89
522
-1353
-4860
-6390
-4275
-2051
-2775
-4781
-6166
-6990
-6498
-4256
-2973
-4586
-6592
-6012
-4471
-3727
-3231
-2445
-2788
-3567
-2693
-1137
-650
-570
155
337
-542
-321
1190
1467
1340
1052
565
-87
-89
710
1099
373
-1286
-1834
-1326
-1367
-1134
-1094
-2417
-3391
-2757
-1813
-1698
-2000
-2166
-2229
-1958
-1313
-379
-159
-628
-83
572
744
1325
2008
2229
2288
2534
2748
2951
3430
3649
3821
3527
3001
3342
3856
3915
3630
3354
2925
3007
3461
3813
3581
3039
2877
3338
3565
3894
3903
3907
3634
3692
2549
1391
2726
4123
3469
922
-809
-1238
-592
773
722
-1521
-4627
-5661
-3549
-1818
-2575
-4681
-6381
-6796
-5754
-3715
-3064
-4893
-6556
-5893
-4185
-3244
-3013
-2752
-3306
-3524
-2341
-1008
-687
-831
-342
-105
-466
-27
1093
1634
691
562
737
415
563
1074
778
-342
-750
-559
-404
-682
-1354
-1622
-1790
-2071
-1712
-1606
-2258
-2505
-1986
-1710
-1644
-1578
-1446
-1193
-923
-685
-120
134
76
773
1233
1066
1339
2054
2267
2342
2553
2639
2739
3048
3293
3286
3053
2938
3314
3539
3442
3292
3003
3117
3495
3697
3634
3384
3312
3349
3830
4016
3940
3991
3749
3395
1875
1773
3376
4125
2405
-155
-965
-951
-76
849
-119
-2644
-5194
-5001
-2551
-1796
-3516
-5577
-6539
-6508
-5102
-3300
-3750
-5973
-6752
-5471
-3794
-3341
-3246
-3190
-3810
-3464
-1888
-695
-845
-924
-256
-134
-98
665
1652
1775
1258
998
872
953
1505
1953
1318
-240
-1126
-444
348
-36
-1070
-2121
-2912
-2547
-1347
-1270
-2569
-3502
-3270
-2391
-1728
-1525
-1827
-2319
-2097
-1002
-60
-23
-90
158
634
1157
1643
2062
2318
2421
2592
2978
3107
3141
3503
3805
3546
3250
3317
3483
3669
3682
3519
3269
3133
3391
3746
3563
3458
3306
3448
3680
3717
3890
3745
3727
3864
3937
3493
1526
1465
3301
3791
2000
-491
-1240
-1120
-326
354
-806
-3402
-5595
-4836
-2480
-2511
-4299
-5891
-6479
-6087
-4742
-3312
-4194
-6059
-6126
-4498
-3159
-3157
-3126
-2930
-3236
-2626
-1227
-493
-736
-719
77
93
-50
689
1503
1520
1042
943
779
659
948
1492
1094
-126
-961
-593
-356
-369
-596
-1604
-2660
-2839
-2036
-1626
-2038
-2725
-3132
-2958
-2529
-1863
-1389
-1811
-2032
-1645
-903
-282
24
222
319
438
890
1646
2105
2078
2166
2362
2451
2900
3275
3322
3069
3011
3175
3337
3508
3362
3227
2935
2994
3141
3302
3156
2989
2882
2947
3127
3108
3140
2967
2871
2961
3078
3037
3057
3090
2856
2619
1559
676
1707
2829
1718
-578
-1512
-1448
-1062
-456
-699
-2534
-4763
-5050
-3129
-2206
-3597
-5039
-5516
-5602
-4990
-3551
-3220
-4775
-5626
-4559
-3224
-2985
-2940
-2458
-2605
-2748
-1722
-589
-503
-767
-270
166
-84
195
1076
1329
715
562
855
699
742
942
681
68
-420
-315
-262
-672
-1111
-1307
-1448
-1796
-1802
-1818
-2199
-2129
-1847
-1772
-1924
-2055
-1711
-1253
-901
-779
-736
-548
-284
356
872
906
935
1150
1629
2081
2340
2433
2378
2487
2759
3027
3171
2986
2820
2816
2952
3004
2810
2615
2506
2458
2570
2478
2373
2102
2103
2210
2094
2350
2202
2017
1960
2001
2203
2133
2260
2084
1933
1907
1930
2146
2183
1400
69
196
1431
1759
224
-1364
-1879
-1722
-1098
-691
-1437
-3421
-4808
-3990
-2512
-2533
-3793
-4699
-5077
-4927
-3820
-2905
-3453
-4619
-4604
-3513
-2751
-2632
-2383
-2184
-2459
-2204
-1176
-564
-665
-473
-120
-241
-264
395
931
839
447
491
582
604
841
956
489
-126
-129
258
290
-402
-769
-922
-897
-793
-765
-1150
-1710
-1577
-1030
-817
-1090
-1464
-1244
-816
-551
-273
-247
-375
-210
432
897
876
812
945
1316
1576
1685
1800
1811
1871
2102
2203
2092
1945
2034
2254
2221
2035
1904
1926
1984
2003
1941
1776
1692
1892
2032
1988
1829
1705
1806
1937
2083
2037
1968
1692
1781
1965
2131
1875
1666
1607
1636
1802
1607
1482
1289
1048
320
85
490
870
164
-990
-1624
-1573
-1263
-931
-1256
-2432
-3553
-3478
-2498
-2087
-2621
-3545
-4045
-3964
-3253
-2489
-2514
-3269
-3622
-3176
-2446
-2053
-1893
-1852
-2023
-1910
-1417
-883
-719
-600
-456
-552
-596
-212
328
540
390
207
112
277
576
617
350
150
-27
-28
1
-144
-446
-596
-591
-646
-792
-998
-1150
-969
-821
-872
-1000
-1139
-984
-587
-351
-354
-408
-381
-67
408
600
563
602
671
1009
1470
1544
1428
1421
1503
1706
1923
1931
1782
1642
1614
1704
1795
1664
1529
1478
1358
1364
1347
1285
1294
1286
1230
1157
1199
1033
1222
1410
1275
1269
1212
1227
1294
1551
1703
1546
1499
1434
1527
1820
1753
1710
1557
1349
1355
1447
1494
909
303
280
376
297
-231
-839
-1376
-1628
-1449
-1555
-2022
-2701
-3199
-3101
-2856
-2960
-3261
-3566
-3752
-3697
-3308
-3009
-3096
-3168
-3087
-2720
-2425
-2172
-1812
-1637
-1570
-1296
-878
-620
-405
-96
0
68
121
311
671
780
515
408
364
283
413
473
179
-159
-330
-322
-283
-393
-660
-885
-975
-964
-777
-857
-1110
-1082
-997
-834
-661
-605
-514
-426
-321
-80
183
245
305
557
656
776
1014
1102
1215
1317
1336
1395
1489
1586
1682
1694
1584
1489
1553
1626
1728
1697
1500
1420
1413
1481
1563
1481
1361
1363
1214
1350
1479
1360
1204
1172
1177
1120
1271
1163
1036
960
984
937
1072
890
874
792
636
812
817
654
452
398
541
413
302
102
-40
-202
-402
-256
-570
-920
-913
-1004
-1335
-1614
-1671
-1665
-1859
-2026
-2158
-2329
-2464
-2392
-2170
-2437
-2691
-2583
-2444
-2294
-2206
-2217
-2207
-2210
-2019
-1709
-1541
-1566
-1516
-1266
-1170
-1039
-859
-753
-691
-673
-543
-393
-438
-377
-248
-282
-297
-184
-135
-131
-130
-121
-130
-53
-15
51
173
97
75
186
281
388
386
395
448
517
675
824
797
675
763
908
979
1080
1041
910
945
1037
1150
1209
1122
1020
1057
1170
1242
1268
1206
1083
1076
1200
1326
1306
1108
1125
1116
1175
1288
1274
1062
977
1135
1138
1113
1025
992
1025
1020
970
992
853
892
884
988
873
720
720
822
849
679
607
631
455
461
511
407
228
95
141
63
-57
-195
-272
-376
-549
-656
-797
-982
-1017
-1084
-1180
-1481
-1695
-1608
-1602
-1655
-1743
-1858
-2070
-2071
-1857
-1799
-1893
-1940
-1927
-1806
-1715
-1556
-1432
-1469
-1486
-1341
-1145
-996
-898
-844
-811
-771
-681
-511
-339
-333
-315
-313
-314
-217
-31
35
45
-4
-65
23
152
215
203
137
95
153
304
377
336
272
230
312
411
520
518
407
406
509
572
577
554
532
528
589
647
644
591
538
600
686
680
664
662
663
663
717
799
809
780
818
838
849
925
937
969
977
982
1025
1043
1023
1027
984
1036
994
914
835
920
975
948
862
659
537
646
781
739
529
292
203
326
373
343
191
-89
-226
-131
36
-63
-211
-402
-532
-457
-359
-314
-455
-634
-714
-685
-623
-532
-581
-758
-909
-952
-907
-831
-851
-978
-1117
-1165
-1126
-1051
-1035
-1120
-1198
-1297
-1240
-1127
-1031
-1095
-1182
-1204
-1128
-1012
-899
-875
-936
-1009
-926
-755
-636
-598
-656
-662
-575
-477
-381
-295
-316
-350
-315
-232
-215
-225
-184
-149
-141
-183
-184
-140
-87
-68
-72
-105
-118
-83
29
98
85
46
68
133
172
262
322
330
323
390
482
542
557
568
577
600
618
651
636
617
659
687
673
634
630
634
626
619
633
621
550
563
640
656
622
563
622
601
637
699
726
693
674
715
836
787
807
862
839
836
794
851
768
731
768
760
683
569
484
526
362
326
241
97
0
-116
-127
-271
-443
-464
-549
-627
-710
-798
-822
-953
-939
-947
-1055
-1071
-1161
-1109
-1146
-1212
-1173
-1172
-1181
-1203
-1204
-1152
-1177
-1126
-1098
-1154
-1139
-1152
-1052
-1017
-1044
-1045
-1022
-1004
-937
-944
-901
-881
-877
-852
-844
-805
-795
-725
-691
-715
-685
-654
-613
-530
-491
-463
-444
-424
-340
-276
-205
-177
-166
-112
-61
22
85
148
200
220
292
368
458
569
638
678
699
745
838
924
968
962
978
1005
1033
1109
1175
1161
1132
1123
1143
1143
1133
1144
1127
1066
1023
1013
1024
988
954
946
865
803
801
843
879
798
690
647
605
650
693
741
559
440
466
482
508
479
430
333
223
226
319
280
182
92
78
-24
-28
40
-70
-164
-253
-257
-285
-321
-395
-349
-449
-507
-552
-549
-630
-674
-613
-652
-755
-849
-820
-778
-800
-822
-853
-1008
-1028
-826
-821
-814
-902
-1000
-976
-869
-743
-840
-870
-933
-896
-717
-679
-703
-766
-784
-667
-539
-495
-472
-535
-532
-435
-343
-304
-305
-299
-295
-249
-137
-277
-229
-171
-195
-48
-19
23
-25
75
112
105
207
248
233
247
229
248
283
322
397
346
292
299
331
389
422
396
360
350
413
426
503
511
473
551
582
611
643
630
648
659
674
697
685
684
688
719
718
685
742
733
710
694
658
638
638
618
585
534
487
478
467
416
368
354
327
256
283
265
235
146
80
92
69
24
37
64
-3
-49
-19
25
-45
-81
-99
-104
-113
-80
-50
-126
-253
-285
-226
-243
-268
-306
-359
-480
-534
-482
-409
-449
-504
-553
-634
-639
-502
-424
-515
-579
-650
-613
-453
-387
-416
-520
-591
-530
-359
-329
-416
-500
-510
-494
-384
-295
-313
-407
-503
-480
-408
-354
-349
-406
-507
-538
-499
-426
-397
-419
-474
-516
-502
-499
-427
-337
-344
-389
-399
-359
-279
-142
-66
-75
-121
-105
-12
125
203
196
149
126
205
315
372
328
285
291
331
400
425
410
367
358
403
424
417
411
406
390
393
410
426
423
432
435
420
405
427
452
471
455
439
423
432
423
422
403
369
348
348
339
304
281
278
271
245
228
211
205
184
151
149
100
68
74
92
81
36
12
-8
35
29
13
-43
-105
-95
-49
-68
-71
-104
-163
-120
-105
-110
-155
-174
-201
-169
-133
-182
-208
-248
-282
-317
-269
-272
-264
-331
-367
-366
-386
-323
-321
-341
-397
-412
-417
-357
-319
-362
-400
-387
-364
-332
-276
-326
-369
-342
-293
-258
-222
-244
-270
-286
-234
-187
-174
-182
-236
-256
-269
-264
-230
-241
-281
-325
-341
-267
-215
-206
-219
-284
-325
-251
-166
-147
-183
-196
-199
-162
-65
-16
-5
-19
28
87
121
165
219
233
225
209
230
254
315
360
350
291
257
268
334
363
325
248
180
180
226
266
237
185
142
149
221
276
239
190
168
172
225
261
236
203
174
217
259
254
222
173
160
183
234
250
192
136
141
169
209
189
141
101
86
143
166
145
79
34
48
101
133
156
114
51
36
83
142
125
87
41
31
58
53
56
12
-42
-81
-99
-97
-114
-131
-137
-169
-151
-146
-165
-166
-189
-192
-208
-228
-228
-275
-285
-295
-301
-291
-298
-325
-361
-370
-360
-326
-306
-334
-354
-360
-337
-303
-292
-306
-324
-318
-277
-210
-209
-243
-230
-203
-173
-134
-105
-128
-127
-103
-46
-9
-13
-27
-13
44
51
74
64
65
84
113
125
122
116
85
89
96
76
84
118
119
126
85
81
122
159
203
174
117
92
136
188
195
192
133
94
154
215
230
168
115
96
102
191
225
174
79
52
108
141
145
94
34
5
5
62
82
48
-13
-54
-17
-17
-10
28
6
-10
-4
-1
23
37
81
71
57
31
15
83
106
119
80
25
40
48
80
44
-17
-46
-64
-51
-73
-45
-54
-96
-112
-122
-116
-131
-98
-69
-119
-160
-177
-149
-122
-105
-91
-152
-182
-131
-72
-44
-50
-74
-127
-125
-58
-28
-35
-35
-50
-104
-71
-46
-39
-24
-23
-91
-144
-102
-79
-49
-38
-95
-154
-147
-94
-59
-41
-82
-144
-145
-104
-67
-67
-55
-88
-156
-136
-66
-53
-91
-70
-92
-145
-88
-27
-54
-101
-120
-141
-165
-128
-112
-140
-133
-151
-138
-101
-97
-113
-103
-73
-66
-51
-19
-37
-55
-24
-7
-25
-14
20
5
-6
20
29
22
40
51
40
34
45
54
53
47
26
4
7
9
7
13
10
-13
-17
9
-5
-14
-6
-28
-37
-5
-10
-25
-24
-20
6
29
25
-8
-8
-3
-11
-7
-25
-55
-45
-29
-14
-24
-53
-59
-77
-80
-40
-4
-4
2
-16
-42
-28
-18
-26
-18
-39
-71
-76
-92
-106
-116
-99
-141
-168
-129
-128
-135
-148
-157
-189
-195
-150
-146
-180
-192
-175
-174
-137
-101
-104
-88
-29
18
32
47
41
30
89
144
130
124
137
144
157
172
162
128
125
141
148
145
131
105
71
66
50
19
22
15
-6
-19
-19
-20
-16
6
32
22
11
50
65
80
89
81
71
77
101
115
131
122
115
112
103
90
105
115
128
127
123
100
76
80
83
69
42
25
32
21
3
11
16
14
-13
-36
-52
-66
-49
-28
-54
-87
-86
-83
-68
-65
-73
-93
-114
-78
-48
-49
-87
-114
-141
-152
-121
-106
-113
-123
-116
-116
-107
-124
-135
-126
-107
-83
-80
-94
-83
-65
-50
-34
-39
-43
-33
-10
8
2
-9
-14
-11
-12
-13
-2
6
28
42
18
-8
10
23
25
31
5
-19
-10
38
57
35
31
29
16
43
74
73
59
63
84
76
87
110
112
134
135
115
110
108
121
140
132
125
126
149
190
202
176
141
129
151
175
194
196
171
140
150
162
154
163
162
148
141
138
132
135
130
125
120
108
103
101
103
100
87
71
58
57
49
58
64
33
20
34
25
14
16
16
14
8
8
4
-22
-42
-65
-74
-90
-108
-111
-125
-150
-165
-166
-172
-160
-139
-138
-153
-148
-154
-174
-177
-216
-231
-213
-197
-195
-213
-220
-236
-222
-190
-171
-168
-169
-159
-148
-153
-150
-144
-143
-127
-112
-130
-154
-161
-161
-151
-131
-132
-133
-127
-114
-106
-109
-117
-135
-138
-123
-97
-103
-112
-95
-80
-66
-48
-36
-44
-36
-19
-33
-12
22
40
55
69
66
55
75
95
113
106
105
119
138
145
149
147
169
195
201
201
212
217
231
245
239
225
214
207
210
211
197
201
203
190
176
173
