-16
-27
-59
-71
-54
-38
-39
-64
-53
-55
-66
-52
-35
-41
-37
-9
-11
-19
-9
-4
-7
-27
-47
-85
-77
-54
-50
-44
-54
-63
-69
-41
-28
-30
-48
-72
-88
-76
-65
-63
-74
-97
-102
-98
-87
-86
-94
-118
-120
-93
-78
-67
-56
-80
-111
-111
-88
-69
-43
-46
-86
-92
-68
-62
-37
-38
-63
-84
-66
-47
-37
-38
-81
-122
-102
-60
-14
12
-10
-50
-67
-54
-33
-6
-19
-45
-54
-53
-32
-2
11
-10
-37
-20
12
26
16
4
-10
-10
27
46
62
53
24
5
23
43
45
45
4
-15
-14
13
29
10
-8
-47
-51
-34
-14
-4
0
-6
-20
6
19
18
-8
-48
-61
-39
-23
-32
-37
-59
-57
-41
-34
-32
-50
-64
-62
-57
-35
-23
-17
-50
-67
-37
-9
0
2
-25
-43
-19
1
14
12
-29
-73
-74
-57
-36
-28
-35
-54
-77
-74
-62
-54
-51
-56
-67
-60
-44
-31
-23
-42
-36
-26
-30
-17
-25
-40
-34
-29
-35
-33
-27
-29
-39
-26
-20
-27
-34
-44
-63
-62
-50
-29
-24
-46
-84
-108
-94
-52
-23
-39
-103
-144
-139
-112
-65
-46
-71
-116
-128
-114
-90
-77
-78
-88
-82
-59
-30
-15
-25
-45
-74
-66
-58
-56
-39
-53
-65
-80
-78
-72
-63
-58
-86
-92
-82
-58
-39
-39
-46
-70
-62
-44
-28
-21
-13
-5
0
4
21
27
29
23
22
37
40
31
16
15
7
19
34
43
42
28
10
1
6
14
14
10
4
16
42
50
45
48
52
55
63
73
81
78
95
103
95
109
97
82
90
101
100
114
135
142
119
89
85
92
115
117
103
90
80
65
60
63
51
35
18
13
16
29
31
27
20
11
15
24
35
40
22
-9
-9
18
39
31
12
3
12
28
41
20
-20
-42
-46
-25
-7
0
-19
-57
-86
-62
-17
6
10
-35
-81
-78
-48
-30
-42
-61
-101
-98
-68
-44
-31
-49
-91
-112
-79
-39
-30
-65
-115
-141
-127
-75
-45
-49
-76
-106
-97
-75
-67
-52
-54
-80
-71
-54
-59
-44
-49
-79
-90
-70
-63
-64
-75
-117
-123
-92
-65
-71
-84
-97
-109
-75
-65
-67
-61
-55
-53
-25
5
14
8
-19
-27
-22
12
27
15
-1
-18
5
43
50
39
14
-17
-31
-14
3
0
6
5
-39
-29
-15
-33
-3
28
10
-12
4
6
25
39
39
21
34
47
64
82
77
67
71
80
72
72
82
82
76
75
74
77
74
68
64
83
86
51
15
2
27
55
61
50
28
8
4
30
61
67
63
57
40
53
83
95
101
105
98
96
114
127
123
107
95
79
62
67
52
36
4
-15
-16
-29
-17
-3
1
-33
-68
-56
-41
-48
-57
-63
-53
-27
-11
-32
-57
-87
-105
-78
-53
-47
-57
-95
-119
-109
-95
-84
-81
-109
-130
-134
-133
-129
-128
-130
-139
-140
-132
-127
-115
-127
-160
-155
-150
-138
-105
-105
-130
-144
-156
-139
-97
-95
-108
-105
-95
-93
-79
-84
-110
-119
-117
-107
-71
-71
-78
-73
-85
-83
-63
-69
-75
-65
-47
-25
-19
-36
-50
-47
-45
-12
10
19
30
21
6
21
37
31
16
2
-16
-9
15
17
9
-1
-16
-19
-14
6
15
14
-16
-42
-41
-37
-19
19
11
-8
5
18
40
60
78
55
48
54
54
78
85
73
65
72
80
109
119
96
82
57
59
76
79
73
63
48
41
59
69
49
58
52
27
35
45
35
27
27
20
27
44
37
19
1
-3
4
10
17
26
27
4
12
24
21
-3
-43
-77
-63
-44
-43
-72
-51
-32
27
-10
-23
-130
-131
-194
-177
-293
-298
-444
-1916
-2120
-136
-1964
-4832
-2712
-1633
-2435
-399
28
-1627
-1579
-1151
-1533
-830
309
779
402
88
926
381
-18
1379
1374
382
1075
785
-500
257
588
-598
-1371
-4669
-3044
648
-412
-240
-338
-1430
-1391
-884
-582
701
477
1030
535
-2328
-1471
-1688
-2514
-326
781
110
312
1188
-297
-267
-147
439
1780
1018
2136
2145
677
882
875
864
1201
2483
2239
2072
1458
524
820
-45
1653
2192
1335
2308
1628
532
-62
50
376
1296
1247
696
1149
-73
-194
-44
73
162
1063
1330
1022
633
-773
262
1214
64
1027
1707
215
284
686
457
905
548
883
743
-354
-588
218
202
-560
-142
-391
-615
-1123
-266
101
-680
-31
401
-385
-822
422
-92
-234
838
258
131
415
-13
170
676
-412
273
1039
-29
319
205
-313
-546
-238
-78
19
245
-657
-598
60
-1080
-788
-34
-301
-289
144
195
-596
-574
-3
-335
-361
495
427
-255
627
217
-539
-43
102
-167
291
637
405
329
286
-14
-780
95
541
-103
611
738
-307
-284
692
-357
-124
685
169
5
626
403
-69
589
393
308
327
37
128
8
495
823
110
221
44
-480
-51
29
200
267
61
256
-325
-599
-441
-440
-98
128
-4
-494
-495
-586
-845
-395
-53
-448
-810
-302
-752
-1138
-717
-854
-781
-941
-847
-762
-1374
-1443
-1214
-1425
-994
-1013
-1510
-1310
-1533
-1469
-1364
-1248
-1136
-1650
-1619
-1371
-1371
-1297
-1466
-1199
-1167
-1196
-936
-829
-654
-991
-920
-206
-328
-51
135
-40
232
133
703
1295
1541
1663
2069
2251
2140
2653
2643
2933
3462
3321
3692
3290
2889
3386
3462
3491
3268
3456
3004
2775
3446
3124
2886
3024
2445
2153
2971
2764
2790
2327
1906
2007
1644
1979
1562
1343
1426
878
637
71
-764
-1484
-1932
-2027
-1689
-1833
-2654
-3556
-4605
-5198
-5345
-4913
-4803
-5309
-5394
-5646
-5825
-5875
-6029
-5930
-5698
-5374
-4927
-4381
-4364
-4298
-4274
-3971
-3676
-3281
-2741
-2702
-2556
-2298
-2040
-1927
-1586
-1343
-1555
-1604
-885
-432
-608
-106
-37
-100
159
711
1370
1005
1450
2317
2043
2208
2978
3900
3418
3429
4531
4617
4055
4332
5265
5543
5186
4915
5592
5272
4241
5140
5017
4230
4875
4740
4323
4352
4289
3254
3619
3814
3560
3657
3906
3688
3458
3364
2752
2550
2741
3042
2046
-121
-1187
-1635
-1710
-1830
-1778
-1801
-3076
-4578
-5396
-5747
-5811
-5635
-5446
-5053
-4778
-4717
-4882
-5127
-5299
-4969
-3985
-3295
-2762
-2242
-2275
-2313
-2070
-1971
-1851
-1675
-1154
-1107
-1353
-1302
-921
-537
-1010
-1225
-1310
-1609
-1321
-1017
-873
-845
-926
-1153
-1051
-945
-1101
-732
-499
-353
-639
-878
-922
-347
197
5
-262
-302
-120
-433
-504
-197
19
309
289
17
-184
-275
-312
-95
287
606
519
135
-134
-98
95
309
580
881
1090
1128
1065
979
995
1145
1381
1574
1745
1867
1802
1619
1507
1568
1809
2030
2079
2005
1920
1842
1837
1947
2065
2117
2110
2014
1922
1901
1897
1863
1863
1841
1715
1551
1371
1134
971
912
847
673
454
195
-83
-409
-688
-833
-964
-1143
-1320
-1472
-1623
-1853
-2041
-2202
-2404
-2502
-2512
-2527
-2557
-2628
-2707
-2784
-2807
-2752
-2703
-2708
-2696
-2557
-2476
-2399
-2255
-2153
-2052
-1934
-1824
-1727
-1621
-1461
-1304
-1143
-983
-770
-578
-420
-302
-193
-89
27
252
457
584
656
740
826
906
1017
1110
1120
1163
1261
1275
1341
1447
1486
1509
1515
1570
1613
1607
1666
1715
1732
1782
1874
1936
1946
1975
1980
1944
1921
1967
2017
2035
2021
1912
1818
1766
1735
1758
1765
1704
1623
1555
1481
1458
1444
1384
1288
1208
1138
1090
1044
958
853
705
614
505
403
303
110
-45
-196
-346
-495
-632
-787
-957
-1091
-1219
-1328
-1453
-1516
-1601
-1726
-1805
-1888
-1936
-1929
-1927
-1977
-1973
-1926
-1946
-1881
-1824
-1849
-1796
-1695
-1644
-1534
-1403
-1334
-1293
-1221
-1131
-1070
-1002
-964
-881
-761
-685
-627
-590
-566
-489
-396
-267
-148
-74
0
37
91
215
315
383
525
562
583
673
720
801
873
909
940
1012
1049
1077
1062
1045
1101
1165
1239
1297
1318
1290
1257
1255
1262
1314
1317
1326
1328
1281
1251
1224
1208
1222
1182
1145
1145
1093
1004
997
956
911
902
808
748
722
654
588
521
478
403
362
286
216
179
123
85
17
-68
-167
-236
-248
-284
-331
-381
-473
-583
-627
-689
-783
-799
-870
-944
-986
-1039
-1108
-1193
-1230
-1263
-1264
-1237
-1254
-1276
-1308
-1298
-1255
-1237
-1210
-1188
-1184
-1226
-1256
-1173
-1060
-1025
-978
-948
-992
-927
-851
-790
-720
-664
-554
-513
-453
-355
-276
-235
-188
-129
-93
6
112
211
287
353
401
467
508
534
619
687
726
780
804
790
831
843
857
890
898
907
896
898
908
918
891
845
838
805
746
751
776
740
661
652
663
603
574
576
474
450
474
426
402
364
325
288
236
210
163
103
77
49
-27
-71
-76
-109
-129
-178
-239
-291
-372
-436
-445
-474
-508
-485
-533
-615
-668
-682
-726
-789
-767
-753
-738
-756
-785
-821
-857
-856
-877
-838
-806
-816
-812
-795
-782
-745
-721
-718
-636
-611
-589
-529
-520
-540
-550
-519
-486
-433
-396
-373
-350
-382
-321
-272
-257
-202
-172
-119
-73
-38
-18
-4
10
54
140
163
214
267
240
230
243
249
286
352
356
370
309
291
290
196
185
61
-130
-234
-161
-777
-1338
-4114
-4649
-231
2389
1908
919
547
-286
-845
-1244
99
1797
2480
1583
503
-291
-779
-2389
-2593
-285
2518
2622
86
-167
-248
-685
-1194
-946
-157
625
1347
764
-746
-965
-520
-171
-1334
-757
1533
234
-1433
822
-36
0
518
-802
1027
743
-1158
648
726
-636
-155
1050
-175
-1165
1186
-107
-1674
-29
482
-401
-238
779
-954
-816
-1002
-1341
-532
-2533
-1704
-146
-281
-368
142
-422
-651
-32
-720
767
1363
1138
1666
1133
-248
1084
73
-792
1368
646
1219
1111
1137
418
-300
-7
-50
653
-29
435
1041
166
592
372
340
332
-582
722
664
896
1527
435
521
871
296
608
582
1106
1037
846
465
888
477
499
1049
335
1909
607
31
-480
323
2330
-129
263
814
293
921
-778
493
373
214
518
320
1079
-144
-417
524
-626
-591
157
1254
63
-1278
-68
-840
-272
-152
-702
118
-154
-516
-843
-797
-405
-363
-1096
-1782
-988
711
13
-2233
-2027
304
-997
-1615
-845
-958
-175
-771
-1459
-1027
-883
-8
-977
-2246
-869
158
-244
-1399
-518
266
-773
-667
-1138
-774
852
-339
-1481
-309
701
-648
-118
-126
-112
82
-584
-360
578
393
529
179
1226
898
-707
499
657
1093
1127
859
1762
1206
198
242
1036
1596
279
1007
2763
883
-758
1886
1876
401
763
1791
1186
-200
108
1098
1584
1421
172
1478
-71
-647
803
1185
834
-575
814
-263
-642
-1134
-1115
-1087
-1099
-193
-479
-839
-1010
-730
-769
-572
176
1043
494
290
241
-486
-468
-37
220
-9
325
223
-223
-955
-1575
-1437
-1730
-1558
-1800
-1215
-1305
-1904
-2306
-2713
-2922
-2963
-2226
-2144
-1888
-1793
-1966
-2222
-2639
-2283
-1688
-1643
-1506
-1189
-960
-953
-1098
41
-521
-1073
-417
378
-38
-64
-417
1098
1028
173
516
239
-916
-417
1454
1563
1713
1414
1220
1362
1224
2147
2902
2447
1950
2736
1959
1356
2808
3251
1917
1666
2993
2544
2315
2300
2605
3346
2533
1471
2707
3402
2404
2468
3513
2837
3083
2084
2241
2909
2286
2313
2851
3455
2358
1844
2187
1662
1648
1187
343
-3
-151
-941
-1494
-1558
-2491
-3700
-4132
-4356
-4658
-4898
-5111
-5189
-5626
-6030
-6317
-6272
-5660
-5681
-5813
-5224
-4832
-4872
-4829
-4277
-4154
-4415
-4253
-4302
-5037
-3887
-2776
-3040
-2665
-2035
-1828
-2949
-3405
-2024
-350
-802
-576
654
4
-1124
-1439
-948
166
494
695
1737
1925
1371
1295
1281
2300
2902
3996
4439
4390
4756
3847
3802
4583
5671
5507
5264
5652
5282
5045
5298
5617
5968
5943
4999
5908
6407
5150
5009
6066
6114
5514
6110
6654
6227
5525
5466
6071
6512
6219
6374
5836
2876
491
-588
13
24
-655
-1179
-3214
-5860
-7747
-8015
-8596
-9166
-9094
-8819
-8393
-9000
-9213
-9660
-10437
-10162
-8555
-6145
-5139
-4290
-3727
-4008
-3868
-2796
-1318
-793
-113
885
1666
1217
683
390
-479
-1343
-1685
-1529
-1697
-2796
-3869
-4286
-5389
-6243
-6239
-6091
-5631
-5145
-4745
-4467
-4328
-3951
-3109
-2255
-1208
-230
824
1419
1882
2379
3355
3906
4730
5917
6186
6145
6850
6484
6080
7077
7148
6966
6640
6536
6814
5402
5120
5783
5995
5684
5124
5981
5597
4868
4672
5160
5674
5463
6668
7078
6741
6640
7182
7657
7630
7313
4928
2530
1550
1944
2923
1933
250
-1879
-4762
-6922
-7333
-7201
-8102
-9205
-9439
-9214
-10222
-11088
-11263
-11854
-11873
-10404
-7646
-6450
-6696
-6345
-5827
-5279
-4108
-1876
-367
112
605
1717
2360
2114
1816
1712
1468
1341
1926
1900
124
-2069
-3706
-4688
-4998
-5255
-5571
-6621
-7973
-8154
-7593
-7338
-7317
-6892
-5997
-4911
-3573
-2378
-1776
-1302
-643
945
2794
3762
4391
5302
6143
6624
7028
7317
7488
7588
8148
8374
8216
7975
7622
7328
7023
6561
6470
6303
6239
6193
6221
5986
6133
5684
4684
5228
5402
6362
7198
8071
8206
7332
7524
8136
8292
6938
4711
3453
3227
3586
4188
2944
-182
-3283
-5899
-6641
-6112
-6276
-7070
-8734
-10301
-11134
-11514
-12157
-12463
-12284
-11542
-10155
-8716
-8097
-8659
-8728
-7888
-6037
-3606
-1687
-869
-643
-476
302
1547
2034
2393
2253
1668
1604
1455
1112
-25
-1223
-2133
-3458
-4501
-5498
-6280
-6938
-7529
-7493
-7477
-8093
-8394
-7880
-7195
-6232
-5152
-4034
-3018
-2214
-1027
303
1449
2262
3303
4756
5662
6489
7384
7680
7703
7964
8450
8803
8758
8888
8601
8147
7949
7289
6970
7101
6638
6869
7271
6512
6019
5380
5252
5929
5655
7038
8255
7595
8254
7768
7877
8891
8290
7862
5410
3795
4126
4474
4506
2469
-106
-3020
-5173
-6048
-5403
-5707
-7723
-9178
-10741
-11261
-11988
-12405
-12098
-12584
-12084
-10942
-9853
-9738
-10105
-9157
-7848
-6379
-4292
-2722
-2396
-2337
-1239
412
1673
2264
2761
2358
1626
1896
2139
1529
814
-106
-398
-1768
-3834
-4816
-6363
-7367
-7165
-6792
-7009
-8145
-9106
-8960
-8379
-7507
-5996
-4895
-4397
-3838
-2508
-1385
-481
976
2150
3453
4470
5246
6246
6882
7208
8146
9079
9199
9070
9086
9250
8811
8923
8883
8304
8129
7827
7974
7654
7150
6865
6594
6422
6933
6364
7025
7147
7235
8119
8228
8777
8549
8778
7588
5226
3782
3799
4976
5505
3457
192
-2860
-5280
-5334
-3827
-4086
-6119
-9087
-11132
-11593
-11332
-10628
-10334
-11118
-12092
-11934
-10938
-10481
-9953
-8645
-7448
-6296
-5202
-4471
-4170
-3745
-2275
98
1471
1885
1607
1116
788
1716
2160
2085
907
-129
-640
-2091
-2392
-3936
-4913
-6045
-6990
-6465
-7171
-7810
-8203
-8236
-7752
-6973
-6234
-5980
-5460
-4570
-3090
-1759
-619
72
825
1806
2888
4382
5160
6043
7000
7484
7881
8215
8604
8871
8788
9406
9047
8533
8345
7993
8428
8233
7899
7703
7196
6612
7105
7472
6947
7329
6893
7850
7775
8315
9336
8486
9481
7453
5810
4655
3898
5582
6266
4062
1015
-2196
-4744
-3967
-3024
-2793
-4714
-8993
-11080
-11717
-10438
-9449
-9450
-10357
-12634
-12969
-11707
-10599
-9341
-8669
-8115
-7388
-7057
-5849
-4602
-3877
-2258
-715
268
359
160
816
944
1872
2817
2454
1447
106
-328
-691
-1745
-1863
-2774
-4071
-5325
-6312
-6312
-7105
-7212
-6545
-6513
-7037
-7179
-6550
-5832
-4870
-3462
-2379
-2234
-1958
-931
656
1844
2788
4020
4542
4828
5851
6967
7278
7672
8118
8568
8531
8509
8319
8491
8085
8376
8694
8133
7572
7054
7369
7213
7899
7452
6834
6648
7150
7780
8328
9220
7732
8434
8569
7390
6732
3217
4405
5969
5403
3817
350
-2831
-4941
-3816
-1491
-2159
-6324
-9960
-11933
-11221
-9573
-8417
-8379
-12398
-14425
-12931
-11153
-9590
-8809
-8510
-9114
-9320
-7422
-5148
-4351
-3574
-2310
-1093
-1016
-1024
616
946
1162
2501
2669
1361
92
51
853
510
-1097
-1836
-3584
-4985
-4666
-3965
-4396
-6557
-7363
-7197
-6571
-6113
-5656
-5232
-5879
-5503
-3741
-2557
-2204
-1633
-636
481
1287
2154
3298
3942
4876
6131
6941
6626
6497
7107
7772
9042
9117
8366
7659
6853
7856
8449
8574
8287
6806
6811
6468
7252
7466
7210
6738
6497
7238
7078
8387
8191
7780
8277
7616
7082
4598
3399
4903
6251
5639
2115
-1430
-3861
-4012
-2025
-381
-2871
-7571
-11132
-11534
-9127
-7713
-7544
-9596
-13110
-14086
-11925
-9262
-8284
-8746
-9274
-9581
-9085
-6822
-4841
-3839
-3520
-2943
-1844
-1930
-1173
351
1435
1452
1629
1614
555
489
843
1498
567
-1271
-2305
-2681
-3285
-3912
-3554
-4522
-5949
-6272
-5916
-6096
-6332
-5910
-5360
-4850
-4940
-4324
-3232
-2939
-2047
-429
337
264
968
2397
3686
4591
5382
5684
5701
5824
6756
8151
8042
7605
7530
7546
7400
7805
8227
7561
7265
7098
7258
7189
7247
7045
7089
6659
6789
7025
7803
8151
7462
8697
7546
7782
7676
5558
3741
4481
5911
5800
3271
-1032
-2355
-2950
-2186
-293
-1684
-6672
-11005
-10046
-8330
-7210
-7279
-9475
-12573
-13902
-11861
-8590
-7820
-9626
-9834
-9800
-9355
-6958
-4723
-4035
-4499
-3819
-2743
-2242
-1369
102
1348
1403
705
791
1154
752
1955
2242
258
-1358
-1933
-1298
-1588
-1969
-3372
-4323
-5061
-5718
-4385
-4487
-5932
-5949
-5149
-4964
-4539
-3949
-3622
-3091
-2524
-1524
-416
-100
76
1809
3119
3121
3897
4515
4829
5568
6512
6931
7062
6717
6859
7270
7445
7055
7367
7427
6645
6526
7137
6816
6449
7042
6212
5985
6323
6353
7014
7440
6909
6972
6908
6625
7990
8232
6487
3778
2775
4731
5942
5331
1241
-2077
-2993
-2675
-805
-280
-3796
-8493
-10407
-8784
-6435
-6606
-8400
-10624
-12479
-12133
-9678
-7533
-8571
-10015
-9696
-8772
-7722
-6231
-4957
-4567
-4653
-3899
-2644
-2090
-1436
57
923
735
-98
244
898
1070
2225
1622
-396
-1847
-1577
-539
-223
-1659
-3577
-4491
-4882
-3942
-2678
-3385
-5480
-5803
-4894
-4055
-2963
-2943
-3203
-3129
-2710
-1325
-103
54
413
1625
2261
2385
3193
4074
4795
5535
5892
5520
5446
6011
7106
7983
7305
5989
6019
6527
7326
7848
7546
6143
5714
6371
7383
7390
6826
6436
6365
7077
7197
7326
7833
6640
7241
7976
6754
4236
2136
3908
6464
5830
1039
-2379
-3570
-2815
-859
306
-2911
-8827
-11350
-9037
-5744
-5753
-8322
-10816
-12742
-12376
-9252
-6918
-8193
-10227
-10342
-9023
-7751
-6322
-5151
-4916
-4992
-4460
-3178
-2505
-1626
-38
845
379
-135
-443
646
1523
2394
2492
144
-995
-893
-173
552
-593
-1998
-3015
-3984
-3180
-2315
-2878
-3921
-4735
-4410
-3930
-3534
-2898
-2808
-2890
-2754
-1945
-934
-607
159
1135
1292
1446
2167
3232
4185
4728
5084
4861
4749
5510
6560
7304
7056
6167
6172
6413
6621
7598
7299
6625
6336
6006
6638
6497
6835
6873
6125
5854
6248
7003
7135
6769
6507
6805
6444
6632
4388
2072
3514
5237
5591
1569
-2599
-2730
-2353
-1137
-314
-2721
-7571
-10689
-8692
-5174
-5750
-8220
-10416
-12070
-11560
-9230
-6783
-7670
-10449
-10492
-8955
-7652
-6177
-5069
-4844
-5291
-4997
-3421
-2307
-1251
155
456
89
-346
566
1740
2137
2723
2157
589
142
628
1427
1207
-172
-1352
-2443
-2921
-2281
-1589
-2281
-3960
-4668
-4557
-4317
-3361
-2712
-3206
-3834
-3839
-2810
-1521
-952
-519
-218
-208
315
1769
3009
3295
3588
3953
4157
4718
5505
6100
6393
6146
6192
6282
6152
6350
6903
7023
6196
5823
5928
6174
6330
6472
5899
5369
5401
5811
6904
6242
6136
6066
5792
6172
6796
7073
4131
1741
2960
5151
5802
2383
-1789
-2626
-2228
-1182
131
-1965
-6570
-9367
-8396
-5518
-5376
-7601
-9844
-11055
-10852
-9369
-7293
-7731
-9773
-9996
-8853
-7597
-6266
-5524
-5016
-4758
-4661
-3574
-2368
-1208
-44
393
289
-78
692
1891
2903
2760
1565
1083
730
1744
2119
1220
-194
-1589
-1939
-1378
-1289
-2427
-3311
-4176
-4492
-3955
-3942
-4246
-4364
-4318
-4083
-3467
-3112
-2763
-2144
-1497
-1056
-540
-41
729
1932
2555
2686
3096
3590
4331
5267
5581
5290
5276
5716
6285
6829
6418
6102
5816
5803
6237
6628
6174
5603
5625
5547
5502
5371
5596
5791
5779
5304
5581
5444
5642
6188
5967
5832
5444
2495
2139
3841
5201
4351
-293
-2540
-2040
-1494
-775
-828
-3606
-7718
-9222
-6327
-4553
-6013
-8190
-9888
-9944
-9549
-7945
-6239
-7677
-9264
-8626
-7318
-6225
-5337
-4581
-4089
-4294
-3753
-2684
-1572
-351
328
504
152
28
1069
2037
2827
2849
1702
314
207
1798
2329
1508
-580
-2221
-2448
-1470
-926
-1435
-3402
-5264
-4756
-3749
-3259
-3520
-4302
-5017
-4741
-3459
-2496
-2363
-2623
-2379
-1609
-893
-163
829
1142
1222
2050
2694
2960
3608
4513
4964
4736
4569
4999
5720
6209
6086
5904
5065
4804
5851
6355
6007
5028
4794
4878
5166
5381
4831
4697
4371
4763
5276
4898
4555
4658
5176
4912
5292
5309
4731
1559
1315
3677
4854
3558
-1177
-2386
-1978
-1521
-524
-481
-3808
-7625
-7933
-5029
-3728
-5671
-7576
-8838
-8992
-8340
-6373
-5293
-7309
-8566
-7563
-6418
-5397
-4472
-4054
-3870
-4139
-3558
-2300
-1256
-233
54
-205
-402
-18
1215
2080
2455
1897
773
317
866
1089
1506
1107
-382
-1380
-2259
-1401
-1038
-1807
-2890
-3748
-4196
-4054
-3381
-3065
-3691
-4471
-4367
-3603
-2775
-2556
-2094
-1874
-2074
-1382
-239
607
883
1057
1653
2115
2547
3368
4077
4232
4066
4317
4832
4915
5030
5441
5431
5001
4662
4843
4950
4845
4656
4764
4416
3911
4120
4224
4125
3785
3880
4131
3696
4063
3923
4381
4074
4067
4837
4417
4448
4909
3798
1379
2181
3943
4774
1991
-1249
-1025
-764
-945
-125
-449
-3962
-6780
-5804
-3335
-3670
-5638
-6781
-7462
-7836
-7224
-5187
-5301
-7444
-7612
-6459
-5703
-5104
-4447
-3931
-4074
-4195
-3425
-2382
-1525
-916
-579
-781
-1042
-548
515
1256
1559
637
-43
-379
653
1253
614
239
-1322
-1740
-1382
-1127
-1190
-1912
-3241
-3471
-3236
-3198
-2653
-2767
-3459
-3946
-3434
-2745
-2172
-1670
-1776
-1805
-1630
-918
413
973
708
957
1306
1617
2446
3328
3471
2994
3033
3583
4062
4205
4234
4135
3908
3611
3985
4451
4102
3844
3608
3439
3571
3831
3937
3941
3387
3127
3703
4029
3984
4328
3679
3854
4053
4708
5062
4639
4250
4330
5029
5373
5209
2514
1814
3057
4591
3561
395
-784
-805
-1028
-681
-254
-2305
-5349
-6111
-3958
-3393
-5070
-6161
-6553
-6912
-7203
-5942
-5066
-6302
-7030
-6122
-5472
-5350
-4995
-4208
-3645
-3882
-3697
-3108
-2432
-1683
-1140
-1060
-1281
-1282
-731
92
711
367
-271
-392
126
796
362
92
-661
-787
-385
-377
-596
-1597
-1920
-1477
-1412
-1614
-2022
-2470
-2396
-2166
-1680
-1619
-2288
-2401
-1820
-1145
-972
-1127
-858
-723
-434
327
815
849
715
1120
1879
2029
2148
2595
2863
2896
3088
3424
3402
3318
3629
4065
3992
3648
3685
3977
4078
3935
3916
3939
3820
3860
3903
3897
3618
3654
3984
3469
3814
3446
3511
3998
3552
3481
3724
3304
3816
4078
3322
3614
2322
1269
1997
2803
2706
763
-1243
-1379
-881
-888
-1085
-2079
-3856
-5448
-4598
-3446
-4251
-5432
-6394
-6617
-6481
-6302
-5596
-5686
-6790
-6781
-6139
-5633
-5306
-5004
-4398
-4344
-4225
-3715
-3058
-2239
-1735
-1519
-1287
-1279
-728
165
722
826
398
358
698
977
1037
682
916
548
-57
-135
-437
-502
-535
-856
-1180
-1843
-2363
-1886
-1485
-1772
-2381
-2669
-2543
-2148
-1324
-1199
-1562
-1788
-1454
-316
455
483
577
641
990
1929
2692
2924
2809
2858
3190
3637
4023
4202
4119
3930
3776
4004
4168
4153
4129
3961
3538
3186
3463
3588
3440
3140
2752
2777
2719
2500
2602
2594
2245
2301
2233
2201
2181
2369
2390
2409
2379
2160
2429
2525
2599
2601
2691
2260
1847
1073
1031
1804
1628
442
-914
-1289
-1535
-1562
-1653
-2182
-3538
-4888
-4759
-4054
-4196
-5176
-5571
-5997
-6287
-5874
-5252
-5158
-5763
-5905
-5441
-4917
-4602
-4178
-3800
-3645
-3510
-2953
-2454
-1995
-1478
-1259
-1031
-876
-584
-10
379
489
215
87
238
388
589
315
139
-390
-655
-455
-384
-486
-993
-1407
-1512
-1371
-1197
-1065
-1286
-1550
-1569
-1184
-750
-561
-492
-400
-172
133
533
987
1204
1278
1513
1835
2147
2434
2576
2658
2652
2759
2939
3058
3073
3038
2969
2830
2785
2799
2774
2603
2398
2268
2293
2234
2204
2098
1892
1801
1859
1913
1959
1889
1700
1607
1856
1984
2032
1832
1654
1920
1944
2016
2048
2013
1864
1907
1957
2199
1928
1993
1974
1949
1856
1377
654
804
1067
1009
312
-874
-1260
-1359
-1440
-1235
-1736
-2999
-3921
-3777
-3209
-3365
-3963
-4549
-4964
-4956
-4628
-4222
-4228
-4812
-4885
-4405
-4078
-3725
-3457
-3353
-3108
-2919
-2566
-2082
-1716
-1372
-1101
-1004
-763
-410
-88
389
422
440
242
259
655
820
659
425
192
37
80
105
55
-257
-576
-644
-474
-460
-588
-656
-824
-801
-614
-473
-415
-398
-421
-307
-21
244
371
438
532
674
948
1125
1317
1452
1367
1438
1640
1729
1774
1845
1844
1828
1796
1777
1838
1887
1817
1721
1589
1402
1552
1724
1631
1435
1210
1130
1435
1694
1482
1338
1047
1099
1560
1566
1418
1368
1077
1303
1602
1754
1549
1425
1293
1499
1805
1818
1692
1538
1446
1518
1788
1486
1375
1092
495
637
953
580
-179
-656
-801
-831
-1347
-1413
-1530
-2218
-2754
-2690
-2549
-2976
-3324
-3184
-3361
-3640
-3540
-3353
-3277
-3296
-3247
-2973
-3019
-2909
-2494
-2168
-1986
-1890
-1774
-1519
-1079
-744
-597
-660
-603
-372
-109
198
-22
-309
-262
-91
142
87
-192
-477
-549
-437
-210
-323
-648
-834
-792
-612
-605
-579
-685
-717
-602
-417
-392
-351
-283
-106
109
147
243
380
605
759
902
904
973
1039
1292
1244
1215
1381
1279
1492
1560
1539
1305
1305
1432
1365
1455
1368
1210
1090
1146
1206
1256
1211
1130
1182
1127
1192
1305
1271
1265
1327
1359
1343
1385
1402
1567
1679
1552
1440
1489
1576
1698
1847
1596
1363
1314
1304
1498
1523
1186
1045
914
785
879
875
622
420
265
178
6
-297
-442
-448
-506
-868
-1231
-1499
-1650
-1573
-1514
-1823
-2275
-2608
-2629
-2359
-2276
-2503
-2833
-3045
-2947
-2625
-2425
-2568
-2750
-2844
-2655
-2352
-2026
-2163
-2343
-2178
-2116
-1847
-1830
-1818
-1833
-1921
-1766
-1467
-1467
-1520
-1461
-1408
-1312
-1300
-1138
-1003
-1032
-1001
-955
-862
-841
-721
-461
-426
-532
-442
-312
-167
2
71
149
147
231
473
624
684
744
890
1045
1146
1275
1327
1333
1419
1527
1684
1822
1831
1774
1836
1939
2111
2247
2197
2153
2027
2138
2369
2497
2344
2209
2116
2234
2387
2563
2619
2192
2026
2084
2329
2403
2168
1964
1870
1704
1850
2062
1789
1615
1444
1358
1444
1389
1320
1176
975
852
822
808
620
537
431
239
204
77
-134
-92
-188
-439
-519
-587
-711
-805
-811
-909
-1088
-1308
-1424
-1407
-1512
-1650
-1725
-1895
-2214
-2218
-2205
-2309
-2472
-2659
-2753
-2874
-2850
-2852
-2894
-3054
-3234
-3075
-3003
-2979
-2920
-2941
-3041
-2954
-2810
-2616
-2489
-2524
-2426
-2358
-2196
-2001
-1769
-1703
-1691
-1577
-1415
-1226
-1021
-907
-913
-820
-680
-483
-314
-249
-221
-162
-55
130
306
362
441
521
615
776
943
1093
1172
1295
1405
1529
1674
1796
1890
1955
2030
2118
2221
2222
2289
2396
2400
2439
2484
2480
2478
2443
2465
2474
2393
2224
2225
2223
2162
2048
1923
1836
1774
1838
1699
1592
1416
1444
1533
1451
1254
1212
1264
1198
1221
1105
1080
851
925
1014
946
868
779
668
660
603
557
613
270
219
214
79
2
-87
-303
-430
-552
-598
-674
-825
-870
-994
-1098
-1192
-1296
-1285
-1388
-1429
-1435
-1585
-1683
-1677
-1741
-1774
-1769
-1900
-1968
-2036
-1995
-2027
-2056
-2103
-2127
-2162
-2149
-2149
-2161
-2209
-2237
-2150
-2160
-2205
-2160
-2126
-2128
-2075
-1966
-1915
-1919
-1826
-1704
-1605
-1526
-1381
-1237
-1180
-1116
-940
-775
-669
-538
-418
-332
-218
-33
129
208
235
335
461
562
672
742
753
772
856
998
1060
1068
1059
1059
1127
1233
1307
1303
1260
1260
1315
1384
1456
1453
1386
1380
1460
1568
1602
1556
1537
1506
1523
1597
1568
1548
1569
1534
1462
1433
1371
1376
1356
1353
1254
1168
1080
1120
1132
1037
931
834
828
850
861
695
470
504
526
562
518
329
202
270
360
270
219
96
0
-59
-43
-48
-81
-297
-339
-310
-420
-508
-480
-603
-693
-686
-706
-792
-815
-855
-899
-897
-1003
-1027
-1026
-1054
-1010
-1027
-1136
-1200
-1158
-1075
-1053
-1066
-1156
-1196
-1117
-1039
-1015
-1044
-1118
-1121
-1090
-1072
-972
-958
-1026
-1056
-1027
-991
-950
-864
-871
-941
-932
-886
-776
-747
-723
-714
-729
-689
-598
-495
-512
-539
-487
-438
-367
-260
-180
-196
-162
-77
-27
27
77
108
175
183
257
356
369
427
502
576
626
702
761
758
835
881
920
957
943
985
1001
1013
1039
1010
950
924
961
1012
907
906
890
838
818
795
830
752
737
664
647
648
603
585
536
546
566
531
462
520
542
500
541
502
431
406
455
515
420
319
338
388
370
387
366
221
241
298
314
181
47
-5
-22
92
33
-147
-260
-259
-145
-86
-140
-227
-372
-423
-235
-100
-266
-497
-505
-455
-323
-220
-357
-527
-574
-492
-244
-357
-568
-664
-652
-533
-477
-476
-689
-831
-735
-633
-550
-650
-783
-781
-769
-658
-666
-691
-770
-761
-620
-648
-621
-574
-559
-549
-571
-543
-569
-469
-383
-373
-399
-454
-368
-236
-172
-129
-147
-206
-180
-63
4
-35
-82
-96
-29
96
111
56
21
53
98
180
218
186
165
209
278
317
296
296
370
386
396
421
453
473
509
560
526
451
501
602
644
579
478
466
525
609
611
541
412
358
426
513
516
464
338
303
396
480
495
364
320
350
458
494
420
325
274
330
388
380
258
184
207
239
263
263
198
121
107
136
157
81
49
45
-39
-83
-114
-79
-132
-148
-188
-219
-223
-235
-220
-231
-311
-350
-338
-308
-321
-361
-381
-427
-436
-444
-399
-393
-461
-487
-457
-456
-526
-523
-499
-494
-526
-478
-490
-596
-596
-492
-451
-531
-578
-568
-530
-525
-470
-466
-559
-575
-482
-413
-425
-449
-444
-410
-370
-315
-324
-349
-324
-267
-211
-189
-154
-114
-77
-47
-19
9
43
96
116
153
178
207
236
268
309
319
301
329
341
337
360
365
344
311
343
380
388
376
360
354
357
370
413
403
306
301
352
365
354
312
282
289
341
347
341
343
320
371
402
375
374
373
352
336
343
320
300
312
302
301
277
242
239
244
207
193
206
169
136
184
201
140
111
111
123
143
141
121
105
117
158
203
178
111
87
79
96
106
82
46
22
15
7
-21
-41
-109
-152
-158
-158
-189
-229
-251
-268
-271
-282
-272
-267
-288
-271
-233
-262
-277
-254
-253
-250
-197
-157
-178
-177
-145
-127
-140
-135
-112
-106
-127
-99
-92
-131
-164
-170
-140
-153
-152
-139
-173
-207
-177
-137
-127
-142
-143
-127
-106
-76
-57
-57
-65
-46
-10
44
66
65
85
124
177
193
192
198
208
210
240
261
247
223
252
271
255
245
221
216
197
185
165
161
142
121
122
115
85
68
86
87
67
27
2
25
57
66
65
43
-3
-22
16
14
-18
-25
-26
-28
-13
5
-8
-33
-53
-46
-25
-23
-44
-80
-93
-77
-66
-49
-57
-93
-104
-110
-88
-88
-116
-117
-98
-102
-113
-94
-77
-77
-81
-68
-82
-91
-68
-67
-60
-74
-100
-108
-106
-106
-109
-114
-127
-133
-145
-132
-113
-146
-162
-155
-153
-177
-181
-163
-166
-174
-187
-194
-177
-160
-141
-149
-192
-196
-153
-137
-131
-133
-140
-134
-116
-76
-55
-70
-85
-74
-43
-18
-38
-53
-63
-82
-69
-45
-43
-73
-89
-50
-37
-65
-75
-58
-54
-71
-56
-50
-65
-71
-63
-60
-82
-65
-35
-33
-29
-33
-42
-32
-21
6
3
-28
-35
-21
16
15
-9
-34
-41
-38
-11
4
-3
-29
-56
-56
-34
-45
-72
-74
-53
-47
-46
-47
-80
-93
-86
-59
-62
-86
-88
-94
-86
-87
-83
-93
-112
-116
-108
-87
-104
-123
-145
-150
-146
-144
-132
-135
-126
-142
-149
-145
-154
-158
-132
-133
-157
-169
-171
-165
-162
-141
-141
-167
-179
-155
-127
-122
-133
-144
-138
-120
-120
-125
-123
-139
-144
-143
-159
-165
-175
-166
-166
-195
-223
-223
-205
-187
-184
-213
-227
-228
-202
-175
-174
-171
-177
-167
-142
-127
-125
-126
-118
-109
-86
-60
-37
-27
-14
1
6
30
42
66
79
60
62
74
97
115
125
122
102
124
154
159
155
139
132
139
147
173
175
180
189
199
202
213
198
179
177
187
214
207
174
140
142
144
139
128
127
120
116
126
113
99
87
77
72
74
64
56
31
11
4
0
-9
-9
-3
-12
-24
