-66
-85
-80
-65
-50
-27
1
12
2
5
15
28
54
41
7
-23
-51
-60
-35
-21
-6
-18
-24
-25
-46
-38
-16
0
4
15
26
60
72
56
49
35
21
-2
-2
21
66
89
119
135
134
129
141
149
158
154
121
96
68
68
84
102
126
134
130
121
78
46
21
0
0
7
0
-5
-15
-28
-42
-64
-63
-64
-54
-57
-42
-6
24
34
35
57
70
46
30
41
19
7
5
-22
-41
-40
-13
8
11
9
18
29
24
15
12
26
25
10
-6
-17
-41
-75
-86
-72
-41
-33
-27
-26
-44
-22
-26
-53
-38
-34
-31
-28
-41
-47
-47
-74
-97
-102
-100
-87
-94
-85
-96
-145
-154
-125
-106
-110
-121
-130
-129
-129
-123
-128
-108
-92
-106
-90
-72
-80
-78
-94
-95
-84
-92
-83
-73
-36
-8
0
-1
-4
-12
-10
-10
-45
-73
-65
-30
1
30
46
40
36
67
74
78
63
17
-28
-27
-13
-27
-34
-59
-41
3
22
20
47
88
99
85
74
35
10
41
35
37
42
20
14
9
0
19
28
28
56
71
46
15
10
31
35
27
13
-2
-27
-43
-59
-51
-29
-28
-32
-35
-22
-9
2
-2
-12
-9
-16
-30
-39
-63
-73
-76
-88
-82
-57
-49
-51
-37
-34
-18
2
6
-2
14
17
14
13
18
17
15
25
11
6
10
19
25
22
10
1
32
38
24
12
-17
-35
-49
-71
-86
-85
-86
-104
-106
-101
-114
-123
-124
-103
-103
-109
-103
-111
-112
-109
-116
-118
-90
-70
-64
-51
-44
-18
-12
-15
-26
-29
-23
-17
-1
14
32
25
26
16
0
20
35
51
61
59
37
34
36
35
36
38
14
7
43
60
65
21
-35
-56
-32
10
11
-3
-44
-49
-38
-29
-17
-8
-7
-26
-35
-62
-66
-63
-65
-62
-58
-63
-75
-73
-56
-64
-72
-68
-72
-78
-89
-97
-101
-91
-81
-75
-76
-84
-88
-86
-74
-37
11
35
42
29
29
31
9
-6
-19
-28
-10
0
6
21
37
45
31
26
33
32
26
12
15
35
68
53
41
20
8
0
-9
-3
-10
7
17
38
60
75
73
75
90
90
80
60
34
12
20
14
-7
-27
-36
-38
-38
-42
-32
-20
-15
-12
-12
4
22
9
-22
-30
-44
-52
-52
-63
-63
-60
-50
-49
-60
-67
-53
-38
-27
-9
-4
-11
6
8
1
12
-1
-34
-58
-68
-76
-66
-51
-52
-45
-46
-76
-103
-106
-98
-101
-114
-110
-92
-79
-61
-53
-42
-12
1
-18
-30
-38
-60
-88
-106
-87
-64
-37
-12
4
-11
2
21
20
18
-12
-23
-31
-28
-35
-47
-47
-52
-57
-62
-78
-92
-94
-90
-63
-42
-26
-67
-85
-141
-196
-325
-501
-953
-1602
-2289
-1415
144
-1561
-1355
1247
-941
-2457
-47
-214
-1024
2507
957
-4484
118
3260
-1687
-1452
2320
-189
-1925
2038
1761
-918
231
1125
-813
-1186
-2206
-1142
1172
644
729
-896
-1601
-4
1564
1433
347
-732
1143
1291
-537
606
450
-2280
28
946
-306
-3025
-2676
2517
866
-1376
-131
-3089
-4139
1026
2278
-383
232
-225
-1452
-664
1788
1785
1373
-252
-3062
-1537
1445
75
-229
-947
-606
-472
1346
3131
392
1619
1495
-2006
-1720
334
722
735
-660
-194
-274
-1901
-3100
-1827
1026
1664
856
1600
-842
-2989
-1343
565
-851
-672
1398
-115
-742
-1190
-607
-541
9
1309
2439
2407
829
582
35
18
1590
1870
2580
1966
209
1735
64
-198
1041
484
42
1609
661
-133
1481
-603
-634
727
405
-130
1203
1605
-1418
-415
-93
-812
485
1012
1415
414
283
1580
259
-250
1312
3069
320
459
2459
415
-693
1548
1902
-950
1202
1869
-1057
831
1665
-528
11
1124
-1339
185
1526
-777
44
-170
-219
-438
-253
-196
-460
542
-720
28
1039
-1246
-1128
460
596
-1591
1374
819
-2534
-32
827
-1832
-2474
-329
-2336
-1678
1868
-281
-3512
-903
-675
-2996
-391
1730
-359
-2048
215
94
-2890
-569
1352
-1892
-76
3227
-472
-2399
433
-71
-1872
774
2330
-191
-675
683
93
-2380
-64
156
-1269
438
59
-704
-2032
-1373
-194
-1689
-249
187
-4
-278
272
188
-500
507
55
800
1297
869
-117
584
-149
-42
1371
1205
267
267
-14
-136
327
1198
-337
-253
1320
-1038
-1067
1086
-288
-1326
211
637
-734
-727
1370
-504
-854
1477
878
-818
119
992
-64
661
707
-372
1011
629
-107
842
1178
113
137
587
51
-103
472
812
-51
144
-33
-357
-70
233
340
329
874
-320
-672
939
346
-101
614
813
587
-97
1039
545
-580
1092
1190
-306
296
1210
-402
-845
381
421
-414
366
418
107
-648
-184
-391
-719
789
135
-500
-205
-68
-1417
-365
856
-630
-694
726
-101
-283
459
21
-988
-141
1259
-251
-643
109
-749
-491
-232
152
59
-800
-327
350
-1105
-333
311
-709
-378
182
-79
-661
-192
-275
-123
140
-1120
127
346
-133
270
150
118
169
-208
-213
1029
-265
-4
597
-395
-768
290
535
-667
327
1065
364
-729
-364
377
493
-67
-157
558
-254
-214
281
200
-459
-891
262
613
26
-430
438
-702
-1244
552
262
-123
-144
258
-383
-776
-463
-58
-564
-302
229
-509
-423
-698
-915
-629
-389
-152
-729
-38
40
-359
-185
-304
-132
-262
72
378
-1
6
-36
-426
-276
-313
-160
143
101
266
-233
-174
-311
-382
-45
-126
103
200
56
-598
-282
5
-262
356
687
284
-352
-210
421
808
864
504
840
1012
585
766
883
27
998
1279
1205
1076
644
556
332
1058
1118
617
908
538
-61
917
746
154
100
260
912
584
-121
15
43
-297
-1
944
551
-572
-49
434
-62
-131
203
521
-414
-546
1035
331
-613
-513
-323
-421
-368
758
815
-1213
-1360
-577
-503
-245
157
-168
-917
-1365
-1005
-871
-1638
-1877
-1340
-1182
-1281
-1606
-2364
-2811
-3502
-2823
-1964
-2086
-2589
-3051
-3247
-3539
-3703
-3085
-2688
-2884
-2202
-1621
-2270
-3083
-2929
-2080
-1343
-526
230
-236
-461
-591
-350
550
989
1094
1836
2254
2019
2146
2215
2150
2057
2953
3441
4010
4525
3838
3919
3411
2628
3993
4807
4312
4609
4403
3946
3749
3755
3647
3199
3853
3910
3638
3298
2353
2246
2475
2377
2322
2903
2487
1663
2208
2213
1806
2300
2528
2070
1787
2420
2228
1549
1561
1681
37
-1879
-1416
-1838
-2119
-2415
-3340
-4351
-6961
-7154
-6606
-7380
-7268
-7654
-8148
-8219
-8994
-8439
-8546
-8924
-7957
-7237
-6223
-5870
-6358
-6338
-6807
-5995
-4126
-3589
-3138
-3115
-3142
-3151
-3122
-2251
-2067
-1759
-815
-398
-301
-927
-1366
-1197
-1042
-249
766
1304
1039
573
806
1274
1596
2154
2749
4159
5075
5169
5108
5095
5038
4917
6045
7789
8192
8008
7540
6895
6871
6012
6590
7649
8381
8332
6810
6722
6126
5023
4286
5171
5615
5301
4601
4412
4267
3168
2791
2747
3628
4443
4029
3369
2780
2629
2158
1262
-4
-657
-762
-555
-719
-1915
-3044
-5082
-6363
-6136
-5834
-5760
-6147
-6755
-7182
-7757
-7815
-7528
-7852
-7591
-6447
-5607
-5120
-5114
-5064
-4864
-4599
-3420
-2184
-1836
-1819
-1740
-1759
-1730
-1722
-1571
-1733
-2373
-1872
-1555
-2125
-2616
-3436
-3517
-3351
-3185
-2885
-3444
-3406
-3072
-2631
-1935
-2070
-2123
-1632
-627
712
468
558
2694
2176
2469
3204
3800
5142
4366
3828
5305
6386
6314
5282
4974
5935
5772
5735
4484
5814
6283
4405
4803
4663
5017
3924
3924
4259
3865
4550
4044
3427
2819
2570
3497
3776
3356
2965
3156
3590
3628
3423
2496
2496
3348
3457
2884
2144
1280
739
-240
-548
-366
-781
-1510
-2535
-3291
-3767
-4278
-4720
-5046
-5464
-5460
-5363
-5345
-5626
-6075
-5975
-5707
-5174
-4717
-4236
-3978
-3731
-3404
-3044
-2826
-2572
-2050
-1801
-1345
-1084
-963
-966
-1339
-1723
-1711
-1597
-1501
-1329
-1684
-2390
-2268
-1504
-2017
-2687
-2539
-1997
-1055
-998
-1506
-2432
-1582
-58
-815
-1769
-1186
607
377
-168
-847
398
1264
1219
1299
1062
1358
1945
2530
1102
1476
2157
2736
3237
2566
943
1138
2423
3176
1754
635
1200
2053
2799
1686
1030
1050
1870
2417
1899
1309
1195
1736
2137
1634
1117
1035
1507
1997
1824
1337
1101
1559
1909
1849
1423
1214
1246
1487
1598
1418
1214
998
952
932
714
318
265
241
109
-133
-338
-561
-738
-725
-1008
-1271
-1485
-1612
-1668
-1774
-1926
-2122
-2299
-2297
-2280
-2514
-2703
-2817
-2814
-2814
-2779
-2790
-2943
-3015
-3029
-2986
-2996
-3040
-2994
-2871
-2687
-2623
-2650
-2576
-2498
-2454
-2308
-2266
-2028
-1788
-1613
-1485
-1412
-1339
-1246
-1059
-900
-628
-410
-281
-94
189
365
554
650
680
775
871
1096
1375
1529
1569
1638
1673
1796
1841
1766
1805
1914
2043
2178
2092
2017
2130
2026
1963
1926
1808
1899
2111
2179
2026
1717
1678
1706
1683
1736
1652
1565
1589
1521
1266
1144
1105
1073
1092
1073
977
801
759
664
547
479
380
342
333
323
237
13
-121
-199
-378
-455
-577
-677
-754
-940
-1067
-1164
-1354
-1476
-1536
-1631
-1736
-1789
-1802
-1958
-1980
-2021
-2045
-2009
-2077
-2167
-2195
-2091
-1966
-1925
-2010
-2086
-1967
-1852
-1899
-1953
-1880
-1733
-1698
-1588
-1599
-1573
-1514
-1512
-1406
-1369
-1353
-1176
-1524
-1740
-1226
-580
-56
-123
-1057
-1000
-1211
-1139
-2905
-4325
609
4387
2633
-2426
-3631
-949
2027
2126
762
513
1781
2200
734
497
1519
2471
2303
1180
1368
2569
2545
1738
1448
1747
1331
1501
2159
1826
2373
2486
1454
1422
1602
1728
1366
1756
1397
1638
2296
1730
1477
787
811
1468
1134
-1769
-724
827
1658
360
-10
805
959
585
354
-384
586
2128
1235
242
242
103
-694
-1311
-314
332
-63
-807
-860
-345
-1633
-2199
-2170
-1450
-1505
-1257
-1427
-1200
-1385
-2258
-2573
-2408
-2460
-1846
-1676
-1294
-1712
-1166
-1856
-2380
-2525
-2306
-2088
-1446
-1065
-1538
-1539
-1775
-1476
-2358
-1755
-336
-277
-296
-208
-618
332
544
-15
-52
245
782
723
528
-231
-1091
1297
3087
1676
-321
473
1883
1789
2002
1820
1997
2036
2417
1751
1041
1457
3137
2339
1507
2342
2327
2162
1767
1328
2290
2196
2365
1581
2245
2899
1459
1237
2478
2716
1529
873
2648
2385
2096
1569
1993
2073
1443
1172
1668
1959
1249
2005
1865
921
1144
880
1127
100
-523
-499
-1198
-452
-327
-1181
-2482
-2448
-1778
-3228
-3265
-2652
-2611
-2363
-3168
-2881
-2583
-3021
-3215
-3170
-2641
-2406
-1970
-2303
-2455
-1862
-2969
-2382
-1335
-2026
-1870
-1500
-1440
-1572
-1591
-2551
-2266
-1261
-1352
-920
-1429
-430
-577
-1905
-1560
-2122
-2847
-528
201
-138
347
-183
-3287
779
840
-1406
2249
3355
-378
-952
2216
667
36
339
3566
3645
641
530
3236
2094
512
423
4599
3522
1590
3462
4176
1351
2500
3738
3120
3738
3460
4170
4441
3605
3231
4655
3930
2502
3807
4735
3368
3711
3820
3875
3370
3194
3261
3082
3558
2305
1193
621
-103
-261
-412
-697
-1343
-2580
-3646
-4368
-4540
-5007
-5257
-4881
-4928
-5197
-5439
-5671
-5891
-5889
-5599
-4352
-3615
-3472
-3528
-3485
-2952
-2933
-2645
-1754
-1222
-1162
-663
-650
-578
-979
-1287
-1455
-1655
-1023
-1285
-2422
-2857
-2642
-3010
-3413
-3077
-3082
-2845
-3515
-3244
-2528
-1754
-1915
-2602
-1215
-758
-210
-735
-405
1750
1280
1539
1392
2378
3199
2400
2911
3361
5246
4123
2062
5238
5320
3193
3987
5589
4568
3689
4639
4724
5608
3506
3057
5161
5487
3981
3724
5017
4554
2756
3836
4784
5064
4271
4697
4794
4795
4489
4502
5001
5457
4346
2095
1174
646
1665
1362
138
-505
-2182
-4295
-4820
-4189
-4609
-6365
-6414
-5787
-6481
-6981
-6709
-7177
-7889
-7095
-5543
-5095
-5109
-4303
-4238
-4277
-3136
-1973
-1976
-2104
-924
-258
-765
-402
312
-188
-1033
-268
-200
-718
-1593
-2134
-2362
-2689
-3224
-3692
-4189
-4768
-4152
-4004
-4822
-5207
-4423
-4320
-4087
-2666
-1928
-2107
-2332
-1984
-610
-315
888
578
1420
2443
2096
2445
2300
3341
2932
3728
4670
3833
4175
4665
3728
3751
5157
4898
3720
3945
5266
4846
4151
4218
4676
3556
4078
4717
4694
4899
3161
4224
4887
4044
4716
5171
5683
5121
5268
6020
5860
5193
2708
1122
1497
2789
2923
1104
53
-1852
-4425
-4590
-3662
-3879
-5851
-6580
-6129
-6547
-7301
-7739
-8104
-8590
-8018
-6280
-5508
-5796
-5724
-5829
-5608
-3941
-2462
-1895
-2164
-1679
-791
-892
-348
564
246
-497
122
1297
460
-968
-797
-1064
-2385
-2053
-1632
-3062
-4653
-4966
-4387
-4772
-5136
-4721
-5029
-5387
-4878
-3937
-3325
-3627
-2733
-1976
-1069
282
-158
-301
994
1483
1941
2514
3391
3341
3082
4190
4090
4329
4056
4617
4929
5022
5302
5258
4509
4410
3684
5119
5908
4602
4304
4990
4613
3868
4577
5660
5144
4020
5231
5690
5208
4961
6106
6593
6638
6440
7112
5617
2004
1130
2688
4864
3554
1226
277
-2796
-5138
-4540
-2921
-3838
-6198
-6343
-6591
-8181
-8887
-8500
-9150
-8945
-7229
-5894
-6563
-7614
-6904
-7083
-5852
-2987
-1525
-1904
-2436
-1557
-1012
-626
880
1962
1466
1539
2143
1920
776
-59
332
120
-103
-104
-1428
-3675
-5101
-5234
-4941
-5161
-5298
-5434
-6719
-7347
-7023
-6535
-5782
-5052
-3608
-2841
-2782
-2218
-1919
-979
523
1988
3467
3504
2887
3695
4200
4922
5804
6345
6602
5912
6525
6684
6231
5681
5830
6953
6501
6054
6174
5439
5162
5406
5858
6618
5638
4937
5236
5412
5703
6409
6985
6802
6726
7685
7539
7478
6118
2472
1638
3776
6697
4769
1055
-1069
-4454
-5845
-3637
-1201
-3142
-7186
-8598
-9005
-10001
-9441
-8193
-9087
-9356
-8282
-7636
-8730
-9519
-8291
-7183
-4663
-2009
-1992
-3613
-4417
-3010
-918
1130
3015
2778
1087
883
1478
1961
2252
2405
2619
1433
528
-460
-2164
-3318
-3701
-2863
-3226
-4805
-6537
-8270
-8636
-7850
-6631
-5987
-6664
-7098
-6596
-6118
-4992
-3653
-2473
-1226
-267
801
1030
1333
2515
4401
6168
6752
6483
6182
5770
6510
8075
8737
8797
7798
7340
6991
6521
6853
7462
7280
6695
6310
6198
5692
4994
5546
5768
6243
5789
5859
6139
5610
6260
7059
7495
8081
5773
1392
955
3307
6339
5422
1361
-1405
-5301
-5975
-2547
-496
-2236
-6636
-9166
-9878
-9824
-8254
-7410
-8246
-8714
-9101
-8930
-9190
-9276
-7930
-6502
-3848
-2694
-4107
-5126
-5130
-3039
-142
1992
2534
657
-910
-442
1219
2968
3503
2732
1698
425
-76
-455
-784
-967
-1510
-2100
-3879
-5745
-7069
-7396
-6340
-5531
-5846
-7243
-8732
-8440
-7035
-5154
-3652
-3842
-3894
-3584
-2623
-923
289
1541
2435
3254
3937
3909
4326
5436
6528
7842
8246
7931
7042
6745
7811
8863
8983
8251
7524
6919
6475
7423
7802
7344
6770
6300
6082
5925
5787
6655
6373
6397
7147
6741
6952
7381
5996
1065
473
4193
7332
5072
497
-2358
-6474
-6106
-540
1734
-2679
-8150
-10555
-11015
-9066
-5661
-5121
-8773
-10471
-10058
-9740
-8831
-6983
-6300
-6705
-4855
-4194
-5849
-5686
-3807
-1501
517
1542
285
-2044
-2017
904
3213
4119
3544
904
-774
-193
1537
1857
1062
-723
-2647
-3697
-3949
-4225
-4884
-5271
-5582
-6195
-7274
-8105
-8305
-7053
-5099
-4504
-5065
-5985
-5757
-4170
-1736
57
156
-542
-245
1310
3071
4291
4905
5125
5170
5743
6813
7203
7075
7486
8063
8333
7830
7451
7052
6937
7833
8098
7967
6416
5525
6069
6333
6960
6996
6116
5881
5402
6475
7247
6978
7291
7558
2760
-431
2452
6536
7039
1680
-1344
-3972
-6588
-2449
1825
-443
-6693
-10076
-10064
-9008
-6375
-4814
-7893
-10425
-10667
-9923
-8636
-7481
-6290
-7197
-6580
-4840
-6373
-6294
-3546
-1895
-839
-85
-589
-2397
-2096
1449
3516
3065
2365
782
-339
568
3154
3288
1253
-251
-1945
-2441
-1888
-1916
-2839
-4299
-5610
-6242
-6521
-6100
-6187
-6340
-5720
-5956
-6517
-6286
-4828
-3470
-2721
-1831
-1905
-2281
-1033
1316
2851
2933
2839
3385
3853
5006
6649
7002
6408
6340
6896
7401
7531
7938
7797
7375
7217
7487
7039
6646
6952
7355
7460
6411
6168
5360
5932
7197
7286
7455
5957
5935
6842
7465
3298
114
2992
7174
6075
172
-2350
-4092
-5245
-1282
2522
-1607
-9477
-11474
-8743
-6427
-5093
-5312
-9397
-12327
-10917
-8187
-6615
-6368
-7079
-8500
-7309
-5417
-6078
-5195
-2592
-1714
-2168
-1507
-1472
-2074
-257
3368
3581
1197
471
724
1307
3057
4488
2318
-660
-1679
-710
506
-334
-1650
-3517
-4685
-4873
-4933
-4294
-4802
-6049
-5811
-5523
-6119
-6098
-4841
-3474
-3564
-3406
-2991
-2888
-1575
447
1777
1336
714
1765
3264
4780
5612
5309
5032
5338
6299
7536
7861
7462
6859
6892
7714
7966
7281
7468
7372
6960
7131
7121
6607
5945
6561
7253
6705
6046
6478
6339
6920
7384
7210
1552
-882
3824
7916
6031
-998
-3865
-4351
-3864
473
2410
-3387
-10479
-11181
-7141
-4658
-4797
-6691
-10771
-11621
-9548
-7618
-6406
-6577
-7696
-8529
-6926
-5257
-6498
-4944
-1578
-1803
-3286
-2677
-1985
-1363
1029
3906
2156
-875
-264
1668
3150
4023
3280
429
-1070
-197
1443
1242
-307
-2407
-3892
-3325
-3361
-3991
-3950
-4441
-5538
-5854
-5239
-5366
-5452
-3919
-2920
-3975
-4562
-3230
-1643
-725
329
678
-192
365
2724
4396
4570
3899
4078
4657
5824
7300
7391
6570
5932
6462
7402
7930
7769
6761
6609
6865
6779
7145
6909
6839
6453
6098
6232
5981
6509
6854
6641
7032
6121
6388
3622
249
3108
6733
7011
137
-4395
-2707
-2148
-871
1133
-1976
-8569
-11432
-7234
-3692
-5365
-7024
-9899
-11425
-9995
-7957
-6248
-6764
-7781
-8595
-8342
-5790
-5474
-5327
-2431
-2147
-4194
-4227
-1871
28
505
1946
1408
-1305
-610
2289
3812
3135
1547
179
-617
221
2005
1182
-651
-2506
-3395
-2443
-2533
-3264
-3727
-4251
-4904
-5692
-5105
-4445
-4635
-4119
-3602
-4189
-4609
-3331
-1141
-736
-1084
-671
-383
640
2288
3408
3224
2422
3217
4876
5840
6120
5681
5207
5491
6693
7598
7345
6621
6094
6404
7288
7488
6701
6609
6602
6606
5683
6229
6780
6313
6305
6395
6396
5902
6361
6480
1306
307
4680
7747
4281
-2721
-3380
-2304
-1956
564
194
-5178
-10221
-9567
-4833
-3909
-6106
-8912
-10949
-9500
-8313
-7158
-6209
-7069
-8476
-8572
-6278
-4843
-5874
-3790
-1803
-3650
-4712
-2837
-269
558
995
1434
-593
-1311
1229
3478
3525
1601
55
-363
27
1405
1472
-116
-2089
-3514
-2773
-1918
-2579
-3282
-3811
-4350
-5303
-5088
-3648
-3413
-3824
-3956
-4137
-4144
-3323
-1180
-226
-1285
-1613
-755
704
2079
2820
2828
2176
2345
4014
5332
5665
5285
4956
5161
5657
6560
7199
6488
6164
5909
6160
7111
6743
6498
6049
5623
5816
5626
6063
6526
5469
5604
5709
5728
5714
5657
4949
429
1355
5742
6352
1249
-3416
-2328
-1419
-1441
272
-1600
-7357
-9190
-6662
-4116
-5082
-7191
-9007
-10013
-8211
-7307
-7522
-6750
-6971
-8226
-7857
-5603
-5088
-5855
-3439
-2147
-4630
-4541
-1427
128
20
216
364
-1041
-260
2598
3360
2054
443
178
509
1052
1752
950
-586
-1897
-2541
-1721
-1419
-2253
-2862
-3533
-4130
-4730
-3890
-2694
-2961
-3750
-4050
-3705
-3105
-2084
-768
-939
-1970
-1450
63
1300
1863
2092
2110
1960
2900
4476
5221
5029
4677
4679
5162
6046
6598
6278
5972
5765
5910
6373
6773
6171
5964
5720
5643
5690
5402
6165
5940
5505
5319
5327
5499
5746
5898
5754
926
243
4340
6944
3796
-2952
-3369
-1326
-907
208
-852
-5413
-8699
-7658
-3689
-3782
-6427
-8525
-9545
-7744
-7155
-7143
-6374
-6681
-7625
-7902
-6263
-4700
-5598
-3990
-2210
-4067
-5080
-2699
85
398
-381
-102
-929
-690
1839
3231
2397
175
-263
842
914
1305
845
-392
-1501
-2421
-1678
-1191
-2032
-2698
-3267
-3724
-4265
-3883
-2629
-2833
-3652
-4229
-3952
-2721
-1920
-1104
-1122
-2066
-1801
-198
1385
1911
1415
1478
1976
2740
3951
4852
4764
4104
4138
4958
5628
5913
5987
5920
5798
5377
5707
6092
6483
5959
5553
5166
5086
5285
5969
6115
5127
4495
4664
5558
5870
5907
4899
4984
2033
464
3796
6798
4512
-2465
-3821
-691
-73
-471
-778
-4122
-7848
-7603
-3937
-3193
-5787
-7819
-8943
-7817
-6694
-6856
-6343
-6045
-7025
-8010
-6579
-4109
-4528
-4432
-2682
-3577
-4967
-2715
408
560
-964
-793
-669
-289
1653
2901
1890
181
-212
1203
1693
1334
646
-418
-947
-1669
-1288
-739
-1643
-2856
-3160
-3154
-3645
-3639
-2599
-2673
-3765
-3984
-3441
-2448
-1779
-1514
-1621
-2097
-1547
-68
1151
1487
814
698
1925
3218
3949
4195
4031
3626
3976
5344
6122
5582
5269
5171
5221
5453
5919
6144
5457
4865
4837
5334
5336
5224
4871
4484
4346
4536
5085
4870
4600
4463
4806
4353
4956
2617
542
2680
5342
4371
-1499
-3205
-834
-111
-331
-913
-3881
-6687
-6475
-3715
-3275
-5596
-7416
-8566
-7111
-5951
-6765
-6863
-6343
-6680
-7352
-6568
-4562
-5140
-5147
-3017
-3393
-4735
-3381
-763
-303
-1427
-1192
-719
-481
1049
1717
1159
113
-220
747
1435
1098
182
-757
-655
-800
-1155
-807
-1480
-2573
-2899
-2545
-2706
-3347
-3032
-2944
-3524
-3559
-3053
-2518
-2266
-2141
-1816
-1804
-1264
-261
382
712
854
1072
1827
2825
3289
3228
3544
4052
4265
4702
5286
5132
4786
4977
5579
5450
4994
5229
5279
4838
4829
5052
4855
4319
4622
4393
4098
4132
4577
4411
3997
4363
4357
4104
4396
4850
4279
1226
740
3834
5363
2778
-1738
-2338
-466
12
7
-1112
-4178
-6470
-5669
-3145
-3039
-5698
-7634
-7758
-6412
-6203
-6578
-6040
-6328
-7386
-6996
-5473
-4731
-5352
-4569
-3303
-4350
-4671
-2570
-823
-1135
-1894
-1544
-1150
-527
983
1331
370
-697
-442
924
1129
254
-420
-874
-979
-1037
-998
-1178
-2170
-2749
-2476
-2459
-2987
-3029
-2609
-2608
-3075
-3146
-2714
-2020
-1540
-1524
-1458
-1340
-706
427
1147
1156
941
1239
2305
3083
3293
3260
3272
3414
3972
4651
4571
4283
4270
4345
4574
4833
4867
4693
4312
4275
4215
4623
4704
4130
3697
3935
4099
4240
3796
4019
3868
3580
4587
4264
4043
3835
4570
4095
1462
1292
3850
4920
2000
-1643
-1265
290
-65
-314
-1422
-3724
-5580
-4712
-2549
-3400
-6023
-7067
-6622
-5714
-5840
-6161
-5797
-6123
-6544
-6198
-4959
-4478
-5125
-4308
-3200
-4075
-4096
-2369
-902
-1394
-2075
-1369
-796
-398
654
720
-120
-605
111
1097
707
-146
-712
-957
-705
-764
-984
-1561
-2501
-2552
-2154
-2018
-2532
-2952
-2634
-2560
-2588
-2300
-1984
-1706
-1678
-1411
-877
-725
-232
444
839
936
1022
1669
2378
2600
2760
3042
3169
3306
3614
4173
4174
3947
4052
4176
4370
4390
4341
4292
4158
3925
3987
4174
4255
3861
3724
3910
3578
3874
3704
4152
3889
3580
3907
3932
4250
4238
3977
4381
4181
2153
1251
2744
4755
2900
-686
-1308
-423
87
-339
-1139
-2865
-4957
-4917
-3239
-3118
-4598
-6550
-6714
-5686
-5623
-5818
-5665
-5611
-6253
-6604
-5214
-4325
-4784
-4440
-3700
-3812
-4259
-3127
-1338
-1279
-1932
-1834
-1359
-670
2
438
65
-628
-749
83
505
224
-748
-1174
-919
-955
-909
-1129
-1737
-2236
-2144
-1652
-1850
-2368
-2314
-2181
-2012
-1798
-1674
-1589
-1502
-1019
-580
-444
-271
42
516
988
1091
1178
1471
2069
2481
2503
2667
2842
2925
3369
3647
3741
3450
3492
3894
3770
3798
3789
3885
3829
3674
3819
3931
3630
3866
3880
3781
3777
3722
4023
3987
3952
3963
3625
3712
4154
3898
3864
3553
3718
4021
3222
1909
1274
2628
3704
1912
-1000
-1494
-605
-215
-771
-1672
-3534
-5204
-4481
-3041
-3421
-5258
-6585
-6368
-5635
-5297
-5255
-5749
-6019
-5998
-5665
-4666
-4204
-4647
-4544
-3789
-3495
-3746
-2955
-1787
-1908
-2257
-1963
-1400
-995
-515
-58
-520
-967
-558
250
332
-199
-492
-859
-848
-486
-267
-717
-1503
-1846
-1449
-1175
-1297
-1549
-1745
-1833
-1653
-1365
-1148
-1061
-1089
-1043
-717
-327
-123
118
428
624
716
969
1543
1863
1855
2020
2263
2406
2694
3213
3308
3079
3199
3491
3675
3832
3985
3939
3711
3671
4021
4296
4125
3976
3731
3608
3922
4126
3906
3657
3498
3200
3385
3432
3983
3385
2711
2696
2989
3325
3087
2715
2545
1563
563
978
2163
2166
-215
-2087
-1720
-1016
-971
-1434
-2411
-4193
-5135
-4010
-2786
-3542
-5150
-6165
-5837
-5164
-4912
-4781
-5093
-5750
-5976
-5341
-4190
-3998
-4430
-4292
-3944
-3791
-3315
-2303
-1772
-2250
-2414
-1723
-1146
-762
-602
-384
-585
-723
-409
156
288
-130
-404
-621
-385
-151
-166
-559
-1068
-1150
-895
-681
-757
-1134
-1271
-1103
-900
-766
-855
-800
-713
-537
-280
-62
75
283
571
804
930
1159
1523
1856
2069
2189
2377
2583
2893
3248
3314
3193
3267
3616
3859
3734
3521
3451
3619
3859
3785
3634
3404
3305
3437
3525
3333
3142
2657
2796
2905
2950
2593
2265
2206
2285
2413
2171
1840
1756
1796
2086
2070
1751
1601
1317
464
283
1053
1182
196
-1199
-1652
-1428
-1312
-1353
-2014
-3280
-4065
-3804
-3279
-3362
-4296
-5173
-5409
-4955
-4710
-4785
-4772
-5176
-5471
-4993
-4322
-4132
-4223
-4101
-3716
-3606
-3248
-2583
-2199
-2175
-2016
-1641
-1263
-959
-462
-248
-184
-232
-361
142
275
137
143
-108
-196
-235
-151
-132
-605
-755
-688
-650
-672
-773
-729
-817
-844
-610
-500
-311
-132
-130
102
366
587
844
1104
1406
1499
1711
2083
2335
2489
2698
2829
2887
2944
3259
3440
3304
3270
3276
3303
3416
3479
3344
3036
2835
2874
2950
2950
2581
2144
2158
2255
2355
2096
1896
1604
1582
1798
1790
1621
1384
1368
1326
1527
1402
1363
1367
1412
1357
1160
1253
1523
1287
730
143
103
561
662
-61
-1167
-1664
-1695
-1497
-1255
-1939
-3377
-3931
-3629
-3321
-3475
-4024
-4620
-4981
-4722
-4256
-4114
-4353
-4637
-4621
-4136
-3626
-3376
-3356
-3224
-2894
-2736
-2284
-1691
-1509
-1518
-1344
-1138
-851
-517
-156
-160
-320
-326
-317
-15
287
273
-113
-626
-497
-34
107
29
-357
-789
-630
-109
202
-51
-432
-479
-190
317
533
419
255
239
605
1052
1255
1306
1196
1301
1682
1892
2040
2112
2029
2000
2161
2430
2431
2308
2250
2120
2165
2266
2313
2256
2079
2002
1968
1953
1925
1903
1818
1812
1521
1471
1441
1578
1484
1234
1237
1045
1083
1156
1215
1086
935
866
1065
856
950
976
790
731
827
780
599
610
615
566
446
338
-128
-274
-265
-225
-422
-922
-1277
-1649
-1747
-1484
-1526
-2256
-2735
-2834
-2790
-2742
-2747
-3121
-3525
-3580
-3400
-3185
-3134
-3231
-3385
-3232
-3013
-2785
-2585
-2458
-2302
-2185
-1937
-1627
-1373
-1224
-962
-869
-771
-747
-657
-256
37
-1
-355
-405
-171
166
343
217
-157
-273
-6
367
471
131
-256
-327
17
334
338
81
-44
15
261
553
584
403
310
579
822
958
1058
1125
1120
1246
1387
1498
1550
1578
1616
1627
1680
1783
1891
1780
1631
1682
1816
1803
1690
1590
1445
1553
1556
1569
1399
1122
1066
1174
1195
1126
831
696
998
825
773
579
719
753
775
816
611
443
632
984
905
866
557
573
657
958
1045
599
475
459
697
753
618
78
-224
-478
5
158
-413
-1024
-1377
-1159
-969
-1150
-1607
-2103
-2357
-2216
-1996
-2043
-2555
-2867
-2654
-2481
-2423
-2481
-2533
-2528
-2541
-2361
-2086
-2012
-1931
-1813
-1699
-1633
-1559
-1365
-1027
-875
-962
-1085
-891
-586
-417
-384
-462
-608
-505
-158
80
-66
-355
-377
-219
15
153
51
-200
-229
13
235
245
158
110
122
292
434
508
515
546
550
609
782
881
884
922
987
918
931
1046
1174
1150
1122
1155
1089
1122
1079
1467
1262
1131
1242
1310
1294
1209
1357
1068
1170
1458
1284
1055
999
1069
1142
1273
1217
1077
963
1058
1227
1153
1159
869
985
1071
1182
1234
980
986
1065
1075
1145
1101
848
826
823
773
806
721
509
322
439
535
473
447
231
44
-19
15
-49
-175
-419
-546
-675
-869
-855
-1007
-1323
-1449
-1506
-1700
-1844
-1863
-1873
-2080
-2175
-2187
-2277
-2378
-2412
-2308
-2334
-2563
-2505
-2349
-2347
-2283
-2244
-2189
-2080
-1940
-1739
-1603
-1566
-1506
-1280
-1034
-937
-920
-881
-766
-566
-488
-534
-495
-446
-365
-190
-142
-197
-192
-41
126
123
129
190
313
413
524
550
565
618
714
759
783
858
848
940
1053
1055
997
1054
1163
1175
1175
1210
1281
1321
1431
1437
1364
1307
1386
1586
1613
1490
1335
1313
1308
1403
1458
1252
1166
1136
1176
1182
1157
1122
1094
1094
1111
1048
1012
996
828
800
996
813
700
717
694
551
602
695
565
406
330
344
316
380
221
204
92
9
123
44
-87
-256
-298
-272
-62
-304
-473
-491
-386
-537
-587
-599
-817
-894
-916
-924
-1133
-1286
-1397
-1397
-1684
-1743
-1942
-2081
-1977
-2107
-2125
-2269
-2233
-2400
-2195
-2112
-2187
-2155
-2099
-1948
-1868
-1765
-1748
-1669
-1617
-1466
-1246
-1291
-1393
-1290
-1088
-936
-876
-886
-986
-903
-670
-447
-436
-529
-507
-376
-154
-60
5
-47
-28
129
304
420
487
550
600
724
897
1011
1061
1126
1191
1256
1361
1498
1549
1514
1527
1607
1664
1698
1732
1635
1614
1668
1765
1697
1557
1460
1452
1511
1568
1455
1235
1162
1150
1223
1156
1021
860
830
893
928
843
689
724
713
676
751
778
506
579
608
614
625
619
455
465
504
541
597
423
297
288
265
231
246
102
-36
-64
-154
-167
-134
-208
-477
-587
-392
-453
-522
-618
-667
-893
-938
-742
-636
-990
-1170
-1160
-1176
-1184
-1045
-1196
-1568
-1695
-1417
-1319
-1392
-1485
-1721
-1715
-1549
-1383
-1465
-1647
-1687
-1583
-1480
-1353
-1340
-1481
-1474
-1325
-1231
-1261
-1178
-1110
-1176
-1083
-931
-904
-899
-760
-631
-642
-585
-463
-335
-270
-132
-21
15
84
219
316
360
398
408
509
627
698
656
652
683
729
821
852
787
765
837
877
868
868
891
904
898
961
969
937
961
1023
1075
1044
1033
1047
1011
1031
1038
986
1023
1022
989
965
959
946
935
959
929
865
835
834
764
733
709
646
637
496
413
407
465
390
354
312
231
225
202
289
149
79
-22
23
-20
-102
9
13
-90
-193
-174
-187
-106
-87
-266
-335
-321
-294
-142
-277
-527
-503
-399
-396
-475
-535
-710
-699
-693
-753
-775
-884
-954
-872
-795
-953
-955
-921
-982
-982
-918
-1010
-1072
-1007
-867
-708
-798
-896
-856
-670
-580
-557
-609
-728
-672
-583
-540
-541
-694
-768
-673
-484
-426
-515
-548
-586
-524
-381
-266
-312
-432
-384
-248
-131
-36
-36
-91
-91
32
164
201
251
189
154
264
447
485
397
364
381
452
557
614
583
458
469
561
564
577
579
570
532
536
552
484
483
460
380
326
354
467
430
397
349
302
318
380
445
422
382
437
481
409
421
522
543
496
487
454
486
559
594
519
417
370
457
472
425
388
240
151
224
310
194
69
-3
43
118
160
105
33
29
75
102
105
46
-72
-52
46
8
-128
-92
-161
-164
-101
-198
-287
-290
-256
-240
-312
-388
-348
-311
-339
-311
-336
-522
-567
-450
-374
-413
-549
-594
-510
-505
-551
-595
-536
-633
-620
-544
-493
-503
-537
-524
-562
-587
-549
-476
-502
-590
-614
-486
-401
-306
-362
-540
-551
-433
-297
-277
-361
-451
-471
-297
-117
-161
-293
-327
-273
-227
-119
-98
-217
-263
-152
-61
-72
-79
-68
-110
-99
6
48
63
98
133
110
108
213
259
250
264
364
396
393
460
454
436
424
473
480
477
437
456
504
496
473
421
424
454
542
527
442
454
451
476
544
506
369
342
416
451
404
353
256
242
279
323
399
260
201
277
304
273
273
241
104
140
258
232
166
50
0
56
119
56
-42
-20
-36
-18
66
47
-128
-250
-109
-49
-149
-196
-166
-234
-304
-155
-96
-306
-373
-261
-278
-320
-190
-209
-479
-555
-378
-320
-378
-418
-475
-581
-544
-332
-320
-498
-514
-464
-449
-411
-356
-419
-511
-449
-384
-423
-453
-437
-395
-420
-451
-467
-422
-325
-288
-297
-309
-332
-296
-172
-60
-156
-221
-113
-41
-11
37
81
15
7
137
205
96
20
84
152
117
94
141
124
147
205
178
93
110
178
221
229
210
156
160
234
246
205
180
183
149
160
250
236
159
195
235
229
208
229
226
195
193
157
155
185
192
143
74
83
86
92
119
147
119
57
58
77
54
44
12
-30
-27
36
21
-3
20
49
35
-31
0
-13
-58
22
91
16
-49
13
90
42
-5
18
17
13
48
43
-27
-50
-26
-24
-43
-93
-97
-90
-102
-126
-142
-190
-247
-233
-212
-247
-315
-335
-320
-289
-309
-279
-273
-307
-306
-270
-281
-292
-284
-299
-293
-279
-281
-229
-124
-152
-161
-115
-143
-129
-68
-54
-61
-70
-112
-128
-61
6
20
24
13
-43
-26
94
160
99
-13
-17
39
90
137
181
139
36
108
229
208
186
216
163
98
191
273
189
129
156
162
108
89
103
84
66
45
36
24
18
32
21
32
47
16
28
78
65
25
56
36
-33
-7
66
2
-63
-58
-32
-51
-22
35
-5
-30
-13
-7
-6
-20
-31
-104
-164
-146
-112
-138
-155
-98
-102
-123
-47
-11
-41
-43
-36
-40
-21
50
14
-24
10
25
8
32
42
-3
8
40
68
3
-32
22
54
38
71
95
9
-21
45
79
9
-12
-19
-41
-43
-12
-33
-51
-68
-43
-36
-44
7
-84
165
-457
260
-21
-243
199
-104
11
-83
142
-43
-64
187
-183
-30
113
-138
0
64
-57
-83
48
91
-62
68
51
-22
151
-15
63
75
7
128
81
164
-21
122
118
13
156
96
41
121
130
125
95
99
62
46
143
35
104
100
69
86
118
73
13
59
-3
-46
29
13
-28
21
-10
-1
-6
30
22
-13
-8
-26
56
57
41
60
42
5
30
43
50
53
22
-28
2
56
28
28
13
-44
-100
-37
-28
-77
-97
-108
-124
-94
-36
-62
-131
-164
-148
-119
-83
-61
-66
-122
-144
-103
-52
-46
-29
-36
-83
-55
-25
-65
-114
-90
-87
-127
-103
-106
-164
-153
-116
-166
-222
-203
-172
-186
-186
-161
-174
-181
-148
-81
-88
-127
-137
-141
-129
-86
-45
-74
-77
-46
-9
46
61
31
20
8
3
10
57
67
12
10
18
19
32
47
59
7
-9
35
30
47
60
74
44
18
84
106
85
81
96
63
26
60
78
52
56
97
83
59
89
94
35
41
52
25
25
37
22
7
22
1
-22
20
43
18
-3
-19
-41
-82
-79
-56
-90
-141
-120
-83
-75
-74
-63
-91
-97
-66
-62
-86
-109
-118
-130
-121
-124
-160
-196
-201
-217
-206
-206
-232
-239
-259
-277
-268
-217
-236
-255
-247
-257
-236
-226
-219
-237
-254
-258
-216
-181
-221
-247
-233
-241
-228
-192
-153
-178
-191
-180
-202
-166
-115
-129
-159
-157
-156
-178
-173
-128
-146
-178
-113
-100
-142
-103
-52
-81
-106
-44
-31
-39
-5
-11
-15
-4
37
31
37
70
89
109
97
110
126
136
163
176
164
148
180
183
163
191
208
200
219
243
