-2
-19
-32
-25
-38
-34
-35
-29
-25
-17
-18
-12
-10
-15
-12
-10
-8
-5
2
-7
-4
-8
-16
1
16
15
15
19
-8
-21
-9
-12
-22
-16
-13
-12
-3
-1
-14
-30
-23
-25
-34
-23
-25
-25
-23
-40
-48
-52
-41
-41
-33
-46
-60
-28
-25
-33
-50
-38
-29
-17
-16
-43
-49
-27
-12
-11
4
-3
-25
-17
-15
-30
-32
-13
-5
10
26
45
43
35
20
-1
22
34
51
69
62
62
57
57
42
33
46
51
42
32
35
30
23
3
5
26
17
12
-6
-24
-22
-26
-38
-39
-22
-19
-10
-3
-11
-11
1
16
19
24
26
31
40
30
12
9
22
38
36
30
29
26
23
26
37
53
54
33
16
13
26
34
27
8
-2
11
8
-3
-8
17
20
15
6
-9
-9
-1
-6
-20
-23
-36
-24
-27
-30
-14
-18
-22
-20
-21
-23
-7
-4
-14
-31
-29
-34
-39
-38
-43
-29
-42
-53
-62
-75
-58
-59
-58
-73
-73
-56
-48
-65
-79
-79
-90
-74
-77
-82
-74
-66
-63
-62
-71
-70
-53
-44
-33
-19
-29
-33
-40
-44
-18
-6
-6
-9
-7
-7
-9
-8
-23
-28
-29
-41
-38
-50
-51
-43
-41
-58
-63
-62
-65
-62
-56
-61
-66
-54
-57
-65
-61
-44
-33
-11
-9
-22
-18
-6
25
4
-1
16
25
45
40
28
22
32
36
13
15
23
22
28
19
11
8
18
18
13
-4
-19
-13
-2
5
-4
-13
-12
-20
-21
-9
-22
-3
15
16
15
-7
-11
-6
1
15
5
-10
-13
-6
3
8
14
15
9
-8
-27
-22
-19
-20
-21
-36
-30
-21
-27
-25
-36
-53
-53
-44
-43
-32
-28
-25
-24
-39
-61
-68
-57
-41
-29
-30
-32
-19
-12
-4
15
17
16
20
23
20
13
14
10
1
-13
-25
-20
-23
-18
-15
-23
-34
-34
-28
-34
-44
-46
-50
-76
-89
-102
-101
-86
-77
-85
-95
-112
-130
-148
-128
-102
-101
-106
-104
-100
-102
-90
-87
-77
-69
-77
-80
-60
-43
-37
-37
-16
-39
-46
-39
-47
-33
-46
-54
-46
-39
-30
-40
-43
-47
-56
-51
-48
-50
-31
-27
-49
-64
-62
-47
-16
3
12
13
13
26
23
29
55
66
61
44
48
52
62
73
81
83
72
72
61
57
60
59
43
49
48
43
43
27
5
12
18
20
21
22
16
10
9
3
16
5
9
19
25
27
28
27
27
23
25
37
26
22
18
10
11
12
21
17
15
13
-2
-2
1
5
19
8
-16
-18
-23
-23
-13
-24
-48
-48
-42
-50
-40
-44
-70
-66
-66
-96
-110
-114
-158
-246
-533
-700
-840
-752
-57
509
-100
-940
-1369
-2829
-1969
572
-1544
-1037
3220
-417
-2567
1200
-113
-1305
1704
1871
-498
-634
-7291
-1275
7354
-3863
-3942
2681
-6186
-3757
1596
-2007
-1711
-518
-6492
-3484
2623
-2248
-108
1896
-2373
740
1616
-1083
2012
1231
-1829
-433
-784
-1716
2539
-2996
46
3956
-2517
-719
4377
-281
1799
1733
-5573
3034
-838
-4970
3564
-10
-799
3343
-2643
-4223
-2051
-3510
3664
4930
-2365
-691
-4153
-7940
1067
1737
-306
1821
2551
1106
-1717
-3594
-5763
-2084
1493
5051
2789
1098
-572
-4415
588
3205
3047
5139
4464
2361
-70
266
451
-1482
1209
3620
3762
401
-486
160
-613
-1384
361
2145
2461
469
663
230
-233
-964
970
2815
-217
-384
2341
-4
-783
1446
738
-606
2597
1235
-224
1666
-136
-384
4026
1559
619
1586
711
584
1865
3170
-150
-214
1479
1453
-581
1205
2147
-1397
86
1163
-251
-843
-1054
1800
-1498
-1441
705
-1013
-253
-128
4
-812
333
592
-1629
-417
502
-992
-1417
2997
-1032
-2981
2760
-928
-1994
156
317
-1695
-98
-963
-3416
2438
-2452
-4706
-1333
575
-5208
-2135
1138
-5427
-4028
-2462
-2340
-2074
2531
-1578
-2976
-1436
-2552
-1075
-1346
-214
-715
-1127
-406
-1792
-2383
-1009
-2337
-2276
602
-699
-1942
-834
-2853
-826
-1466
-1767
1783
-1466
-1709
-1207
-104
-2280
-2369
-757
1290
-1501
-1041
1131
-3090
-672
-581
-1384
520
1182
-974
-398
1583
-1771
-2165
225
1366
490
1021
2456
-1521
-626
2744
812
1426
619
1589
1648
-54
3627
241
-1194
2182
2455
-1641
2066
1096
-1258
2487
-208
-115
616
-69
-400
268
82
3143
2174
-1757
1344
2020
-1111
2977
2044
637
2332
2410
219
1022
2913
-5
1171
2951
3096
-203
1352
3733
-1320
-320
3409
93
63
2928
442
-1191
2863
364
-3593
2155
3090
-1115
-246
1422
-1052
-416
954
-567
644
1561
-211
-1729
605
1856
-2660
-1595
1068
40
1769
-3481
-2013
1773
-3556
-473
2852
-2256
-4072
89
-942
-2167
-1643
-2218
-1417
-3671
-226
-2287
-2736
-652
-2591
-4165
-1468
1421
-3720
-1937
1108
312
-5061
-1241
1742
-3609
-459
1623
-1980
-128
3831
-1422
-2930
2548
-608
-2441
1508
87
-695
749
-356
584
1147
-1207
-784
1078
-167
248
2887
-865
1650
3052
-1814
1311
2123
-919
586
4675
2737
-341
499
3186
477
-917
4726
1229
-336
3573
2479
2989
2356
518
1264
2746
1349
1299
3386
4204
1606
1641
2871
1503
-960
1730
4934
3996
1599
2380
5335
1258
-1065
4333
3048
2443
2092
5266
3701
960
4090
3229
902
306
2972
2981
5112
2814
3533
3692
837
2125
3377
3869
2108
4588
3077
5537
4793
-282
4157
2529
878
4522
4774
2541
1955
2988
3755
2909
1601
3435
3604
1146
3118
4710
2654
492
3006
3027
-271
3875
4574
856
607
1700
1451
862
3093
3790
-935
1888
3006
1280
1481
352
1316
1043
283
1308
3417
2748
-64
526
1634
68
102
3191
2521
777
3257
109
867
2446
-764
624
2905
564
1051
2899
3693
-1637
-497
643
-1639
777
2815
2410
-1189
-226
2032
-8
-2616
865
1008
-1017
3333
378
69
1284
-938
-435
1775
62
-2116
2946
22
-1920
-2487
1798
451
-506
347
-1154
1282
-1811
-1743
1465
-149
-965
1422
142
51
858
-1242
525
-423
-364
997
1272
1428
-1643
1012
2129
-583
611
679
923
-1642
44
1547
1450
-79
108
2073
-1973
-59
2817
-111
-1696
2202
606
418
3167
-644
-1384
-545
1181
488
1265
3081
576
-872
3251
2398
-1332
936
1099
289
3730
3478
1575
1355
1188
-546
809
1553
1456
3791
3551
2454
2114
554
262
1525
1046
2165
4833
1778
1681
1270
-1296
1968
2103
766
4427
3826
-659
1599
1886
144
1801
4669
4939
1855
1596
3060
-173
2271
3366
5252
3489
370
6657
4254
568
4456
5801
2860
4995
6833
7635
2400
4339
6715
3847
6839
7334
5713
5817
5693
4987
4870
8577
6825
4759
9293
8910
5980
6519
9181
7395
6693
7440
10409
8223
7290
11132
8820
6448
10051
11308
8790
10882
12113
10240
9390
11131
11127
10150
11268
11274
9401
12507
12003
8409
11055
9243
5981
10475
14007
10447
7616
10724
8393
6601
9369
10697
11352
8188
9318
10206
8004
6660
8101
8675
6767
6885
8432
7141
4689
4142
5756
3570
-674
3153
3391
1343
-2059
-138
-427
-5904
-3832
-5551
-5892
-6153
-5807
-4546
-8134
-12770
-14627
-10449
-12389
-15020
-10503
-12348
-17561
-17668
-15702
-18227
-21294
-20860
-21979
-21087
-20454
-21964
-23663
-23671
-26402
-28307
-25282
-28003
-28158
-28145
-29169
-29862
-31620
-30727
-32410
-32768
-32349
-32343
-32768
-32737
-32768
-32767
-32763
-32768
-32759
-32768
-32762
-32768
-32767
-32765
-32768
-32754
-32768
-32742
-32768
-32724
-32768
-32688
-32768
-32458
-32099
-32768
-32746
-32505
-32623
-32768
-32680
-32768
-31150
-32407
-32768
-32759
-32758
-32768
-32695
-30538
-31941
-28339
-27482
-30742
-31814
-29741
-27502
-30064
-28280
-22807
-22742
-22208
-25615
-25059
-23535
-21861
-21017
-23601
-16004
-16737
-19278
-16543
-17469
-14295
-18134
-13566
-11274
-14568
-9959
-9615
-9251
-11941
-8373
-6366
-8379
-9859
-4742
341
-6514
-5437
-1534
767
-4711
-2553
2443
1051
1044
1337
3308
2274
5280
5779
1725
4003
7156
7080
6246
8349
11562
8812
8960
9184
10374
11438
13353
12358
11627
15210
14529
13653
14199
15915
17073
15417
13652
19039
18558
16735
15863
18094
18722
18461
18613
17746
20848
16958
18042
19901
22045
17591
18667
23066
16952
19952
21977
21143
19350
22273
21175
19841
21656
21234
22271
20262
22169
24845
20615
21496
23401
20687
20222
22590
22374
21320
22821
21920
20888
20633
20797
20712
22262
20576
19274
22237
21926
19168
19987
21634
18788
18948
19365
23782
20455
16320
22610
19159
16429
19613
19319
18417
18635
17464
17914
16178
17164
18613
15050
16816
16956
14484
15403
16318
16152
15371
15236
15449
15898
13577
12818
12626
15599
15812
12105
13459
15487
11933
9867
13578
13248
10520
13401
13243
11540
11857
11747
9995
10421
11397
10901
11151
7687
11432
11749
8116
8046
11099
10607
6339
8511
10251
7538
8852
10375
9045
8003
7200
6474
8900
7195
7954
10425
6030
6294
7769
7985
5792
5689
6691
7016
5862
7018
5799
5243
5847
3509
5276
5464
3648
5708
6108
5440
3203
3541
3920
2518
3822
5435
2358
1991
5591
2554
1111
1947
3431
2586
-116
2297
2904
1921
-317
2495
3083
-730
-418
329
678
844
1551
-531
944
-355
-3434
214
-720
-1407
-418
-74
-1230
-3894
-1232
316
-4454
-1742
740
-3949
-2941
-2797
-1852
-1557
-4188
-1568
-2313
-4474
-2485
-2083
-4599
-3678
-2437
-2717
-3633
-6014
-2405
-3082
-6108
-2282
-2226
-5412
-5741
-4186
-3853
-5411
-4506
-3036
-3833
-6097
-4973
-6190
-4750
-4447
-6051
-3438
-4600
-6732
-4259
-2998
-6746
-7560
-4663
-3197
-5684
-5121
-3451
-4400
-8288
-7280
-2171
-5822
-6326
-3895
-2970
-6853
-6048
-4252
-6144
-5190
-3016
-2599
-6089
-6043
-3098
-4602
-8118
-2389
-942
-3835
-5733
-3328
-1688
-6694
-4876
318
-3643
-4960
-1937
-2366
-3392
-3981
-2569
-2090
-2485
-2352
272
-2181
-3619
-1091
162
-4149
-2410
1908
69
-2609
-879
2117
-2145
-1835
1313
546
-397
803
2393
-495
-1310
981
1648
920
1623
982
1161
767
-290
2814
2256
-303
2404
1109
-350
3030
2881
56
1677
3460
246
1308
1227
2264
2398
-111
2381
3332
102
-789
3516
1556
-1293
676
2347
1022
-572
1148
709
-455
360
-1054
-255
1210
-83
-809
-1365
-412
979
-1704
-1789
282
-868
-1288
-223
-177
-3567
-2939
-347
-707
-3819
-1836
1169
-2212
-5175
-2554
-1163
-2641
-3139
-3757
-1769
-1913
-6302
-3120
-1259
-4242
-6420
-3676
-1961
-5504
-4604
-3124
-3242
-3529
-6545
-4784
-3710
-4910
-4672
-3767
-3564
-3827
-6307
-6322
-3935
-5091
-5410
-5229
-4340
-5280
-6064
-3841
-4819
-6997
-4871
-4198
-6255
-6537
-3792
-2321
-6325
-5520
-4461
-5608
-4904
-4996
-4447
-3408
-3550
-4784
-3100
-5964
-5987
-2514
-4114
-5125
-1561
-2488
-6513
-4661
-2277
-3690
-5899
-2846
-440
-1786
-5868
-3631
-464
-4545
-4239
-2861
-1841
-2874
-3739
-2534
-2277
-3098
-4247
-3161
-2134
-3865
-2451
-1479
-2201
-1918
-2631
-3581
-3064
-2140
-3188
-992
-1062
-1170
-2224
-3141
-2526
-1508
-1640
-2413
-2035
-718
-93
-1990
-2231
-556
-1018
-2941
-2264
687
38
-2414
-2150
-26
-542
-1991
-2284
400
-157
-3336
-665
242
-996
-1296
-1188
-164
-919
-2215
-1008
198
-1208
-1177
80
-1004
-814
-1111
-1308
-795
292
-118
343
229
-804
-791
-737
-436
502
743
501
691
308
170
-500
-649
1160
710
1015
631
1501
2530
-98
-1471
2147
527
494
2016
2027
2099
878
1054
902
1489
-176
2493
3742
1132
858
2639
843
509
3125
951
1472
3977
2234
151
2952
2043
504
618
3429
2699
466
2580
3643
500
133
3193
2023
69
1513
3866
1716
2032
2837
1246
776
1022
1568
2566
1858
1894
3396
1494
522
1214
1090
1355
1446
1983
3034
611
962
1729
580
437
1021
2181
871
846
2250
581
-169
966
1208
-313
794
1843
751
-271
841
1006
-296
-99
960
1052
758
-37
740
1222
-674
-224
1967
1495
-1201
-7
1153
426
-90
1210
1306
92
284
959
977
582
1052
450
1473
1959
137
1490
1656
1382
849
2308
1312
536
2190
1848
1111
1586
1821
1328
2499
1565
1138
1734
2596
336
338
2104
2569
-107
-271
2891
1604
-118
-123
872
89
-55
940
814
300
-325
199
-415
-277
-279
-384
-632
-1167
-448
-13
-264
-1680
-868
-1117
-1473
-1480
-907
-336
-1232
-827
-1743
-1308
-1780
-2366
-1203
-630
-1535
-1420
-1806
-2895
-2274
-3002
-2933
-2640
-2027
-2066
-3063
-3500
-4011
-3601
-4192
-3742
-3227
-3451
-3621
-3520
-2354
-4239
-3795
-2860
-2688
-1601
-2205
-1518
-828
-590
-1984
-385
246
107
730
1095
2359
1847
2787
1970
2095
3150
3945
4303
4572
4394
4131
3856
3918
5047
5286
4555
5380
5227
4211
4618
4746
4603
4776
4911
4624
4273
3557
3940
4598
4425
3636
4301
4893
3636
3578
4214
4406
3287
3260
4433
4201
3746
3153
2785
1152
-282
-140
194
-328
-608
-1124
-2698
-3857
-4296
-4833
-5111
-5152
-5172
-5110
-5281
-5332
-5385
-5940
-6261
-5897
-5079
-4086
-3530
-3278
-3220
-3341
-3709
-3796
-3339
-3093
-2850
-2079
-833
-798
-1264
-1761
-1810
-1388
-1115
198
1264
970
1251
1691
1237
788
605
2895
3407
2152
4507
6126
4528
4334
4837
5397
5861
5830
7963
8939
7747
7792
7136
7374
7187
7473
8880
8931
8454
8340
8120
7355
7943
6811
7466
7776
6709
7096
6739
6939
6601
6573
6957
6373
6226
6077
4123
1992
1551
979
1202
976
-14
-1282
-3933
-5417
-5841
-6798
-6853
-7416
-8035
-8010
-8683
-9324
-9496
-10227
-10663
-10518
-9193
-7629
-7604
-7278
-6917
-7397
-7130
-6074
-5115
-4481
-4474
-3667
-2922
-3212
-3483
-3690
-4093
-5173
-5409
-4448
-4317
-4851
-4979
-5769
-6418
-6048
-5728
-5713
-5355
-4759
-4050
-4009
-3826
-2337
-2581
-2410
-1119
217
6
662
2099
2849
2854
3273
4683
4645
4782
6120
6011
6061
6512
7165
7388
6479
7037
7518
6794
6950
7032
7087
7174
7176
7066
6419
6627
6090
6245
6845
7149
7445
7320
7448
5808
2887
1227
961
2275
2853
2416
1244
-1603
-4519
-5712
-5346
-5313
-5736
-6113
-6077
-6241
-7346
-7527
-8422
-9795
-9299
-7972
-5586
-4573
-4669
-4640
-5534
-5470
-4378
-2933
-1622
-1173
-643
89
328
-140
-264
-1001
-1547
-733
-206
615
-302
-1875
-2691
-3619
-3512
-3383
-2780
-2451
-3151
-2754
-2210
-2608
-2751
-1756
-1367
-730
737
1336
2231
1719
2202
3823
4094
5109
5738
6088
6088
7074
8001
7875
8324
8673
8769
8228
8531
9182
9008
9387
8454
8861
9422
7870
7852
7540
7535
7610
7690
8245
7961
7354
7052
7935
5219
2169
1161
937
3050
2204
1822
364
-4526
-6561
-7184
-6212
-5457
-6755
-7412
-7685
-9102
-9954
-9681
-10607
-11022
-10570
-8763
-5820
-6473
-7204
-7228
-8236
-7177
-5150
-2805
-1446
-2396
-2267
-1528
-2133
-1879
-1563
-1331
-1214
-1476
-569
-509
-2579
-3916
-4558
-4573
-4028
-4166
-3708
-4280
-5689
-5256
-5047
-5241
-4479
-4402
-3268
-2156
-1915
-1074
-1440
-1050
199
1564
2850
3420
3837
4126
4201
4659
6309
7075
7353
7270
7132
7845
7426
7956
8821
8253
8180
8597
8397
7460
7515
7572
7160
7403
7296
7672
7808
7229
7231
8287
5373
1321
1078
571
3594
3872
1300
802
-4680
-7726
-6544
-5817
-4318
-5634
-7824
-7729
-9298
-10888
-9606
-10352
-10701
-9390
-8558
-5716
-6720
-8809
-8070
-8445
-6618
-3681
-2154
-1163
-2691
-3779
-2129
-1252
-632
261
-237
-405
-626
-713
179
-1728
-3200
-2809
-2897
-2190
-2410
-3815
-4600
-6088
-6099
-4169
-3889
-3968
-4112
-4402
-3418
-2821
-2464
-1209
-1158
-86
1221
1784
2396
2532
3063
3819
4756
6026
6854
6359
6543
7302
7357
7470
7518
8217
8504
7707
8484
8684
8602
7483
7226
8019
7555
8321
7946
8361
8113
7340
8387
9169
5036
2231
1747
1665
6261
4638
1771
309
-5641
-7041
-4697
-3730
-2563
-4875
-8749
-8672
-9478
-10321
-9059
-9453
-9312
-9038
-8269
-6502
-8268
-9360
-8932
-7831
-4455
-2652
-2361
-2438
-4347
-4526
-1983
-36
1051
1052
319
-241
-1219
-530
-427
-1241
-592
-1459
-1143
-1232
-3779
-3934
-4311
-4720
-2891
-2282
-3146
-3813
-4601
-4011
-2937
-2064
-1053
-995
-783
-429
309
1194
1605
2523
3538
3846
4913
5238
5149
5617
5439
6528
7212
7529
7485
6767
6295
6679
7424
7049
7453
7064
6193
6416
5395
5678
6210
6094
6253
6398
6325
6156
2149
-957
-317
770
4718
3056
-1313
-3481
-8366
-9324
-5663
-4167
-4178
-7087
-11541
-12105
-12052
-12395
-10885
-10653
-10839
-11030
-11090
-10261
-12147
-12766
-10830
-8950
-5900
-4836
-6280
-7001
-8140
-7045
-3114
-1004
-625
-1485
-3086
-3299
-2739
-1465
-614
-1253
-1658
-2058
-2513
-2632
-3645
-4093
-3715
-3569
-2557
-2551
-3998
-5005
-4657
-3287
-1767
-1426
-1420
-1611
-2038
-1000
473
2216
2446
2166
3326
3898
4375
5207
5774
5930
6934
7355
8073
8151
7247
7456
8016
8690
9156
9309
8172
7854
7476
7197
8723
8446
7775
8410
7753
7886
8114
8602
6095
2045
2706
3266
6988
6589
1143
-824
-4164
-6007
-2308
23
-1201
-4224
-9120
-10334
-8271
-8471
-7463
-7328
-8821
-9627
-10402
-8867
-9400
-10309
-8379
-6780
-5269
-4764
-6392
-7020
-6241
-4888
-1314
775
-502
-1886
-3033
-2369
-318
949
1736
361
-1293
-1490
-1339
-889
-1033
-1704
-1771
-1885
-2361
-2437
-3237
-3738
-3116
-1678
-969
-1718
-2537
-2633
-2119
-298
1007
1556
1419
758
1698
2971
3924
4695
5368
5820
5407
5711
7132
6746
6975
7982
8031
8034
7469
7733
7842
7389
7942
8135
8315
7040
6457
7041
7421
8021
8062
8253
7905
3609
962
2882
4530
7634
5748
173
-1846
-4784
-5239
-336
974
-1309
-5103
-9750
-9501
-7669
-7494
-5963
-6432
-8621
-10022
-10428
-8888
-9056
-9067
-6538
-5646
-5779
-6317
-7780
-6712
-5072
-3054
-11
-216
-2370
-3474
-2847
-765
907
1976
1722
-523
-1873
-1591
-426
766
149
-443
-1016
-2403
-2782
-2207
-1944
-1623
-1079
-1134
-1903
-2640
-2540
-1502
-174
912
1091
961
477
457
2768
3945
4626
4784
5219
5023
5261
6113
7052
8086
7684
7844
8015
7905
7383
7555
8720
8857
8903
8439
7392
7153
7029
7445
9210
8782
7872
8022
7450
7800
3832
3150
5011
6112
8097
4300
-60
-1531
-3125
-1711
2226
1590
-2451
-6719
-9676
-6994
-4719
-4766
-5090
-7644
-9689
-10646
-9059
-6623
-7108
-7504
-6665
-6832
-7046
-7061
-6854
-4606
-3386
-2568
-1259
-2571
-3874
-3063
-900
1167
979
510
-428
-1794
-893
453
1048
905
-1054
-1949
-1437
-1940
-1536
-650
-1223
-1686
-1943
-2265
-2433
-2637
-1216
-114
-375
-388
-896
-545
339
1740
3051
3365
2614
2043
3734
4606
5364
5841
5850
5322
5304
6676
6440
6872
6330
6437
7462
6691
5741
6627
6230
6184
6882
6678
6250
6014
5718
6579
7296
7381
5243
841
2210
3579
6597
6637
365
-2943
-3307
-3372
-546
1514
-1889
-6287
-9840
-9439
-5560
-5677
-6986
-8539
-10141
-10873
-10979
-8525
-8011
-9869
-9295
-7943
-8386
-8662
-8651
-7178
-4827
-4679
-4156
-4133
-5421
-5105
-2695
-196
-55
-1843
-2254
-2098
-2399
-821
180
-474
-1196
-2581
-2730
-2196
-2553
-2093
-1242
-2089
-3359
-3586
-3287
-2893
-2155
-1184
-1609
-2451
-2290
-1768
-107
817
752
1259
1141
1204
2335
3538
3772
3991
4545
4944
4496
5317
5634
6033
6055
6546
6502
6173
6227
5542
6811
7256
6569
6737
5650
6046
6607
7253
7679
7367
6358
7032
4213
1811
4859
5849
7974
4362
-1518
-1799
-1882
-1206
1988
1573
-3541
-7950
-9816
-6090
-3441
-5325
-6399
-9031
-10774
-10846
-9089
-6025
-7437
-9553
-8259
-7906
-8669
-7802
-6600
-4491
-4238
-5104
-3965
-4322
-4404
-2122
157
619
-1447
-2431
-1318
-175
506
1530
991
-1005
-1569
-873
195
0
-528
-655
-1031
-1563
-1917
-1092
-843
-1120
-806
-477
-1233
-1539
-344
888
1477
1083
496
903
2187
3225
4180
4539
3461
3561
5175
6028
6298
6391
6134
6191
6997
7239
7690
7474
7282
7175
7692
7711
6899
7459
7595
7356
7777
7277
7566
7497
7807
8318
8152
3440
2438
5310
7241
8444
3226
-1251
-1667
-1359
666
2921
539
-4944
-8417
-7929
-3966
-3214
-5516
-7459
-9441
-9876
-9379
-7237
-6132
-8325
-9047
-7908
-7971
-8227
-7223
-5591
-3870
-4453
-5128
-4707
-4457
-3042
-748
355
-882
-2793
-2252
-403
838
1303
448
-1199
-1765
-1141
266
698
-684
-1466
-1785
-1885
-1394
-988
-1058
-1603
-1992
-1720
-1653
-1796
-1047
-151
129
-225
-770
18
1043
2127
3008
2907
2363
2064
3623
5331
5619
5251
4925
5542
5200
6474
6974
6642
6709
6399
6682
6809
6652
6393
6880
6744
7035
6629
6712
7261
6761
7224
7272
7218
3602
2287
5000
6671
7061
2451
-2158
-2028
-433
366
1142
-1007
-6037
-8667
-7844
-4299
-3688
-7054
-9313
-10220
-10058
-9488
-8043
-7268
-9111
-10604
-9315
-8193
-8336
-7444
-6151
-5207
-5866
-6581
-5044
-3483
-2555
-1649
-1546
-2177
-3197
-1733
788
695
-108
-1163
-1909
-1028
-254
191
240
-1700
-2914
-2152
-1576
-1084
-1130
-1815
-2432
-3048
-2497
-1690
-1456
-1047
-1235
-1342
-1221
-1188
34
1335
1436
1571
1598
1595
2474
3660
4856
4703
3890
4318
4819
5936
6635
6151
6151
5540
6035
7113
6892
6483
6480
6364
6409
6535
6793
6931
6530
6909
6843
6833
6389
7176
4794
2724
4309
5489
6944
3240
-1605
-1628
-245
65
578
-917
-5068
-7958
-7667
-4159
-3435
-6956
-9240
-10165
-9391
-8887
-8106
-7072
-9052
-11033
-9451
-7803
-7800
-7324
-6743
-5670
-6021
-6644
-4961
-3406
-2699
-2235
-2062
-2223
-2850
-2141
837
559
-726
-1172
-1830
-843
-116
-167
-242
-1425
-2534
-1897
-1252
-1442
-1892
-2083
-2126
-2558
-2309
-1788
-1825
-1536
-1553
-1461
-1004
-1082
-480
697
900
851
1273
1979
2673
3316
3939
4200
4011
4359
5319
6223
6208
5730
5848
6262
6629
7125
7099
6634
6814
6484
6724
6882
6710
6819
6983
7163
6942
6709
6746
6467
6847
7497
3486
2759
4453
5678
6314
1381
-1983
-1022
-587
-367
572
-2212
-6245
-8094
-6617
-3459
-5075
-8101
-9194
-9685
-9001
-8974
-7820
-7432
-9793
-9973
-7963
-7913
-7903
-7062
-5876
-4969
-6299
-6015
-4172
-3216
-2181
-1621
-1902
-2405
-2766
-814
928
209
-643
-1495
-1361
-538
-408
125
-639
-2301
-2178
-1776
-1434
-1361
-2014
-2144
-2386
-2871
-2296
-1661
-1468
-1453
-1615
-1451
-1437
-722
545
876
876
1013
1222
2292
3330
3783
4107
3742
3931
5296
5798
5866
6025
5636
6163
6779
6867
6615
6618
6676
6695
6867
6588
6269
6386
6455
6716
6932
6122
6000
6487
6598
6603
6385
6231
3033
2515
4592
5668
5517
1154
-2325
-1236
217
-127
-8
-2526
-6235
-7464
-6015
-3391
-4551
-7674
-9197
-9239
-8498
-8012
-7272
-7046
-8994
-9923
-7995
-7134
-6972
-6179
-5799
-5425
-5949
-5723
-3665
-2297
-2131
-2317
-2541
-2247
-1624
-313
944
-570
-1621
-1442
-821
502
96
-1000
-1554
-2025
-1683
-812
-896
-1614
-2258
-2259
-1761
-1822
-1486
-1443
-1722
-1409
-1357
-862
-198
-90
351
755
897
1479
2134
2670
3226
3504
3949
4020
4597
5237
5659
5773
5722
5828
6132
6919
6612
6224
6553
6430
6412
6698
6375
6070
6161
6342
5893
6249
5583
5576
6261
5938
5802
5632
5353
5671
5438
1949
2785
4272
4783
3326
-690
-1426
-590
-543
-452
-802
-4051
-6527
-6600
-4651
-3636
-6230
-8046
-8709
-8625
-8026
-7680
-6964
-7922
-9483
-8552
-7205
-7356
-6661
-6093
-5704
-5577
-6068
-4670
-3167
-2603
-2398
-2603
-2551
-2023
-1296
-373
-623
-1526
-1260
-903
-366
-579
-1378
-1441
-1471
-1434
-1266
-1500
-1997
-2074
-1844
-1619
-1794
-2233
-2103
-1678
-1087
-936
-1056
-916
-751
47
925
1201
1215
1370
2034
2883
3431
3532
3678
3760
4302
5010
5272
5099
5087
5551
5625
5595
5686
5883
5811
5917
5655
5329
5324
5448
5747
5699
5433
4850
5325
5195
5411
5738
5334
5097
5138
5161
5319
4997
1563
2436
4164
4265
2773
-764
-1586
-715
-1001
-1036
-1375
-4191
-6508
-6562
-4860
-4025
-6677
-8255
-8336
-8379
-7698
-7470
-6985
-7617
-9190
-8395
-6651
-6504
-6324
-5717
-5518
-5290
-5526
-4135
-2590
-2440
-2596
-2590
-2228
-1672
-785
-326
-357
-1160
-1423
-607
-162
-333
-872
-966
-1274
-1204
-986
-1163
-1138
-1368
-1570
-1487
-1388
-1472
-1144
-673
-818
-1019
-908
-401
201
774
879
785
1096
1388
2163
2852
2952
3034
3265
3518
3884
4285
4631
4610
4555
4753
4889
5170
5302
5040
5205
5432
5078
5363
5255
4982
5035
4728
4842
5011
4984
4712
4239
4386
4686
4490
4248
4248
3924
3927
4088
3854
1360
907
2490
2774
1924
-665
-2286
-1895
-1561
-1674
-1668
-3923
-6238
-6122
-5123
-4366
-5587
-7271
-7673
-7689
-7327
-6951
-6600
-6907
-8011
-7664
-6483
-6458
-6069
-5385
-5274
-4897
-4986
-4466
-3106
-2560
-2369
-2196
-2235
-1832
-1110
-478
-12
-771
-1265
-527
-67
310
-105
-918
-905
-737
-584
-211
-468
-1069
-1263
-1044
-686
-653
-814
-913
-873
-475
-284
-136
290
330
469
944
1160
1585
2068
2418
2650
2904
3185
3596
4064
4311
4242
4287
4790
5026
5151
5204
4974
4999
5119
5081
5156
5021
4718
4767
4414
4240
4530
4390
4332
3924
3525
3793
3966
3898
3887
3280
3002
3467
3439
3636
3203
2286
835
1235
2174
2161
1520
-1215
-2262
-1424
-1032
-1655
-2140
-3771
-5403
-5125
-4613
-4185
-5298
-6642
-7029
-6662
-6419
-6437
-6068
-6326
-6805
-6646
-5702
-5289
-5002
-4600
-4435
-4009
-3930
-3284
-2122
-1699
-1803
-1794
-1597
-1331
-688
-177
-87
-331
-945
-903
-345
-87
-378
-586
-1003
-1249
-996
-785
-682
-832
-1402
-1548
-1133
-870
-694
-562
-672
-711
-438
47
482
725
723
907
1344
1701
2096
2547
2711
2649
2856
3305
3554
3730
3779
3772
4074
4146
3946
3992
4198
4037
3945
4089
4047
3781
3673
3616
3629
3627
3478
3570
3209
3018
3384
3373
3248
2786
2763
2963
2816
2891
2962
2275
2203
2305
2348
1995
354
134
965
1184
442
-1454
-2456
-1787
-1957
-1889
-1987
-3836
-5056
-4777
-4079
-3740
-4810
-5770
-5799
-5853
-5399
-5045
-5088
-5250
-5638
-5251
-4365
-4312
-4038
-3662
-3472
-3082
-3074
-2591
-1704
-1497
-1477
-1588
-1410
-1455
-999
52
-141
-786
-1376
-1374
-353
251
-492
-874
-1331
-1552
-706
-216
-455
-1109
-1544
-1212
-647
-283
-417
-638
-495
-419
-63
652
679
571
888
1059
1424
1922
2119
2445
2471
2377
2696
3177
3424
3358
3437
3438
3447
3629
3864
3874
3844
3476
3169
3568
3779
3673
3314
3177
2853
2973
3257
3056
2821
2437
2438
2582
2598
2341
2301
2056
1976
2097
1962
1941
1718
1576
1623
1357
1496
822
-404
222
767
458
-401
-1925
-2139
-1285
-1695
-1903
-2342
-3770
-4244
-3593
-3000
-3346
-4617
-5130
-4862
-4521
-4095
-4256
-4465
-4811
-4961
-4117
-3447
-3717
-3645
-3482
-3335
-2963
-2772
-2197
-2094
-2372
-2214
-1940
-1798
-1438
-1261
-1205
-1518
-1892
-1408
-844
-736
-1019
-1388
-1396
-1144
-813
-441
-686
-1060
-1067
-778
-157
-12
-283
-156
-79
35
542
894
945
907
983
1358
1636
1781
1987
2029
2086
2270
2506
2750
2734
2788
2862
2822
2946
3170
3092
3107
3030
2948
3060
3071
3052
2889
2774
2657
2690
2862
2795
2632
2446
2365
2437
2617
2505
2482
2409
2015
2253
2144
2324
2284
1731
1651
1908
1795
1930
1687
1338
1277
1175
760
302
404
588
333
-608
-1461
-1511
-1212
-1535
-1858
-2255
-3330
-3829
-3190
-2950
-3403
-4208
-4635
-4370
-4213
-4133
-4105
-4226
-4605
-4649
-4116
-3582
-3686
-3758
-3472
-3401
-3089
-3034
-2830
-2362
-2319
-2168
-2005
-1927
-1821
-1579
-1332
-1142
-1324
-1205
-895
-688
-537
-709
-721
-445
-398
-224
28
-26
-89
-28
222
411
345
426
575
685
810
858
1000
1177
1104
1243
1496
1518
1615
1660
1815
1961
1988
2068
2182
2245
2359
2493
2547
2628
2648
2695
2800
2818
2816
2844
2919
2916
2852
2944
2809
2907
2907
2541
2752
2666
2408
2644
2360
2088
2134
1980
2024
1896
1600
1496
1393
1260
1174
1122
963
659
553
621
532
355
153
-173
-789
-627
-510
-497
-802
-1849
-2317
-1963
-1913
-2130
-2332
-3018
-3778
-3679
-3161
-3072
-3545
-4135
-4404
-4169
-3879
-3690
-3610
-4005
-4253
-3849
-3274
-3133
-3091
-3254
-2969
-2680
-2455
-2171
-1877
-1782
-1717
-1506
-1149
-871
-824
-657
-554
-539
-437
-171
97
92
-117
-95
103
246
376
315
244
232
296
519
624
600
490
511
787
1016
1064
1121
1138
1213
1500
1693
1846
1974
1938
2005
2175
2400
2573
2599
2595
2476
2616
2695
2759
2797
2683
2559
2560
2539
2474
2529
2352
2088
2122
2202
1801
1646
1818
1754
1469
1442
1331
1007
1063
979
1038
1089
648
317
692
503
324
521
269
3
5
-1
1
-178
-296
-494
-441
-556
-666
-950
-1229
-1386
-1299
-1321
-1756
-1904
-2225
-2297
-2208
-2203
-2617
-2756
-2865
-3027
-2789
-2795
-2910
-3103
-3204
-3089
-2834
-2720
-2809
-2819
-2886
-2674
-2542
-2315
-2274
-2292
-2109
-2062
-1845
-1623
-1481
-1405
-1231
-1234
-1027
-706
-581
-501
-492
-382
-293
-39
247
234
185
264
374
591
829
843
836
773
819
1132
1330
1297
1123
1080
1281
1512
1660
1691
1559
1600
1813
1885
1937
1894
1842
2006
2097
2003
1978
2083
2071
2008
1982
1908
1882
1893
1818
1764
1700
1520
1621
1538
1297
1257
1244
1092
1078
1003
844
913
655
452
570
728
511
526
243
-49
154
416
207
-42
-156
-252
27
78
-122
-425
-463
-361
-179
-272
-549
-646
-586
-629
-595
-580
-728
-908
-1054
-1032
-959
-1027
-1184
-1226
-1496
-1589
-1455
-1547
-1675
-1706
-1929
-1987
-2060
-2027
-1950
-1991
-2153
-2179
-2067
-2056
-1970
-1931
-1860
-1873
-1790
-1604
-1515
-1361
-1255
-1181
-986
-865
-726
-560
-396
-307
-198
-36
82
265
324
401
535
689
820
833
798
806
949
1025
1014
972
944
921
899
895
949
981
900
851
853
819
801
901
919
836
728
765
878
923
875
842
910
816
824
1016
919
846
924
883
904
936
822
694
809
941
856
788
742
710
683
815
875
702
584
494
543
669
676
365
292
324
413
353
244
330
116
-41
20
92
63
3
-229
-311
-240
-278
-285
-261
-372
-498
-508
-440
-445
-598
-721
-718
-759
-817
-743
-789
-944
-1109
-940
-928
-1014
-1013
-1085
-1205
-1173
-1107
-1098
-1075
-1174
-1180
-1162
-1121
-1022
-1009
-1047
-1063
-1008
-905
-920
-937
-798
-777
-816
-726
-704
-671
-483
-433
-520
-511
-405
-364
-349
-251
-179
-180
-112
-5
-5
-17
121
261
239
261
307
411
489
541
548
526
574
644
714
792
842
759
731
818
897
900
945
911
852
868
917
946
839
789
788
795
813
838
764
710
677
650
625
655
697
607
480
524
585
481
527
592
520
493
466
522
512
481
483
492
472
545
421
433
512
481
427
401
482
451
476
482
545
277
324
451
453
403
271
213
139
162
167
192
-14
-188
-195
-212
-84
-251
-476
-457
-574
-606
-501
-665
-935
-867
-950
-1015
-1023
-1136
-1093
-1203
-1289
-1248
-1237
-1297
-1276
-1328
-1385
-1391
-1312
-1179
-1240
-1228
-1215
-1280
-1156
-1010
-1012
-992
-1016
-989
-845
-779
-753
-770
-816
-727
-642
-491
-427
-480
-461
-456
-405
-264
-186
-175
-149
-180
-93
47
96
100
81
132
130
200
373
376
325
351
333
454
617
570
559
557
606
670
670
725
750
749
775
871
861
861
883
941
966
976
994
977
1124
1074
976
999
1037
1042
1116
1069
999
957
1013
1116
1101
995
877
815
903
939
810
759
637
581
727
674
572
532
397
477
520
434
300
162
87
160
199
108
-46
-170
-185
-140
-201
-288
-479
-541
-488
-516
-521
-664
-824
-842
-754
-761
-821
-905
-1013
-994
-991
-1004
-1079
-1170
-1148
-1186
-1202
-1172
-1197
-1238
-1231
-1253
-1283
-1228
-1269
-1317
-1290
-1401
-1381
-1266
-1309
-1280
-1207
-1311
-1226
-1055
-1070
-1046
-981
-962
-881
-759
-679
-628
-559
-530
-500
-348
-275
-237
-142
-108
-105
-1
115
119
134
165
231
374
421
476
545
558
590
627
684
757
774
787
811
858
890
934
973
1011
991
972
1056
1124
1163
1144
1067
1024
1071
1102
1148
1215
1052
919
990
1084
1066
978
893
804
827
837
864
873
784
635
656
803
686
608
585
501
439
456
422
390
300
246
229
227
189
94
52
36
-20
-101
-128
-173
-205
-317
-348
-358
-389
-462
-504
-573
-632
-693
-725
-723
-829
-872
-857
-838
-873
-904
-914
-942
-914
-916
-860
-953
-979
-939
-874
-829
-881
-855
-873
-897
-831
-738
-671
-706
-706
-682
-626
-562
-516
-511
-561
-559
-508
-463
-458
-405
-390
-415
-375
-254
-187
-157
-174
-163
-50
-7
85
180
166
105
227
332
350
341
342
359
399
454
459
488
517
452
465
499
481
461
503
538
501
435
436
432
466
555
451
393
394
360
417
454
335
271
339
414
429
412
388
355
363
456
531
519
377
297
367
420
421
399
306
210
317
338
313
322
186
118
188
171
170
153
23
-66
44
27
-54
-15
-32
-165
-173
-128
-155
-198
-286
-372
-378
-337
-350
-356
-402
-527
-527
-458
-496
-465
-524
-521
-495
-461
-466
-508
-522
-540
-494
-446
-446
-548
-555
-412
-387
-438
-445
-435
-427
-390
-306
-344
-382
-341
-344
-309
-252
-306
-298
-180
-130
-152
-151
-126
-114
-72
-28
-43
-3
24
-18
28
116
131
90
131
188
206
221
216
208
195
211
184
182
240
256
219
222
185
132
206
272
235
184
156
177
208
193
224
210
147
158
200
166
176
183
141
139
186
193
197
229
236
234
160
165
195
189
219
135
83
130
180
193
148
78
79
166
202
162
139
91
59
131
160
50
24
56
83
170
125
-5
-13
48
34
103
79
-138
-152
-38
-63
-103
-150
-238
-226
-181
-129
-168
-288
-359
-295
-225
-261
-284
-328
-319
-282
-241
-258
-370
-337
-243
-251
-252
-308
-339
-284
-222
-225
-273
-297
-262
-188
-164
-181
-219
-216
-224
-182
-111
-88
-128
-119
-94
-116
-59
-45
-83
-76
-34
-30
-3
30
7
-4
1
19
65
117
108
119
104
61
88
162
172
134
121
66
85
176
177
109
99
66
13
90
192
135
45
6
47
104
119
68
46
51
57
161
-109
268
49
-31
356
1
141
8
132
138
-13
229
80
180
191
40
166
168
79
105
147
91
-14
104
122
19
123
6
-21
87
39
147
81
24
15
92
135
5
76
-22
-21
107
57
21
10
47
41
-35
-3
43
-1
-32
-95
-87
-100
-117
-80
-120
-154
-192
-214
-203
-198
-192
-216
-225
-244
-249
-185
-196
-195
-208
-218
-252
-205
-148
-166
-180
-159
-139
-135
-102
-117
-142
-117
-69
-76
-71
-94
-157
-136
-95
-146
-156
-133
-158
-164
-225
-251
-220
-222
-194
-169
-184
-182
-175
-192
-174
-142
-116
-104
-104
-111
-92
-79
-83
-124
-134
-89
-80
-64
-98
-138
-94
-71
-46
-33
-66
-56
-54
-36
6
22
-6
8
24
27
67
72
20
51
103
139
143
91
81
98
140
191
195
135
90
95
109
136
164
154
132
93
91
128
130
145
119
61
87
96
72
122
96
38
56
59
73
111
102
69
34
22
79
104
82
71
65
55
84
69
18
20
41
46
38
60
63
23
-4
-5
-17
-25
-62
-80
-63
-88
-129
-102
-130
-177
-147
-126
-141
-184
-221
-199
-147
-163
-207
-189
-160
-100
-41
-86
-128
-98
-94
-78
-17
-31
-104
-73
-59
-90
-36
-43
-92
-108
-96
-100
-81
-59
-89
-89
-74
-83
-90
-88
-63
-33
-56
-49
-41
-58
-48
-5
3
-36
-18
20
