47
49
60
73
54
35
66
68
99
115
120
107
67
62
55
61
70
58
47
53
59
63
59
37
23
-5
-18
-26
-56
-54
-59
-67
-43
-40
-60
-75
-60
-70
-53
-34
-47
-54
-52
-41
-42
-38
-40
-42
-52
-63
-46
-34
-24
-24
-24
-33
-42
-38
-40
-51
-34
-28
-45
-59
-66
-57
-66
-51
-51
-49
-53
-57
-52
-53
-35
-41
-55
-67
-74
-61
-33
-22
-34
-24
-21
-30
-17
-20
-19
-39
-40
-50
-44
-27
-39
-25
-34
-49
-46
-35
-30
-34
-27
-41
-41
-45
-43
-39
-57
-37
-36
-47
-35
-26
-35
-55
-70
-84
-88
-84
-98
-103
-83
-53
-37
-31
-44
-69
-71
-40
-21
-18
-8
-8
-13
-23
-19
0
11
-12
-12
-12
-11
7
30
14
5
36
23
26
55
58
27
32
36
18
20
30
2
-21
-8
-10
3
29
41
26
19
44
39
35
62
62
42
46
49
24
50
77
64
39
45
76
58
72
80
54
49
63
69
66
67
41
12
16
49
56
56
48
28
33
43
41
45
50
43
34
31
26
49
57
40
37
53
52
43
54
59
57
50
32
39
47
45
51
46
31
6
4
8
-1
-18
-19
-33
-47
-49
-56
-56
-49
-53
-63
-64
-63
-76
-64
-51
-45
-50
-46
-45
-52
-67
-57
-50
-66
-79
-83
-81
-80
-73
-71
-71
-42
-55
-66
-32
-42
-68
-53
-30
-53
-52
-33
-40
-31
-13
-33
-64
-71
-51
-30
-16
-20
-26
-15
-17
-34
-23
-10
-45
-42
-27
-31
-49
-50
-60
-40
-41
-16
4
6
3
20
54
32
20
14
-3
-8
-8
28
40
5
7
12
-1
5
-6
18
25
14
19
17
10
8
13
12
26
31
32
27
15
11
9
23
21
46
65
52
40
56
63
55
67
88
63
59
51
41
28
15
28
30
33
20
1
-36
-34
-26
-48
-24
-16
2
28
30
-8
-45
-44
-50
-45
-13
-14
-19
-2
-3
-57
-66
-39
-42
-25
-21
-33
-56
-73
-70
-69
-27
-27
-24
-18
-38
-34
-38
-58
-110
-120
-103
-74
-99
-107
-45
-83
-147
-120
-67
-101
-131
-104
-60
-40
-6
27
-7
-32
-71
-65
0
-6
-14
50
62
-5
-16
-29
-54
-59
-54
8
37
4
-107
-157
-145
-136
-98
-24
-8
-45
-109
-176
-135
-84
-111
-29
46
-15
-104
-110
-75
-65
-71
9
54
-12
-86
-84
-60
-64
1
35
-14
-79
-45
-38
-89
-75
30
93
23
-18
-60
-106
-57
48
52
43
64
-87
-128
-31
-62
-68
66
69
-58
-16
8
-101
-152
-37
-5
-53
-78
-98
-109
-97
-58
-60
-68
-16
23
38
17
63
186
-37
-154
70
94
-40
146
247
-40
-162
-72
0
-10
-12
103
169
-32
-134
-72
-106
-142
31
240
173
-47
-117
-122
-81
-26
12
165
173
-5
-122
8
-55
-243
71
283
-40
-63
113
-87
-223
-2
46
-102
40
116
67
-147
-187
54
-1
-98
117
248
1
-235
-161
3
-65
-49
55
30
-136
-362
-271
97
-89
-275
9
-55
-201
-95
-23
31
-1
-119
35
40
-76
13
-51
-127
119
103
-211
-229
-17
30
-2
-70
-55
-10
-280
-318
257
135
-541
-7
340
-439
-292
385
-114
-534
223
289
-187
-18
-114
-154
10
-38
25
114
-5
-213
-103
-6
15
-95
-262
150
257
-180
-230
28
-135
-246
168
390
-82
-229
11
-129
-244
-2
84
55
107
-92
-147
-70
-212
65
218
-111
67
257
-195
-163
220
-221
-170
276
33
97
107
-123
-111
9
63
127
108
-22
182
-60
-120
168
-139
-189
251
180
-255
22
258
-304
-303
150
269
-80
69
288
-195
-333
149
380
-153
-153
426
-10
-439
18
36
-152
-66
42
183
-22
-173
-182
-21
-91
-28
374
433
-187
-268
52
-16
57
378
224
45
27
-375
185
304
-388
-201
418
-14
-262
26
80
-413
-283
405
221
-287
32
217
-323
-290
316
73
-168
209
136
-229
80
-42
-115
398
-123
-451
649
79
-891
561
379
-912
2
535
-442
-316
480
-28
-517
253
-54
-341
176
102
-181
191
112
-238
33
-122
-173
133
-72
-329
45
140
-216
-85
235
-240
-9
313
-212
-190
467
-105
-715
600
253
-837
132
338
-646
-639
460
290
-620
-555
354
-222
-842
291
473
-316
-507
154
-4
-412
400
233
-480
179
-213
-315
230
-58
-38
-211
65
-267
-394
384
-82
-314
269
-92
-353
57
-221
-194
328
-49
-104
-53
-262
-242
244
416
-514
15
511
-286
-310
314
203
-24
-683
520
395
-973
482
774
-1401
450
554
-1133
-3
862
-36
-891
765
104
-409
-127
538
310
-121
444
-71
-385
917
0
-1128
1297
309
-1382
683
1106
-965
-625
917
36
-578
277
152
-17
-564
-210
70
25
-305
178
284
-585
197
-88
-763
643
225
-541
729
9
-412
7
550
-396
20
396
-297
-99
37
10
-169
-508
-286
-17
150
-293
275
111
-1097
391
-324
-169
-78
226
116
-704
-201
160
-587
139
-332
411
-390
-512
768
-527
106
-111
-70
-66
-5
105
-1089
980
-303
-1661
1895
-603
-867
1158
-210
-1260
775
-84
-787
525
146
-552
-271
188
-4
-214
30
-88
-372
144
255
-7
-331
77
-176
-505
-177
1161
-862
-130
629
-705
63
-55
-172
782
-95
-619
627
629
-1413
191
1384
-814
-621
1671
-826
-636
855
-426
-157
405
-247
-139
598
-887
220
695
-532
-735
1082
-89
-445
158
190
431
-652
204
526
-81
-469
505
637
-885
519
2
272
-234
-251
672
-392
380
341
-104
-432
817
-222
-402
863
-202
74
-362
384
-163
311
448
40
-335
155
501
-44
213
488
-178
-476
854
-77
161
43
349
-14
-879
1137
-215
-102
63
63
342
-580
372
-361
-39
-318
114
594
98
-1062
1186
-429
-1637
1575
695
-1107
1124
770
-1595
-57
1009
130
-1405
1266
699
-1419
-165
1195
-1178
-715
1519
-831
-185
1038
-686
-603
1212
-537
-507
1067
-397
-754
932
-232
-457
853
-1352
184
1027
-1592
245
1492
-1618
-440
2077
-1526
-414
1146
324
-2003
1075
1080
-2194
451
1252
-1117
-1629
1939
-780
-1163
703
825
-2378
657
1130
-1919
710
866
-1838
1074
97
-1975
1508
-47
-1235
867
327
-821
-23
471
-774
-995
1523
-615
-188
429
-343
-332
-652
1137
-695
-342
1512
-1314
154
257
-817
3
415
98
-206
735
-231
-728
439
126
-794
1135
-314
44
-336
152
230
-629
931
-51
-737
816
-196
-525
1292
-461
-825
1425
-5
-1059
1557
-776
-1361
1890
-1028
-769
2615
-2711
492
2003
-2723
1215
1863
-1956
-644
3242
-2286
-417
2987
-1217
-1303
2014
-632
-1830
2530
-796
-485
1196
-886
-966
1137
-330
-779
1192
400
-1266
-733
2192
-1534
-1425
3326
-1847
-1911
3488
-1630
-1868
2948
-1481
-1074
1475
-496
-113
524
-612
22
-167
-20
516
-834
754
-218
-255
775
-1024
-379
1171
-1108
927
671
-805
-484
709
-829
-1167
2381
-1114
-648
865
598
-1579
4
1548
-1777
-810
2893
-1236
-1440
2261
-966
-1273
1148
1055
-2173
780
1894
-1666
-145
1381
-391
-2476
2132
628
-1657
1352
41
-1188
393
359
-126
221
-775
210
840
-2058
1034
446
-1660
1297
-256
-326
508
-1192
1064
35
-1686
1801
-224
-1344
629
254
-808
228
1026
-2462
1166
969
-2441
1464
1450
-2514
993
1577
-2113
339
1619
-1665
994
967
-2228
1733
-558
-695
484
137
-176
-264
291
-369
176
-532
902
-271
-840
1888
-507
-1347
1729
78
-1929
651
1927
-1452
-568
2583
-960
-2386
1808
633
-4471
3825
1380
-4337
2792
141
-2838
1886
250
-398
981
-546
172
485
-1171
1087
-411
-1161
861
999
-1523
-159
2726
-4486
1674
2891
-3329
587
2238
-2187
-859
3705
-2940
953
841
-647
427
497
-1307
424
1742
-2551
905
1592
-2547
700
1418
-1239
-1637
2040
-232
-1358
1241
709
-1135
-822
1974
-1169
-1080
2589
-1175
-861
2085
-1157
-954
2278
-1264
-337
1503
-1581
815
-234
282
73
-1280
2113
-2074
733
194
-458
-58
871
-591
-1126
2014
-1494
-2
1112
-929
-265
12
1299
-1910
335
1602
-1728
584
-377
708
-1247
-229
1415
-1284
-305
915
-400
-1552
835
413
-1678
496
633
-1315
80
221
-165
-704
728
-219
-13
-288
-44
-190
-29
733
-1730
1193
726
-776
255
1021
-80
-1066
969
1051
-2004
837
334
210
-622
-412
2725
-3579
1303
2288
-2652
1751
856
-2283
252
2709
-3619
1524
1973
-2919
961
745
-1158
-328
-225
1674
-378
-1190
1799
-1136
-869
449
1180
-761
-516
979
-384
336
-1624
821
1534
-3126
2258
2086
-4282
463
2845
-2185
-1636
4522
-2283
-2008
4339
-2549
-634
1882
93
-1060
2243
239
-2163
1845
904
-1739
1853
-106
-1307
1358
-420
782
-445
-523
28
868
-734
208
1313
-1914
-217
1877
-1001
-592
1665
-1440
-524
1320
-1514
723
-41
-1318
917
140
231
-1173
697
297
-1729
1457
-98
-700
334
123
-745
1146
-751
-1801
2573
-1005
-631
2321
-1327
-906
2036
-1254
-308
1572
-845
142
786
-83
-704
1021
295
-2057
2166
-807
128
132
-429
19
-1203
1091
-1142
-34
86
-349
-436
-349
-225
346
-893
745
424
-1814
1844
-832
180
700
-1706
1453
786
-2491
1315
1271
-3180
1770
1433
-1838
1011
-55
-1525
1718
-1170
-1075
3401
-2839
-1100
3400
-1002
-2430
2648
887
-3235
2005
528
-1634
1192
542
-428
-845
1058
-1488
457
1398
-2651
2376
-331
-2052
2333
-605
-1944
2738
-669
-1301
1908
-323
-628
12
834
-65
-1659
2821
-1227
-912
1604
-588
-282
-41
940
-549
-698
-39
868
-692
-798
902
-559
-2046
2680
-1482
-151
992
-1688
2072
-2166
214
2192
-860
-994
1034
1805
-3814
2316
1688
-3469
2041
501
-1359
492
-493
1416
-1527
-441
1639
-432
-811
139
1137
-585
-1014
1738
286
-2178
1520
1158
-1599
-349
1657
-1390
-751
3300
-2634
247
1417
-1918
-262
2229
-1427
-1889
3074
-1599
-1537
2015
-984
425
368
-372
1437
-1513
540
1108
-223
-818
744
36
-2400
1814
-203
-208
-458
207
427
-1631
529
556
-1195
-659
1829
-903
-1520
2089
-684
-2097
2531
-819
-1331
1878
-1276
-50
703
-1641
2089
-1839
-134
791
-218
-692
1721
-1395
-1331
1577
-2203
376
-192
681
-866
500
-484
-509
902
-443
627
116
-961
1810
-1502
21
1507
-1577
1493
-960
1247
414
-2202
2909
-1201
-1140
1186
740
-711
-25
1118
-1294
1640
-1068
-435
1105
-1275
-672
2263
-1312
-909
1817
-913
-1979
2671
691
-3286
2010
802
-2149
1464
761
-821
-867
1265
-773
-368
1360
-596
-259
1007
-938
209
79
-590
-168
181
-104
538
-281
-96
563
-1513
74
1276
-719
546
1088
-397
-2442
1923
-271
-1921
2638
-741
-615
998
58
-902
-354
98
1077
-1719
1610
-1150
102
-123
1091
-580
-498
285
-35
213
-1816
2253
-778
-1232
1035
248
-1638
531
194
-524
-85
1297
-2411
1343
233
-2219
1842
1061
-1999
486
1537
-2289
-243
3006
-1897
-125
2190
-2364
304
907
-793
-710
2168
-1831
865
1058
-1436
-277
28
550
-844
2165
-847
-1083
2826
-2049
440
-654
648
-725
144
2426
-2408
261
1088
-2658
363
1161
-572
-328
1779
-1900
-656
2588
-3381
1225
1286
-556
-660
1818
-138
-1842
1535
270
-535
-884
2184
-642
-1334
1493
-1761
243
178
-394
616
-40
-1072
-211
1421
-2353
482
2019
-2365
306
841
-1897
920
834
-908
349
442
-417
123
659
-980
33
1743
-1888
59
2564
-1291
-927
1856
-471
-2299
4123
-1770
-1017
1685
-784
-914
7
1782
-2483
1971
944
-561
-580
-219
969
-2188
2521
134
-2398
2959
-994
-2177
1223
-124
-973
265
2000
-2641
639
2176
-1148
-2580
3136
-806
-2374
3367
841
-2426
-237
2141
-2715
-460
3206
-1942
205
1372
-734
-353
-834
2027
-1661
1127
603
-638
1209
-663
467
-987
647
-554
397
1482
-2089
348
1693
-1486
-936
3049
-2344
-1166
2455
-1261
-147
60
631
-852
-415
2174
-1718
124
15
368
-1070
-300
1934
-3065
1806
629
-1865
1992
-314
-686
256
-107
382
100
1063
-2206
62
429
-598
1163
864
-2080
452
1370
-2423
2102
461
-1615
1056
130
-529
-520
708
-467
-259
154
1106
-1521
320
1121
-1292
-409
1320
-858
-345
1706
-514
-1224
862
-62
-1403
1607
-210
-949
1492
1031
-1864
1019
122
-528
1066
-427
1022
-82
-1377
896
728
-2621
643
1963
-2555
-750
3204
-1909
-1308
3030
-385
-3410
2173
1304
-2724
2074
1139
-1274
-1854
2319
-1107
-746
1974
457
-1250
-144
546
404
-522
565
933
-1157
-248
348
-231
-581
452
-48
1478
-1352
-246
1665
-2392
-7
2427
-1284
-787
1952
-855
-8
787
-237
640
-1332
510
1545
-2257
475
1523
-1776
616
915
-670
-565
698
382
-193
205
530
-426
-321
539
-403
1460
-882
-62
1690
-1645
293
1195
-239
-1237
1541
-723
-1490
2337
79
-1533
1240
-623
329
211
322
480
-2033
898
-571
380
121
-55
590
-722
968
209
-1573
535
169
176
96
218
-999
-862
913
-1076
282
593
-633
-1126
1136
-1006
-353
1158
-1377
-441
788
-1408
766
-123
-299
150
-426
-8
-189
589
-1183
190
53
-797
518
206
-45
-598
-329
852
-984
95
1098
-1366
-210
646
-866
552
779
-1173
-1038
752
-1105
1484
-675
-758
1391
-654
-272
2011
-1141
-1051
2158
-2113
142
1091
-795
-238
1692
-1213
-1150
1425
-1675
422
1093
-868
-323
258
-761
386
-203
503
-920
-645
555
-588
-172
352
1159
-1925
63
1183
-2642
483
2234
-3209
1108
2107
-2522
-19
1683
-3070
-109
3320
-2034
2022
299
-1034
-532
1117
-1296
740
1083
-1040
1280
-879
-20
76
189
-515
815
709
-1515
1804
-799
-142
435
75
569
-938
992
-206
-435
872
-961
359
624
-613
1106
-262
-794
899
-1022
-30
1170
-479
-400
1006
-1064
263
196
-620
-127
435
-428
-263
986
-340
0
250
-787
-1016
1365
-845
-147
711
-8
-1259
573
-869
-173
1291
8
-522
-10
-358
-872
1201
-1350
1319
62
-710
-325
1630
-2301
716
1832
-3117
1504
1409
-2400
318
2123
-3030
9
2821
-2411
589
1955
-2052
-594
1588
-2414
495
2174
-1917
913
668
-1986
-95
1135
-1206
172
1838
-1398
-155
1124
-2437
1184
-227
-241
-161
-324
1063
-886
1430
-328
-794
786
-1043
-188
269
1026
-873
-286
502
-1299
1394
-1302
755
-98
-792
1640
199
-493
-634
665
-463
-623
887
-767
898
190
305
-622
-833
623
-968
570
1099
-73
-666
22
-226
-1288
1330
-245
-409
1465
-380
-636
1260
-1060
-958
820
979
-1697
1313
1002
-2369
1438
35
-1581
617
575
-610
50
847
-316
-609
-85
-75
563
537
52
1023
-1222
-862
1085
-533
446
875
781
-923
-1128
508
-408
125
942
511
-1158
743
-156
-876
-289
242
970
-246
447
-173
268
-1552
1263
-246
-89
284
374
1054
-3018
930
1631
-2875
1090
2372
-2232
-1107
1836
-864
-1659
2188
-437
-1304
2262
-1217
-183
791
-1641
1188
164
-1333
970
444
-997
935
265
-1656
337
199
134
-201
-629
1116
-1507
-397
1844
-1197
-235
2
-270
-524
-206
-241
-323
621
-747
818
319
-1638
760
-488
-270
476
792
-374
-1687
1036
-729
-250
-262
1050
-1050
-1116
1844
-1101
-566
189
-438
189
-340
-202
317
-1103
457
845
-1430
10
1396
-1881
193
-102
-559
-540
-766
877
-1058
-623
550
-1269
-10
1212
-985
402
396
-1347
365
794
-1784
1338
-699
140
-1164
9
1327
-570
302
798
-1344
-1189
2078
-1573
-143
1467
-484
-972
1520
-1286
233
1083
-1501
822
297
-382
765
-1119
128
1048
-1239
795
-212
-648
774
502
-1131
1225
-381
-1671
1385
-269
-670
1355
-960
-497
-122
-226
369
-405
1104
-1311
582
140
-1136
1134
-20
-709
2018
-156
-2266
2864
-887
-2243
3204
-1130
-764
1353
521
-438
-135
312
45
-59
414
1280
-918
-89
565
-751
108
467
561
-708
256
100
-688
701
-680
-294
-151
454
-360
823
-748
342
-104
-902
630
-582
438
372
-611
1126
-22
-694
-468
820
-569
195
1219
-1745
1446
-278
-453
-606
-551
496
-546
1061
-224
346
-485
-241
468
-314
103
687
319
-734
169
1382
-2218
1069
362
-1195
1510
-530
-103
746
48
-1381
757
-614
-1514
2130
-735
-459
1699
-584
-837
1154
-1233
80
600
718
115
-708
-1282
547
98
-998
1010
361
-715
-467
1162
-1893
-286
1709
-1140
-163
1638
-973
-944
952
-602
-511
17
468
-998
88
817
-231
-900
423
-140
-773
1133
-20
-270
-195
659
-934
-299
1312
-160
469
117
-787
850
-210
-323
-46
977
-937
258
715
-768
261
-109
-380
-979
357
262
-26
-990
1410
432
-1361
725
627
-1208
-335
1803
-1813
342
1689
-1632
-436
337
-887
-525
815
603
-1359
540
-381
-6
780
104
-1142
175
1889
-1783
156
376
-640
-356
952
59
-1309
1537
-437
-1472
1772
-1181
552
-82
-227
60
-877
1713
-813
872
-415
-907
376
-430
88
453
386
216
-638
-28
-995
156
21
-214
62
-359
-511
428
147
19
200
-1266
-407
1056
-175
-852
2536
-2132
-14
1173
-1690
1163
829
-1650
576
678
-1335
360
861
-2596
1295
1012
-1392
770
1082
-1553
-44
557
-429
506
941
-1098
616
112
-762
400
44
-1513
390
1276
-1069
292
-513
-922
-792
994
931
-427
-587
838
-841
-1749
2162
-973
-557
1138
-418
-919
434
314
-932
442
1023
69
-321
22
-247
-522
1050
-1014
440
674
-1462
-54
118
-469
439
563
-1381
11
613
-477
-831
1170
-359
-378
285
-825
409
-142
-908
-106
934
990
-495
209
-1185
3
493
343
381
-493
438
69
-812
665
1085
-1468
-96
137
-399
911
1677
-2224
367
186
-1762
1204
-68
141
804
1185
-3386
1154
302
-1577
1249
1379
-1694
144
1475
-1874
505
339
-584
449
1148
-134
439
127
-460
-304
-98
623
297
-411
-283
275
455
-634
-901
1457
-1831
402
1854
-1233
-15
81
-1230
-208
926
-779
552
-555
1248
142
-396
-1272
656
-492
769
-260
1421
-331
-578
213
-658
-88
188
688
-282
462
208
-136
-2211
1130
641
-439
414
268
-873
-298
619
-416
-452
-153
1421
-872
-582
-231
127
-121
153
-525
-450
29
810
-298
-803
491
-629
-84
32
642
-703
-65
-140
-253
20
-785
-681
-378
1369
-916
108
244
-1394
-124
-110
395
482
798
-871
389
-196
-378
880
434
538
-418
-840
-278
353
1234
-1424
1116
189
-278
-127
-468
-138
182
782
5
-759
-891
879
2
273
324
120
105
-576
-87
1225
-771
-137
1983
-1236
-1
594
-949
-369
1247
-282
452
58
22
-326
623
-1154
-86
199
-762
1300
509
-592
-3
1255
-1340
-210
1671
-1960
101
1884
-1002
1496
-742
-674
-612
1603
579
-414
1856
-2265
83
1238
-2405
2210
-510
-1570
932
812
-556
-328
278
-158
313
-1031
1307
-741
587
1062
-1738
763
1047
-536
-360
-85
67
456
-45
1143
-180
-1142
583
-1456
525
440
885
926
-723
-366
-871
-1049
83
1057
556
-9
-59
128
-1474
-448
1555
-846
-238
1661
-1412
1187
19
-1623
982
-1181
-1413
2744
-998
-158
1654
-2261
250
43
-525
1004
586
-387
-279
71
320
-798
597
-537
-570
889
312
-774
1755
-418
-3335
1700
393
-1554
1843
-2
-330
271
203
-1479
-148
1113
-1894
1035
-241
729
-659
-799
1618
-777
62
-307
501
972
-844
47
1553
-484
-256
1181
-1371
122
1220
-557
1034
1150
-1586
584
-574
65
1305
906
-884
980
-829
-513
191
820
-266
-431
1401
157
-1362
-71
453
444
-273
-87
374
236
-1598
432
577
-1174
1110
-38
-494
512
382
-1026
46
1137
-900
68
-122
-1357
1721
-594
956
-612
-1733
1110
864
-2324
1076
717
-1767
1998
-385
-1273
1082
69
199
742
607
-408
-532
27
-540
865
-676
729
-13
180
-305
-37
1300
-1108
2052
-111
-1149
1645
-1902
246
1291
465
-594
411
393
-1485
1750
-814
-985
503
-78
-933
1044
502
-1858
1578
-734
-473
1649
-2218
-491
3172
-352
-1933
2469
-756
-1735
2373
265
-332
1082
-702
-800
685
1676
-2065
402
791
-2882
3550
-458
-296
1130
-1639
-152
1216
-326
-208
648
85
63
-1703
713
640
-1512
2398
-413
-1207
1018
-765
-327
80
517
-452
427
-65
-1460
1553
-2158
268
-417
371
1409
248
-1412
-97
798
-1809
1447
51
-24
-625
-1143
1334
-78
-1097
794
-5
-562
765
214
-1039
1074
-438
361
444
-1565
1069
450
-735
-259
1670
-1433
-69
1378
-2501
-229
1360
-1214
-598
1534
-474
-93
313
-762
-1381
1417
-410
344
302
-1179
187
1065
-2012
691
-698
506
859
566
311
-3209
1919
-474
-1585
444
-34
-352
749
670
489
-629
-1795
887
350
15
332
312
-886
1342
-2468
-2227
1813
596
531
-861
2292
-2671
-908
1386
727
-77
134
1500
-675
-551
341
773
196
-1913
2370
-438
-2042
3086
-1963
277
700
-2164
363
-307
500
858
688
-594
590
-659
109
607
-656
1193
-174
918
-720
-89
255
-468
1122
-307
-401
334
574
-550
-74
69
-647
1093
-965
438
-83
1
904
-1179
785
-564
1246
726
-1186
953
-1098
-447
961
-87
-1096
-236
469
-612
-217
1268
1119
-1505
438
-213
-430
1156
756
409
-818
274
-623
1182
-939
-1424
416
-478
2183
198
-1322
1366
-331
-1653
785
1019
-400
20
-1022
1045
386
-2220
-21
897
527
-2024
296
1617
-1221
701
-258
-120
-733
-604
613
1229
532
-1584
228
1186
-2652
-489
2642
-566
-1144
1703
-728
-1674
436
77
39
213
-40
298
-365
-339
627
-947
160
-623
-755
1756
-772
-661
824
179
297
-313
-549
309
-294
-783
2309
524
-1377
436
-1146
-1643
797
559
437
782
40
-673
-532
-508
284
264
567
347
-373
350
-596
-427
-288
-1018
1379
-206
-199
283
-1027
-546
9
478
-212
11
424
707
164
-787
-668
-516
-179
-578
365
1289
-1413
63
879
-578
-2183
119
1471
-1701
57
1524
-284
-1087
-374
-271
-504
-121
1109
151
-1135
-386
462
-1296
-1063
348
439
289
256
133
-1364
-723
-240
208
10
608
-963
83
626
321
-906
-281
972
548
-967
477
1297
-731
-426
674
255
-388
-326
1144
146
-870
1003
561
-1786
-687
-507
-4343
-2472
-2119
-3390
-1658
-1079
-2672
-1461
-186
-370
1563
2308
509
1107
3009
805
809
2179
1033
1039
1211
-37
65
1261
-357
-943
-42
1054
-971
-1357
470
-59
-1181
-700
-137
-807
-286
-45
218
-420
-805
554
328
-314
715
880
-961
-681
1989
567
-148
623
668
463
-389
-148
377
1136
-454
-1054
650
265
-1020
-490
277
-566
-394
268
-1133
-1142
994
84
-1274
-707
414
88
-1239
669
1328
-182
-35
-235
249
457
-427
347
735
353
360
-640
-407
-101
-432
-101
585
-53
-751
564
-297
-1071
306
259
-980
310
455
-74
310
-707
-483
-230
38
335
-170
644
491
-787
85
717
-551
-52
298
-365
566
138
-127
-42
-515
-244
281
-120
-379
130
392
-326
-362
127
-103
5
-375
249
1130
-102
-632
494
-350
-319
213
252
403
-218
-583
-286
424
146
-768
-365
861
59
-352
286
220
-402
92
-135
529
476
-656
-193
170
-593
-229
692
-401
-575
-502
-348
-479
-578
-245
-34
-306
-327
77
-371
-258
-382
233
444
-173
153
87
-397
-667
45
168
-262
-121
-40
71
-403
-83
82
36
-348
-471
474
97
-330
104
-58
126
592
-122
-217
437
388
109
243
148
201
756
459
-49
196
422
585
545
491
965
673
247
817
804
-128
598
1315
520
312
821
724
185
374
470
436
13
30
902
786
351
653
899
277
32
610
566
-33
663
889
363
147
-215
-19
-259
-240
-42
176
-620
-668
-174
-758
-918
-755
-338
-744
-848
-579
-452
-922
-782
-731
-1277
-1086
-774
-650
-1213
-975
-785
-1392
-1670
-1150
-1258
-1419
-987
-1393
-1243
-1163
-1273
-1193
-1307
-1827
-1459
-629
-737
-921
-1016
-1235
-1189
-858
-669
-554
-738
-543
84
216
99
362
-120
-54
873
990
944
1405
1273
1266
1727
1936
2109
2009
2706
2559
2985
3246
2932
2893
3178
3218
3070
3750
3201
3041
3345
3414
2866
3437
3759
3376
3553
3558
3380
3100
3678
3073
2815
2882
2922
2443
1915
1686
1047
837
272
-666
-1883
-1753
-1934
-2261
-2772
-4038
-5434
-6297
-6165
-6181
-6271
-6700
-6874
-7230
-7363
-7102
-7146
-7109
-6671
-5639
-4733
-4252
-4204
-4359
-4097
-3735
-2853
-2232
-2280
-2323
-2017
-1822
-1989
-2109
-2256
-2254
-1864
-1219
-1035
-1243
-1202
-972
-612
171
617
1018
1329
1965
2414
2837
3126
3265
3669
4486
5298
5787
6240
6016
6130
6199
6444
6829
6927
6815
6812
6108
5560
5803
5688
5496
5881
6899
6985
7076
7136
6943
6731
7776
8111
6834
7191
7170
5280
1310
-2612
-4303
-3899
-3295
-3315
-4391
-8284
-11284
-11733
-10722
-10337
-9541
-7920
-6918
-5656
-4307
-3654
-4280
-4183
-2621
66
2321
3331
3170
1892
704
403
641
-24
-594
-982
-1512
-2430
-3614
-5253
-7233
-8310
-8308
-7384
-6805
-6506
-6603
-6908
-6915
-6142
-5099
-3927
-3099
-2441
-1219
-492
-327
-280
-267
-301
314
547
541
204
-475
-638
-830
-1047
-1284
-1171
-1070
-415
75
263
467
469
1250
2246
3453
4351
5042
5447
6097
6638
7049
7886
8033
8090
8515
9453
8940
8722
8623
8159
7869
7904
8123
8485
9649
9938
10529
10660
9786
8612
7746
4957
-1011
-4558
-3759
-2262
-2495
-3740
-6725
-11321
-14064
-13087
-10680
-9609
-8538
-6138
-4161
-3628
-2707
-2139
-2991
-2118
1610
4812
5732
5490
4140
1869
275
383
505
-801
-2169
-2936
-4103
-5959
-7421
-8599
-9768
-9847
-8530
-7122
-6665
-6850
-6524
-5755
-4564
-2856
-1135
-219
236
835
1202
1195
829
707
655
583
321
-541
-1814
-3148
-3805
-3853
-3422
-3148
-2996
-2766
-2630
-2633
-2400
-2086
-1343
-323
859
1737
1752
1518
1505
1376
1367
2082
2767
3196
3676
3758
3647
3460
3600
3955
4725
5559
6048
6323
6329
6086
6296
7205
7656
8417
9107
9016
8733
9209
9690
9972
11099
12340
13594
13449
12540
10579
6319
853
-3928
-5907
-5431
-3659
-4623
-7652
-12323
-16058
-17147
-15705
-12641
-9421
-6790
-4605
-2142
-1238
-1319
-863
644
2829
5998
8267
8247
6119
3337
1132
-520
-1571
-2616
-3929
-5507
-7126
-8885
-10495
-11828
-12251
-11407
-9827
-8058
-6744
-5921
-5068
-3581
-1796
68
1601
2538
3036
3168
2960
2359
1731
1190
822
328
-450
-1911
-3631
-4925
-6304
-7958
-8053
-7296
-6402
-5484
-4739
-4621
-4319
-3440
-1755
590
2039
3104
3932
4206
4009
4077
4025
3711
3913
4289
4419
4128
3553
3033
3071
3966
4759
5297
5329
5901
6466
6725
7271
7811
7706
7584
8440
9594
10753
10521
10067
10220
10834
11631
13143
14284
13785
12751
10395
3830
-7061
-12186
-8137
-3434
-3772
-6351
-11118
-17787
-21316
-17709
-11455
-9171
-8031
-3247
1263
1328
926
856
358
1816
6390
10328
10133
6286
2249
-477
-2425
-3540
-4687
-6491
-8452
-9440
-10017
-10745
-12011
-12700
-11740
-9228
-6700
-4895
-3575
-2637
-1166
872
2792
3630
3713
3706
3595
3287
2766
1774
541
-785
-1703
-2694
-4284
-6398
-7330
-8768
-9167
-8296
-7389
-6435
-5287
-4310
-3335
-2212
-1520
334
2053
3436
4157
4065
3197
2670
2467
2207
2156
1870
1514
1411
1404
1251
1626
2114
3059
4370
5420
6272
6291
6048
6548
7707
8879
9357
8779
8197
7967
7947
8472
8869
8238
8276
8684
9766
10726
10529
10447
11504
12574
12480
10901
1847
-9708
-13013
-7587
-3028
-2371
-5485
-11533
-17582
-19907
-15336
-9756
-8405
-6654
-1313
1822
2092
1159
-70
-345
1811
5679
9087
8179
3591
-57
-2107
-3365
-4576
-6102
-7846
-8899
-9544
-9270
-9332
-10655
-11201
-9546
-7055
-4988
-3459
-2585
-1460
158
1955
2902
2638
1654
1431
1588
1876
1514
440
-1090
-2346
-3177
-3966
-5154
-6682
-7550
-7115
-6129
-5314
-4625
-4963
-5065
-4207
-2543
-841
426
1045
1618
1972
1915
1787
1307
864
1126
1859
1960
1558
946
554
1032
1995
3021
4190
5135
5554
5931
5965
5886
6163
6823
7652
8228
7664
7106
6542
6326
6320
6562
6939
7618
8379
8270
8265
7753
8337
9248
10520
11403
12450
12784
13472
9708
-2744
-13300
-12194
-5036
-1440
-1879
-6300
-13063
-20231
-19571
-12403
-8747
-8863
-4876
545
2478
2163
691
-904
-1138
2050
6822
8972
5689
1166
-2079
-3571
-4565
-5701
-7341
-8803
-9654
-9485
-8755
-9393
-10297
-10059
-7902
-5690
-3860
-2687
-1367
107
1589
2683
2482
1337
648
1012
1671
1901
823
-813
-2598
-3690
-4002
-4409
-6230
-7373
-6594
-5084
-4056
-4209
-4967
-5310
-4077
-1744
544
1062
509
461
1107
1626
1686
1025
654
1133
2015
2251
1520
261
-230
958
2872
4167
4575
4714
5097
5532
6157
6483
6597
6626
6731
6958
7218
6789
6285
5755
4930
5103
5921
6600
6536
7361
7201
7148
7336
7954
9662
11099
12125
12354
12654
12423
10931
1806
-10003
-13324
-7393
-2205
-2047
-6035
-12281
-18555
-20556
-14585
-8224
-7058
-5785
-923
2237
2723
1851
883
423
1748
5170
7881
6218
1670
-2021
-4265
-5262
-6453
-8100
-9232
-9501
-9520
-8805
-8507
-8998
-8985
-7485
-5112
-2868
-1479
-326
934
2030
2620
2179
1038
345
606
1101
1165
-66
-2043
-4033
-4998
-5350
-5997
-6961
-6825
-5709
-4372
-3480
-3560
-4191
-4064
-2628
-280
1475
1598
1105
903
1007
1143
1151
668
442
889
1407
1405
749
-3
286
1766
3113
4049
4457
4517
4918
5470
5827
6101
6310
5983
5735
5425
5313
5011
4925
5008
5660
5690
5166
4777
5439
6253
6894
7686
8096
8618
8682
8789
9688
10805
11301
12070
12168
11773
9767
759
-11252
-13723
-7926
-3627
-3804
-6994
-12668
-18636
-19767
-13351
-7325
-6620
-4635
126
2715
2819
2111
691
479
1939
4731
6738
4631
-183
-3587
-5066
-5644
-6723
-8588
-9670
-9970
-9592
-8030
-6908
-7332
-7396
-6291
-4464
-2564
-1172
164
1594
2539
2629
1934
640
-323
-399
-23
233
-517
-1981
-3741
-5169
-6618
-6688
-6427
-5889
-4682
-3487
-3228
-3571
-3864
-3340
-1750
-125
1253
1718
1469
901
796
625
752
716
976
1416
1697
1220
591
430
816
2001
3431
4347
4451
4569
4556
4944
5238
5419
5389
5696
5763
5755
5325
5213
5047
4738
5047
4943
4807
4545
4970
5871
6355
6193
7452
8045
8072
7491
7895
8918
11055
12171
13644
13285
11760
7102
-2448
-11013
-11412
-6074
-3607
-4787
-9577
-14672
-19172
-18105
-12985
-8527
-7024
-3792
364
2850
2929
1475
246
836
3332
5789
6737
4107
162
-2939
-4251
-5750
-7271
-8935
-9507
-9500
-8717
-7910
-7995
-8721
-8298
-6684
-4801
-2809
-1440
-75
1179
2157
2231
1547
347
-104
184
784
548
-961
-2967
-4828
-6002
-6405
-6188
-5580
-5227
-4683
-4031
-3603
-3630
-3183
-2290
-637
964
2035
2196
1803
1158
771
722
1045
1526
1987
2136
1738
1184
617
844
1523
2609
3591
4097
4046
4101
4638
4679
4585
5034
5446
5770
5639
5657
5965
5830
5206
4912
5027
5449
5771
5776
5359
5210
5327
6370
6625
6135
5287
5926
7675
9580
10399
9119
8420
9284
11296
11230
3593
-7822
-12519
-9733
-5411
-3210
-5368
-11085
-16932
-18393
-13480
-8404
-7580
-5992
-1710
1476
2905
2515
267
-755
835
3723
5812
4660
734
-3099
-4944
-5358
-6232
-8342
-9556
-9447
-8784
-7572
-6748
-7617
-8251
-6879
-4597
-2435
-1290
-656
463
1689
2343
1979
635
-672
-848
15
560
-32
-2284
-4729
-5867
-5916
-5568
-5194
-5009
-4871
-4113
-3417
-3036
-2945
-2624
-1425
715
2361
2634
1767
652
382
990
1778
2047
2039
1776
1871
1840
1571
1008
1026
1837
3366
4584
4780
4445
4105
4468
4944
5492
5391
4992
4565
4840
5394
5892
5095
3389
2943
3755
4933
5886
5365
4388
4470
4434
4522
5534
7219
7807
7330
7063
7309
8589
9373
9706
10296
10439
10478
7122
-2142
-10482
-10519
-7642
-5304
-4996
-8091
-13100
-16311
-15350
-11050
-7517
-6618
-3708
-287
2023
2913
2011
-17
307
1868
3726
4608
2557
-1430
-4137
-4993
-5781
-7085
-8673
-9104
-8799
-7893
-6898
-6305
-6626
-6438
-5168
-3186
-1429
-423
245
1359
2155
1549
705
-379
-836
-653
-36
-376
-1850
-3989
-5197
-5306
-4994
-4403
-4461
-4247
-3747
-2974
-2402
-1976
-2028
-1422
-40
1512
2092
1602
628
121
241
851
1451
1453
1314
1395
1403
1166
1018
981
1464
2274
3143
3642
3616
3831
4009
4427
4967
5215
5085
4934
4861
4343
4676
4875
5014
4624
4348
4041
3665
3831
3935
4206
3350
3516
3951
5105
6527
6756
5957
5506
6349
7937
9876
10426
10726
10791
10148
8526
1858
-7140
-9891
-6448
-3376
-3061
-5741
-11119
-15493
-16800
-13107
-8619
-6639
-5017
-1802
431
1519
1240
-567
-724
1185
3271
4711
3963
562
-3024
-4549
-5022
-5988
-7227
-7859
-7414
-7041
-6335
-6202
-6615
-6937
-5611
-3716
-2066
-1182
-746
-70
611
1259
708
202
-280
-710
-935
-637
-1322
-2599
-3754
-4228
-4275
-4155
-4183
-3906
-3454
-3085
-2443
-2161
-1933
-1483
-545
422
1317
1023
485
263
478
930
1394
1526
1284
1287
1195
1194
951
861
1179
1948
2665
3062
3161
3076
3251
3818
4567
4962
4951
4445
4315
4689
5032
4976
4612
4016
4055
4119
3847
3861
3900
3830
3427
3123
4091
3913
3292
4872
6948
6703
5121
4816
5046
7463
9826
12388
11892
9145
6288
4364
-1132
-6284
-5373
-3518
-3015
-4784
-7244
-11586
-14755
-15607
-11580
-7160
-5068
-3440
-1852
-1383
-1215
-1020
-887
690
2138
3044
3457
2487
-349
-3112
-4559
-4715
-4932
-5600
-5987
-5905
-6559
-7031
-6781
-6248
-5597
-4934
-3924
-2385
-1763
-1479
-624
0
25
-195
-294
-31
-436
-1039
-1416
-1785
-2648
-3014
-3056
-3140
-3586
-4156
-4184
-3736
-3087
-2771
-1988
-1372
-942
-905
-388
-280
-100
173
887
1511
1451
1114
857
964
868
1075
1385
1820
1841
1914
2070
2286
2514
2663
3032
3517
3953
4029
4465
4393
4032
4143
4478
4683
4640
4701
4306
4153
3892
4288
4465
4913
4350
3953
4166
4198
4247
5129
5809
5424
6094
5571
5822
6092
8024
9107
10482
10125
10555
9860
4027
-3904
-7238
-4392
-2209
-1482
-4545
-8215
-13030
-15154
-13787
-9735
-7748
-6811
-4347
-1711
-471
-1448
-2551
-2262
249
2582
4597
4491
2044
-1916
-3776
-3761
-3448
-4170
-4782
-5220
-5940
-6710
-7467
-7578
-7484
-6598
-5098
-2956
-2314
-2501
-2772
-2053
-842
-359
-417
-61
326
-217
-404
-865
-1883
-2794
-2735
-2269
-1916
-2465
-3661
-4232
-4023
-3422
-2549
-1857
-1723
-1697
-1594
-1285
-801
-731
-714
211
1211
1770
1690
1165
526
776
1306
2127
2609
2561
1992
2093
2104
2017
2106
2509
3021
3595
4025
4043
4028
3561
3552
4022
5056
5244
5384
5171
5152
4439
4062
4200
4333
4492
4504
4642
3776
3666
3769
4856
5374
5751
5669
5796
6961
7718
7794
7896
9235
9734
10522
9134
3070
-4800
-7337
-4873
-2347
-2301
-4364
-8178
-13008
-14842
-12483
-9489
-8248
-6685
-4322
-1637
-170
-676
-2156
-1769
85
2322
4290
4667
2276
-1376
-3313
-3433
-3341
-4194
-4770
-5202
-5981
-6868
-7405
-7670
-7664
-6839
-5731
-3835
-2575
-2336
-2786
-2582
-2118
-1180
-120
780
982
417
-173
-729
-1297
-2033
-2018
-1845
-1427
-1751
-2435
-3633
-4220
-4471
-3884
-2971
-2084
-1689
-1634
-1673
-1753
-1319
-795
133
1026
2097
2359
2277
1730
1492
1503
1990
2429
2713
2560
2125
1838
1727
1779
2063
2574
3055
3608
3663
3676
3491
3912
4360
5178
5743
6429
6305
5591
4871
4248
4491
4865
5154
4828
5252
5277
4554
3316
2571
2517
3206
4887
6439
7174
7049
7152
8444
9192
8018
6970
7159
4259
-406
-2653
-2584
-2975
-4115
-6050
-7935
-10049
-12235
-12039
-9983
-8452
-7240
-5795
-4470
-2721
-2187
-2820
-2059
13
947
1971
3018
2384
264
-1392
-2100
-2394
-2813
-3513
-3983
-4489
-5119
-6248
-6959
-7217
-7127
-6882
-5595
-4142
-3308
-3321
-3479
-2931
-2203
-1450
-293
553
425
167
-41
-542
-799
-1342
-1981
-1840
-1523
-2140
-2969
-3454
-4054
-3869
-3207
-2329
-1841
-1653
-1836
-1547
-1077
-802
-179
671
1474
1897
2047
1742
1645
1664
1526
1781
2189
2396
2494
2727
2552
2453
2421
2465
2973
3540
3792
4108
4610
4823
4830
4741
4516
4156
4300
4863
5403
5118
4439
3650
3396
3483
3923
3939
4021
4302
4824
4994
5721
6096
6102
6327
6795
7556
7956
8667
8909
9483
9055
6755
541
-4804
-5697
-3904
-3429
-3789
-5136
-8361
-11698
-12973
-11548
-9937
-8818
-7482
-4724
-2374
-1066
-1793
-2899
-2862
-1362
103
1999
3456
2560
211
-1465
-1790
-2380
-2904
-3529
-3795
-4227
-4460
-5069
-5764
-6498
-7131
-7161
-6147
-4648
-3885
-3659
-3418
-3259
-3154
-2536
-1465
-616
-169
275
365
236
-297
-815
-1425
-1412
-1155
-1094
-1528
-2022
-2559
-3208
-3275
-3015
-2644
-2465
-2019
-1687
-1330
-989
-843
-741
-367
376
1022
1611
1838
1968
2048
2186
2350
2539
2813
3030
3194
3191
3220
3190
3036
3115
3251
3421
3727
4148
4497
4459
4227
3930
3954
3945
4257
4335
4520
4615
4549
4208
4146
4397
4489
4913
5212
5705
5408
5093
4437
4312
4212
4594
5042
5401
5717
5525
5604
5596
5923
4303
625
-2730
-3204
-2355
-1871
-2053
-3599
-5879
-8017
-8850
-8488
-7729
-7654
-7405
-6333
-4710
-3389
-3272
-3998
-4034
-3296
-2267
-877
576
856
229
-428
-794
-933
-1263
-1946
-2666
-2770
-2906
-2986
-3359
-3888
-4811
-5531
-5735
-5285
-4563
-4246
-4101
-3924
-3503
-3014
-2393
-2006
-1550
-941
-404
-73
307
233
-85
-317
-428
-613
-612
-752
-1212
-1461
-1696
-1952
-2183
-2181
-2175
-1939
-1545
-1154
-845
-827
-787
-241
505
1002
1370
1588
1770
2186
2534
2523
2521
2623
2698
2964
3273
3346
3313
3320
3366
3718
3899
3581
3383
3521
3882
4350
4353
3776
3101
2994
3255
3919
4421
4516
4029
3658
3460
3518
3983
4546
5179
5467
5878
5855
5817
5434
5355
5485
5965
6558
7082
7472
6318
3010
-1253
-3249
-3214
-2767
-3089
-4050
-5439
-7080
-8440
-9202
-9419
-9718
-9734
-8834
-6755
-4188
-2836
-3184
-3685
-3446
-2832
-1813
-278
806
1287
1337
1287
1283
890
-184
-1706
-2488
-2561
-2241
-2353
-2685
-3301
-4435
-5548
-5906
-5635
-5428
-5155
-4936
-4345
-3512
-2750
-2613
-2693
-2446
-1914
-1287
-438
363
659
517
338
151
-49
-498
-986
-1226
-1072
-758
-696
-902
-1241
-1548
-1855
-1721
-1245
-622
-157
235
569
1043
1348
1366
1211
1309
1729
2177
2494
2693
2806
2642
2457
2472
2606
2702
2827
2859
2966
3203
3358
3325
3364
3440
3490
3480
3516
3622
3595
3474
3352
3439
3523
3722
3812
3599
3318
2912
2837
3164
3759
4054
4242
4381
4446
4508
4589
4771
4799
4711
4486
4434
3913
2427
410
-977
-1556
-1897
-2532
-3397
-4229
-5088
-5904
-6447
-6607
-6818
-7060
-7101
-6491
-5504
-4672
-4355
-4202
-3885
-3509
-3097
-2576
-1912
-1388
-1004
-694
-351
-63
-149
-619
-1056
-1230
-1268
-1259
-1279
-1469
-1748
-2169
-2651
-3085
-3302
-3490
-3811
-3867
-3608
-3137
-2952
-2959
-3020
-2926
-2689
-2362
-1789
-1290
-894
-730
-410
-52
232
327
160
121
192
427
576
655
489
201
21
-147
-43
131
179
188
308
526
781
846
733
805
933
1107
1428
1854
2081
2077
2085
2174
2452
2637
2750
2877
2958
2985
2970
2934
3067
3082
2898
2844
2674
2678
2698
2633
2537
2473
2435
2227
2169
2347
2642
2870
3033
3203
3167
3131
3177
3173
3293
3617
4048
4122
4318
4314
4282
3948
3226
2193
1244
718
160
-80
-569
-1017
-1906
-2793
-3762
-4469
-5139
-5733
-5981
-6001
-5592
-5307
-5111
-5199
-5071
-5025
-4697
-4119
-3313
-2582
-1937
-1390
-859
-365
-51
58
-28
-48
-29
217
367
477
244
-140
-785
-1313
-1814
-2210
-2487
-2695
-2688
-2735
-2749
-2909
-2885
-2855
-2628
-2374
-1957
-1471
-1019
-662
-361
-11
240
429
437
495
481
497
362
282
374
463
436
400
283
14
-121
-53
261
368
430
393
601
680
685
854
921
813
837
1099
1264
1616
1821
1867
1922
2085
2061
2014
2196
2354
2535
2574
2760
2701
2471
2081
1764
1768
2081
2404
2410
2262
2069
1928
1725
1731
1784
1865
2022
2162
2328
2491
2620
2467
2468
2599
2860
2892
2940
3085
3313
3417
3306
2992
2300
1577
902
421
-34
-364
-962
-1643
-2225
-2761
-3373
-3958
-4459
-4822
-4905
-4898
-4801
-4672
-4424
-4288
-4109
-3908
-3615
-3328
-3036
-2678
-2235
-1702
-1244
-930
-873
-899
-966
-971
-997
-891
-848
-973
-1137
-1246
-1331
-1548
-1778
-1968
-2044
-2071
-1976
-1808
-1636
-1522
-1508
-1525
-1522
-1295
-1124
-776
-525
-449
-417
-356
-236
-119
133
280
322
254
230
219
360
495
417
310
184
286
441
382
396
491
524
677
823
748
613
847
1143
1216
1355
1273
1087
1271
1336
1179
1351
1621
1512
1475
1818
1848
1773
1842
2021
1941
1854
1937
1944
1924
1870
1887
1726
1514
1462
1414
1426
1450
1635
1856
2021
2078
2005
1892
1865
1892
2075
2248
2359
2341
2292
2251
2208
2193
2038
1906
1644
1219
637
215
-84
-395
-781
-1249
-1630
-2032
-2426
-2819
-3092
-3312
-3481
-3560
-3490
-3322
-3169
-3175
-3196
-3097
-2862
-2627
-2448
-2237
-2088
-1891
-1750
-1630
-1548
-1442
-1526
-1629
-1538
-1352
-1213
-1310
-1450
-1547
-1470
-1388
-1310
-1228
-1184
-1250
-1363
-1299
-1108
-809
-648
-619
-640
-661
-524
-417
-365
-271
-239
-257
-304
-197
-82
-134
-210
-228
-105
-156
-70
105
303
466
421
507
735
895
1040
1268
1386
1502
1471
1251
1116
1003
967
1018
1016
1042
1025
1232
1329
1439
1422
1189
1351
1525
1933
1985
1725
1630
1528
1706
1751
1710
1451
1241
1409
1563
1601
1380
1190
1170
928
1085
1442
1412
1293
1298
1406
1502
1613
1461
1554
1673
1655
1529
1576
1578
1507
1382
1155
1066
968
885
740
542
264
-130
-540
-889
-1141
-1434
-1762
-1944
-2045
-2151
-2316
-2525
-2723
-2877
-2996
-3035
-2973
-2818
-2653
-2586
-2631
-2637
-2511
-2365
-2277
-2225
-2238
-2170
-2026
-1843
-1678
-1623
-1636
-1683
-1622
-1574
-1474
-1439
-1481
-1419
-1246
-1239
-1282
-1406
-1576
-1605
-1376
-1269
-1135
-981
-986
-894
-812
-865
-797
-690
-754
-730
-673
-367
-90
22
-66
-245
-198
49
200
217
325
256
432
651
626
394
280
407
562
783
760
802
1008
981
947
1010
1067
1025
1149
1272
1305
1287
1230
1317
1483
1498
1433
1226
1191
1344
1441
1280
1110
1217
1315
1458
1591
1740
1595
1538
1438
1357
1281
1446
1782
1894
1761
1485
1382
1013
897
1159
1396
1449
1306
1311
1217
1057
987
967
1076
1061
1045
973
985
971
723
334
-189
-485
-780
-975
-1192
-1237
-1342
-1558
-1865
-2148
-2202
-2297
-2286
-2330
-2225
-2148
-2017
-1999
-2000
-1989
-1992
-2020
-2013
-1878
-1816
-1803
-1798
-1654
-1501
-1409
-1480
-1599
-1676
-1564
-1466
-1272
-978
-912
-950
-1148
-1143
-1052
-977
-1057
-988
-814
-734
-654
-617
-634
-850
-968
-979
-814
-595
-485
-502
-703
-593
-584
-718
-443
-322
-301
-307
10
253
411
385
146
57
54
325
695
914
838
706
776
727
721
972
1094
1042
949
950
1189
1438
927
1035
1111
1090
1192
1095
1249
1173
1102
1286
1457
1512
1236
938
711
1029
1154
1274
1312
1285
1072
762
833
772
1002
1088
1128
1015
1043
1283
1258
1357
1262
1201
1199
1350
1402
1412
1395
1200
951
795
774
598
463
232
49
-200
-443
-756
-1115
-1388
-1629
-1749
-1896
-1976
-2109
-2220
-2361
-2482
-2471
-2455
-2442
-2307
-2181
-2137
-2116
-2069
-1858
-1716
-1654
-1717
-1650
-1590
-1512
-1535
-1552
-1433
-1329
-1257
-1234
-1228
-1310
-1320
-1318
-1226
-1113
-1037
-1056
-1091
-1081
-1133
-1181
-1000
-864
-951
-866
-791
-679
-679
-589
-537
-445
-428
-609
-465
-439
-171
68
141
148
284
289
98
86
91
245
442
785
1204
1220
820
443
850
1296
1324
1348
1185
1404
1507
1495
1512
1758
1518
1093
1301
1884
2094
2038
1986
1836
1754
1652
1787
1912
2088
2021
1760
1626
1575
1409
1474
1756
1948
1959
2059
1837
1523
1481
1795
2042
2187
2249
2114
1858
1628
1624
1674
1681
1738
1673
1658
1651
1497
1388
1199
1301
1341
1320
1086
723
231
-192
-402
-585
-715
-1031
-1364
-1736
-1914
-2089
-2258
-2429
-2438
-2455
-2461
-2371
-2253
-2223
-2289
-2325
-2321
-2147
-1914
-1708
-1651
-1554
-1480
-1555
-1557
-1425
-1252
-1194
-1217
-1226
-1219
-1195
-1237
-1301
-1347
-1400
-1532
-1618
-1488
-1338
-1276
-1290
-1315
-1241
-1093
-955
-882
-819
-721
-797
-935
-944
-584
-320
-336
-603
-857
-1003
-956
-622
-387
-147
-253
-200
-265
-186
-161
0
125
349
908
1219
1171
831
713
657
872
1129
1407
1466
1467
1513
1772
1935
2035
1903
1611
1524
1732
2057
2073
1925
1577
1217
1425
1426
1302
1255
1077
1386
1764
1965
2051
2231
2088
1738
1638
1783
1918
2093
2275
2535
2746
2542
2070
1780
1828
1902
2115
2386
2510
2476
2229
1818
1546
1403
1000
373
-63
-328
-546
-969
-1601
-2124
-2572
-2925
-3318
-3497
-3569
-3553
-3625
-3627
-3363
-3070
-2914
-2981
-2926
-2679
-2284
-1934
-1609
-1312
-1136
-1180
-1325
-1354
-1231
-1127
-1111
-1104
-1060
-1120
-1294
-1525
-1654
-1685
-1713
-1830
-1929
-1881
-1836
-1976
-2132
-2192
-2048
-1905
-1777
-1658
-1523
-1418
-1420
-1323
-1181
-971
-1018
-900
-668
-383
-265
-449
-508
-353
-18
49
-45
-309
-314
-78
238
508
647
373
-13
121
436
983
1422
1457
1226
1262
1317
1199
1493
1830
1780
2039
2167
2136
2084
1931
1826
1812
2246
2564
2542
2303
2143
1993
1830
1873
2037
2214
2405
2282
2047
1936
1888
1769
1750
2009
2315
2597
2621
3040
2777
2814
2827
2868
3072
3153
3259
3220
3314
3248
3097
2464
1696
802
-72
-696
-1216
-1294
-1549
-1979
-2830
-3712
-4448
-4947
-4931
-4764
-4321
-3957
-3733
-3538
-3496
-3375
-3256
-3051
-2667
-1994
-1308
-875
-615
-546
-576
-691
-728
-707
-625
-434
-377
-378
-476
-748
-1179
-1632
-1897
-2022
-1978
-1914
-1932
-2100
-2439
-2553
-2573
-2487
-2395
-2256
-2084
-1852
-1446
-1179
-1065
-1125
-1094
-1013
-654
-261
55
187
76
-48
-191
-249
-255
-142
-110
39
226
256
143
-23
-71
50
372
774
1205
1477
1577
1436
1442
1717
1991
2202
2493
2736
2779
2835
2780
2750
2695
2693
2709
2702
2681
2616
2606
2545
2482
2226
1982
1892
1969
2184
2283
2450
2468
2443
2367
2432
2588
2815
3353
3796
4327
4413
4274
4047
4203
4559
4705
4769
4498
4506
3727
2350
657
-345
-1011
-1508
-1781
-2393
-3043
-4318
-5500
-6543
-6630
-6381
-6097
-5817
-5357
-4669
-4301
-4064
-3950
-3511
-2975
-2213
-1229
-149
531
653
372
140
181
289
285
284
362
199
-216
-925
-1581
-2293
-2830
-3137
-3115
-2976
-2975
-3243
-3736
-3892
-3930
-3785
-3554
-2948
-2339
-1848
-1590
-1353
-1160
-1037
-887
-650
-278
84
312
218
92
-197
-475
-874
-965
-898
-749
-747
-769
-809
-953
-935
-939
-676
-324
203
595
1014
1382
1590
1707
1823
2196
2558
2981
3376
3672
3722
3573
3402
3255
3264
3380
3455
3467
3379
3146
2655
2044
1831
1803
1933
1840
1761
1566
1532
1758
1801
1947
2006
2503
2816
3334
3695
3978
4280
4419
4771
4776
5185
5349
5437
5196
4925
4832
4357
3169
906
-533
-1271
-1672
-2257
-3081
-3994
-5353
-6659
-7633
-7596
-7270
-6983
-6847
-6557
-5711
-5035
-4770
-4621
-4057
-3247
-2367
-1321
-376
186
71
-184
-182
32
340
278
-33
-288
-601
-1163
-1894
-2486
-3074
-3494
-3956
-4001
-3851
-3959
-4289
-4659
-4522
-4130
-3558
-3078
-2820
-2482
-2137
-1650
-1231
-923
-852
-898
-690
-484
-238
-389
-624
-947
-1160
-1150
-1199
-1159
-1417
-1587
-1766
-1660
-1373
-1144
-1016
-993
-652
-284
162
563
1051
1296
1462
1895
2310
2687
2957
3077
3036
3107
3404
3522
3614
3538
3515
3372
3164
3045
2838
2795
2545
2433
2315
2453
2578
2556
2512
2334
2459
2510
2786
2928
2909
3114
3529
4151
4168
3914
3531
3686
4193
4532
4871
4935
4991
4735
4235
3838
3662
3645
3250
2122
360
-839
-1516
-2258
-2756
-3156
-3705
-4734
-5521
-5537
-5099
-4917
-4936
-4601
-4047
-3325
-2879
-2775
-2644
-2399
-2226
-1948
-1486
-1215
-1465
-2035
-2423
-2451
-2608
-2967
-3161
-3312
-3448
-3539
-3706
-3814
-3905
-4056
-4014
-3581
-3032
-2598
-2462
-2388
-2181
-1951
-1634
-1238
-1116
-1186
-1174
-921
-722
-752
-982
-1147
-1192
-1125
-940
-961
-1115
-1187
-1225
-1137
-917
-753
-778
-787
-563
-241
-80
55
240
405
699
1032
1172
1086
1126
1378
1721
2098
2277
2167
1941
1959
2250
2519
2829
3033
3209
3281
3444
3506
3562
3696
3805
3806
3825
4143
4530
4514
4261
3956
3620
3636
3647
3766
3704
3649
3696
3647
3775
3595
3537
3732
4370
5044
5418
5532
5126
4708
4573
5023
5460
5760
5735
5252
4654
3976
3663
2933
1206
-733
-1482
-1313
-1553
-2298
-3310
-4413
-5566
-6126
-5641
-4620
-4204
-4091
-3837
-3498
-3212
-3273
-3536
-3301
-2466
-1992
-1657
-1501
-1925
-2811
-3430
-3246
-2800
-2745
-3101
-3261
-3407
-3695
-3853
-4084
-4179
-3972
-3661
-3395
-2824
-2643
-2932
-2981
-2747
-2292
-1923
-1624
-1502
-1428
-1511
-1477
-1231
-1195
-1107
-1085
-969
-965
-944
-1160
-1306
-1126
-1146
-1075
-1107
-1019
-1063
-1069
-991
-835
-624
-636
-436
-252
-25
85
235
343
348
450
696
1044
1242
1255
1194
1225
1417
1595
1821
2121
2393
2496
2588
2936
3378
3287
3070
3169
3343
3489
3637
3708
3309
3012
2859
2829
2755
2830
2961
2981
3173
3347
3508
3136
3180
3623
4136
4461
4438
4358
4367
4793
5044
5114
5042
4775
4536
4353
4241
3993
3652
2728
946
-1060
-2082
-1950
-2191
-2659
-3278
-4066
-5253
-6124
-5974
-5282
-4599
-4030
-3269
-2942
-2980
-3285
-3627
-3274
-2302
-1677
-1510
-1400
-1831
-2702
-3217
-3346
-3220
-3198
-3246
-3081
-3050
-3436
-3919
-4176
-4235
-3807
-3270
-2865
-2500
-2405
-2678
-2709
-2306
-2014
-1643
-1240
-911
-920
-1211
-1320
-1277
-1069
-1068
-804
-697
-672
-971
-1267
-1365
-1409
-1261
-1166
-830
-873
-1062
-1314
-1330
-1078
-995
-773
-524
-325
-275
-304
-303
-362
-138
40
387
732
791
641
544
689
831
1063
1293
1601
1866
1939
1991
2061
2098
2310
2679
2926
2888
2843
2779
2645
2562
2466
2302
2200
2218
2347
2334
2172
2038
1925
2062
2243
2590
2967
3243
3331
3334
3263
3547
3931
4082
4197
4366
4233
3841
3379
2844
2377
2234
2093
1165
-691
-2633
-3034
-2997
-3415
-3979
-4364
-4988
-5777
-6137
-5929
-5295
-4821
-4461
-3944
-3588
-3865
-4241
-4287
-3868
-3245
-2959
-3014
-3146
-3598
-4348
-4554
-4462
-4477
-4530
-4418
-4257
-4245
-4481
-4869
-4955
-4684
-4320
-3853
-3418
-3139
-3150
-3192
-3140
-2863
-2576
-2325
-1844
-1395
-1524
-1836
-1916
-1849
-1674
-1356
-1117
-1138
-1286
-1635
-1664
-1510
-1280
-1027
-765
-661
-754
-777
-817
-529
-269
13
266
499
427
246
304
557
965
1399
1802
2004
2025
1896
1938
2209
2592
2894
3277
3595
3629
3233
3057
3373
3840
4244
4380
4619
4471
4101
3959
4182
4346
4399
4491
4391
4185
3837
3558
3467
3847
4338
4531
4592
4440
4448
4551
4996
5350
5471
5587
5414
5420
5398
5281
5007
4893
4518
4241
4015
3771
3028
1638
32
-876
-726
-731
-1077
-1839
-2671
-3542
-3998
-4050
-3711
-3372
-3050
-2609
-2386
-2578
-3131
-3379
-3129
-2465
-1898
-1710
-1947
-2383
-2850
-3060
-3097
-3091
-3124
-3071
-2818
-2768
-2957
-3310
-3614
-3607
-3205
-2709
-2340
-2187
-2217
-2350
-2396
-2294
-2059
-1808
-1614
-1333
-1133
-1136
-1289
-1403
-1391
-1176
-972
-867
-878
-918
-1021
-966
-815
-748
-777
-745
-588
-433
-349
-406
-287
-101
22
134
280
265
247
356
509
716
949
1011
1052
1266
1508
1593
1590
1682
1968
2215
2297
2504
2720
2752
2764
2961
3193
3417
3271
3171
3323
3597
3653
3399
3283
3305
3327
3169
3091
3179
3300
3349
3505
3650
3445
3218
3263
3536
3864
4019
4049
4078
4052
3879
3860
4066
4234
4141
3975
3581
3095
2290
1193
54
-565
-618
-775
-1240
-2018
-2842
-3619
-4138
-4198
-3868
-3637
-3373
-3040
-2970
-3287
-3555
-3538
-3294
-2726
-2304
-2091
-2100
-2268
-2564
-2769
-2953
-3040
-2989
-2886
-2706
-2558
-2654
-3045
-3308
-3300
-3073
-2783
-2400
-2176
-2043
-2089
-2171
-2106
-1894
-1550
-1134
-793
-676
-725
-923
-1103
-1078
-735
-414
-261
-253
-378
-450
-552
-595
-429
-235
-130
47
44
-107
-321
-432
-259
15
347
484
491
460
439
513
588
635
899
1212
1467
1556
1511
1543
1565
1760
2063
2294
2538
2684
2821
2899
2865
2846
2966
3163
3528
3798
3826
3665
3475
3453
3409
3390
3311
3340
3251
3101
2906
2721
2665
2793
2888
2792
2812
2738
2834
2987
3015
3006
3080
3043
3172
3357
3350
3247
2922
2665
2447
2065
1280
351
-212
-427
-734
-1163
-1750
-2387
-2926
-3406
-3692
-3858
-3861
-3777
-3742
-3811
-4045
-4231
-4223
-4012
-3705
-3425
-3326
-3237
-3194
-3088
-3028
-3103
-3211
-3259
-3176
-3003
-2858
-2803
-2837
-2934
-2997
-3085
-3133
-3124
-2972
-2791
-2706
-2761
-2812
-2790
-2723
-2582
-2444
-2298
-2142
-2032
-1974
-1891
-1837
-1707
-1512
-1448
-1345
-1308
-1236
-1052
-872
-767
-738
-802
-812
-753
-688
-584
-528
-455
-458
-423
-414
-418
-355
-281
-194
-114
-83
-2
129
207
334
423
552
724
942
1179
1351
1426
1506
1684
1898
2074
2131
2090
2140
2271
2428
2519
2523
2472
2503
2548
2558
2606
2571
2586
2571
2562
2544
2532
2561
2685
2765
2804
2724
2721
2794
2963
3107
3145
3060
2971
2905
2911
2945
2921
2892
2701
2513
1961
1456
976
716
670
483
67
-669
-1467
-2071
-2208
-2345
-2411
-2739
-3165
-3551
-3750
-3825
-3948
-3988
-4125
-4140
-4077
-3960
-3909
-3874
-3843
-3827
-3867
-3901
-3835
-3701
-3475
-3272
-3215
-3300
-3345
-3274
-3113
-2931
-2823
-2820
-2772
-2708
-2612
-2494
-2430
-2351
-2202
-2034
-1883
-1779
-1705
-1547
-1376
-1087
-941
-879
-815
-726
-500
-274
-117
17
118
172
277
301
335
351
414
507
545
587
564
500
531
587
594
577
543
555
593
656
717
791
878
969
1084
1224
1292
1387
1482
1625
1854
2012
2120
2181
2202
2251
2373
2497
2718
2826
2904
2876
2776
2687
2641
2715
2921
3125
3183
3101
2978
2921
2996
3189
3339
3499
3444
3485
3487
3515
3574
3560
3494
3425
3402
3326
3165
2727
2221
1693
1448
1268
1086
712
35
-670
-1199
-1463
-1664
-1827
-2158
-2519
-2847
-3029
-3190
-3332
-3473
-3565
-3565
-3541
-3471
-3408
-3421
-3497
-3530
-3590
-3601
-3591
-3477
-3291
-3151
-3090
-3109
-3179
-3202
-3116
-2986
-2855
-2762
-2666
-2622
-2558
-2477
-2373
-2269
-2058
-1826
-1652
-1490
-1472
-1317
-1123
-889
-676
-558
-433
-341
-214
-15
190
264
352
380
427
482
474
482
497
564
578
596
549
475
506
541
516
507
487
505
593
606
620
596
640
761
951
1090
1173
1219
1262
1376
1576
1755
1829
1909
1964
2077
2236
2320
2339
2318
2333
2375
2506
2586
2670
2708
2670
2712
2691
2709
2733
2855
2929
3106
3137
3058
2964
2937
3037
3215
3322
3267
3173
3066
3027
3032
2985
2804
2490
1989
1575
1220
1128
1002
726
221
-446
-1090
-1480
-1694
-1830
-1956
-2246
-2627
-2985
-3142
-3297
-3393
-3468
-3579
-3663
-3670
-3618
-3569
-3548
-3555
-3662
-3750
-3780
-3727
-3551
-3363
-3232
-3209
-3229
-3280
-3266
-3187
-3071
-2970
-2870
-2755
-2628
-2534
-2437
-2329
-2185
-1997
-1844
-1760
-1661
-1541
-1324
-1045
-823
-716
-717
-693
-566
-358
-154
36
106
128
123
167
237
267
306
379
402
398
453
459
485
490
458
420
448
507
552
613
645
673
724
791
838
919
979
1084
1200
1339
1459
1593
1662
1777
1898
1927
1972
2015
2117
2257
2419
2449
2501
2496
2500
2622
2632
2634
2651
2698
2767
2879
2879
2845
2855
2864
2903
2920
2939
2988
3166
3329
3346
3229
3075
2956
2976
3014
2990
2697
2184
1684
1281
1184
1080
838
392
-223
-829
-1235
-1440
-1611
-1748
-2049
-2460
-2818
-2993
-3129
-3173
-3231
-3386
-3464
-3517
-3495
-3445
-3380
-3373
-3389
-3456
-3477
-3432
-3342
-3175
-3043
-3023
-3023
-3007
-3021
-2939
-2838
-2755
-2686
-2628
-2578
-2513
-2387
-2260
-2105
-1963
-1888
-1830
-1735
-1538
-1308
-1066
-899
-873
-836
-725
-525
-291
-96
16
93
95
141
216
297
415
448
451
453
452
491
526
539
541
487
471
486
554
649
700
723
666
651
746
880
991
1039
1071
1146
1248
1406
1538
1666
1784
1826
1916
1993
2078
2267
2392
2554
2603
2660
2719
2755
2830
2878
2919
2928
3011
3059
3091
3020
3013
2928
2890
2859
2844
2988
3033
3070
2926
2725
2578
2495
2521
2558
2553
2447
2291
2010
1597
1179
776
553
432
277
-88
-524
-1092
-1538
-1768
-2012
-2283
-2535
-2763
-2952
-2938
-3066
-3271
-3434
-3598
-3682
-3652
-3596
-3526
-3420
-3329
-3333
-3420
-3510
-3550
-3451
-3215
-3034
-2948
-2933
-2940
-2907
-2847
-2763
-2699
-2605
-2485
-2394
-2265
-2159
-2061
-1946
-1781
-1747
-1686
-1552
-1353
-1056
-855
-745
-756
-769
-664
-478
-270
-103
-45
7
18
42
113
134
207
292
328
336
324
302
295
312
348
367
435
498
544
619
650
619
642
708
817
949
1037
1099
1194
1282
1424
1524
1600
1716
1840
2027
2182
2258
2311
2431
2507
2604
2656
2660
2727
2810
2860
2883
2778
2673
2690
2800
2987
3036
2960
2815
2719
2848
2967
3041
3072
3015
2950
2913
2896
2792
2752
2664
2595
2540
2398
1957
1494
1062
674
541
368
82
-345
-850
-1377
-1727
-1948
-2177
-2349
-2603
-2861
-3011
-3071
-3158
-3260
-3400
-3528
-3518
-3475
-3386
-3311
-3270
-3242
-3267
-3357
-3397
-3333
-3228
-3116
-3046
-3042
-3071
-3032
-2940
-2828
-2764
-2744
-2689
-2589
-2448
-2295
-2198
-2111
-1967
-1821
-1607
-1443
-1316
-1167
-1035
-890
-747
-613
-500
-344
-195
-92
-30
33
105
228
298
332
318
297
358
422
461
472
467
466
484
477
496
523
567
641
731
779
789
788
812
892
988
1058
1092
1208
1339
1478
1568
1632
1730
1848
1945
2028
2153
2257
2405
2530
2538
2482
2516
2552
2725
2852
2860
2796
2704
2715
2834
3055
3019
2923
2740
2576
2675
2826
2996
3033
2922
2675
2428
2316
2323
2425
2469
2355
2102
1824
1592
1388
1089
767
403
120
-52
-297
-561
-898
-1366
-1707
-1956
-2219
-2425
-2532
-2653
-2748
-2809
-2989
-3160
-3235
-3225
-3218
-3190
-3194
-3216
-3201
-3183
-3154
-3137
-3162
-3176
-3176
-3132
-3087
-3067
-2986
-2883
-2817
-2773
-2734
-2688
-2588
-2427
-2314
-2254
-2170
-2063
-1895
-1707
-1557
-1448
-1401
-1327
-1237
-1078
-863
-734
-642
-609
-587
-522
-371
-224
-134
-91
-69
-80
-47
38
115
211
278
307
287
291
346
417
495
548
562
622
695
797
907
953
919
940
989
1124
1319
1476
1597
1644
1734
1798
1821
1910
2044
2181
2391
2494
2549
2495
2462
2488
2550
2685
2753
2803
2711
2617
2564
2584
2661
2759
2819
2728
2605
2477
2443
2545
2617
2657
2573
2489
2336
2230
2146
2056
2007
1917
1823
1602
1427
1217
972
623
248
-122
-377
-546
-713
-926
-1263
-1668
-1997
-2277
-2513
-2622
-2681
-2730
-2807
-2922
-3143
-3278
-3315
-3306
-3297
-3305
-3350
-3369
-3322
-3249
-3213
-3246
-3303
-3329
-3291
-3208
-3092
-2999
-2903
-2823
-2761
-2720
-2656
-2566
-2384
-2226
-2133
-2099
-2060
-1933
-1734
-1537
-1379
-1302
-1214
-1125
-1043
-929
-828
-702
-562
-397
-299
-208
-168
-87
28
147
192
219
271
352
463
548
588
582
594
663
790
852
915
945
1002
1059
1092
1116
1135
1205
1309
1380
1412
1439
1479
1643
1788
1854
1877
1917
1992
2125
2260
2318
2374
2451
2513
2550
2564
2619
2688
2733
2812
2730
2666
2559
2556
2691
2778
2795
2727
2544
2369
2313
2321
2336
2339
2360
2264
2165
1946
1809
1777
1719
1569
1450
1251
1090
1046
872
519
73
-321
-580
-647
-724
-915
-1237
-1657
-2027
-2252
-2457
-2582
-2642
-2720
-2848
-2967
-3099
-3231
-3242
-3222
-3202
-3221
-3278
-3297
-3232
-3159
-3129
-3136
-3196
-3193
-3112
-3015
-2915
-2855
-2826
-2791
-2725
-2642
-2523
-2385
-2253
-2103
-2032
-1984
-1924
-1851
-1697
-1531
-1370
-1236
-1168
-1084
-993
-911
-833
-736
-636
-499
-344
-212
-93
-27
5
68
148
243
359
484
550
597
638
680
722
792
862
957
1043
1092
1138
1151
1190
1239
1289
1328
1367
1411
1428
1445
1503
1569
1636
1687
1802
1927
2044
2090
2106
2108
2129
2217
2318
2410
2471
2549
2524
2499
2415
2377
2418
2487
2582
2669
2621
2528
2497
2441
2444
2420
2411
2360
2294
2215
2173
2045
1920
1770
1613
1444
1316
1211
1112
1046
883
749
551
345
43
-320
-661
-892
-944
-1027
-1195
-1475
-1870
-2196
-2426
-2586
-2658
-2727
-2793
-2899
-3017
-3108
-3186
-3205
-3223
-3250
-3272
-3328
-3359
-3293
-3204
-3168
-3160
-3201
-3178
-3097
-3003
-2911
-2831
-2774
-2687
-2580
-2483
-2355
-2224
-2111
-2000
-1913
-1863
-1800
-1718
-1564
-1396
-1206
-1061
-947
-865
-807
-754
-693
-558
-390
-185
-21
46
70
114
179
296
389
456
527
621
672
736
778
814
872
959
1076
1095
1145
1178
1209
1242
1290
1353
1433
1509
1576
1581
1547
1546
1613
1751
1874
1962
2011
2099
2197
2281
2264
2255
2292
2425
2575
2650
2564
2504
2476
2436
2505
2501
2537
2539
2552
2486
2386
2309
2229
2246
2248
2194
2181
2116
2016
1938
1841
1737
1638
1589
1528
1453
1335
1218
1023
904
792
671
548
394
185
-129
-470
-823
-1002
-1099
-1176
-1346
-1631
-1992
-2322
-2516
-2668
-2761
-2819
-2878
-2920
-3009
-3096
-3176
-3204
-3197
-3177
-3163
-3181
-3158
-3083
-2977
-2903
-2865
-2881
-2872
-2821
-2723
-2597
-2505
-2415
-2336
-2236
-2161
-2089
-1996
-1896
-1810
-1713
-1646
-1584
-1458
-1319
-1178
-1069
-970
-865
-774
-671
-528
-403
-254
-106
5
102
159
208
344
459
563
637
669
706
757
843
918
998
1060
1115
1124
1145
1180
1240
1315
1361
1395
1420
1450
1482
1507
1499
1508
1577
1665
1764
1864
1890
1924
1989
2037
2109
2178
2256
2426
2474
2459
2394
2316
2301
2361
2401
2437
2429
2325
2222
2132
2059
2054
2162
2158
2156
2062
1909
1823
1801
1807
1743
1643
1541
1474
1458
1359
1212
1029
855
779
698
684
575
426
266
119
-31
-177
-384
-656
-908
-1164
-1346
-1452
-1555
-1705
-1927
-2215
-2469
-2628
-2678
-2656
-2631
-2702
-2818
-2917
-2944
-2914
-2893
-2884
-2917
-2908
-2902
-2880
-2839
-2807
-2726
-2672
-2642
-2603
-2567
-2525
-2467
-2373
-2312
-2258
-2193
-2125
-2010
-1876
-1749
-1647
-1541
-1460
-1347
-1220
-1079
-892
-724
-592
-538
-481
-374
-220
-11
129
241
302
355
418
518
623
729
828
910
991
1017
1045
1077
1140
1212
1212
1201
1217
1275
1398
1503
1532
1486
1453
1462
1513
1575
1624
1646
1702
1768
1819
1864
1844
1879
1951
2002
2079
2069
2020
2026
2060
2075
2092
2044
1980
1965
1999
2078
2102
2040
1921
1841
1775
1767
1787
1742
1696
1667
1580
1501
1409
1312
1309
1269
1140
1058
938
842
799
675
551
438
305
144
33
-64
-166
-257
-346
-500
-631
-832
-1033
-1187
-1335
-1470
-1584
-1703
-1845
-2012
-2178
-2257
-2383
-2459
-2554
-2625
-2700
-2732
-2803
-2838
-2822
-2851
-2856
-2870
-2843
-2817
-2745
-2723
-2694
-2676
-2618
-2551
-2470
-2378
-2296
-2211
-2122
-2061
-2000
-1870
-1769
-1651
-1527
-1394
-1282
-1162
-1049
-929
-853
-763
-681
-590
-447
-320
-210
-119
-18
71
167
244
339
425
510
602
728
847
933
973
992
1034
1088
1170
1279
1373
1428
1473
1465
1460
1498
1592
1671
1735
1768
1761
1721
1680
1641
1627
1661
1702
1776
1840
1859
1812
1747
1666
1682
1746
1818
1863
1878
1885
1843
1779
1689
1609
1572
1668
1741
1727
1696
1587
1465
1394
1328
1275
1315
1291
1266
1116
914
774
735
807
817
723
548
365
212
185
97
36
-20
-113
-229
-366
-501
-644
-674
-740
-825
-956
-1114
-1230
-1248
-1241
-1298
-1427
-1606
-1789
-1874
-1842
-1842
-1821
-1953
-2083
-2231
-2315
-2336
-2320
-2291
-2296
-2349
-2462
-2506
-2484
-2400
-2373
-2340
-2400
-2405
-2365
-2305
-2218
-2134
-2075
-2033
-1975
-1897
-1809
-1689
-1557
-1449
-1342
-1260
-1165
-1065
-892
-738
-605
-488
-399
-290
-183
-56
81
188
288
401
490
598
713
807
904
1009
1083
1146
1233
1357
1485
1584
1634
1655
1704
1753
1817
1886
1956
2022
2032
2045
2036
2026
2049
2049
2057
2059
2057
2033
2010
1944
1891
1841
1769
1728
1715
1716
1695
1616
1496
1365
1349
1351
1353
1378
1267
1202
1119
999
941
887
887
890
896
804
683
659
530
496
406
275
266
179
187
132
-4
-110
-243
-312
-334
-359
-405
-494
-567
-635
-704
-706
-783
-837
-841
-898
-914
-1041
-1124
-1160
-1179
-1150
-1216
-1276
-1344
-1362
-1399
-1416
-1448
-1478
-1512
-1577
-1639
-1674
-1679
-1681
-1687
-1694
-1763
-1828
-1840
-1868
-1855
-1876
-1911
-1904
-1844
-1817
-1807
-1769
-1733
-1690
-1619
-1538
-1503
-1448
-1376
-1295
-1175
-1093
-1031
-967
-856
-743
-635
-539
-460
-360
-252
-168
-101
-25
57
167
266
351
417
481
560
626
703
796
897
988
1087
1171
1185
1236
1337
1453
1565
1641
1661
1688
1716
1749
1752
1736
1771
1796
1815
1824
1815
1768
1727
1661
1628
1620
1605
1556
1474
1366
1263
1238
1257
1278
1215
1120
958
904
925
969
1008
921
747
606
536
552
622
568
492
314
200
114
140
182
122
-16
-227
-317
-300
-240
-217
-277
-468
-654
-737
-710
-634
-556
-601
-676
-779
-836
-854
-816
-758
-763
-824
-899
-919
-920
-873
-868
-956
-1063
-1136
-1147
-1107
-1079
-1065
-1096
-1131
-1186
-1240
-1287
-1299
-1224
-1163
-1133
-1161
-1220
-1254
-1231
-1199
-1138
-1116
-1097
-1103
-1121
-1073
-1006
-946
-939
-974
-987
-985
-898
-789
-713
-671
-697
-701
-681
-612
-508
-423
-367
-332
-321
-299
-239
-160
-82
-25
35
95
134
154
186
236
322
391
424
454
503
575
665
749
778
799
821
875
948
1023
1057
1078
1085
1102
1165
1213
1199
1150
1130
1093
1126
1152
1150
1132
1118
1068
1024
1025
1037
1038
1008
889
771
704
689
761
744
738
592
532
482
432
451
410
358
317
291
286
298
265
244
158
124
53
46
10
-6
-10
-29
-20
-91
-173
-254
-340
-355
-350
-362
-323
-385
-422
-535
-651
-684
-694
-597
-596
-616
-658
-701
-698
-734
-721
-782
-769
-715
-666
-601
-603
-672
-722
-777
-787
-722
-676
-623
-630
-615
-654
-680
-659
-587
-501
-422
-393
-448
-477
-467
-416
-335
-231
-161
-111
-144
-186
-213
-212
-159
-116
-15
30
55
67
60
19
16
29
54
57
76
82
106
139
132
142
133
146
107
140
148
169
208
196
183
155
146
129
145
174
181
164
140
118
105
109
136
153
185
192
206
208
205
232
272
286
295
296
310
351
352
343
305
274
274
283
298
344
385
390
340
308
227
230
306
348
386
285
189
155
204
306
323
320
239
179
181
202
240
265
271
208
135
121
100
118
115
57
-28
-139
-196
-182
-124
-84
-136
-220
-328
-391
-341
-306
-262
-196
-174
-204
-270
-264
-274
-225
-171
-162
-126
-158
-190
-220
-241
-198
-174
-126
-126
-229
-276
-293
-251
-183
-137
-175
-247
-262
-235
-201
-129
-99
-98
-122
-174
-199
-142
-36
54
120
102
42
-15
-4
18
83
132
181
156
162
141
94
91
42
26
23
50
87
98
69
34
-13
-27
-38
-34
-43
-30
-41
-83
-134
-186
-163
-165
-129
-146
-139
-204
-246
-189
-160
-123
-101
-113
-159
-210
-205
-203
-138
-94
-142
-186
-246
-254
-250
-225
-218
-211
-252
-335
-400
-368
-277
-210
-159
-238
-299
-334
-308
-267
-251
-218
-218
-254
-254
-256
-194
-87
-7
-10
-141
-244
-223
-29
195
284
236
19
-78
-56
12
168
239
219
179
137
103
97
195
291
315
319
188
56
33
110
234
311
290
188
102
83
80
103
187
216
213
208
135
135
236
311
291
221
140
101
210
327
384
362
216
74
-26
-13
112
245
331
243
96
-41
-105
21
159
243
274
175
113
39
71
184
234
263
234
181
128
111
131
162
158
121
66
76
126
174
204
106
-12
-93
-93
-44
34
82
9
-104
-215
-297
-301
-228
-181
-190
-273
-345
-366
-379
