31
23
17
4
28
50
-49
-36
-66
-173
-77
-93
-150
-128
-118
-108
-60
-64
-72
-15
-30
20
96
41
55
76
39
90
90
43
101
65
30
123
93
20
63
77
30
46
77
37
-1
-10
-41
-21
-29
-24
61
2
-48
32
-11
-12
56
43
21
80
102
70
93
90
52
119
84
76
174
47
128
147
28
111
62
31
90
50
36
61
62
8
120
63
-9
119
76
-15
31
11
-36
47
-10
18
-25
-14
-45
-16
4
12
30
-9
16
-45
53
112
48
74
80
67
110
54
9
49
-52
12
-26
-105
-61
-110
-69
-72
-48
-40
-18
-19
-50
-38
-55
-28
-32
-16
-7
-25
-21
7
25
36
48
69
32
67
22
-11
44
-37
59
64
40
-11
-15
-19
-17
68
-17
16
27
83
52
33
-32
30
65
68
74
54
53
102
135
40
68
-44
76
105
39
94
93
99
69
68
107
80
114
128
152
73
127
158
128
205
44
34
53
-50
2
-84
-164
26
-68
-128
-142
-89
-170
-203
-118
-145
-203
-228
-101
-253
-305
-92
-204
-214
-60
-185
-214
-116
-160
-214
-173
-115
-230
-206
-169
-141
-199
-154
-239
-159
-17
-241
-145
33
-279
-53
-63
-266
-174
-76
-134
-243
-48
-118
-173
-133
-253
-184
-171
-194
2
-274
-90
-109
-278
-61
-216
-223
15
-78
-188
12
-148
-38
-8
-132
78
-32
-115
8
-175
-88
-89
-153
-23
-117
-121
-22
-83
-89
-13
-100
-7
38
39
82
18
95
-26
-109
135
-24
31
103
39
60
115
82
102
208
187
156
-22
155
73
203
156
-28
263
-58
214
136
22
215
99
112
343
154
282
197
127
396
137
273
277
116
142
316
-30
218
218
68
229
292
151
224
238
73
273
164
211
356
165
220
267
112
308
288
148
395
338
196
443
166
280
187
222
211
357
206
352
264
48
371
127
250
300
339
240
342
173
246
289
137
389
120
99
209
249
-5
347
19
-89
422
13
126
203
93
70
319
70
110
247
141
38
266
109
-53
336
36
31
118
121
65
-46
286
99
-46
222
-79
71
233
-61
151
30
30
-64
81
96
51
-79
198
-167
65
-8
-16
150
-233
82
-276
89
-155
-12
24
-126
120
-118
-63
-19
-27
-136
55
-150
-205
-190
-209
-103
-338
-114
-225
-341
-261
-271
-428
-227
-405
-224
-372
-543
-235
-480
-196
-490
-280
-311
-468
-86
-515
-305
-203
-590
-64
-405
-456
58
-575
-127
-157
-262
-7
-586
-82
-291
-490
-84
-629
17
-521
-445
-167
-737
-84
-687
-77
-518
-393
-156
-501
-105
-380
-173
-267
-158
-192
-153
-277
-273
-147
-335
-298
-75
-282
-113
-213
-449
-161
-133
-622
46
-529
-410
44
-555
-217
-119
-241
-250
-256
25
-265
21
-185
-126
-58
-265
239
-462
130
-252
-214
-51
-191
-214
-166
100
-476
93
-145
-203
16
-276
38
69
-296
195
55
-268
488
-323
23
278
-218
307
-145
-50
-40
166
-144
-84
629
-560
562
374
-321
530
302
14
162
443
61
28
614
-223
455
-110
144
135
-92
296
-258
206
62
-72
129
143
124
49
233
103
30
176
267
-344
397
-194
73
128
-351
499
-437
219
56
-206
271
-83
-270
457
-481
434
-250
168
-307
-220
191
-214
-64
105
-146
-157
9
-228
206
-418
-1
-59
-324
187
-220
-242
177
-710
332
-521
2
-43
-533
-22
-441
-240
-117
-334
-102
-509
-310
-144
-592
-115
-455
-498
-185
-663
-37
-462
-247
-239
-364
-381
-530
90
-522
18
-188
-387
-233
-450
467
-1183
335
-194
-674
562
-530
-326
245
-617
30
82
-369
-8
-191
-183
-104
54
-190
-235
-19
-55
-332
223
-604
298
-569
262
15
-385
-12
-274
106
-169
534
-385
510
-267
14
326
-677
856
-847
652
-170
-364
425
-383
355
-468
569
-352
-82
76
-539
389
-547
316
-293
-176
104
-362
325
-472
334
-35
-221
267
-79
8
-19
-204
474
-463
261
35
-26
185
58
-115
213
-309
188
590
57
83
135
-277
380
183
11
615
-281
635
-36
-170
881
-232
378
217
368
-8
79
245
-299
404
245
-271
815
-276
-178
678
-402
618
-104
358
284
107
180
158
96
-95
708
78
-192
888
-80
165
540
-486
745
-211
176
698
-479
910
-217
504
144
-521
759
-104
403
-25
-327
493
-378
297
-159
-300
-6
57
64
-445
731
-916
580
-173
-192
428
-96
129
-131
157
-307
326
-217
314
-575
306
-283
-191
-361
-108
-130
-177
192
-159
99
173
-379
-142
315
-477
-94
-155
-548
-151
-203
-260
-233
-329
103
-783
222
-663
-34
-122
-274
-468
130
-164
-164
-241
20
-179
-713
698
-647
-278
-480
-253
-386
-348
14
-575
-109
-502
-137
-687
3
34
-744
281
-125
-145
-363
-311
700
-1673
253
322
-1560
757
-621
-485
177
-552
-130
795
-625
275
29
472
41
-216
413
-446
-92
565
14
-1034
-242
-881
-15
-515
525
-7
-515
626
-851
119
463
-279
313
-57
438
-79
-172
510
-129
-366
541
-757
184
17
-553
-21
-271
14
-317
692
-715
307
407
-439
-200
686
-421
305
198
-48
-1022
263
218
-955
425
-652
-79
-452
888
-1051
780
-164
-595
1052
-623
700
-6
628
-386
1069
-739
146
-716
38
699
-2019
1906
-2029
165
297
-135
54
-152
223
186
129
237
252
-103
760
-885
1505
-1303
1047
-753
-440
492
-1296
155
-581
1003
-627
183
45
-616
939
221
20
1070
585
222
700
-71
847
-1394
993
467
-1157
1361
-1548
-618
419
-767
-71
-92
190
397
-16
685
307
271
908
754
-24
807
570
64
301
-438
-57
-47
136
-65
-202
633
-516
700
92
205
-570
973
-494
703
-163
1077
812
-251
747
-665
201
-258
119
11
-993
124
-608
708
-746
489
273
-627
813
725
-409
1150
181
-97
997
-954
1412
-82
-471
518
-506
86
145
-3
-261
533
195
17
9
654
-723
1053
-283
321
566
-364
507
439
-76
-496
189
-189
1063
-1189
1018
-270
-408
794
389
-190
1533
-432
-114
490
-785
264
-32
467
-688
929
-283
-202
211
-500
978
102
157
127
838
-573
1401
231
-731
919
-814
38
99
-174
-344
112
-407
162
333
443
-726
1081
-600
524
560
-286
1192
-1007
1214
-380
-345
84
-779
-198
-705
387
-214
813
-517
742
-233
1219
-10
1045
463
731
-103
-954
1058
-153
-1408
-299
1139
-1272
868
-879
431
-1227
812
63
-481
1174
-1725
2193
-689
164
1075
-135
92
1560
-265
-832
992
-2325
90
469
-734
-14
565
472
-152
782
-74
368
788
107
1350
-1339
23
-1323
722
-1137
925
165
-1429
2059
-2371
1233
-1933
1068
-567
-778
1714
-1394
226
866
-473
700
780
1293
142
1016
963
-1610
752
-745
-1205
820
221
1032
60
1102
-33
948
62
-1143
1863
-1531
706
132
-1260
270
-1054
424
-249
927
-736
721
-468
-1
1711
-1134
1465
1606
-823
1134
-1364
44
87
-311
664
-194
-103
219
1264
-1258
1190
37
-587
319
918
-1682
2193
-939
-1108
2399
-1373
-275
888
-1850
273
6
-389
-293
601
-978
337
1470
-436
1950
-224
-254
796
-641
-1447
-523
-1123
-8
222
-840
958
-1623
-54
34
-257
489
-341
533
-750
903
-1066
-303
541
-1426
-375
1531
-1335
728
627
-956
326
695
-342
-179
338
-734
-60
-1732
-537
67
-1908
1449
-1701
835
-62
-921
1167
-305
-749
1040
-393
538
-1681
-162
-1192
-430
406
-2015
1089
-1203
-894
-783
1349
-1311
816
228
539
28
896
1558
-1122
3121
-1627
52
-1527
-1279
-498
675
1533
-751
1583
-561
404
1221
-1152
-572
-715
-873
227
2050
-511
1091
-245
90
-1659
988
75
-1633
2804
-2399
835
-545
-1441
581
-1025
1157
-1225
1442
-493
-1066
1837
-1956
830
917
-1038
1694
-1044
360
2
-297
-1063
-339
-1179
-381
-1474
230
-1930
444
-988
-392
2548
-2471
1483
-437
-265
-615
-436
-2214
-752
-378
-1417
1273
-553
920
-459
-609
-1086
-1059
-1451
-533
475
-1877
127
-1357
552
-2486
1127
-1718
-218
309
-1592
517
-3577
1915
-2404
-1350
668
-1991
637
-1192
246
-1542
365
-414
-758
624
-939
-506
-76
-985
-803
244
-2691
1972
-2871
-124
748
-2397
1944
-1298
660
1233
-1360
1637
141
1287
531
-1052
-132
-3154
1354
-129
-803
1699
1004
767
533
-105
-198
-721
-78
595
-604
827
-1824
2179
-2306
583
489
-61
846
556
191
194
1042
-1530
1779
-1897
802
-854
136
1020
-1242
1768
-1217
-694
2390
-1181
1037
992
-1364
980
-1917
233
-427
-439
758
-1701
1235
-161
177
912
548
2128
555
2032
794
-532
1033
-1233
-768
419
-990
556
393
-252
62
100
497
-460
932
-371
1150
-616
1028
273
1048
-91
2347
-1689
2680
274
-335
2222
-2971
746
-536
752
-1115
1682
-495
-907
1652
-1007
-66
889
-111
574
1956
-1132
2291
-445
-1171
1076
-2155
248
-398
709
-35
-1626
1816
-1200
-1062
434
-2185
2014
-1788
2304
-1443
-205
344
-162
495
495
1549
-366
593
1186
185
-1170
3532
-4521
835
-513
-2197
3081
-457
722
1773
-923
346
409
-668
1338
-337
-1641
1036
-42
-1020
1210
30
-984
1524
239
23
1040
131
-2168
2681
-1615
-1541
1487
-1454
-537
1176
91
-1292
1048
537
-1098
1998
-647
696
560
-307
2434
-1966
1993
-702
-2139
-97
1262
-2541
3331
58
872
672
848
-270
763
1396
-973
1540
-493
-208
534
-369
-477
882
24
-1005
635
160
-2516
3037
-2210
1719
758
-613
2153
1113
285
856
-1041
-1505
1108
-527
258
-209
1601
-2179
1722
-844
-482
1462
-1093
2162
-668
1581
-400
1208
233
-128
1921
-1680
2489
-1133
-1593
3293
-2734
2012
594
-1497
1095
1183
-1367
1969
262
-176
883
1093
-374
2273
714
953
818
3257
-1790
1705
464
-3272
864
-1341
422
1308
1425
1435
-548
-509
162
-551
98
1475
-971
1629
-1667
-76
-122
-412
1348
-2325
4002
-2620
2346
-1121
507
1578
-1896
3038
-1513
1305
120
-1460
-200
-2106
661
-910
63
90
-977
-257
266
-791
51
-775
478
-1981
2021
-913
-1237
2135
-1661
-444
1110
-1176
-1893
309
-2111
-230
1384
157
-616
-266
-610
893
-1297
-178
-1138
-1892
1399
-1976
2092
-2671
800
-697
-221
1219
-1907
1761
-1781
747
-945
-101
-3795
2641
-4904
2582
-227
-2556
2147
-3795
1647
-2592
1570
744
-1343
1648
-302
404
-1031
-117
-179
-1984
231
-648
-1686
2646
-3242
2475
-1260
-187
831
-1318
2355
-1227
870
-1196
274
-974
-419
196
813
123
-721
1024
-1271
-1267
-1898
-1370
643
-708
1325
848
-1127
846
247
-1200
1098
184
-57
-303
928
-1096
504
-212
-39
1271
-1459
4921
-4642
2815
-489
-3031
2518
-3726
2054
-599
723
311
1193
-22
2
1213
643
-1356
3164
-1192
-310
2677
-2697
2420
-1802
347
-776
-1394
2378
7
347
2703
-223
-564
3755
-4416
2365
-1626
-149
1641
-118
1679
121
151
-869
210
-516
-339
921
1470
546
1164
886
276
-2534
2028
-1383
2702
738
292
1273
-170
11
164
230
348
1735
-1645
2405
-1557
-626
749
-3002
2553
-1971
465
1356
-1269
-318
1240
-2733
302
380
-2067
1702
-1038
194
-1997
943
-3701
1652
-739
-1381
1765
-425
-834
1482
-638
695
-159
-454
1463
-1872
2674
-2358
1644
-1370
212
-627
160
1532
-943
645
115
789
-1612
2668
-2332
1172
-797
-2006
647
-3574
2473
-2927
-96
323
-2308
994
542
-1265
890
852
-2415
70
172
-1336
-963
1
-1356
-1770
178
-1317
-383
-652
520
1178
-1910
1777
-1681
-2503
642
-1114
-995
1393
0
-3353
2582
-3047
685
-850
-2343
144
-2829
791
-2137
637
-1305
-907
-612
-752
-99
67
-1646
-191
1493
-4244
2632
-2927
-2494
2737
-2636
-516
949
-957
-2656
1293
-3155
-657
-580
-1110
-1347
-637
-1931
-1442
624
-2833
695
1122
-4310
3319
-1902
-537
-810
-1144
-3069
315
-1027
-3030
3904
-1278
1088
1494
-1838
210
-22
586
-541
1336
-352
-549
2352
-2634
287
2141
-1544
1454
1759
-3816
3939
-1084
-2894
2218
-360
-1667
2907
285
-1194
3484
-3860
2581
-2072
583
-572
485
594
-2851
1736
-2625
-971
745
-1364
888
-354
92
1409
-1854
722
-664
-463
197
-9
-2063
2149
-1511
940
519
-2
286
887
2011
-2606
2191
457
579
1319
-1302
268
-92
244
1081
1835
-1053
2699
152
-398
1615
-1763
-170
1438
526
2830
842
-561
1771
-1806
1951
453
-407
-417
22
-240
-345
1380
-1258
1088
1397
-1683
3120
-924
1093
91
-315
1121
-2596
1143
2209
-1139
4497
-410
-85
713
-610
2453
-113
3164
-1654
2561
-713
1322
783
1955
-257
1977
1495
-14
3922
-2365
3425
-118
1084
522
2306
339
1135
2365
-1251
1800
-154
710
-442
2569
-623
3267
1962
660
286
1236
1623
-3293
4142
-1961
2461
1791
417
1654
1222
460
1482
1183
1475
1297
274
891
27
2219
174
3185
101
1711
2181
1645
578
1371
1957
-296
2702
-90
177
-466
1627
-596
1645
150
931
489
1223
103
1157
648
-601
1990
-1864
-96
-302
-544
1315
268
1693
-558
-44
235
-1955
2814
-3187
835
1179
-1100
501
413
-1320
601
696
-1014
979
-1613
-113
-1853
-1993
-1080
-1371
-1185
-456
-515
195
-1779
-713
-2770
68
-1332
-1023
191
-423
119
-3749
3264
-4588
-735
-1000
-742
1100
-1991
2565
-3183
-1700
393
-2247
1730
-2082
1198
-763
-2539
1780
-3561
175
-1681
-3070
-541
-1464
-1247
-737
-1830
-316
-2662
624
-773
-2890
1205
-4934
-55
-2747
-231
-467
-3242
2302
-3749
1328
-1974
-539
-2850
-2433
-121
-3427
-1251
537
33
-1176
3512
-4079
2752
-4737
-929
-48
-471
1807
352
1436
-1465
1348
-2325
1477
-3841
1161
-1067
-1231
-47
172
-2019
-2435
3236
-4375
1118
1292
-1903
212
2515
-4361
2749
-1886
640
2025
-612
394
-587
-549
-1783
1847
-1697
-301
328
-1912
-1535
3072
-1891
717
1566
-2729
2227
145
-6
992
1019
-755
250
1414
-2458
1306
91
-232
3128
-1242
1380
213
-2479
-422
-2090
301
-1134
2365
1503
-3065
2522
-247
-246
6483
-2707
3995
1269
-633
2987
-1457
-2214
-22
1091
226
3911
495
2234
-1153
2408
1737
62
3054
43
2460
-1074
1192
-2684
1225
104
2418
-626
303
1744
-4542
3495
-1779
1536
-265
1144
704
-1395
2104
-2779
2828
-2137
1510
-207
377
-101
-94
209
183
-1503
792
1296
-3500
4101
-2817
594
225
-196
-1494
-280
795
-3937
4076
-3160
-1049
681
-1175
-1572
2212
-2722
51
-631
-1505
-898
-1509
-367
-2660
863
-1161
-968
3
-2042
-1400
746
-1387
424
-725
-1597
-519
-616
-730
-631
320
-1180
-161
822
94
-1437
102
577
-1068
225
169
-2101
375
598
-473
680
562
-946
-738
1798
-1888
2302
-548
1
709
-1279
913
-1108
470
-810
711
-2026
-65
-19
-708
931
-1117
37
528
-801
304
-62
505
33
8
1662
-884
1765
-392
-783
3116
-2730
2756
893
-1453
2877
1682
-389
2876
12
555
-110
1992
-1591
3199
-1297
1182
2614
-461
2044
-321
2920
-1170
2323
1348
-1046
1056
3263
-880
2233
2218
-2377
3704
323
-37
3101
1597
-444
2583
1208
-472
2713
-519
2183
242
1541
-284
17
507
-672
1705
-1359
461
-1342
-2054
1617
-1033
-494
2027
469
-137
432
998
-3207
1463
-605
-1059
1126
-1446
193
-970
821
-1161
1195
-820
432
761
-17
1421
29
539
418
817
-2319
2088
-204
-498
1353
76
131
-1403
2302
-2655
2288
-87
-364
1004
-6
17
-1369
2699
-2369
3125
667
-468
118
1310
-1917
425
715
-49
1643
296
1192
530
-2680
2504
564
-4187
4729
-1509
-2307
3803
-1782
1436
1173
768
-2785
2583
-1703
-498
2791
-256
1181
-431
2112
-1401
-7
466
-103
1174
681
1497
866
-99
464
2664
-1424
2592
-506
1564
808
191
201
1412
-1248
-1649
5074
-2726
1500
2213
-400
-806
1470
-1615
-546
72
-16
183
2108
920
-1217
1995
-2302
1125
2019
-982
869
857
-838
-326
-491
-924
709
-1262
2512
-1088
-1868
3111
-4343
1799
1551
-1717
2744
660
-676
-1738
1972
-3383
1068
1821
-2955
1676
1439
-2540
1016
1999
-2308
955
1243
-2325
606
1132
-3966
2927
-901
-4226
3477
-3310
739
755
526
-45
-512
-1332
1524
-705
-2157
2635
18
-1180
1935
-1487
-1687
-1349
-1252
277
-1837
634
-1943
-564
-1266
-2885
2628
-1563
-1511
1631
-2568
-1244
-171
-3070
1017
-2984
-1463
7
-3590
-1006
-2179
952
-3344
888
-2467
-1881
899
-328
-1418
839
-1138
-3153
74
-1791
-529
-433
-824
-2311
1084
-3783
603
246
-2802
914
-624
-2038
1653
-1066
-2223
1701
-1672
-1258
-1797
1892
-3670
1524
1604
-4028
924
-1518
-1165
600
511
-3240
915
-1850
-134
-1630
-1614
-1085
-696
-619
-271
2018
-1324
837
-1499
-21
735
534
-81
-1195
1312
-2074
127
147
-2009
-516
501
-4227
1523
-557
-3549
2317
-2488
573
1479
-1134
1506
-564
-238
-1551
1132
-84
-3117
3615
-1803
536
1603
-1783
2051
2434
-2843
3165
-232
-928
1690
1800
-760
1657
-153
-173
564
-125
-721
1872
-1564
1300
1013
-1577
3267
-135
2548
106
1665
1675
-1304
802
309
-375
2983
-1511
591
3855
-1476
918
2008
-1475
2560
-1743
3248
-1549
1544
-1447
-509
1571
-3125
880
-377
-1976
431
-1412
-1427
213
-13
-579
678
997
-1602
1683
-1209
-1341
210
-2463
95
-771
-2455
631
-1055
-3297
1926
-3571
-3115
1356
-2066
-2095
-522
-979
-2814
559
-1240
-1015
-1264
1325
-6746
2218
-1706
-5253
2317
-5326
-1111
-768
-2792
-1589
24
-3718
-249
-3744
-1428
-2765
-505
-2457
-2042
-893
-2727
-2718
20
-5401
-876
-589
-2158
2123
-5877
1253
-1576
-1069
765
-1092
806
-887
-1293
-270
-1808
842
-1082
-1451
238
-5015
1430
-3084
-1728
2478
-6157
3255
-3410
-1329
622
-1294
-2118
-287
1359
-2218
2817
-556
-312
338
-355
-769
4465
-2526
561
3439
-1955
-1052
3677
-1837
-864
3032
-2075
645
606
-1683
-646
1713
-2358
1457
665
49
-1946
3085
-4385
3883
-1548
-2010
2950
-2012
562
-1248
1643
-79
273
2650
727
-531
4672
-3421
4615
495
-1048
4243
-2013
2324
1141
391
1163
78
783
-744
3325
-1492
401
3799
-1718
345
3340
-959
346
4438
-1595
2786
1498
974
1479
3686
-234
1545
6380
-1746
4517
3483
-786
4593
740
1043
3815
1842
979
1917
1544
616
1906
1875
1304
895
4626
-1906
4775
1596
-1527
6223
-423
3343
3343
1686
2665
3317
2757
4331
-4
4948
2929
930
5460
-554
4826
3553
1297
3254
2571
1553
4663
-251
3810
2415
2259
2878
1993
2579
802
2565
3124
1769
1188
4443
-1335
5081
1038
1226
3493
1972
1353
1977
3129
767
3821
979
2137
1856
2257
1402
4439
880
-57
4424
1204
2811
1663
3714
1092
3994
1353
2385
2541
-335
4089
1105
1764
3286
-525
3518
988
-134
4983
-1799
1864
4558
77
886
3142
1134
572
3360
2536
1056
4831
2059
2201
5688
367
3154
3973
1387
4879
2390
3104
4378
1042
3090
4659
908
1464
5910
-1388
3069
5591
-3827
5307
69
-673
4133
-328
726
1917
1125
-1357
4134
-368
-1291
3611
666
-1830
3932
-1121
15
-104
-996
2269
-2668
817
-187
-1832
-499
-1716
-313
-1319
-2590
-623
-1514
-3984
-442
-2483
-3449
-900
-4726
-2597
-2826
-5723
-2214
-1330
-5016
-4432
-1739
-6466
-3061
-587
-5387
-3518
-1850
-5264
-2833
-3046
-5554
-1354
-3644
-4048
-2821
-2888
-6477
-3482
-2260
-7025
-2722
-3539
-5266
-4020
-4217
-5859
-4826
-3419
-5358
-4579
-3267
-4806
-4603
-3141
-5739
-3472
-3064
-4471
-3845
-2327
-4349
-3239
-1662
-4205
-2897
-4464
-3892
-4312
-2872
-2808
-3121
-3335
-3718
-3184
-3368
-1953
-4091
-1933
-1775
-5625
-893
-3643
-4728
-2552
-1967
-2323
-2988
-2207
-3032
-2917
-3564
-3105
-1366
-2697
-3044
-753
-2640
-3633
-774
-3473
-1825
-1325
-2755
-997
-1691
-2492
-1857
-1894
-2212
-2163
-1168
-1394
-2096
-1480
-2281
-2572
-1966
-1807
-1356
-2148
-1793
-810
-2567
-2113
-1410
-1686
-2863
-1809
-1839
-2703
-2015
-2371
-2683
-2548
-2571
-2710
-2403
-2602
-2979
-2207
-3025
-3340
-1960
-2725
-3638
-1722
-2349
-3590
-2187
-3577
-3393
-3064
-3334
-3204
-3364
-3794
-3242
-2750
-3822
-3144
-2998
-3456
-2896
-2447
-3802
-2454
-2102
-3257
-1822
-1895
-3410
-1985
-1594
-2735
-1602
-1431
-2316
-1316
-846
-853
-1273
-1163
-1081
-972
110
-218
-866
225
-649
-35
933
-555
299
779
-272
310
1607
-47
-277
1569
-295
835
1319
-99
494
754
326
360
1559
413
534
1472
586
827
1539
1061
1604
1935
1338
1754
2150
1604
1727
2386
1903
2263
3367
1972
2568
2927
1983
2425
2800
2532
2500
3046
2424
2445
2616
1915
2575
2843
2394
2966
3281
2459
2981
3229
2310
3187
3497
3413
4107
4152
3655
3481
3460
2817
3373
3866
3507
3711
3790
3335
2755
2893
2587
3098
3230
3639
2835
2932
2638
2409
3112
2756
3171
3087
3409
2915
3700
2578
2241
2887
2927
3285
3310
2911
2057
2080
2159
2391
2341
3140
2710
3129
3593
2460
2718
2131
2209
2539
2970
2581
2644
2461
1953
2664
1798
1560
1537
2213
1575
2193
2254
832
1200
1048
1149
813
1119
798
839
1463
610
862
239
-613
-110
127
112
-209
40
-491
-796
-457
-800
-1294
-1363
-649
-787
-467
-1137
-915
-1562
-1638
-1353
-1789
-1897
-2161
-1987
-2185
-1947
-2352
-2601
-2914
-3237
-3188
-3556
-3606
-3488
-4026
-3700
-4074
-3753
-4433
-3882
-4533
-4626
-3936
-4516
-3564
-4189
-3547
-4364
-3589
-4042
-3489
-3280
-3416
-2513
-2510
-1318
-2235
-1099
-1492
-973
-623
414
719
489
1060
849
1795
1564
2883
2983
3329
3719
4159
5121
4631
4938
5013
6227
6611
7192
7940
7409
7146
7482
8504
8806
8893
9143
9066
8258
7840
7039
6932
6821
8139
8613
8203
6737
5630
5643
5480
5975
6687
7071
6873
7225
6881
6095
5466
5909
6608
7698
7999
8528
7562
6879
6411
5790
5467
5324
5295
4871
3978
2248
803
-1652
-3343
-4812
-5977
-7419
-8104
-9345
-10677
-12244
-13733
-14026
-14662
-14264
-13945
-13212
-13122
-12712
-12071
-12027
-11440
-10622
-9340
-8382
-7548
-7074
-6931
-6895
-6604
-6199
-5573
-5430
-4763
-4509
-4180
-4230
-4316
-3692
-3618
-2376
-1772
-987
-629
-200
429
747
1692
2229
3365
4278
5214
5836
6148
6665
6810
7753
8606
9433
10143
10823
11101
10917
12254
11972
11953
12233
12367
12820
13802
14602
13523
13970
13665
13810
13921
13928
12812
12264
12554
12140
11979
11878
11608
11453
12060
11702
11694
10651
11273
11126
8805
6713
4780
4577
2653
1918
-944
-6033
-10255
-11866
-12007
-13824
-15171
-16601
-17494
-18289
-18000
-18195
-18710
-18526
-15814
-13016
-11135
-10302
-9993
-9156
-8357
-6700
-5457
-5089
-5101
-4590
-4132
-5252
-6703
-8497
-9984
-10591
-10823
-11356
-12888
-14398
-16813
-17493
-17824
-17349
-16922
-15877
-14533
-13421
-12471
-11609
-10814
-9939
-7909
-5716
-4149
-3389
-2794
-2409
-2132
-1895
-1590
-1290
-1082
-498
41
-583
-1115
-1577
-1325
-527
598
1488
2057
2523
3182
3622
3890
4659
6030
7420
9215
10393
10644
10832
10721
11568
12031
13415
14429
15459
14710
14030
13292
12801
12906
13614
13577
12434
12269
11050
10251
9427
9778
9042
9811
10822
11976
11839
11444
10867
9787
8912
7194
6154
5731
5041
3289
1285
-2346
-7524
-10983
-11990
-12192
-12924
-13560
-14472
-15944
-16750
-17102
-16993
-16554
-14446
-11484
-8895
-7478
-7026
-7133
-6635
-5663
-4299
-3005
-2568
-2539
-2810
-3662
-5346
-7114
-8578
-9488
-9684
-9902
-10898
-11763
-12725
-13664
-13684
-14827
-14626
-13490
-11260
-10188
-9655
-9107
-9040
-8144
-6361
-4329
-3669
-2818
-2194
-1716
-1834
-1875
-2094
-1810
-1411
-543
-291
-601
-1325
-1200
-577
93
896
2147
3023
3821
5093
5448
5612
5780
7168
8762
9987
10430
11235
10981
10642
11114
11651
12146
12885
13833
13862
13729
12609
12167
11837
12417
13167
13631
13658
12136
11779
11066
11156
11215
10959
10982
10928
12107
12144
12704
12111
11146
11726
10846
9629
7189
6834
5571
4019
2629
-397
-4132
-8869
-11378
-12508
-12375
-12631
-13836
-14751
-15088
-15400
-15440
-14414
-13185
-11436
-8577
-5673
-5099
-4796
-4629
-4142
-3465
-2467
-1781
-2112
-2394
-3462
-4629
-6633
-8169
-9692
-10273
-10380
-9890
-10842
-12027
-12912
-12385
-12042
-11152
-10130
-10066
-8867
-7473
-5682
-6358
-5617
-5080
-3692
-2741
-1754
-2066
-2525
-2375
-2481
-2541
-3017
-2725
-2522
-1770
-1926
-1664
-2144
-1439
-565
697
1622
2109
3628
4268
5709
6146
6796
7325
8517
9525
9998
10592
9967
10168
10298
10829
10594
10934
10693
10899
12278
12404
12216
11642
11752
11574
13023
14069
12872
12445
12043
12329
12443
12423
12263
11708
12638
12437
12585
12519
12298
12188
13107
14278
12471
9727
6576
5065
4852
4126
1406
-2518
-7235
-11514
-13444
-13247
-14191
-16572
-16407
-15771
-15488
-15827
-15099
-14734
-13492
-9864
-6402
-4650
-4582
-4307
-3937
-2977
-2611
-2621
-2982
-3714
-4393
-4895
-6927
-9472
-11291
-12105
-12548
-12615
-12454
-13204
-13411
-13192
-12702
-11935
-10844
-9342
-7821
-6403
-5839
-6414
-5686
-4783
-3908
-3282
-2973
-3041
-3396
-3156
-3998
-4480
-5074
-4726
-4016
-3493
-3280
-3583
-3176
-3073
-2101
-1408
39
594
1701
2881
3995
4551
4861
6100
6552
7547
8252
9081
8777
8527
8552
8650
9014
9249
10039
9564
9909
10199
10705
11011
11323
11710
12640
13870
13465
13508
13509
13622
13225
13992
14366
12652
12024
11899
11888
11827
12327
11776
11238
12455
12537
12171
11434
9345
6031
4714
5036
4032
2889
759
-2308
-6792
-10840
-13270
-13662
-13246
-13235
-12498
-12200
-12984
-14112
-13580
-12521
-10939
-7995
-4684
-3164
-2998
-3209
-3791
-4046
-4013
-3567
-3437
-3457
-4582
-6032
-7895
-10307
-11899
-12204
-11460
-11360
-11303
-11053
-11188
-11786
-11327
-10302
-9499
-7816
-5420
-3833
-4461
-4746
-5097
-4929
-4276
-3535
-3310
-3278
-3299
-3752
-4737
-5637
-6331
-5627
-4291
-3285
-2867
-2789
-2741
-2762
-1571
-658
486
1470
2791
3746
4030
4158
4290
4697
5690
6733
7252
7376
7241
6947
6988
7058
7286
7803
8375
9122
9295
9137
8860
8981
9363
10977
11720
12332
12653
13415
13213
12882
12795
12753
13199
13074
12887
12562
12113
11487
11202
10906
10428
10391
11725
12195
12606
10532
7549
4878
3481
3328
2543
1711
-757
-3386
-6498
-10493
-13740
-14981
-14210
-13028
-12094
-11195
-12135
-13019
-12882
-11878
-10166
-7835
-4911
-3351
-2507
-2873
-3822
-4600
-5303
-5084
-4770
-4625
-5613
-7007
-9007
-11383
-12556
-12723
-12428
-12071
-11207
-10689
-10542
-10745
-10551
-9647
-8144
-6391
-4985
-3791
-3892
-4292
-4829
-4887
-5017
-4803
-4102
-4076
-4674
-5424
-6427
-7030
-7159
-6180
-5363
-4455
-3685
-3295
-2797
-2937
-2210
-971
667
1797
2712
2898
2821
3068
3807
4382
4595
5040
5488
6036
6018
5996
5976
6121
6437
7387
7818
8073
7918
8788
9043
9805
9517
10253
10555
10910
12416
12869
13407
11675
12555
12229
12278
11016
11185
11317
11024
11521
11484
10594
8936
9242
9546
10807
10888
11767
11183
9373
6792
4812
3990
2688
2427
1162
-1485
-4894
-8652
-12091
-14122
-13731
-12619
-12536
-12200
-12135
-12280
-12661
-12299
-10706
-8722
-6010
-4013
-2649
-2870
-3807
-4427
-4542
-4487
-4503
-4481
-4986
-6185
-7751
-9674
-11543
-12298
-12104
-11324
-10934
-10465
-9989
-10340
-10551
-9473
-7427
-6106
-5600
-4249
-3347
-3254
-3695
-3889
-4330
-4541
-3676
-3355
-3773
-5326
-6388
-6399
-6147
-5625
-5471
-4847
-4220
-3529
-2484
-2407
-2098
-1400
508
2075
2585
2870
2687
3073
3478
4400
4715
5022
5398
5779
6200
5731
5529
5627
6661
7498
8405
8414
8018
7604
8111
9068
10406
10979
11293
11706
12378
13186
12951
12957
12052
12190
12248
12119
11969
11502
10524
9658
8922
8842
8491
9215
9027
9299
10457
11261
11403
9601
7999
6342
5828
5507
5071
4085
1720
-1447
-4680
-8222
-11269
-13080
-12495
-11490
-11938
-12168
-13019
-13463
-13912
-12791
-10787
-8650
-6127
-4454
-3347
-3526
-4093
-4491
-4084
-3642
-3392
-3617
-4049
-5664
-7512
-9297
-10601
-11315
-11234
-10502
-10588
-10511
-10795
-10713
-10716
-9390
-7816
-6080
-4596
-4442
-5113
-4749
-4143
-3838
-3965
-3778
-3542
-3735
-3585
-4998
-6047
-6968
-6334
-5332
-4629
-4417
-4708
-4183
-3865
-3440
-2673
-1712
-450
809
1855
2201
1696
1949
2526
3702
4427
4968
5381
5664
6057
5873
5924
6062
6470
7468
8470
8955
8409
8553
8937
8858
8950
9628
10470
10670
11309
11815
11702
11033
11090
12155
12461
12178
12085
11668
11047
9364
9610
9953
9374
9224
9607
10363
9999
10216
10555
9423
7373
6217
5401
4723
3478
2899
1419
-541
-3439
-6597
-9454
-11932
-12194
-11133
-10338
-10920
-11884
-12205
-12348
-11915
-10604
-9229
-7379
-5564
-4007
-3627
-4208
-4896
-5301
-4657
-4122
-3957
-4475
-5400
-6744
-7979
-9205
-10267
-10771
-10493
-9776
-9254
-8968
-9561
-9838
-9321
-7573
-6898
-5646
-4447
-3623
-3680
-3109
-2658
-3817
-4399
-4498
-3838
-3665
-3518
-4447
-5324
-5828
-5710
-5525
-4933
-4889
-4286
-3131
-2134
-1934
-2221
-1476
-794
854
1757
2679
2572
2767
3216
3826
4004
3875
4462
5358
6126
5931
6159
5863
6067
6793
7775
8242
8337
8436
9027
9367
9723
9390
9778
10625
11444
12673
12851
12559
11360
11116
11818
11978
11921
11429
10527
10091
10021
10831
9454
8640
8049
9141
10496
10956
10239
7869
6589
5315
4998
3867
3118
2014
1358
36
-1866
-4642
-7668
-10370
-11497
-10651
-9821
-9710
-10617
-10992
-11624
-11446
-10979
-9872
-8632
-6938
-5209
-4300
-4051
-4959
-5584
-5596
-4861
-4550
-4439
-4974
-5905
-7077
-8195
-9359
-10229
-10146
-9716
-9165
-9023
-9035
-9265
-9129
-8231
-7233
-6593
-5602
-4924
-3835
-3304
-3143
-3610
-4234
-3906
-3929
-3254
-3391
-4110
-4905
-5351
-5420
-5721
-5467
-5240
-5111
-4065
-3324
-2690
-2717
-2177
-1356
-378
953
1392
1883
2028
2533
3120
3514
3916
4281
5044
5743
5942
6167
6025
6031
6124
6581
7500
7759
8233
8219
8572
8697
8865
9280
9400
10610
10984
11869
11753
11763
11535
11874
11733
10809
10240
10138
10650
10917
10669
9790
8896
7925
8369
9285
10215
9860
10173
10015
8831
6942
4988
3859
3664
4275
3784
2112
-239
-2543
-5034
-7589
-10229
-11300
-10773
-9776
-9827
-10299
-11357
-12697
-12782
-11361
-9606
-8324
-6793
-5501
-4729
-4618
-4922
-5370
-5128
-4426
-3628
-3156
-3596
-5051
-6623
-7565
-8376
-8703
-8795
-8597
-8482
-8347
-8728
-9762
-9923
-9042
-8126
-6935
-5513
-4251
-3962
-3873
-4016
-5110
-4602
-3671
-2319
-2183
-2342
-3241
-4568
-4897
-5339
-5539
-5149
-4414
-3786
-3853
-4471
-4924
-4986
-3507
-2036
-528
131
750
820
829
1298
1354
2185
3480
5119
6106
6376
5919
5117
4759
5138
5616
6643
7495
7985
8116
7877
7553
7182
7125
8099
9423
10642
10904
10608
10206
10117
10940
11450
11938
11358
11029
11120
10609
10582
9637
9876
9162
9079
9705
9752
10169
9317
9728
9224
8333
7095
6101
5627
4370
3694
3325
2199
329
-1638
-3145
-4658
-7110
-8793
-9996
-9653
-9826
-10403
-10669
-11246
-11278
-11426
-10302
-9360
-8588
-7586
-6489
-5489
-5139
-5289
-5151
-4681
-4060
-3848
-3728
-3876
-4924
-5716
-6440
-6807
-7538
-8018
-8025
-8071
-8324
-8736
-8931
-9092
-9156
-8416
-7511
-6487
-6124
-6613
-6084
-5296
-4288
-4402
-3815
-3564
-3499
-3117
-2934
-3217
-3973
-4011
-3774
-3349
-3475
-3730
-3856
-3137
-2798
-2614
-2566
-2012
-1642
-1012
230
489
767
952
1973
2574
3200
3530
4007
4762
5253
5709
5860
6134
6180
6832
7246
7857
7649
7877
7798
8360
8470
8233
8680
8423
9003
8889
9793
9460
9793
9643
10049
10349
10655
9960
9180
9366
9141
9357
8741
9444
8557
8985
8905
8992
8845
8635
9116
8447
8327
6577
5051
3645
3836
3315
2435
816
-518
-2407
-3848
-5398
-7848
-9326
-10267
-9456
-9640
-9383
-10399
-11001
-11183
-10656
-9794
-8949
-7993
-7313
-6166
-5191
-4577
-5021
-4868
-4780
-3959
-3550
-3160
-3709
-4446
-5070
-5775
-5897
-6474
-6968
-7522
-7414
-7373
-7433
-7970
-8602
-8891
-8075
-6988
-6591
-6418
-6386
-5556
-5084
-4474
-4747
-4832
-4227
-3208
-2392
-2365
-2639
-3209
-3190
-2890
-2690
-3082
-3000
-2854
-2188
-1876
-1777
-2292
-2366
-1669
-777
259
607
933
1058
1850
2416
2913
3026
3538
4247
5246
6064
6118
5758
5624
6095
6525
7174
7317
7474
7431
7647
7412
7169
7077
7196
7892
8770
9188
8847
8257
8110
8253
8505
8549
8456
8667
8665
8540
8034
7322
6775
6674
7460
8105
8521
8561
8107
8061
7261
6500
5366
4837
4166
3603
3449
2781
1324
-510
-1724
-2712
-3688
-4885
-5924
-7024
-7477
-7881
-7991
-8441
-8968
-9259
-8937
-8011
-7697
-7451
-7183
-6621
-6084
-5467
-4990
-4767
-4621
-4298
-3932
-3621
-3781
-4286
-4710
-4956
-4958
-5335
-5651
-6093
-6398
-6645
-6819
-7009
-7342
-7572
-7496
-7194
-6823
-6549
-6288
-6241
-5915
-5406
-5080
-4752
-4274
-3655
-3347
-3002
-2766
-2812
-2861
-2657
-2363
-2078
-1878
-1555
-1359
-1084
-971
-1129
-1065
-792
-340
55
514
885
1149
1448
1714
1996
2336
2779
3312
3806
4210
4391
4475
4657
4777
4993
5286
5664
5947
6302
6618
6874
6635
6307
6001
6095
6324
6435
6697
6748
6524
6322
6362
6481
6386
6106
6145
6486
6784
6658
6613
6669
6676
6699
6898
6986
7036
7224
7515
7639
7373
6237
5174
4519
4175
3837
3156
2480
1347
389
-517
-1451
-2623
-3972
-5075
-5838
-6289
-6581
-7126
-7684
-7962
-8111
-8178
-8074
-7749
-7616
-7341
-6774
-6100
-5666
-5506
-5250
-4963
-4552
-4205
-4014
-3987
-4006
-4106
-4277
-4432
-4663
-5140
-5358
-5435
-5577
-5779
-6065
-6262
-6487
-6422
-6449
-6348
-6272
-6103
-5694
-5115
-4578
-4316
-4057
-3577
-3201
-2888
-2648
-2491
-2180
-1796
-1227
-1100
-1035
-1200
-1199
-1016
-713
-437
-239
2
205
289
503
689
757
971
1385
2067
2427
2685
2621
2744
2953
3255
3592
3923
4233
4212
4458
4619
4701
4901
5169
5483
5807
6153
6176
6038
6156
6272
6324
6572
6619
6451
6341
6743
6937
6966
6465
6017
5959
6327
6696
6522
6387
5955
5867
5799
5914
5933
6028
5985
6152
6439
6554
6225
5640
5185
4683
4668
4333
4041
3373
2779
2062
1417
851
-35
-991
-1663
-1920
-2351
-3101
-3993
-4556
-5079
-5266
-5418
-5439
-5592
-5757
-5671
-5495
-5237
-5413
-5481
-5320
-4907
-4570
-4239
-4072
-4076
-4126
-4039
-3927
-3831
-3812
-3996
-4027
-3870
-3760
-4058
-4234
-4348
-4410
-4519
-4475
-4491
-4623
-4792
-4851
-4789
-4519
-4394
-4414
-4164
-3755
-3435
-3157
-2695
-2385
-2138
-1920
-1622
-1332
-1016
-814
-660
-411
-147
-96
4
241
362
378
568
916
1044
1246
1337
1313
1490
1824
1902
2012
2203
2449
2630
2717
3042
3195
3288
3537
3733
3769
3953
4120
4189
4264
4436
4454
4543
4567
4399
4412
4567
4691
4659
4737
4815
4944
5074
4972
4621
4431
4493
4587
4661
4770
4451
3948
3886
3990
4180
4189
4340
4364
4523
4701
4591
4345
4314
4267
4167
4015
3737
3300
2829
2470
1965
1525
876
163
-497
-860
-1477
-2314
-3064
-3667
-4252
-4721
-5034
-5363
-5675
-5956
-6063
-6154
-5987
-5932
-5916
-5785
-5474
-5211
-5081
-4842
-4658
-4440
-4225
-3981
-3831
-3778
-3820
-3864
-3820
-3764
-3926
-4086
-4155
-4240
-4348
-4447
-4507
-4749
-4864
-4796
-4621
-4600
-4582
-4499
-4295
-4019
-3729
-3373
-3054
-2703
-2486
-2173
-1932
-1776
-1780
-1757
-1484
-1240
-1194
-1149
-1006
-940
-831
-600
-516
-470
-311
-303
-149
-123
-372
-557
-446
-211
-41
-197
-502
-214
174
174
88
56
-25
-41
253
999
997
730
687
1064
1496
1354
1360
1457
1721
1815
1931
1969
1959
1843
1948
2164
2277
2137
1894
2018
2132
2100
1863
1846
1991
2173
1946
1895
1990
2104
2232
2412
2663
2622
2759
2783
3118
3186
3036
2326
2154
2397
2398
2035
1388
839
88
-330
-691
-855
-1553
-2213
-2815
-2984
-3336
-3993
-4610
-4924
-4912
-4994
-4841
-4921
-4904
-5145
-5068
-4859
-4426
-4268
-4297
-4101
-3683
-3275
-3216
-3105
-3049
-2891
-2823
-2586
-2497
-2483
-2643
-2747
-2614
-2477
-2524
-2694
-2725
-2583
-2410
-2275
-2179
-2184
-2126
-1957
-1599
-1275
-992
-814
-462
-2
493
854
1057
1220
1421
1855
2132
2404
2593
2839
2963
3000
3224
3291
3396
3641
3877
3885
3686
3485
3477
3460
3601
3629
3587
3503
3547
3536
3407
3353
3151
3117
3209
3259
3151
3068
2940
2724
2439
2221
2057
2037
2108
2302
2304
1865
1504
1310
1343
1319
1309
1117
864
877
733
386
-137
-383
-313
104
309
161
-23
-295
-743
-710
-561
-504
-345
-226
-125
-219
-264
-572
-774
-837
-788
-795
-805
-960
-1374
-1805
-2264
-2729
-3187
-3417
-3689
-3914
-4181
-4589
-5106
-5500
-5746
-5910
-5916
-5828
-5599
-5396
-5119
-4889
-4629
-4385
-4056
-3528
-2980
-2477
-2096
-1630
-1221
-881
-629
-366
-142
122
414
673
853
945
999
950
1003
946
1032
1074
1192
1254
1378
1395
1363
1472
1573
1834
2076
2479
2727
3032
3348
3819
4146
4517
4810
5076
5445
5833
6061
6011
6219
6274
6428
6616
6770
6742
6853
6916
6886
6980
6632
6286
6155
6323
6464
6410
6279
6342
6331
6194
6010
5863
5989
5962
6112
6147
6122
5526
5249
5200
5264
5299
5101
5002
5043
4790
4319
4283
4098
3850
3648
3587
3401
3261
3043
2769
2561
2231
1943
2019
2294
2214
1724
1515
1348
1233
1243
1218
1166
1130
1297
1423
1377
1194
960
1008
1233
1421
1231
692
136
-488
-683
-1297
-2097
-3080
-3656
-3967
-4386
-4897
-5945
-6781
-7515
-7845
-8055
-8153
-8442
-8706
-8591
-8280
-8187
-8267
-8239
-8084
-7549
-7021
-6465
-6226
-5943
-5839
-5601
-5224
-4992
-4962
-4972
-4752
-4626
-4617
-4810
-5072
-5406
-5431
-5363
-5470
-5730
-5970
-6122
-6111
-5897
-5862
-5932
-5828
-5407
-4980
-4469
-4083
-3864
-3524
-2991
-2398
-1905
-1452
-1205
-884
-486
-158
5
98
144
223
297
559
741
811
849
913
1065
1195
1394
1425
1604
1771
1901
2013
2207
2399
2568
2723
2817
2860
2986
3196
3401
3524
3710
4075
4054
3985
3962
4113
4292
4811
5195
5205
5252
5151
5108
5170
5112
5209
5441
5729
5608
5262
5218
4981
4857
4717
4854
4736
4464
4547
4336
4425
4317
4119
4068
4077
4389
4536
4731
4853
4668
5003
4733
4623
4271
4133
3952
3591
3281
2242
1488
905
597
43
-551
-1364
-2417
-3390
-3892
-4511
-5070
-5501
-5914
-5905
-6107
-6113
-6677
-6759
-6644
-6324
-5866
-5503
-5171
-5041
-4772
-4473
-4269
-4193
-4038
-3892
-3496
-3435
-3540
-3985
-4276
-4487
-4731
-4833
-4991
-5110
-5539
-5927
-6156
-6189
-6369
-6368
-6256
-5745
-5373
-5158
-4908
-4608
-4096
-3617
-2643
-1937
-1313
-910
-445
92
489
684
657
854
1091
1331
1533
1690
1608
1594
1584
1738
1749
1869
1926
2125
2516
2803
3002
2993
3224
3433
3850
4324
4755
4998
5305
5758
6154
6495
6621
6672
6707
7091
7251
7134
6878
6721
6597
6573
6723
6537
6291
6505
6552
6530
6400
6412
5924
5565
5757
5518
5762
5682
5603
4959
4806
4968
4663
4584
4449
4130
3960
4306
4593
4033
3483
3480
3551
3539
3227
2409
1562
800
176
-766
-1542
-2367
-3720
-4584
-5301
-5879
-7072
-8116
-8967
-9855
-10291
-10638
-10989
-11403
-11576
-11653
-11624
-11595
-11399
-11424
-10988
-10637
-10365
-10241
-10041
-9746
-9840
-9583
-9420
-9261
-9376
-9401
-9480
-9681
-9877
-10134
-10413
-10576
-10701
-10945
-11085
-11265
-11422
-11687
-11729
-11678
-11588
-11403
-11217
-10754
-10320
-9811
-9373
-8715
-8066
-7537
-6804
-6124
-5383
-4866
-4267
-3861
-3451
-3165
-3027
-2929
-2765
-2384
-1924
-1390
-1124
-912
-899
-746
-480
104
649
1162
1722
2238
2766
3066
3453
3754
4330
5020
5763
6324
6541
6833
7130
7593
7873
8297
8666
9031
9510
9691
9430
9220
9482
9723
9991
10042
10025
9908
10208
10396
10507
10390
10195
10242
10709
11107
11074
10898
10809
10823
10743
10394
9814
9749
9893
10158
10112
10227
10199
9815
9684
9896
10552
10029
9629
8919
8466
7619
7094
6636
5535
4917
3876
3423
2351
1536
144
-719
-1248
-2089
-2888
-3422
-3517
-4129
-4081
-4144
-4102
-4584
-4273
-3921
-3493
-3177
-3109
-2812
-2753
-2232
-2319
-2067
-2132
-2045
-2239
-2213
-2315
-2793
-3277
-3636
-3618
-4069
-4269
-4770
-4957
-5420
-5390
-5441
-5601
-5652
-5634
-5339
-5266
-4793
-5639
-5665
-5298
-4275
-3971
-3588
-3285
-3670
-2999
-2641
-2247
-2568
-2342
-2376
-1957
-1734
-2050
-2777
-2762
-2241
-2028
-1757
-1821
-1797
-2269
-1784
-1504
-1239
-1194
-904
-219
229
735
683
887
1127
1806
2361
2893
3148
3265
3494
3824
4069
3988
4014
4105
4473
4302
4426
4475
4545
4515
4229
4680
4499
4941
4887
5170
5256
5274
5649
5552
6003
5806
5525
5491
5825
5713
5009
5019
5224
4734
4362
4416
4515
4645
4919
5143
4822
4615
4333
4033
3699
3451
3111
3002
2620
1916
599
-494
-1415
-2136
-2368
-2954
-3542
-4820
-5806
-6861
-7451
-7791
-8072
-7940
-7746
-7568
-7889
-8016
-7986
-7680
-7232
-6441
-5766
-5382
-5181
-5085
-4949
-5056
-4849
-4668
-4352
-4307
-4363
-4604
-5173
-5665
-6053
-6155
-6233
-6192
-6234
-6456
-6697
-6852
-7096
-7149
-6661
-6108
-5627
-5217
-4702
-4677
-4207
-3869
-3898
-4248
-3759
-2599
-2287
-1985
-2305
-2392
-2891
-2501
-2206
-2195
-2113
-2105
-1790
-1612
-1447
-1751
-1499
-1030
-332
124
529
688
705
1076
1454
2032
2258
2778
3246
3674
3753
3777
3982
4105
4408
4916
5303
5468
5531
5775
5978
5974
5922
5950
6159
6421
6846
7357
7580
7432
7417
7483
7505
7719
8381
8511
8101
7922
8171
7876
7634
7789
7112
6516
6313
6949
6574
6195
5794
5641
6212
6288
6466
5530
5769
5999
6324
6122
5417
4825
4044
4623
4321
3410
1762
1035
233
-466
-944
-2102
-3229
-4262
-4347
-5283
-5976
-6864
-7343
-7440
-7385
-7213
-7760
-7798
-7892
-7378
-6966
-6638
-6628
-6605
-6136
-5874
-5582
-5712
-5743
-5857
-5703
-5565
-5753
-6162
-6657
-6708
-6911
-7084
-7453
-7620
-7884
-7979
-7760
-7823
-7924
-8077
-7724
-7483
-6993
-6509
-6379
-6078
-5673
-5144
-4852
-5494
-5583
-4660
-3681
-3662
-3782
-3439
-3990
-3807
-3224
-3329
-3736
-3824
-3163
-2642
-2360
-2614
-3020
-2560
-1892
-1332
-952
-814
-564
-99
805
1234
1019
1120
1483
2407
2885
2916
2983
3125
3610
4068
4610
4640
4607
5068
5585
5875
5591
5653
6032
6451
6582
6595
6667
6418
6303
6448
7022
7047
7031
7395
7626
7420
7083
7616
7722
7248
6799
7013
6911
6607
6601
6249
6090
5675
5323
4828
4930
4962
4807
5102
5169
4834
4354
4162
3853
3461
3421
3548
3350
2811
1975
1220
587
-103
-610
-934
-1221
-1996
-2941
-3538
-4220
-4774
-5180
-5260
-5293
-5480
-5510
-5756
-5931
-6018
-5842
-5444
-5143
-4822
-4662
-4489
-4456
-4430
-4402
-4273
-4082
-3810
-3701
-3802
-3964
-4202
-4332
-4462
-4536
-4624
-4596
-4485
-4645
-4882
-5047
-5129
-5168
-5038
-4706
-4669
-4644
-4424
-4095
-4618
-4726
-4158
-3504
-2997
-2718
-2424
-2704
-2553
-2034
-1733
-1479
-1455
-1103
-784
-612
-847
-1179
-1248
-831
-313
6
281
182
106
232
446
678
769
1327
1895
2205
2659
2482
2370
2532
2815
3349
3592
4037
4386
4338
4549
4641
4743
5006
5502
5983
6162
6047
5954
5847
5791
5757
5876
6073
5948
6109
6306
5895
5281
5384
5748
5526
5421
5450
5216
4668
4726
4358
3897
3946
4415
4572
4451
3979
3523
3595
3841
3911
4198
4001
3147
2787
2838
2518
1589
1271
802
292
-231
-783
-1799
-2616
-2862
-3138
-3562
-3994
-4608
-5237
-5503
-5306
-5490
-5705
-5768
-5600
-5629
-5601
-5544
-5589
-5581
-5196
-4974
-4943
-5029
-5093
-5215
-5216
-5134
-5274
-5372
-5304
-5292
-5506
-5601
-5699
-5848
-5852
-5621
-5593
-5730
-5578
-5336
-5274
-5188
-4941
-4804
-4660
-4268
-3946
-3886
-3697
-3425
-3352
-3314
-2874
-2491
-2303
-1967
-1542
-1448
-1424
-1027
-675
-444
-199
247
368
418
605
730
828
914
1247
1429
1601
1775
1901
1944
2021
2181
2388
2516
2633
2707
2871
3098
3337
3450
3553
3784
4167
4564
4858
5112
5289
5502
5739
5972
5959
5977
6108
6443
6666
6603
6440
6257
6339
6356
6437
6292
6018
5874
5739
5780
5564
5251
5016
5024
5047
4817
4496
4124
3807
4043
4177
4056
3707
3561
3523
3468
3561
3382
3056
2834
2983
2902
2358
1793
1480
1143
814
452
-180
-816
-1239
-1512
-1868
-2350
-2890
-3404
-3619
-3787
-4114
-4436
-4630
-4657
-4666
-4726
-4923
-5143
-5140
-4961
-4838
-4794
-4786
-4825
-4724
-4616
-4624
-4770
-4789
-4663
-4564
-4487
-4522
-4599
-4616
-4606
-4544
-4543
-4539
-4509
-4415
-4324
-4241
-4216
-4166
-4088
-3881
-3644
-3465
-3341
-3164
-2875
-2583
-2373
-2142
-1906
-1621
-1342
-1096
-893
-732
-517
-298
-142
13
102
238
383
497
584
609
637
624
621
582
594
645
696
699
696
675
663
675
737
813
875
915
988
1011
1112
1013
1007
1248
1358
1683
1910
2116
2354
2382
2521
2658
2764
2971
3107
3206
3247
3184
3258
3384
3400
3464
3340
3291
3224
3199
3238
3143
3107
3044
3050
3000
2962
2903
2845
2795
2760
2684
2579
2473
2433
2417
2418
2345
2244
2138
2062
2016
1896
1770
1585
1428
1276
1136
901
707
459
279
58
-241
-494
-834
-1078
-1357
-1633
-1920
-2159
-2323
-2467
-2645
-2884
-3084
-3217
-3271
-3335
-3414
-3519
-3638
-3672
-3688
-3648
-3673
-3655
-3626
-3557
-3512
-3490
-3458
-3434
-3376
-3323
-3308
-3304
-3282
-3244
-3203
-3151
-3156
-3184
-3179
-3135
-3060
-3029
-2969
-2911
-2810
-2747
-2634
-2502
-2372
-2180
-2010
-1827
-1690
-1499
-1293
-1082
-870
-672
-490
-297
-85
121
276
427
563
709
835
928
1035
1104
1233
1323
1434
1481
1478
1545
1584
1678
1725
1766
1786
1792
1823
1845
1855
1920
2005
2136
2259
2319
2388
2429
2591
2713
2878
2981
3080
3148
3235
3282
3315
3362
3468
3588
3648
3661
3529
3503
3494
3542
3468
3365
3198
3120
3060
3061
2967
2859
2676
2591
2523
2488
2465
2441
2377
2213
2139
2027
2049
2005
1997
1805
1650
1467
1373
1207
1014
793
562
322
68
-189
-509
-804
-1016
-1250
-1610
-1946
-2264
-2533
-2765
-2943
-3145
-3415
-3638
-3833
-4014
-4170
-4285
-4346
-4440
-4530
-4602
-4696
-4770
-4733
-4674
-4650
-4670
-4661
-4639
-4622
-4547
-4464
-4426
-4391
-4312
-4255
-4205
-4168
-4052
-3949
-3819
-3689
-3591
-3512
-3430
-3273
-3101
-2934
-2738
-2527
-2326
-2132
-1896
-1693
-1516
-1322
-1081
-856
-623
-399
-149
56
236
432
568
742
855
1038
1171
1314
1467
1570
1661
1698
1761
1836
1867
1947
1994
2035
2056
2078
2069
2033
2087
2143
2228
2272
2334
2390
2469
2565
2681
2735
2771
2849
2965
3058
3130
3215
3219
3270
3271
3331
3331
3385
3439
3412
3363
3233
3226
3212
3225
3216
3119
2962
2812
2754
2722
2680
2638
2599
2540
2495
2466
2432
2385
2331
2359
2285
2200
2076
1987
1866
1807
1672
1470
1122
842
659
496
356
87
-245
-680
-1042
-1325
-1601
-1850
-2064
-2332
-2554
-2883
-3119
-3345
-3481
-3611
-3719
-3880
-4055
-4151
-4206
-4229
-4284
-4320
-4373
-4387
-4364
-4335
-4273
-4242
-4149
-4091
-4084
-4056
-4018
-3942
-3861
-3774
-3735
-3766
-3710
-3597
-3444
-3327
-3269
-3199
-3157
-3052
-2890
-2718
-2528
-2350
-2127
-1951
-1783
-1599
-1381
-1134
-842
-603
-377
-176
21
233
418
632
789
961
1108
1254
1377
1488
1585
1685
1746
1811
1836
1863
1937
2015
2055
2075
2053
2029
2054
2081
2133
2153
2208
2248
2292
2418
2503
2671
2812
2973
3000
3007
3040
3112
3226
3351
3502
3550
3632
3603
3639
3547
3501
3505
3517
3480
3447
3380
3279
3142
3034
2813
2627
2482
2498
2458
2400
2298
2114
1936
1758
1704
1659
1579
1563
1539
1506
1454
1429
1297
1116
987
929
874
847
788
604
400
175
-8
-205
-449
-660
-878
-1089
-1326
-1554
-1812
-2031
-2251
-2417
-2633
-2863
-3043
-3201
-3313
-3454
-3550
-3665
-3766
-3814
-3849
-3899
-3931
-3918
-3863
-3816
-3782
-3742
-3705
-3654
-3585
-3516
-3486
-3425
-3356
-3281
-3219
-3158
-3120
-3085
-3079
-3047
-2976
-2911
-2806
-2718
-2597
-2539
-2448
-2347
-2225
-2102
-1936
-1743
-1560
-1369
-1196
-1012
-848
-642
-421
-201
4
210
373
516
654
839
998
1170
1338
1472
1562
1607
1717
1768
1861
1908
1966
1985
1968
2018
2053
2122
2136
2193
2189
2266
2363
2503
2643
2699
2811
2814
2881
2906
2988
3098
3215
3354
3401
3390
3350
3365
3362
3444
3509
3501
3455
3351
3288
3109
2925
2789
2607
2494
2446
2364
2227
2042
1912
1766
1653
1576
1533
1426
1344
1277
1208
1093
1021
1021
933
957
948
950
802
677
593
443
365
226
158
15
-142
-288
-513
-803
-987
-1118
-1271
-1454
-1685
-1911
-2134
-2279
-2445
-2623
-2798
-2929
-3022
-3097
-3235
-3285
-3348
-3419
-3450
-3490
-3503
-3507
-3428
-3337
-3298
-3271
-3254
-3238
-3231
-3213
-3166
-3139
-3109
-3027
-2976
-2947
-2929
-2901
-2894
-2891
-2878
-2825
-2784
-2694
-2609
-2532
-2470
-2418
-2290
-2221
-2075
-1934
-1758
-1589
-1415
-1250
-1083
-904
-679
-484
-262
-91
96
308
454
601
735
870
1018
1126
1244
1301
1348
1439
1523
1603
1658
1696
1777
1817
1907
1944
1958
1998
2056
2149
2235
2325
2418
2494
2528
2589
2621
2712
2767
2910
2973
3075
3078
3081
3035
2988
2991
2995
3038
3021
3001
2974
2943
2836
2794
2688
2631
2537
2426
2265
2147
2054
2010
1879
1745
1586
1480
1436
1361
1280
1173
1059
1033
975
835
810
702
765
719
656
543
393
352
288
195
98
-109
-238
-416
-553
-692
-881
-1012
-1153
-1310
-1462
-1610
-1776
-1914
-2075
-2209
-2308
-2385
-2478
-2566
-2661
-2754
-2777
-2796
-2837
-2870
-2900
-2912
-2898
-2877
-2849
-2828
-2799
-2772
-2748
-2724
-2699
-2656
-2598
-2560
-2480
-2450
-2411
-2380
-2371
-2369
-2347
-2346
-2270
-2237
-2173
-2142
-2115
-2040
-2012
-1911
-1843
-1735
-1580
-1469
-1331
-1229
-1110
-986
-867
-709
-572
-417
-268
-82
92
236
344
471
529
667
803
935
1030
1127
1185
1241
1312
1400
1475
1534
1615
1660
1740
1783
1870
1945
2007
2077
2126
2172
2216
2264
2351
2432
2517
2625
2660
2680
2652
2619
2639
2643
2784
2808
2831
2741
2640
2563
2543
2554
2532
2438
2312
2196
2034
1940
1810
1766
1651
1593
1521
1450
1337
1264
1106
1071
1057
1116
1103
1015
959
900
878
874
747
622
513
515
579
530
401
168
-67
-227
-365
-384
-463
-604
-753
-1002
-1186
-1377
-1454
-1540
-1627
-1734
-1802
-1921
-1981
-2079
-2149
-2211
-2301
-2315
-2386
-2399
-2425
-2426
-2464
-2515
-2531
-2551
-2562
-2528
-2509
-2513
-2535
-2541
-2542
-2518
-2530
-2529
-2501
-2479
-2427
-2426
-2410
-2454
-2469
-2473
-2441
-2366
-2313
-2220
-2198
-2161
-2109
-2061
-1943
-1837
-1708
-1578
-1434
-1281
-1126
-1015
-888
-739
-543
-350
-200
-45
47
198
335
458
562
627
753
883
986
1073
1137
1216
1284
1322
1387
1402
1483
1598
1675
1745
1773
1819
1858
1885
1953
2016
2107
2213
2307
2342
2318
2351
2426
2478
2555
2572
2553
2528
2529
2539
2505
2505
2447
2437
2359
2343
2255
2224
2152
2144
2042
1845
1741
1575
1552
1520
1521
1448
1308
1173
1050
944
911
839
793
730
622
520
374
271
214
224
194
221
49
-22
-220
-278
-371
-425
-480
-565
-655
-773
-883
-1002
-1061
-1126
-1142
-1218
-1267
-1332
-1404
-1475
-1542
-1637
-1676
-1736
-1739
-1764
-1787
-1812
-1857
-1878
-1938
-1937
-1969
-1974
-1973
-1961
-1940
-1905
-1907
-1919
-1967
-1988
-1954
-1928
-1899
-1883
-1879
-1880
-1853
-1800
-1767
-1750
-1713
-1709
-1683
-1632
-1575
-1484
-1427
-1369
-1328
-1296
-1258
-1179
-1075
-972
-879
-793
-686
-606
-471
-364
-259
-148
-33
84
176
301
409
516
607
711
793
859
904
1008
1099
1206
1271
1314
1323
1333
1425
1511
1609
1648
1702
1745
1828
1860
1893
1901
1954
2048
2071
2103
2074
2112
2105
2119
2076
2063
2029
2051
2033
2026
1951
1915
1875
1780
1739
1625
1627
1536
1475
1364
1223
1152
1101
1032
943
779
743
702
733
633
495
360
239
252
184
175
46
46
-68
-86
-194
-293
-427
-484
-551
-592
-634
-693
-739
-795
-897
-1024
-1111
-1139
-1111
-1088
-1110
-1190
-1230
-1278
-1278
-1265
-1262
-1233
-1182
-1207
-1251
-1295
-1305
-1263
-1212
-1177
-1213
-1243
-1270
-1285
-1261
-1259
-1249
-1247
-1219
-1222
-1209
-1266
-1309
-1324
-1349
-1301
-1305
-1286
-1299
-1276
-1264
-1276
-1294
-1317
-1312
-1263
-1193
-1120
-1070
-1071
-1032
-995
-952
-915
-838
-767
-712
-654
-625
-606
-563
-504
-434
-373
-342
-279
-213
-122
-61
-11
33
99
184
274
337
395
467
535
614
669
740
797
876
955
1002
1005
997
1043
1114
1206
1272
1301
1306
1302
1340
1377
1456
1499
1541
1545
1545
1560
1550
1529
1467
1438
1386
1361
1370
1347
1350
1304
1261
1132
1043
956
971
1014
1038
982
845
702
600
565
512
467
387
328
281
193
146
53
2
-46
-48
-53
-107
-143
-201
-267
-321
-361
-411
-449
-493
-511
-572
-637
-715
-742
-804
-778
-763
-760
-809
-860
-901
-957
-927
-894
-856
-841
-791
-756
-718
-711
-719
-730
-737
-676
-640
-577
-593
-605
-591
-642
-625
-655
-629
-638
-618
-583
-574
-608
-629
-651
-665
-680
-674
-640
-609
-547
-506
-518
-568
-574
-600
-527
-483
-401
-374
-382
-373
-411
-373
-363
-308
-282
-262
-266
-276
-298
-290
-226
-168
-109
-119
-122
-128
-114
-50
14
91
154
177
197
188
212
274
346
433
507
568
560
577
580
608
665
734
830
868
886
858
842
871
900
946
961
947
922
865
825
801
789
817
789
788
733
735
740
691
667
584
555
578
576
578
509
482
469
463
442
380
359
368
404
396
342
295
279
241
201
127
76
62
94
42
-37
-193
-229
-279
-278
-305
-368
-379
-411
-442
-497
-561
-558
-524
-533
-541
-621
-612
-585
-533
-531
-606
-628
-638
-624
-646
-674
-693
-626
-604
-590
-632
-671
-629
-606
-561
-604
-618
-608
-554
-497
-491
-500
-493
-440
-423
-401
-400
-316
-245
-154
-155
-169
-193
-171
-151
-150
-130
-78
8
28
35
-44
-75
-91
-31
1
-8
-10
-14
15
27
56
37
46
55
87
84
136
183
245
260
264
248
253
293
334
393
363
362
362
351
366
382
409
383
381
345
310
292
300
347
349
384
318
280
216
213
250
290
361
369
376
376
392
371
366
359
376
388
421
430
441
432
429
390
356
331
292
316
323
332
258
214
129
103
78
77
71
8
-23
-104
-126
-183
-174
-184
-181
-180
-163
-175
-181
-188
-224
-236
-241
-225
-213
-201
-205
-233
-264
-283
-308
-310
-327
-328
-324
-311
-324
-333
-349
-346
-355
-377
-374
-356
-292
-226
-177
-177
-244
-275
-292
-275
-247
-182
-104
-48
-23
-68
-127
-165
-90
-17
7
10
-11
-15
-14
-12
-34
-66
-64
-44
-42
-39
-48
-31
-20
-29
-54
-90
-97
-64
-15
17
16
4
-6
-16
-7
33
46
74
58
48
36
49
79
92
82
82
77
75
76
62
74
93
91
89
62
60
74
64
30
-21
-9
16
56
59
61
34
46
62
92
92
98
99
113
109
87
109
124
124
109
96
78
115
118
124
85
72
63
33
0
-35
-43
-33
16
41
41
13
21
26
6
-8
-4
23
25
37
34
40
38
63
61
40
56
91
107
71
20
5
22
25
17
-64
-161
-179
-176
-163
-193
-192
-218
-229
-214
-221
-224
-237
-228
-224
-236
-229
-188
-147
-153
-146
-151
-109
-111
82
124
-156
-301
-305
-174
44
29
-73
-70
-83
-73
-116
-198
-163
-56
-69
