-30
-36
-26
-43
-61
-48
-55
-49
-80
-103
-66
-30
-10
4
-19
-37
-53
-74
-31
7
17
2
3
-7
-7
34
54
31
63
95
81
69
43
52
49
43
52
81
91
56
29
39
14
12
15
-10
-20
-43
-56
-64
-56
-42
-38
-55
-59
-78
-49
-32
-88
-103
-95
-49
30
34
17
-1
-1
9
17
46
64
88
74
11
10
80
52
21
-32
-61
26
54
-10
-30
-1
-41
-70
-61
-38
-100
-134
-78
-95
-178
-191
-121
-122
-72
-64
-220
-164
-36
-102
-117
-23
-77
-105
-14
10
-30
-39
-4
-27
12
23
5
14
-12
-50
-27
46
23
-50
-54
-78
-96
41
37
-39
-63
-20
18
-33
-63
-29
-70
-68
-15
-7
18
-78
-101
-99
-63
-53
35
63
-53
-19
98
2
-117
-31
100
51
16
-76
-204
-75
62
39
-126
-63
123
-30
-210
-69
91
-147
-211
-105
-96
-230
-315
-217
-94
54
-99
-199
-114
-75
-16
-160
-94
185
112
-196
-88
280
126
-76
10
137
269
-42
-235
214
299
-134
-193
197
130
-210
-140
-116
-125
73
62
-96
108
16
-376
-28
23
-39
29
34
-9
-80
10
-264
-160
47
119
91
-29
-13
104
66
-137
63
432
275
48
89
97
-7
153
-143
19
407
-250
-306
172
42
-361
40
345
-319
-34
263
-301
-316
87
89
-131
-47
6
-99
80
-211
-114
202
107
-110
189
94
-718
-75
198
-279
60
450
44
-222
130
268
37
3
331
131
-348
-178
-189
-27
-54
55
467
146
-316
2
176
-482
-275
527
-84
-432
480
37
-692
-79
359
-133
-159
107
-51
115
-229
-110
287
-98
69
417
154
-141
147
381
-390
-214
429
72
-197
98
17
-179
-317
-100
275
-352
-5
217
-586
-195
249
-270
-312
159
-137
-188
122
-134
-60
-197
-66
129
-242
120
138
-188
93
40
-170
57
208
-104
-59
79
-7
-424
15
426
-46
-220
445
36
-268
246
145
-470
-191
265
-127
-408
395
-75
-646
205
-86
-248
230
178
-189
-53
31
-45
-54
360
49
-238
551
34
-153
214
-219
147
-60
-15
438
-476
57
550
-483
26
156
-74
33
-248
70
-257
-214
112
57
-79
13
650
-595
-109
353
-1040
180
773
-345
-395
516
-318
-641
577
-72
-237
305
9
-306
260
395
-518
-73
292
-402
313
417
-459
176
31
-916
-168
103
154
428
-7
249
-92
-277
-208
391
152
387
108
-117
132
-468
406
-135
-205
265
319
-267
-347
451
-402
-324
793
65
-324
499
187
-832
-20
474
-123
291
562
-35
-106
519
-733
242
66
-240
318
-102
-135
-93
-244
-203
468
37
-284
1044
-195
-669
899
-394
-713
630
302
-483
266
398
-321
-757
567
-186
-190
287
66
-80
-382
110
-125
-130
-15
182
143
-66
-697
-90
81
-181
-2
216
-573
-144
422
-253
424
-449
-14
638
-716
-913
619
-364
-1097
1515
-347
-683
896
-713
-205
1047
-1302
-265
1086
-975
269
350
-689
357
188
-100
807
-309
-109
839
124
-1019
346
92
-1023
1175
207
-215
204
293
-234
-534
159
-212
-328
-34
558
66
-432
688
128
-684
844
264
-702
501
235
-664
273
-74
-409
368
371
-174
-651
140
144
-722
760
636
-747
404
150
-382
113
-466
405
217
-1301
141
252
-141
405
332
-677
194
126
-62
689
-1045
-209
422
-439
90
658
-124
-265
119
-152
-297
24
156
235
475
-761
-357
538
-577
-21
1069
-202
-410
-142
703
-723
-402
1022
-847
-233
754
-87
-706
409
-580
-822
730
-334
-89
692
19
-1188
-50
250
-818
948
553
103
-337
-812
919
-443
-264
1228
-983
-346
-295
-297
-649
-253
-374
407
798
-573
611
294
-365
-522
1974
-207
-1596
1791
-389
-1745
1245
104
-661
-307
852
-175
-148
113
-404
34
-536
8
1217
-404
-170
1142
-1034
170
-194
-670
927
141
-226
893
161
-1015
1017
206
-1322
329
492
-863
285
1092
-513
90
504
930
-576
215
804
-1489
-477
2048
-1399
-312
1748
-1556
-649
1181
-857
-855
780
632
-891
623
958
-910
11
310
431
-462
46
367
-857
-515
375
83
-220
168
370
113
-643
-35
552
-1185
410
643
-540
377
-255
-19
-1401
187
966
-1108
1554
28
-1388
699
-283
-795
705
420
-87
-225
138
-370
-565
1293
-328
-131
547
-858
138
494
-819
91
229
-191
-275
935
-350
-1228
1340
-209
-1966
1390
370
-1326
917
565
-208
-137
274
332
79
-340
330
240
-280
93
311
-782
-7
55
-33
-356
471
131
-619
857
-374
-81
913
-728
-464
-148
-265
-110
221
519
-853
806
92
-65
469
37
-905
881
-151
-1077
1429
-403
-925
739
-419
-1030
816
552
-93
705
-650
419
-330
-629
1130
-531
-279
693
-317
-531
314
-322
36
-203
784
-94
-581
330
87
-200
499
656
-513
-575
919
-415
-335
332
100
-570
242
247
-133
218
114
104
-977
525
476
-619
522
-41
-263
-546
97
-5
99
-356
-208
778
-1241
910
293
-33
143
148
-10
-76
-412
-325
-36
-337
469
-7
-270
811
-744
-306
566
-774
-336
1245
-879
-215
673
-988
-440
613
-564
258
410
-942
-60
405
-786
194
1512
-1200
-455
1684
-1000
-1321
2122
-394
-1946
2424
-502
-1108
1990
-1316
-338
1088
-114
-657
1788
-389
-1602
1520
-1048
-631
827
-510
-226
284
-113
-618
-257
614
-576
-31
425
-472
-225
639
-871
-218
594
-607
475
28
-744
1279
-561
847
-130
-317
-335
-9
442
-379
635
-212
-119
-319
741
-330
-33
477
-140
-1103
-31
816
-1637
879
632
-1540
-64
729
-1422
606
711
-1220
1050
-89
-1071
506
-539
-576
379
177
-32
504
-654
641
410
-652
813
-507
-6
173
677
-823
-141
345
-660
196
1010
-679
-686
1141
-1527
-348
1140
-1183
-533
1744
-64
-917
1598
-488
-453
1445
-1404
1019
69
-429
601
281
-1038
1159
-329
-1452
2024
-1116
-1034
1786
-1441
-1237
1774
-33
-1711
1604
538
-2364
1330
1632
-2410
1116
2000
-3480
1241
1688
-2058
607
999
-656
-845
1194
-695
-575
1254
-919
480
-402
535
-464
-123
94
-385
-247
202
569
-1613
841
-193
-324
-13
353
-464
-883
675
417
-354
-416
1026
-160
-791
1181
357
-1124
628
791
-1051
575
472
-820
473
696
-1109
331
-80
-991
558
-244
-206
261
53
282
306
-590
361
-34
-858
420
-30
-701
541
-8
-1064
197
404
-365
541
227
-716
-275
463
-430
162
787
-628
84
54
92
399
55
-808
352
-447
-610
1418
-931
102
623
-527
299
468
-759
-10
1157
-1138
387
218
-1161
648
81
-754
988
-815
-398
1153
-1145
1050
-81
-822
661
308
-1172
64
1295
-2064
381
1940
-1931
655
1531
-1417
803
220
276
-1056
775
486
-1414
1423
-291
-527
521
459
-1236
449
565
-2262
1504
-677
-683
864
-780
-208
769
-372
-305
1655
-1779
77
319
-393
21
937
-509
-745
594
-438
235
343
-444
115
451
-929
1506
-1765
519
736
-1505
829
-887
317
-578
209
192
-588
700
145
-1043
816
-225
-730
917
-771
-13
29
-136
-172
760
-967
559
361
-1457
1253
-362
-471
1005
-124
-319
42
63
-927
602
98
119
129
-54
-451
228
769
-1031
989
-867
-415
1071
-606
-521
247
-703
38
525
-293
344
-932
917
-452
-517
1758
-1701
881
843
-824
114
938
-485
-1670
2732
-1308
-686
1169
-428
-222
-74
543
-378
64
722
-230
170
-159
-865
283
7
-319
231
-435
250
-634
332
-406
117
775
-1152
1243
365
-1529
1928
-776
-1255
1826
-457
-32
448
122
-518
614
-292
-343
68
-149
842
-464
505
-583
-304
641
-219
-446
408
724
-1457
1390
-475
-605
649
-245
31
-149
-204
-206
303
-369
461
-200
-540
1022
-547
-78
720
-283
-416
1035
-928
-122
1045
164
-1076
404
599
-1563
1618
-402
-885
1029
-662
-508
792
-605
-584
374
-436
-99
-202
735
-428
-476
716
-1302
821
654
-1133
1037
-891
481
-466
155
287
-918
494
240
-892
484
-280
-231
184
94
709
-702
-149
345
-473
62
390
46
-161
-290
35
-1479
678
313
-207
1348
-1029
560
381
-1257
242
335
-292
-275
1008
-1569
1004
-20
-1630
1616
-372
-507
561
-54
-853
800
-231
-256
29
-79
780
-237
-175
169
-111
624
78
332
-493
565
-448
199
676
-1292
1013
900
-1315
917
-433
-723
542
-231
543
-425
584
-426
464
-845
-480
860
-772
416
815
-72
-794
504
266
-1667
2144
-463
-1189
1879
-591
-680
1340
-221
-365
826
123
-415
-198
335
-726
-551
768
-363
-62
371
-429
-369
436
72
-296
-155
-381
21
210
-143
165
-283
-276
442
152
-647
-48
713
-1084
660
559
-1583
1227
-262
-26
-38
361
-428
-562
807
-630
-262
308
-278
248
-54
64
-193
-24
51
-115
122
446
-612
414
-299
-665
1135
-1119
481
-62
-445
358
-732
223
-975
179
581
-997
835
-119
-1170
1199
-290
-1149
2110
-1057
-173
951
-803
-499
560
-156
-1091
1205
-351
-560
641
-246
-707
-142
927
-1154
343
810
-1213
-92
-247
665
-1298
833
389
-1368
760
-53
83
-442
166
-351
-277
736
-486
263
-1006
828
85
-1137
1092
-218
56
66
477
-853
438
287
-313
324
436
-798
116
517
-925
702
54
-1111
105
317
-1026
684
-417
-421
191
-533
612
-265
-94
205
-528
741
-313
446
-156
-84
1190
-468
710
692
-1637
785
-50
-735
310
371
-229
-99
504
-778
313
-524
406
-287
-471
487
-1109
880
8
-595
211
439
-68
675
-49
-243
-124
-395
1544
-904
-130
1067
-721
94
172
-129
-354
694
184
-581
908
-565
154
-549
760
118
-743
1129
118
-1301
698
402
-1478
1017
116
-1618
870
-172
226
-831
-74
392
-1534
1449
-435
-244
495
-321
-555
508
31
-205
227
552
-873
693
206
-1093
429
-803
289
483
-893
973
-894
-366
841
-478
-989
902
-164
-797
889
-1139
-437
-426
100
-143
660
-20
-640
612
-575
381
180
101
412
-133
819
-534
-278
483
-256
445
1207
-1238
43
743
-1287
737
194
-775
813
-139
-551
106
69
-823
480
-375
-706
1195
-432
383
83
-311
202
-1009
622
-71
-336
1344
109
-295
1031
-459
375
1072
-381
726
-259
92
498
-587
337
138
-1265
654
677
-1018
1079
160
-1304
689
1269
-1538
303
546
-453
627
519
-816
-158
260
-368
359
115
510
-292
345
317
-117
-146
863
473
-280
568
-758
182
-462
312
621
204
158
-311
178
-623
316
-130
321
26
26
448
-484
151
-401
-291
264
219
281
-35
367
-571
-294
1107
-891
761
571
-573
553
177
-473
-209
636
-223
550
653
-640
133
17
-903
1004
-129
-91
934
-785
732
-406
-353
-104
-520
368
180
-577
-72
-31
94
126
108
-122
-704
731
399
-714
750
-118
205
204
565
75
-121
589
77
-250
902
-413
-242
472
-281
-179
-262
259
-784
93
137
-90
-544
92
49
-408
787
99
208
-319
492
-639
-135
738
-108
245
440
474
-21
260
678
-332
-166
-99
512
-273
224
313
173
591
-102
56
-309
-61
411
-381
-194
480
-571
475
212
93
190
12
-246
-460
10
-40
308
-309
579
-623
-457
207
-302
461
568
159
376
182
-194
417
-562
612
125
-397
291
-450
141
-1087
796
-717
-264
166
-712
771
-430
196
98
-307
382
-375
99
217
30
-253
188
-52
-172
176
456
-652
122
265
-355
123
-310
306
-411
282
-168
-458
56
125
-782
242
462
-952
493
-305
-1029
545
-155
-327
-641
874
-482
185
7
-804
392
-343
-40
386
-623
-210
783
-92
-249
304
-132
-455
-6
329
-100
-665
-41
-175
-614
706
-572
-154
-28
82
189
208
-337
-550
44
-803
422
-822
-293
497
-1443
-163
829
-683
114
350
-435
-123
461
-800
178
-56
-541
1
735
-553
-408
1354
-978
662
113
-74
207
556
216
-672
42
-358
-590
382
-669
370
398
-1214
603
-36
-836
271
-174
-571
292
-30
-372
525
-335
-638
540
939
-615
827
75
-984
1093
-309
801
-792
1164
-502
-464
1291
-1538
970
-73
-1081
262
217
-599
60
620
-477
7
1085
-62
-1090
754
118
-652
853
393
-496
330
726
-936
-582
1340
-658
236
1578
-1325
199
1046
-921
1000
274
-438
907
275
-1188
473
-185
-284
755
-380
442
434
289
-30
179
419
-86
596
148
-429
-97
325
97
1139
-572
1220
300
-173
982
-805
381
721
-659
374
570
-1258
714
944
-1201
1457
-268
-891
337
-165
417
-6
252
394
510
357
511
-1156
871
960
-1274
1446
386
-1638
1628
25
-2031
2227
-410
-692
2798
-1076
-1106
1421
-1783
533
1101
-1297
343
859
-1477
376
-780
-796
1600
-471
361
515
-827
-876
745
-447
-417
1423
-1055
-49
366
-375
-279
6
-437
-7
-511
1153
-772
-240
1034
-1885
455
1193
-1167
262
317
-1494
1161
-911
-605
318
-592
249
484
206
-775
41
347
-731
-64
719
-1058
-370
1130
-1117
326
-610
-1020
812
901
-1270
698
-575
-1938
2261
-157
-1695
1242
-1377
-617
2471
-993
115
742
-1832
522
980
-1912
725
698
-1879
1920
-786
-1017
-217
-592
-316
1208
51
-737
1098
-1342
-386
9
-1022
28
886
-937
1086
526
-1714
1415
-260
-223
963
-965
971
-828
-193
165
-1121
611
-257
-335
1235
-828
290
237
-775
-1206
1027
553
-882
1965
-1446
-1536
44
293
-1633
613
539
-584
754
-106
526
449
-1208
-260
-222
-289
422
-106
899
-322
-1151
935
-780
-611
1884
321
-1408
622
-445
-1381
764
438
-394
342
8
-493
-9
-587
945
-1597
1023
1285
-1037
2044
-1446
-1598
647
-903
440
2099
-1739
-388
721
-768
819
-873
334
-509
339
2348
-1190
-1273
2073
-1043
-1083
2836
-3369
-491
2167
-1236
1031
-623
-1639
-605
1904
17
-1166
1006
-1377
803
2617
-1862
-1118
-1262
-737
-475
1195
-161
-1351
399
890
-1272
2332
394
-872
1345
-347
-1216
883
-1886
523
1831
-1885
1123
1109
-954
13
-221
-382
-1582
876
1154
-2196
90
1094
-956
-966
2057
296
-1518
2214
-958
-651
1130
-536
87
-1169
-260
203
-213
1393
995
-2068
-1228
-186
-1637
-1100
166
-1079
-168
185
-312
1260
897
95
722
-82
1017
836
1354
598
334
-432
925
119
-1395
1337
-396
-1168
-195
336
-2063
-401
1408
176
985
878
-320
-460
227
-238
645
-221
284
723
1024
725
-315
-80
-271
810
557
330
1025
-884
193
797
-1128
83
234
264
314
777
329
-916
204
-491
-26
413
-130
787
-469
633
-101
157
-899
79
1072
1198
653
-593
1095
-1269
-942
1549
289
-1022
1103
378
-937
592
-467
-28
133
261
1101
1732
-1132
187
40
-838
-219
1413
-297
266
317
-1275
951
-212
-1191
933
-664
-487
952
-242
-72
191
-470
-571
903
-756
925
522
-1071
556
626
-327
125
-685
-229
1261
-1102
396
955
-800
-278
692
-637
-1042
1074
713
-960
-72
-263
-1266
-590
311
555
-312
333
-58
-728
510
-335
215
733
-542
477
313
-620
-46
-546
-926
287
-909
-518
1020
-742
27
-27
-774
-481
701
-789
677
582
-991
1038
-813
-1029
427
-342
-284
276
566
-119
12
-314
42
-301
-570
564
-706
-542
341
-1249
-573
-154
-883
198
5
-441
-337
435
-407
-261
225
-728
356
44
-532
444
-164
-1110
449
-362
-1055
417
-840
-413
152
-488
-75
-140
-551
-43
171
-399
281
-158
-440
-155
-320
-54
11
-339
176
-439
-299
373
-337
-331
-435
-374
55
162
-157
-255
-586
-326
-417
-182
-239
-404
-482
199
-318
-867
-193
-103
-452
-80
256
3
-313
-124
205
-158
171
294
-3
37
588
-217
-148
280
-358
85
464
487
-360
99
46
-493
278
314
214
-12
-115
46
-90
23
9
363
-71
-38
577
-665
-827
-34
-84
-483
302
181
-659
-174
-324
-416
-469
-537
-136
-63
143
92
109
-376
-671
-231
367
300
101
378
-10
-118
47
58
-559
-551
-317
-259
-89
-245
-344
-482
-637
-424
-451
-591
-885
-710
-330
-286
-502
-521
-763
-1199
-569
-542
-655
-817
-1044
-1125
-1218
-734
-978
-844
-1116
-1110
-978
-700
-604
-967
-694
-796
-835
-749
-619
-867
-841
-356
-275
-268
-182
-229
-656
-314
284
259
419
579
218
-180
296
277
590
1096
1182
1221
1307
1537
1176
1768
1305
1488
1518
1545
1421
1684
1858
1356
2053
1773
1879
1448
1475
1457
1196
1413
1798
1653
1430
1714
1202
1388
1846
2235
2032
1821
1748
2098
2034
1785
2177
1843
1622
1519
1451
418
91
-178
-1167
-2411
-3353
-3688
-4496
-4346
-4525
-5178
-5737
-5695
-5895
-5769
-5075
-4923
-4353
-3565
-2738
-2268
-2007
-1681
-1379
-1258
-444
83
-92
-229
-202
-1486
-2125
-3046
-3948
-4628
-4476
-4348
-4668
-4871
-5681
-5645
-5927
-4970
-4097
-3269
-2461
-1665
-1079
-609
4
212
810
1500
2196
2667
2866
2683
2281
2410
2474
2691
3031
3104
3337
3542
3617
3174
2927
2995
3519
4252
4946
5332
5525
5804
5923
5998
6704
7280
7897
8827
8885
8452
8559
8427
7657
7902
7495
7642
8937
9621
9001
6276
505
-7344
-8756
-6431
-5025
-3732
-3240
-7290
-11409
-10490
-11451
-12363
-10259
-7531
-5193
-700
2238
179
-1740
-2247
-1821
625
4873
6601
5450
4440
3223
929
-987
-2274
-3952
-4587
-3360
-2281
-3080
-5312
-7877
-9563
-9693
-7688
-5384
-3990
-3055
-2261
-1612
-1158
-762
-564
94
1435
3413
4400
4339
3103
1335
-95
-347
-884
-1282
-1608
-2437
-4161
-5336
-5991
-7001
-6860
-5953
-4428
-3601
-2320
-2265
-2346
-1837
-738
471
1906
2990
3056
3110
2743
2142
1416
1186
1397
1528
1908
1897
1196
293
24
139
557
1612
2605
3157
3882
4677
4758
4899
5624
6257
6817
8146
9083
9225
9703
9699
8887
8644
9398
9500
9897
10073
9845
8587
7951
7665
6619
5631
4480
-715
-7683
-9161
-7324
-6843
-6213
-5504
-9287
-11825
-10263
-9205
-9151
-6811
-4907
-3652
238
2741
1832
292
437
308
1723
4603
5302
3133
847
-505
-2458
-3972
-4929
-5950
-7053
-6504
-5330
-5450
-6955
-8057
-8147
-7373
-4826
-2179
-948
-474
351
1015
1552
2197
2306
1821
1979
2519
2488
1831
370
-1398
-3036
-3485
-4418
-5000
-5541
-5502
-5450
-4896
-4641
-5012
-4692
-4165
-2336
-851
679
884
990
1075
1092
1408
1469
1561
1115
1492
1577
951
47
-863
-1495
-1324
-63
723
919
1130
1318
1610
2482
3406
3825
4430
5801
6819
7500
7792
7457
6938
7029
8129
8418
8855
8235
7787
7731
8069
7814
6778
6917
6586
7632
8475
9067
8764
8104
6399
3229
-1641
-7741
-8681
-5456
-3583
-3417
-3755
-7779
-11698
-11179
-9712
-8753
-5869
-2901
-1382
1035
2415
306
-1841
-1250
-285
1739
4780
5295
2228
-448
-2211
-4592
-5688
-5648
-5722
-5641
-4420
-3958
-5173
-6795
-7705
-7351
-5365
-2223
-63
834
759
545
383
633
1019
1196
1523
1845
1787
851
-552
-2557
-3931
-4700
-4277
-4300
-4398
-4773
-5698
-6481
-6138
-5435
-4513
-2694
-1293
-579
-169
177
-623
-528
349
978
1426
2174
1513
52
-576
-1009
-1713
-1127
-142
202
683
1353
1231
1074
1846
2630
4016
5359
6319
6249
5894
5390
5219
5792
6161
6945
6990
6813
6386
6451
6041
5844
7119
7680
7940
7913
8050
6971
6514
7256
8440
10123
11038
10053
6257
-408
-8093
-10795
-7451
-4580
-3638
-3927
-6848
-10567
-11444
-10744
-10374
-7633
-3955
-434
2874
4117
1592
-1462
-1679
-592
1706
4423
5103
2541
-263
-2665
-5148
-7194
-7962
-7595
-6518
-4645
-3732
-4673
-6667
-7598
-6930
-4520
-1355
1038
1979
2123
2042
1514
1027
712
830
1049
1674
1509
103
-1961
-4003
-5624
-5691
-4904
-3983
-3592
-4175
-4690
-5829
-5619
-4896
-2888
-1572
219
578
391
-127
-792
-960
-872
170
477
682
12
-806
-2252
-2618
-2649
-1881
-913
149
498
724
891
927
1317
2419
3813
4839
5673
5686
5270
4623
4296
4107
4864
5554
6123
6012
5715
5076
4824
4793
5209
5890
6906
8010
8463
8170
7566
7180
6881
8056
9308
10298
11169
11434
8779
4047
-3877
-11094
-11283
-6483
-4430
-3827
-4870
-9553
-12493
-11348
-10211
-9217
-5181
-1532
1534
4780
4865
1156
-1118
-261
1094
3572
5740
4210
288
-2290
-4273
-6651
-7755
-7802
-7514
-6275
-4369
-4298
-5932
-7057
-6616
-4701
-1435
1551
2489
2358
2224
2002
1567
1476
1383
1176
1287
1371
239
-1795
-3816
-5327
-5530
-4634
-3906
-4314
-4405
-4968
-5112
-4897
-3938
-3445
-2302
-612
553
1004
331
-342
-1268
-469
150
819
366
-217
-1309
-2023
-2027
-2256
-2161
-1762
-615
-175
253
522
640
944
2207
3300
4077
4626
4740
4355
4296
4578
4435
4587
4920
5310
5213
5309
5195
4731
4494
5025
5748
6122
6911
7689
8350
8086
7849
6492
5979
6866
8554
9469
10312
11035
10129
7895
3733
-2780
-10019
-11191
-7304
-4321
-3686
-4701
-8962
-12410
-11421
-9867
-8573
-4898
-1272
828
3691
4719
1572
-1017
-383
764
2469
4440
3567
28
-2781
-4480
-6515
-7616
-7717
-7775
-6948
-5139
-4455
-5383
-6104
-5808
-4439
-1868
725
1765
1837
1927
1991
1864
1528
932
351
106
158
-492
-2145
-3805
-4954
-5251
-4891
-4455
-4614
-4769
-4498
-4492
-4119
-3611
-2978
-2098
-574
206
443
344
-175
-416
-150
81
-242
-592
-799
-1041
-1295
-1465
-1821
-1926
-1271
-402
3
447
605
1043
1841
2721
3013
3063
3231
3342
3827
4159
4345
4126
4035
4243
4155
4250
4312
4431
4916
5425
5762
5557
6034
5951
6146
6751
7749
7466
7503
7097
6194
6186
6471
6867
7419
9136
9327
7985
3910
409
-5053
-9488
-9329
-6005
-5023
-4641
-5083
-8773
-10303
-9809
-8765
-7253
-2614
-61
1621
3245
2944
308
-816
324
606
1783
2553
1692
-1202
-3060
-5035
-6881
-7622
-7224
-6652
-6013
-4871
-4984
-5433
-5372
-4315
-3078
-1061
659
1239
1271
1411
1270
812
806
738
511
155
-449
-1771
-2997
-3801
-4164
-4349
-4368
-4998
-5501
-5352
-4884
-4442
-3770
-3013
-2438
-1238
-323
38
-220
-249
-402
-19
307
-80
-505
-918
-1089
-1401
-1393
-1484
-1639
-1355
-733
-192
142
622
900
1360
2252
2694
2889
2968
3227
3465
3887
4266
4129
3924
3899
4130
4250
4620
4692
4429
5097
5423
5439
5099
5651
6029
7115
7984
7095
6946
6913
7313
6228
6557
6324
6301
7468
8828
9790
7528
4205
-1342
-7006
-10408
-8407
-5172
-4955
-4783
-6871
-9296
-10217
-9002
-8914
-6709
-2474
242
2678
4097
2803
-626
-929
137
1090
2041
2676
883
-1665
-3144
-5177
-7312
-8178
-7807
-7170
-5542
-4360
-4810
-5714
-5267
-4314
-2735
-640
894
1363
1535
1869
1559
1005
702
526
41
-35
-614
-1870
-3057
-3890
-4520
-5023
-5389
-5415
-4978
-4386
-4015
-3877
-3695
-3036
-1912
-730
117
401
275
29
18
-158
-398
-543
-423
-514
-808
-1121
-1541
-1915
-1697
-1151
-481
68
510
665
1014
1585
1849
2276
2786
3435
3576
3966
3858
3640
3534
3695
3678
3744
4367
4655
4844
4740
4989
4978
5159
5499
5893
6252
7196
7528
7234
6748
6513
5904
6015
5829
5883
6751
7323
7685
7975
8276
4802
1499
-2607
-7244
-9235
-6239
-4203
-4701
-4804
-7801
-10231
-9729
-7827
-7683
-4497
-860
491
1987
3163
1195
-1468
-481
552
1293
2406
2130
-721
-2882
-4044
-5825
-7138
-7129
-6923
-6553
-5187
-4591
-5150
-5504
-4562
-3343
-1522
371
1257
1260
1399
1736
1576
1480
1329
876
231
-430
-1436
-2625
-3596
-4283
-4693
-4447
-4499
-4909
-4975
-4515
-4579
-4272
-3245
-2344
-1261
-238
129
-128
5
-338
-641
-259
279
52
93
-78
-846
-1602
-1480
-1508
-1288
-634
7
139
457
675
606
1055
1875
2343
2563
2919
2896
2943
3032
3472
3810
4122
4207
4565
4790
4694
4847
5082
5347
5779
6463
6755
6800
6383
5328
5533
6161
6839
6876
6901
6014
5054
5006
5447
6308
6884
7881
7979
6497
3307
298
-4468
-8372
-7242
-4400
-4373
-4701
-5743
-8589
-9305
-8072
-7711
-6298
-2609
-640
699
2481
1849
-1097
-1565
-141
498
1278
2104
836
-1755
-3052
-4350
-6149
-7049
-6677
-6340
-5336
-3940
-4172
-5214
-5154
-4197
-3311
-1475
244
864
937
1424
1397
771
469
348
170
171
8
-1109
-2520
-3676
-4146
-4459
-4252
-4627
-4859
-4827
-4204
-4067
-3893
-3378
-2713
-1480
-551
117
-99
-187
-420
-73
415
411
157
-84
-198
-677
-911
-1171
-1324
-1271
-716
-245
-5
89
218
397
909
1574
2030
2403
3024
3369
3453
3796
4129
4269
4324
4784
4813
5052
5054
5306
5302
5472
5294
4923
5100
5375
5640
5291
5710
5760
5970
5825
5796
5125
5003
5397
6205
6692
7224
7756
7985
7674
5174
2296
-2051
-6719
-7969
-4997
-4013
-4701
-5560
-8186
-9807
-9030
-8031
-7863
-4995
-2276
-638
1381
2230
-151
-1925
-513
546
1263
2405
2128
-312
-1993
-3019
-5111
-6605
-6618
-6459
-5990
-4344
-4009
-5319
-5772
-5118
-4442
-2884
-686
146
356
1215
1749
1298
1102
1006
662
777
872
-173
-1570
-2512
-3425
-4394
-4392
-4493
-4718
-5013
-5376
-5309
-5033
-4156
-3495
-2179
-1381
-382
-30
406
273
171
457
620
1222
1105
569
-472
-877
-1498
-1762
-1621
-1392
-1176
-812
-265
-273
-219
74
616
1226
2294
3047
3567
3936
4309
4243
4379
4703
4813
4928
5213
5683
5442
4932
4583
4933
4984
5192
5446
5593
5433
5281
5343
5371
6009
6178
5747
5508
5738
5685
5713
6817
7488
8043
8366
6676
3415
1483
-1227
-5503
-6219
-4314
-4641
-5495
-5727
-7990
-9943
-9094
-8542
-7856
-4730
-2486
-1905
-198
1080
-649
-1352
149
781
886
2213
2170
19
-1378
-2453
-4344
-5424
-5250
-5737
-5809
-4693
-4649
-5776
-5928
-5435
-5142
-3859
-1682
-536
-54
786
1282
1002
944
1083
942
1125
1371
574
-932
-1917
-2719
-3542
-3612
-3801
-5006
-5650
-5129
-4553
-4349
-3882
-3749
-3215
-1885
-499
-63
201
298
187
610
1155
1026
503
304
139
-213
-470
-960
-1510
-1521
-1016
-614
-456
-372
-450
-53
714
1488
1948
2480
2966
3414
3916
4305
4400
4388
4529
4668
4885
5047
5056
5180
4995
5007
4979
5465
5331
5303
5348
5457
5510
5331
5837
5809
6425
6322
6071
5770
6284
6473
6617
7343
7580
7449
5807
3515
382
-3565
-6044
-5580
-4557
-4946
-5520
-7207
-8959
-9317
-8970
-8891
-7517
-5034
-3372
-1467
382
324
-1161
-1124
-161
577
1766
2567
1888
596
-406
-1960
-3651
-4593
-5220
-5632
-4974
-4197
-4711
-5684
-6014
-5943
-5451
-4062
-2531
-1530
-667
448
892
934
894
824
787
1327
1799
1366
275
-1180
-2291
-3238
-3281
-3415
-3692
-4516
-5201
-5332
-5191
-4781
-4502
-3561
-2788
-1471
-698
-379
-352
9
359
573
1360
1453
1074
711
703
32
-529
-716
-1076
-1094
-606
-306
-498
-354
-100
-90
538
1610
2227
2567
3306
3711
3820
4176
4538
4491
4746
5308
5289
5362
5511
5533
5211
5387
5349
4860
4504
4820
5263
5751
5686
5227
5042
5088
4751
4568
4848
5678
6504
6871
7317
7726
7827
6427
4289
2374
1019
-1844
-4146
-4333
-4106
-5260
-6327
-7339
-8808
-9252
-9208
-8828
-7584
-5493
-4702
-3614
-1736
-970
-1602
-1130
254
838
1520
2331
2250
1255
445
-824
-2095
-2668
-3136
-4163
-4404
-4091
-4749
-5798
-6035
-5863
-5947
-5203
-3919
-2919
-2289
-1437
-826
-295
309
776
872
1174
1574
1371
764
121
-429
-1194
-1581
-2032
-3053
-4435
-4763
-4746
-4726
-4766
-4533
-4285
-3590
-2465
-1823
-1434
-917
-260
175
1004
1527
1332
986
1140
1201
989
764
424
-84
-286
-213
-289
-426
-471
-347
5
708
1077
1257
1554
2203
2773
3354
3829
4250
4603
5071
5450
5571
5578
5563
5523
5416
5641
5552
5542
5181
5232
5002
5138
4871
4453
4332
4988
5492
5182
5132
4999
5209
5631
6434
6732
7076
6586
4781
3055
1371
-1781
-4245
-4021
-3608
-4304
-4904
-6252
-8083
-8851
-9016
-9309
-8314
-6439
-5469
-4238
-2292
-1494
-2142
-1960
-1081
-363
685
1815
1962
1579
1249
295
-938
-1552
-2223
-3235
-3487
-3131
-3401
-4114
-4541
-5061
-5437
-5313
-4739
-4089
-3312
-2382
-1680
-1156
-737
-590
-654
-236
414
876
977
752
344
-137
-659
-1255
-1687
-2245
-2641
-3341
-3540
-3594
-3397
-3398
-3420
-3162
-2793
-2283
-2115
-1594
-1337
-850
-493
52
412
521
571
612
699
753
746
595
629
849
847
821
925
1068
1252
1425
1790
2123
2502
2783
3069
3262
3475
3582
3475
3693
4188
4560
4688
4770
4875
4767
5028
5204
5384
5228
5283
5244
5349
5478
4911
4348
4035
4532
4597
4593
4321
4152
4129
4402
4922
4897
4576
3416
2330
1458
41
-2111
-3385
-3406
-3602
-3978
-4518
-5484
-6274
-6617
-6920
-6979
-6160
-5636
-5426
-4399
-3121
-2629
-2637
-2394
-2220
-1750
-881
-245
-216
153
526
-39
-408
-555
-1283
-2079
-2084
-2034
-2133
-2035
-2315
-2928
-3237
-3233
-3505
-3671
-3301
-2993
-2735
-2260
-1701
-1512
-1362
-1136
-908
-642
-344
-183
-539
-494
-470
-749
-1163
-1256
-1317
-1452
-1532
-1827
-1984
-2052
-2049
-2178
-1986
-1680
-1588
-1447
-1191
-967
-845
-718
-565
-189
355
628
746
890
1020
1092
1248
1573
1788
1951
2027
2103
2138
2170
2030
1881
1888
2019
2140
2187
2362
2456
2518
2601
2807
2878
3071
3256
3414
3632
3959
4013
3725
3484
3591
3910
4113
4102
3948
3945
3754
3633
3268
3123
3084
3173
3279
3619
3861
3832
3955
3786
3297
2364
1603
911
236
-819
-1720
-2106
-2275
-2694
-3414
-4195
-4819
-5180
-5524
-5629
-5435
-5112
-5040
-4778
-4273
-3742
-3465
-3294
-3071
-2638
-2026
-1602
-1234
-861
-469
-381
-311
-240
-212
-386
-584
-674
-650
-599
-752
-1029
-1324
-1595
-1867
-2095
-2182
-2120
-2099
-2095
-2048
-1966
-1942
-1943
-1920
-1762
-1509
-1293
-1346
-1356
-1166
-1134
-1179
-1089
-884
-808
-690
-721
-808
-742
-691
-877
-976
-726
-641
-670
-684
-591
-607
-526
-386
-255
68
337
480
564
937
1254
1291
1331
1357
1390
1590
1763
1675
1599
1623
1623
1597
1740
1903
2030
1965
1992
2073
2166
2258
2294
2318
2420
2563
2617
2703
2693
2620
2453
2523
2678
2738
2623
2485
2430
2452
2531
2443
2378
2359
2346
2254
2322
2430
2501
2562
2610
2758
2837
2747
2296
1886
1506
1039
500
-109
-698
-1230
-1588
-2123
-2641
-3097
-3589
-4151
-4546
-4694
-4866
-4894
-4840
-4666
-4373
-3954
-3599
-3342
-2966
-2582
-2191
-1719
-1224
-879
-613
-387
-239
-117
-27
-62
-168
-235
-223
-247
-368
-524
-682
-827
-1004
-1145
-1203
-1192
-1195
-1179
-1136
-1077
-1040
-1103
-1165
-1250
-1362
-1422
-1348
-1220
-1149
-1183
-1292
-1335
-1289
-1295
-1297
-1259
-1093
-919
-719
-458
-287
-206
-133
-5
129
275
388
494
569
722
691
612
572
613
597
642
753
867
961
911
856
781
1088
1231
1153
1198
1370
1466
1576
1774
1845
1892
1773
1815
1991
2173
2176
1914
1891
1895
1796
1737
1791
1920
2005
2043
1929
2024
1972
1776
1706
1884
2075
2034
2002
1947
2025
2060
2055
2094
2113
2224
2218
2326
2357
2209
1671
1154
768
495
214
-303
-900
-1398
-1579
-1893
-2247
-2679
-3103
-3569
-3803
-3803
-3722
-3590
-3597
-3624
-3541
-3256
-3056
-2927
-2773
-2461
-2131
-1774
-1434
-1219
-1123
-1051
-922
-722
-418
-236
-172
-198
-152
-145
-158
-219
-328
-453
-541
-622
-760
-888
-1063
-1288
-1441
-1450
-1476
-1538
-1652
-1745
-1734
-1650
-1615
-1540
-1347
-1146
-1009
-883
-671
-482
-373
-314
-275
-154
-41
46
57
56
2
45
80
136
121
265
326
289
303
318
396
531
666
818
904
900
1116
1239
1390
1522
1479
1352
1399
1577
1640
1600
1554
1617
1612
1584
1480
1326
1436
1471
1362
1392
1550
1578
1500
1588
1669
1689
1658
1537
1647
1834
1877
1856
1808
1946
1946
1890
1836
1920
2118
2212
2160
2194
2323
2303
2164
1961
1729
1400
1038
693
391
140
-241
-873
-1453
-1765
-2037
-2378
-2721
-3010
-3236
-3385
-3468
-3503
-3469
-3432
-3412
-3358
-3078
-2737
-2507
-2364
-2168
-1865
-1540
-1288
-1080
-857
-617
-427
-288
-140
-59
-115
-229
-288
-270
-274
-355
-492
-612
-757
-946
-1102
-1190
-1218
-1296
-1385
-1424
-1406
-1337
-1289
-1276
-1268
-1210
-1179
-1096
-957
-812
-765
-724
-690
-633
-557
-504
-492
-450
-268
-163
-60
-49
-95
-163
-38
34
122
210
335
433
585
642
541
651
871
1136
1207
1339
1422
1411
1348
1396
1222
1295
1309
1206
1218
1367
1407
1212
1297
1367
1382
1386
1345
1416
1851
2016
1945
1800
1809
2080
2007
1817
2000
2244
2148
1992
2109
2228
2071
1735
1692
1919
2085
2074
1973
2094
2360
2371
2038
1894
1875
1698
1360
1143
1152
1009
582
88
-434
-905
-1368
-1863
-2221
-2366
-2486
-2828
-3130
-3265
-3363
-3629
-3867
-3813
-3554
-3188
-2897
-2602
-2300
-2010
-1861
-1737
-1500
-1141
-874
-703
-428
-130
38
-74
-201
-314
-358
-408
-497
-593
-644
-744
-992
-1236
-1375
-1453
-1617
-1705
-1651
-1498
-1472
-1544
-1614
-1578
-1432
-1339
-1381
-1343
-1134
-931
-854
-790
-722
-726
-718
-650
-518
-374
-268
-325
-243
-45
35
-38
-125
-98
126
344
432
512
542
561
550
593
691
761
788
899
929
979
938
819
841
998
1158
1131
1215
1235
1239
1302
1452
1650
1844
1926
1853
2048
2268
2211
2008
2047
2112
2173
2264
2278
2205
2015
1962
2043
2050
1912
1832
1829
1979
2121
2121
2033
2037
2251
2387
2537
2623
2612
2370
2187
2038
1823
1622
1246
833
348
-185
-910
-1502
-1922
-2318
-2714
-3131
-3400
-3552
-3617
-3829
-3935
-3849
-3686
-3461
-3126
-2772
-2449
-2147
-1915
-1688
-1349
-1011
-836
-687
-454
-265
-254
-296
-355
-454
-540
-617
-733
-812
-887
-1055
-1269
-1364
-1422
-1560
-1651
-1660
-1614
-1586
-1563
-1518
-1475
-1475
-1489
-1455
-1373
-1263
-1209
-1289
-1369
-1235
-1004
-871
-866
-876
-865
-775
-611
-516
-487
-431
-362
-305
-183
-26
46
-2
-34
57
141
217
301
332
449
669
727
730
782
787
836
921
968
1061
1206
1277
1379
1508
1537
1497
1564
1629
1780
2026
2081
1961
1869
1933
2079
2156
2197
2262
2246
2230
2361
2515
2541
2459
2472
2520
2662
2756
2670
2567
2630
2840
3095
3291
3338
3366
3486
3561
3447
3109
2680
2232
1833
1451
1015
194
-757
-1509
-1887
-2201
-2623
-3125
-3687
-3989
-4147
-4200
-4251
-4175
-4146
-3998
-3596
-3054
-2558
-2291
-2096
-1888
-1409
-923
-598
-440
-314
-202
-116
-19
-59
-197
-420
-630
-771
-775
-872
-1151
-1503
-1744
-1861
-1946
-1986
-2084
-2127
-2149
-2107
-2070
-2009
-1940
-1864
-1782
-1585
-1324
-1136
-1069
-1053
-1007
-922
-940
-1032
-986
-857
-722
-742
-741
-806
-811
-842
-857
-746
-628
-514
-538
-402
-296
-180
-136
-55
83
259
464
480
551
605
703
783
966
1094
1117
1151
1161
1248
1365
1546
1522
1540
1640
1790
1935
1984
2004
1974
2093
2186
2301
2389
2487
2428
2308
2418
2588
2692
2788
2999
3015
3092
3088
2978
3016
3187
3457
3539
3743
3769
3746
3760
3887
4021
3709
3257
2690
2506
2304
1834
1042
-186
-1419
-2168
-2239
-2508
-2836
-3364
-4076
-4491
-4583
-4674
-4885
-4766
-4616
-4207
-3525
-2798
-2453
-2430
-2349
-2096
-1525
-869
-353
-173
1
135
92
0
-180
-472
-774
-863
-841
-904
-1195
-1692
-2210
-2569
-2698
-2742
-2805
-2808
-2786
-2731
-2601
-2489
-2419
-2385
-2251
-1937
-1416
-928
-674
-616
-566
-525
-464
-284
-153
-185
-368
-667
-913
-898
-943
-1211
-1450
-1490
-1429
-1327
-1263
-1300
-1278
-1116
-926
-665
-339
-94
70
331
657
844
947
1011
1043
1182
1382
1497
1509
1540
1474
1385
1409
1471
1517
1553
1665
1751
1915
2088
2085
2030
2196
2537
2837
2952
2953
2964
3119
3315
3502
3687
3916
4041
3963
4141
4237
4162
4015
4144
4408
4388
4279
4101
4125
4158
4322
4325
4051
3633
3078
2636
2133
1386
-306
-2053
-2771
-2607
-2644
-3142
-3794
-4783
-5472
-5830
-5922
-5714
-5224
-4863
-4483
-3536
-2761
-2605
-2777
-2586
-2030
-1226
-401
79
298
188
-122
-499
-610
-745
-1136
-1439
-1455
-1438
-1729
-2281
-2971
-3431
-3597
-3567
-3377
-3083
-2858
-2823
-2798
-2576
-2343
-2145
-1852
-1434
-851
-288
-15
3
-30
-91
-390
-455
-119
167
52
-184
-605
-1172
-1418
-1687
-1944
-2153
-2287
-2498
-2317
-1860
-1822
-1972
-2042
-1837
-1460
-783
-233
29
259
453
642
835
1043
1018
964
1179
1376
1418
1268
1023
765
633
691
841
1018
1060
1030
1112
1317
1559
1732
1888
2142
2504
2956
3324
3592
3723
3790
3888
4169
4396
4440
4425
4455
4521
4739
4798
4488
4109
4014
4151
4281
4368
4205
3888
3849
4135
4241
4061
3680
3053
2585
2548
2318
1646
221
-1847
-3139
-2769
-2382
-2938
-3537
-4338
-5213
-5474
-5287
-5254
-5074
-4780
-4523
-3646
-2622
-2420
-2878
-2926
-2367
-1621
-808
-232
-195
-554
-849
-1070
-1137
-1170
-1583
-2071
-2031
-1802
-2097
-2644
-3084
-3490
-3616
-3303
-2832
-2502
-2377
-2412
-2376
-1972
-1541
-1351
-1141
-678
-199
119
386
404
241
92
155
269
365
218
-438
-892
-824
-769
-1004
-1121
-1451
-2036
-2235
-2116
-2171
-2131
-1906
-1718
-1314
-752
-673
-835
-631
-267
81
672
1144
1102
999
1065
929
834
925
836
686
864
954
750
628
583
407
534
858
1029
1224
1511
1610
1739
2256
2688
2794
2995
3395
3667
3817
3905
3852
3917
4232
4351
4272
4251
4182
4137
4255
4430
4358
4320
4334
4382
4488
4362
4156
3897
4024
4255
4414
4130
3603
2884
2187
1897
1504
598
-1140
-2829
-3408
-3139
-3232
-3762
-4327
-5230
-5788
-5598
-5315
-5043
-4715
-4490
-3921
-2779
-2218
-2353
-2371
-2141
-1724
-1014
-284
-101
-465
-960
-1288
-1447
-1569
-1858
-2265
-2430
-2325
-2449
-2706
-2922
-3301
-3556
-3298
-2717
-2282
-2042
-1931
-1800
-1497
-1141
-840
-572
-292
-26
284
596
673
430
154
141
232
276
223
-218
-729
-970
-921
-882
-820
-1049
-1492
-1622
-1878
-1996
-1662
-1075
-1072
-910
-614
-616
-556
-366
-205
9
520
743
761
813
526
154
166
452
521
566
703
587
379
336
301
327
641
1086
1312
1616
1795
1704
1620
1861
2239
2703
3145
3281
3187
3083
3218
3390
3632
3753
3800
3620
3874
3899
3568
3566
3642
3678
3962
4277
4001
3852
3554
3336
3465
3755
3771
3802
3759
3242
2763
2487
2091
1607
1428
1105
278
-970
-2475
-3437
-3321
-3181
-3455
-3419
-3637
-4259
-4345
-4123
-4199
-3814
-3179
-2681
-1893
-1424
-1890
-2241
-2160
-2194
-1927
-1360
-1262
-1570
-1901
-2281
-2698
-2975
-3115
-3112
-2876
-2464
-2301
-2404
-2487
-2558
-2548
-2130
-1509
-1131
-833
-548
-388
-318
-273
-286
-199
23
264
473
539
374
18
-247
-310
-236
-185
-111
-187
-417
-636
-636
-616
-542
-475
-342
-223
-481
-966
-1451
-1373
-1068
-573
-390
-421
-704
-962
-1009
-890
-735
-586
-228
120
333
189
-110
-356
-247
63
517
894
980
842
747
814
840
832
929
1217
1473
1636
1710
1682
1651
1736
1911
2097
2328
2441
2639
2951
3300
3397
3272
3028
3016
3429
3658
3652
3650
3512
3338
3519
3760
3472
3260
3301
3438
3602
3521
3048
2735
2916
2913
2859
2817
2387
1552
1013
893
556
77
-684
-1870
-2954
-3118
-2903
-3306
-3506
-3558
-3678
-3764
-3456
-3630
-3754
-3343
-2918
-2435
-1925
-1914
-2404
-2367
-2278
-2306
-2144
-1997
-2248
-2456
-2467
-2675
-2945
-3122
-3147
-3075
-2823
-2519
-2489
-2499
-2380
-2220
-2051
-1687
-1364
-1221
-895
-526
-349
-264
-157
-124
-2
218
258
248
229
166
57
42
-50
-162
-287
-477
-583
-507
-387
-536
-618
-893
-1157
-1347
-1258
-1235
-999
-795
-823
-845
-912
-1003
-1078
-765
-553
-318
-146
-122
-242
-319
-330
-343
-153
91
269
301
282
226
180
238
349
540
813
1088
1207
1201
1241
1249
1363
1534
1761
1838
1954
2074
2158
2293
2396
2373
2363
2558
2771
2980
3123
3025
2842
2820
2860
2773
2711
2732
2855
2974
2958
2705
2459
2348
2300
2327
2377
2439
2370
2246
2021
1760
1371
960
666
483
304
27
-650
-1696
-2616
-2823
-2744
-2865
-2977
-2933
-3044
-3380
-3495
-3549
-3585
-3464
-3037
-2535
-2189
-2289
-2512
-2511
-2509
-2458
-2259
-2033
-2086
-2119
-2059
-2093
-2237
-2409
-2451
-2394
-2189
-1948
-1799
-1754
-1702
-1615
-1547
-1452
-1294
-1106
-884
-624
-398
-257
-223
-254
-217
-62
51
119
202
248
198
126
0
-157
-222
-211
-158
-169
-232
-450
-654
-772
-705
-606
-636
-641
-614
-506
-558
-592
-600
-501
-368
-203
-25
64
100
82
133
193
207
243
367
507
631
737
712
631
583
620
696
781
928
1028
1117
1143
1166
1163
1170
1207
1238
1362
1506
1629
1690
1748
1747
1711
1772
1843
1954
2015
2083
2113
2100
2046
1914
1875
1836
1912
1926
1949
1889
1830
1794
1721
1676
1604
1598
1499
1427
1397
1366
1321
1283
1255
1193
1150
1125
1038
940
809
667
459
172
-133
-424
-598
-705
-782
-979
-1257
-1519
-1741
-1872
-1948
-2011
-2073
-2094
-2117
-2143
-2152
-2191
-2236
-2232
-2191
-2162
-2102
-2031
-1968
-1912
-1846
-1796
-1782
-1768
-1713
-1616
-1499
-1380
-1324
-1311
-1263
-1200
-1171
-1110
-1022
-915
-770
-597
-455
-353
-253
-165
-76
24
90
139
194
270
365
439
477
454
425
403
381
374
345
347
318
321
267
176
56
-15
-46
-72
-57
-99
-133
-161
-183
-227
-240
-242
-201
-136
-54
26
110
164
190
232
292
379
479
617
746
853
899
994
1071
1137
1191
1219
1256
1304
1382
1463
1544
1590
1630
1650
1722
1783
1830
1863
1884
1953
1992
2089
2090
2078
2038
2042
2078
2085
2076
2030
2023
2032
2060
2024
2002
1952
1935
1902
1883
1779
1689
1612
1525
1453
1296
1145
893
668
335
-24
-351
-616
-769
-922
-1063
-1415
-1749
-2044
-2244
-2381
-2423
-2440
-2516
-2534
-2602
-2648
-2681
-2711
-2764
-2722
-2638
-2574
-2458
-2346
-2261
-2222
-2167
-2130
-2111
-2050
-1959
-1858
-1767
-1669
-1633
-1620
-1575
-1568
-1545
-1442
-1309
-1193
-1045
-911
-805
-706
-610
-547
-488
-399
-324
-206
-86
2
53
115
138
145
115
87
52
34
95
135
109
10
-126
-267
-335
-342
-363
-402
-419
-438
-447
-458
-497
-555
-551
-510
-417
-325
-246
-193
-141
-80
-27
31
110
215
325
476
609
708
756
805
874
921
1061
1163
1250
1333
1421
1498
1533
1571
1570
1670
1782
1889
1936
1943
1946
1951
2030
2060
2075
2037
2013
2017
2045
2074
2043
2016
1965
1894
1856
1807
1801
1762
1753
1706
1670
1588
1487
1386
1250
1214
1129
1112
1007
883
680
484
260
-82
-384
-653
-760
-853
-931
-1175
-1491
-1752
-1932
-1988
-2012
-1994
-2056
-2039
-2020
-2050
-2103
-2153
-2179
-2148
-2036
-1981
-1937
-1879
-1800
-1731
-1674
-1653
-1693
-1685
-1594
-1478
-1388
-1330
-1279
-1249
-1182
-1121
-1095
-1057
-971
-840
-685
-520
-418
-340
-233
-123
-32
39
74
97
182
285
364
397
364
313
238
185
109
24
-34
-35
-40
-101
-210
-374
-475
-515
-485
-467
-446
-454
-400
-337
-288
-310
-321
-287
-189
-69
18
53
51
121
208
298
350
395
459
587
721
807
841
892
1007
1102
1206
1225
1231
1255
1337
1440
1519
1568
1561
1578
1575
1604
1601
1614
1624
1647
1683
1670
1665
1636
1608
1593
1583
1637
1675
1713
1699
1660
1595
1575
1596
1621
1639
1607
1619
1624
1618
1526
1392
1247
1158
1129
1080
925
705
456
220
-2
-298
-628
-896
-1035
-1106
-1167
-1335
-1603
-1811
-1945
-2014
-2017
-2034
-2084
-2089
-2052
-2050
-2103
-2186
-2245
-2218
-2128
-2075
-2067
-2032
-1996
-1934
-1883
-1861
-1901
-1913
-1853
-1763
-1698
-1644
-1587
-1545
-1471
-1410
-1373
-1329
-1243
-1130
-1006
-872
-779
-709
-620
-504
-431
-371
-326
-289
-216
-128
-66
-22
-49
-87
-103
-107
-81
-67
-65
-117
-131
-170
-233
-280
-300
-260
-253
-258
-315
-368
-372
-366
-334
-311
-284
-255
-203
-166
-90
-11
-9
65
113
237
361
476
578
672
721
778
842
900
957
996
1067
1118
1184
1216
1232
1249
1269
1342
1377
1419
1387
1394
1436
1473
1487
1473
1506
1551
1622
1594
1518
1414
1366
1408
1487
1507
1468
1419
1351
1311
1247
1174
1141
1175
1257
1312
1391
1372
1312
1220
1092
1010
970
998
1027
1013
866
631
371
73
-212
-426
-563
-663
-750
-868
-1132
-1404
-1633
-1812
-1922
-1924
-1956
-1990
-1973
-2010
-2065
-2126
-2192
-2245
-2214
-2155
-2122
-2049
-1971
-1920
-1886
-1851
-1857
-1886
-1863
-1782
-1725
-1655
-1606
-1567
-1516
-1481
-1436
-1386
-1300
-1206
-1123
-999
-889
-801
-695
-586
-520
-449
-379
-320
-250
-200
-179
-207
-178
-133
-90
-34
-28
-80
-141
-126
-149
-147
-143
-159
-155
-171
-171
-209
-240
-249
-299
-280
-235
-194
-123
-18
58
83
147
199
283
347
450
534
629
733
768
799
805
794
794
873
958
1009
1052
1062
1075
1129
1221
1250
1348
1402
1430
1530
1604
1668
1692
1754
1761
1791
1774
1802
1819
1826
1852
1839
1857
1801
1774
1685
1630
1567
1571
1601
1590
1578
1496
1464
1389
1285
1246
1184
1135
1046
960
801
694
592
467
346
155
-12
-249
-390
-567
-737
-866
-970
-1072
-1227
-1391
-1579
-1693
-1779
-1774
-1780
-1797
-1814
-1885
-1916
-1963
-1990
-1998
-1977
-1930
-1909
-1880
-1867
-1870
-1854
-1809
-1797
-1776
-1720
-1644
-1588
-1521
-1457
-1425
-1376
-1330
-1270
-1187
-1101
-1014
-910
-807
-736
-655
-581
-497
-399
-325
-289
-310
-324
-311
-244
-184
-156
-170
-213
-239
-252
-235
-249
-233
-211
-156
-136
-165
-185
-205
-180
-127
-81
-73
-58
-25
32
139
193
220
279
321
388
461
507
538
612
687
776
830
851
858
883
961
1045
1147
1228
1282
1311
1347
1381
1411
1443
1491
1573
1640
1670
1674
1642
1640
1700
1727
1744
1706
1686
1671
1678
1689
1602
1576
1554
1565
1543
1512
1413
1356
1348
1314
1332
1313
1283
1227
1225
1166
1103
1054
1020
991
940
872
760
675
584
502
366
225
62
-72
-150
-294
-464
-660
-823
-973
-1074
-1160
-1297
-1402
-1503
-1608
-1713
-1791
-1888
-1937
-1936
-1953
-1987
-2040
-2070
-2095
-2093
-2068
-2067
-2044
-2009
-1946
-1881
-1810
-1794
-1774
-1726
-1642
-1565
-1487
-1422
-1390
-1338
-1287
-1240
-1191
-1144
-1087
-1015
-945
-902
-872
-835
-797
-750
-701
-633
-563
-513
-470
-450
-412
-359
-282
-189
-127
-84
-62
-14
39
82
110
148
184
215
244
256
255
263
291
358
421
435
469
503
539
571
611
666
731
815
887
939
965
1047
1113
1213
1300
1343
1393
1447
1507
1532
1569
1569
1606
1634
1655
1653
1613
1605
1621
1667
1651
1600
1550
1551
1573
1582
1529
1449
1354
1321
1299
1293
1266
1195
1172
1105
1055
970
950
953
970
938
863
801
783
846
827
775
619
517
431
419
368
229
69
-109
-224
-335
-483
-673
-829
-944
-1044
-1137
-1282
-1434
-1519
-1559
-1639
-1703
-1790
-1882
-1903
-1890
-1904
-1941
-1958
-1980
-1947
-1942
-1959
-1951
-1916
-1870
-1824
-1788
-1790
-1796
-1760
-1698
-1641
-1586
-1536
-1485
-1446
-1395
-1346
-1306
-1237
-1162
-1090
-1021
-977
-963
-927
-861
-785
-708
-635
-586
-543
-485
-426
-386
-337
-243
-196
-139
-69
-31
-2
36
89
110
155
183
232
288
332
365
404
457
478
530
573
592
638
686
740
779
832
892
936
1006
1055
1093
1132
1194
1227
1289
1333
1374
1389
1387
1408
1430
1458
1476
1491
1492
1477
1492
1496
1499
1435
1421
1425
1466
1469
1426
1361
1297
1284
1228
1208
1104
1056
993
986
924
843
781
720
728
700
678
627
600
589
566
537
489
453
412
371
358
269
186
72
-20
-119
-209
-297
-393
-484
-591
-712
-825
-887
-985
-1076
-1158
-1251
-1339
-1415
-1472
-1535
-1579
-1637
-1695
-1741
-1780
-1796
-1811
-1819
-1821
-1832
-1832
-1830
-1827
-1817
-1785
-1768
-1741
-1704
-1664
-1626
-1595
-1556
-1524
-1482
-1429
-1368
-1313
-1277
-1243
-1191
-1132
-1068
-1006
-955
-899
-851
-755
-676
-604
-530
-464
-353
-263
-170
-129
-79
-17
47
118
188
241
277
341
405
448
462
472
510
562
617
646
666
697
736
769
785
808
821
896
954
1004
1020
1040
1083
1152
1204
1220
1231
1246
1299
1335
1357
1366
1359
1349
1354
1348
1321
1308
1330
1369
1382
1349
1280
1184
1137
1096
1106
1169
1203
1176
1044
908
791
788
853
876
844
787
747
696
676
596
536
520
577
598
560
500
408
378
359
293
155
84
68
64
11
-85
-269
-386
-461
-554
-646
-765
-872
-936
-971
-1045
-1167
-1287
-1364
-1414
-1429
-1474
-1526
-1563
-1590
-1592
-1602
-1653
-1705
-1716
-1653
-1609
-1610
-1632
-1636
-1599
-1566
-1560
-1577
-1565
-1526
-1447
-1374
-1342
-1339
-1336
-1274
-1203
-1148
-1094
-1053
-981
-887
-809
-764
-715
-654
-568
-487
-415
-349
-285
-195
-103
-30
10
39
80
149
209
257
294
307
346
380
409
410
419
462
515
569
594
619
632
675
718
749
774
798
835
891
952
985
1022
1048
1062
1059
1069
1095
1134
1193
1224
1253
1249
1225
1193
1166
1156
1167
1196
1218
1229
1180
1124
1046
988
963
987
996
991
939
867
825
779
759
714
713
706
689
666
612
600
600
592
569
508
472
426
458
453
414
366
318
252
173
116
22
-40
-75
-123
-213
-323
-435
-547
-625
-711
-807
-894
-953
-999
-1077
-1116
-1212
-1280
-1326
-1355
-1367
-1382
-1375
-1398
-1394
-1405
-1432
-1466
-1475
-1449
-1440
-1392
-1367
-1367
-1361
-1342
-1327
-1323
-1304
-1298
-1266
-1222
-1173
-1130
-1063
-997
-961
-941
-933
-914
-871
-778
-700
-642
-589
-567
-515
-460
-389
-339
-291
-220
-157
-79
-23
39
90
159
222
248
283
308
355
391
434
444
460
482
471
514
528
562
569
592
609
630
663
685
726
758
805
808
831
854
875
907
942
980
1008
1046
1057
1037
994
980
977
1022
1081
1104
1107
1112
1073
1037
999
970
975
999
1022
1002
987
967
947
893
846
790
750
754
762
742
705
656
611
568
527
463
421
396
382
360
330
271
229
192
117
87
15
-33
-98
-178
-234
-322
-383
-488
-570
-659
-710
-767
-812
-871
-974
-1044
-1117
-1141
-1177
-1203
-1231
-1248
-1256
-1286
-1293
-1334
-1345
-1364
-1354
-1335
-1335
-1320
-1321
-1297
-1297
-1283
-1258
-1230
-1199
-1151
-1108
-1064
-1003
-961
-928
-904
-889
-831
-768
-704
-626
-580
-548
-510
-465
-422
-389
-350
-300
-259
-216
-164
-131
-86
-36
4
26
70
122
178
231
266
302
341
386
429
479
533
558
594
632
666
681
712
754
785
806
816
815
823
866
906
948
976
978
969
957
961
980
1005
1058
1071
1072
1060
1059
1047
1060
1052
1039
1077
1081
1098
1071
1049
1019
1009
1004
966
923
882
891
889
889
840
747
709
645
610
551
518
503
495
473
388
279
156
106
95
54
-4
-106
-189
-248
-324
-404
-463
-523
-579
-623
-667
-715
-762
-805
-844
-918
-981
-1024
-1017
-980
-983
-1016
-1077
-1127
-1143
-1141
-1143
-1142
-1157
-1158
-1170
-1194
-1229
-1260
-1254
-1228
-1219
-1207
-1202
-1201
-1192
-1169
-1156
-1136
-1103
-1075
-1013
-965
-939
-899
-835
-779
-749
-695
-664
-601
-528
-462
-393
-340
-300
-248
-182
-134
-89
-44
9
65
138
179
194
254
293
327
366
382
403
442
476
525
515
522
554
557
580
592
621
635
654
667
687
690
710
744
766
768
782
817
837
881
896
900
920
943
946
953
949
945
961
968
959
907
892
884
889
890
877
860
808
791
776
755
724
702
682
662
632
565
535
506
458
421
374
344
298
307
264
220
174
136
133
104
78
11
-36
-77
-101
-158
-206
-244
-272
-273
-315
-382
-445
-485
-524
-537
-549
-587
-601
-604
-629
-692
-744
-783
-796
-785
-779
-797
-821
-820
-853
-881
-897
-921
-908
-893
-887
-919
-939
-950
-948
-968
-960
-941
-948
-934
-922
-908
-889
-864
-854
-821
-775
-738
-708
-667
-618
-582
-530
-475
-430
-398
-368
-329
-284
-226
-175
-144
-112
-91
-45
-20
22
42
62
102
134
175
202
249
290
315
345
373
399
438
456
496
539
542
559
573
596
627
658
668
669
685
686
712
738
736
744
747
751
754
760
758
762
756
728
727
726
736
730
737
716
683
686
691
703
686
646
592
558
546
529
536
528
526
507
455
393
329
320
341
351
324
285
230
218
214
167
109
62
28
-4
-10
-38
-59
-70
-86
-96
-139
-184
-223
-220
-216
-228
-242
-247
-246
-266
-296
-327
-383
-377
-353
-351
-365
-392
-422
-469
-494
-504
-521
-539
-545
-555
-583
-605
-653
-669
-663
-666
-675
-704
-704
-699
-693
-688
-686
-699
-685
-663
-640
-604
-594
-565
-552
-532
-512
-495
-499
-476
-414
-388
-330
-314
-295
-283
-260
-235
-230
-190
-186
-148
-114
-103
-102
-88
-55
-53
-10
8
36
66
99
141
154
177
196
214
255
304
330
339
349
356
376
383
425
450
449
481
489
506
497
526
535
537
541
547
564
560
553
522
501
491
499
510
521
514
497
478
416
390
374
383
416
437
444
425
381
360
344
335
320
330
330
344
321
258
191
139
116
92
101
99
100
89
54
0
-68
-83
-93
-59
-23
-29
-72
-91
-109
-131
-130
-155
-161
-177
-152
-161
-174
-184
-224
-243
-276
-299
-312
-299
-288
-291
-300
-329
-359
-388
-391
-402
-416
-391
-382
-371
-367
-378
-380
-365
-334
-339
-342
-357
-348
-311
-278
-258
-272
-254
-228
-238
-249
-260
-261
-241
-206
-207
-211
-246
-246
-253
-226
-246
-243
-269
-199
-137
-325
-151
-203
-237
-94
-167
-70
-111
-113
25
-80
-6
47
-29
77
107
82
132
87
179
120
173
110
157
155
149
172
118
177
118
168
192
131
143
115
113
142
115
162
149
175
206
165
167
175
207
254
261
286
277
297
290
260
248
212
238
285
297
286
242
204
160
122
113
75
98
115
123
105
30
-11
-53
-106
-99
-114
-79
-51
-48
-29
-32
-54
-65
-63
-63
-35
-11
18
30
23
-5
-19
-16
-29
-14
-14
-28
-44
-67
-100
-122
-133
-130
-120
-135
-170
-224
-240
-239
-250
-266
-283
-286
-262
-238
-249
-265
-289
-276
-259
-241
-219
-203
-159
-127
-154
-182
-200
-187
-164
-133
-122
-96
-86
-94
-105
-162
-200
-209
-168
-150
-150
-176
-189
-193
-181
-195
-227
-224
-185
-131
-110
-105
-113
-100
-68
-51
-57
-46
-14
56
93
107
107
80
90
95
101
108
135
149
168
167
141
115
88
84
62
82
96
106
111
110
103
87
62
29
27
50
93
118
123
119
97
84
80
73
69
86
102
127
141
119
80
80
87
98
108
98
91
111
111
100
74
52
61
84
96
84
71
74
77
67
48
29
22
39
61
69
50
20
14
6
7
-14
-3
13
25
9
-15
-28
-28
-3
5
8
-6
-13
-6
-16
-32
-50
-51
-20
-8
-19
-48
-83
-110
-126
-136
-154
-150
-140
-124
-117
-151
-186
-184
-165
-172
-159
-149
-151
-144
-155
-184
-211
-216
-200
-170
-149
-129
-142
-145
-150
-162
-158
-143
-115
-87
-63
-63
-61
-81
-82
-77
-60
