-50
-49
-31
-27
-21
-24
-25
-10
14
23
3
-18
-6
4
18
34
48
35
27
29
37
28
9
-3
-8
29
35
8
-10
-38
-45
-16
-2
-38
-62
-51
-27
-8
6
-29
-52
-56
-64
-46
-20
-25
-59
-44
-39
-53
-33
-36
-53
-54
-44
-30
-42
-57
-49
-55
-54
-61
-82
-59
-40
-19
-32
-46
-59
-57
-13
13
10
-18
-39
-44
-22
3
25
17
4
-5
-6
28
66
42
9
9
9
17
28
23
-5
-31
-66
-62
-24
-6
4
9
-15
-47
-54
-40
-16
-10
-12
-30
-45
-40
-41
-50
-43
-46
-39
-23
-38
-39
-48
-63
-50
-36
-27
-16
-27
-47
-43
-38
-2
-21
-42
-37
-35
-20
-28
-24
-25
-28
-20
-22
-43
-56
-70
-81
-68
-43
-32
-48
-53
-48
-31
-31
-48
-49
-53
-65
-45
-24
-25
-29
-44
-39
-33
-56
-79
-69
-47
-27
-15
9
-45
-84
-71
-83
-78
-85
-119
-131
-75
-17
-34
-52
-85
-111
-116
-117
-99
-96
-83
-84
-119
-154
-149
-134
-94
-65
-63
-90
-115
-126
-119
-85
-53
-62
-66
-60
-43
-20
17
12
-42
-45
-50
-49
-7
16
18
39
10
-75
-123
-96
-69
-64
-27
-34
-75
-139
-182
-128
-43
-33
-40
-3
-44
-116
-163
-173
-90
60
107
0
-84
-150
-235
-179
66
235
181
48
-29
-58
-64
-28
39
125
166
103
-42
-142
-97
-16
31
50
29
-66
-141
-53
11
-24
-28
-96
-111
-56
-23
17
78
30
-113
-143
-146
-39
103
36
-72
-131
-224
-220
-83
16
38
-18
-133
-172
-167
-100
-49
-68
-30
-69
-164
-121
4
-132
-185
-31
-13
-53
-25
85
-97
-248
-282
-169
48
117
-54
-226
-171
-205
-131
53
-15
-45
-18
-120
-103
55
-80
-272
38
98
-135
0
48
-220
-216
12
-4
-48
-2
-92
-128
54
43
-192
-29
47
-194
-31
181
-61
-135
91
41
-29
217
195
-304
-152
176
28
-39
118
61
-235
-130
-19
-131
52
-88
-394
-44
181
-79
-314
-160
-32
-121
-2
65
-201
-165
83
172
86
15
54
-8
119
354
164
-269
-143
177
170
34
11
-147
-208
67
168
-94
23
-97
-203
-4
-219
-117
44
-111
45
529
-43
-614
76
436
-83
-18
232
-116
-84
182
-33
-97
84
33
40
163
228
-72
-219
148
319
-232
-217
434
57
-331
205
197
-443
-204
424
-2
-468
37
-97
-477
255
93
-566
-6
419
-306
-463
439
164
-533
70
203
-393
-29
481
-242
-390
571
187
-409
157
89
-72
306
-199
-254
137
-196
-254
459
-25
-520
115
271
-292
-253
111
-25
-229
-59
64
123
131
-434
-182
228
330
-37
-49
357
281
-278
311
-119
-550
588
899
-494
-478
668
45
-363
296
-60
-195
278
166
-268
-591
-31
211
-138
-362
-252
231
21
-715
-92
187
-25
118
-264
-77
297
253
-139
140
-118
285
503
-523
-215
681
528
-634
-8
587
-468
-276
551
305
-766
279
881
-1174
-761
960
201
-763
56
442
-307
-333
24
60
-472
197
685
-626
-668
694
210
-945
361
505
-418
-182
157
23
-102
194
-61
-209
483
374
-456
-270
605
-222
-633
180
-106
-82
209
-104
-262
234
-270
-330
-235
-289
30
-78
-298
559
109
-685
-104
83
188
188
-170
-104
544
-138
-659
660
282
-582
307
80
-501
108
-57
-427
8
112
75
50
-216
-90
294
13
-445
322
263
-471
0
798
-245
-792
792
220
-727
105
768
-235
-682
586
305
-900
244
545
-508
174
507
-488
-471
488
-136
-302
820
-650
-431
946
-394
-101
807
-635
-157
956
-508
-572
1079
-229
-485
1311
-83
-594
845
-180
-824
976
-22
-870
717
430
-1109
597
626
-1196
454
883
-1602
-396
774
-630
452
957
-507
-82
198
-1084
626
822
-1097
251
374
-461
37
-469
-398
508
-461
-461
1426
-903
-502
756
-395
29
-422
-277
342
293
-573
1003
437
-1516
698
791
-1378
671
696
-1025
33
803
-541
27
302
-532
103
87
-104
20
-414
-376
480
-151
-70
6
1
341
-329
160
133
-311
121
282
723
-433
-744
105
410
-649
-652
1109
9
-948
606
1200
-886
-1244
695
1162
-878
-154
1944
-615
-1551
1073
743
-1321
-500
1413
-568
-834
409
47
-106
-494
379
870
-801
-696
727
-20
-771
481
315
-339
-124
135
491
-397
-918
573
725
-572
496
477
-42
-608
-353
808
-166
-981
1320
766
-1006
-313
339
438
-1141
-296
1741
-701
-1422
886
980
-1112
-802
1672
344
-1783
421
1983
-1120
-1606
1538
728
-1614
-25
1866
-531
-1065
679
226
-319
-370
241
616
109
-959
-233
1058
-514
-1325
1607
844
-1290
-177
1612
-480
-2117
1019
1734
-1418
-496
1789
59
-1723
326
2159
-1426
-1687
2356
568
-2560
1038
1150
-1513
-746
1537
-13
-1267
1497
246
-1136
948
-434
-889
925
773
-1055
-319
1604
-1260
-1630
1722
583
-2116
568
2218
-1265
-2066
2138
271
-2462
1366
1348
-1000
-293
104
-58
77
41
123
1350
-336
-928
1180
-13
-1238
657
437
-383
-421
270
390
-826
-98
1068
-415
-635
477
522
-688
-983
1022
171
-760
540
1205
-388
-686
879
60
-1095
1084
892
-989
210
182
-24
-709
323
1366
-1338
-387
1587
-508
-1542
1239
874
-1646
758
775
-1514
-147
675
-231
-279
801
190
-888
356
951
-706
-248
745
-629
-450
1035
-31
-1062
986
675
-1879
604
1169
-1151
140
1351
-554
-1403
754
395
-731
-172
491
309
-760
356
1053
-228
48
910
-213
-931
391
316
-450
-638
1120
5
-343
297
751
-1164
-447
1477
-317
-433
247
-30
144
-510
310
-381
-309
707
130
440
-115
325
-584
-98
883
-614
1
1437
-164
-1406
270
1021
-899
124
1313
-397
-1199
652
489
-1272
841
1056
-735
-706
724
569
-1522
812
743
-1061
-180
821
159
-897
1015
-22
-719
845
93
-595
107
643
-875
-386
566
-866
-418
694
301
7
26
39
-169
21
558
-509
569
-87
-556
486
-178
55
-865
152
35
-634
453
14
-263
-211
-225
688
-309
-405
1117
373
-1394
319
1200
-1278
315
1569
-1342
-259
1152
-1182
-312
857
-779
-197
1017
-226
-487
570
324
-1142
-160
960
-292
0
515
451
-361
111
104
-396
652
185
-232
642
-386
102
-152
-389
401
-798
653
752
-1678
191
1277
-1527
-905
2087
-1190
-1718
2354
-879
-1093
1186
-201
-1414
1327
-465
-549
882
-30
-868
298
1224
-1237
1231
654
-826
383
922
-872
-905
1603
243
-1389
737
1150
-1741
-572
1116
-435
-1349
1064
376
-1470
638
-219
-269
59
-19
-173
293
-298
345
-97
-223
662
-1475
510
683
-996
-567
1444
-489
-1167
1161
-119
-305
266
519
524
-283
-523
636
-501
-725
387
664
-1004
-277
958
-668
-771
-662
488
-305
-586
-274
1263
-1033
-1345
1565
137
-1170
434
1446
-948
267
259
-40
26
316
-123
-379
1176
-930
-678
1050
31
-705
294
8
-118
-364
-1087
934
304
-1412
206
955
-1207
-70
408
-687
-52
-295
181
435
-1153
639
317
-844
539
-67
48
541
-40
54
390
-757
-276
965
-365
-295
483
-531
377
-295
-545
697
-112
-371
153
74
-834
-46
-8
120
753
-333
-869
814
-355
-358
524
-543
-74
-274
272
1005
-533
-266
129
-493
-667
776
361
-834
434
345
-618
124
-610
-552
800
-236
-536
790
-129
-1220
-22
1094
-716
-781
1281
-584
-955
593
-335
-382
-59
73
424
-465
-322
53
-494
101
-33
769
-397
142
-287
96
115
569
-974
251
395
-219
-414
420
204
-1328
764
1014
-981
460
136
-184
86
-506
334
152
-907
-172
908
-632
-857
525
-261
-817
633
859
238
-1866
714
1288
-1759
365
1772
-1843
-233
1564
-867
-710
1644
-875
-124
936
-768
421
453
-1213
-43
-216
-354
57
601
580
-629
-328
268
26
-320
652
-345
-693
246
-909
1543
-239
-1290
1251
-949
-956
1333
-595
-359
1966
-2144
175
1827
-1356
754
1330
-1689
59
723
-593
820
180
16
390
-846
166
211
-1324
-312
1526
-1490
247
1521
-1626
-203
952
-1269
-382
1676
-422
-708
403
266
-1391
362
173
-40
-1019
622
439
-971
329
400
-326
-526
777
41
-460
925
326
-703
349
569
210
-181
-77
335
-226
-652
323
-276
-536
362
164
-232
516
-638
-33
1366
-988
-591
609
-198
-1587
1166
603
-490
460
647
258
-1033
615
289
-513
768
-834
17
465
-1047
-7
1031
-485
-430
1323
-793
-554
924
-800
-767
1328
-496
-398
1149
-1120
0
683
203
-131
156
249
-866
649
-476
-721
439
650
-770
410
192
-573
-638
363
843
-625
-452
456
-122
-960
1093
257
-800
-259
633
-174
-931
871
-175
-935
778
127
-1070
116
-14
-802
446
185
-407
151
356
-871
-381
374
5
-308
-45
271
-319
-480
584
-121
38
157
-440
355
-250
-685
62
804
-532
-101
322
-589
415
-348
482
600
-1681
1702
401
-1522
620
734
-2195
579
1370
-1292
516
718
-334
-655
922
-172
-1202
609
36
-362
-189
334
-427
-572
798
-310
167
8
-465
-124
509
-25
-284
803
-39
-516
371
-20
-294
328
517
-378
-139
341
-177
623
-898
60
951
-1423
575
778
-301
-1194
513
350
-978
-50
907
-125
-1004
461
1490
-1674
-181
1428
-1126
-731
1314
-743
-1058
1454
-352
-878
999
269
-889
798
-300
-361
823
-84
-753
-131
614
-1129
110
528
-603
-1046
1379
-53
-1533
1017
21
-2097
726
985
-1021
-9
539
-331
-448
139
319
8
-537
669
60
-747
-347
32
123
415
-236
464
108
-578
-317
1192
-1076
263
926
-915
-339
961
-405
-292
214
-767
84
-225
633
-317
-57
196
-662
-168
338
-549
134
880
83
-1064
568
-244
-574
447
445
-824
371
795
-224
-306
-421
404
-317
260
146
-105
39
-974
426
-19
-821
360
777
777
-625
701
299
-1201
-674
1149
-751
-424
1174
259
-572
241
119
-467
-419
1183
263
-1885
880
534
-452
46
377
-73
627
-182
-39
1192
-626
-1792
1167
381
-1124
730
1206
-1102
-1027
964
136
-1182
312
649
-494
-45
-585
-111
-381
0
-98
-473
457
-33
-492
239
31
-244
8
943
861
-1247
-136
1086
-1342
-574
599
-323
474
155
522
-442
-265
-282
656
-700
-294
1128
-781
404
-203
-551
724
-987
647
899
-1009
48
402
-410
-586
440
896
-194
-254
-209
296
-499
-442
952
-325
-480
473
-345
65
-24
-258
-597
85
-323
-544
1385
481
-1362
859
1399
-2312
148
1304
-668
-535
582
288
-1003
-138
246
-10
-359
-37
696
77
-1129
557
611
-710
759
285
-88
-42
-1277
1264
214
-596
1075
667
-219
-537
1432
-592
-990
1184
-486
-765
155
247
-78
-30
-927
-165
520
-8
545
413
-669
-648
1251
-445
-1048
733
-781
268
483
-398
682
-19
-323
1023
210
-899
428
525
-335
-22
601
-728
-165
363
-228
81
-230
-868
708
-15
131
1006
-873
77
381
-1353
753
-151
-1352
1295
-485
-430
1146
1037
-993
1290
62
-465
971
-491
60
-1167
114
891
-697
-29
-965
-605
215
610
560
-739
370
341
-448
-738
501
-712
-828
1395
802
-1350
465
697
-874
354
-224
-300
453
-84
215
1112
-304
-871
1129
-726
-325
394
-72
343
-173
571
240
397
-1075
219
444
-498
615
-112
-407
-298
524
-199
317
-619
24
889
-1341
1170
74
-923
1253
-128
265
499
730
-1328
815
620
-1107
1244
-747
-94
715
-37
-217
590
-1242
468
1201
-862
427
49
-412
-546
-467
587
213
-665
1513
-580
-767
900
114
-393
138
509
-88
-630
-933
630
359
-196
730
344
-516
-7
1471
-1370
-315
752
-60
-204
911
-295
-252
751
-608
152
217
53
-858
470
309
-759
-136
1285
-602
-1011
804
-475
-1325
1458
649
-1719
885
723
-1371
977
726
-1005
-321
834
502
-788
631
-170
218
-78
-305
501
-1009
86
1179
-709
-649
918
-257
-1034
2161
-522
-728
581
-520
388
-294
690
-518
-574
303
59
-250
370
-300
-39
-18
244
-695
-202
1571
-65
-1615
1594
25
-1575
667
1754
-1187
-894
2442
-1007
-1686
2408
-336
-1148
1261
-440
-270
-183
69
-711
359
-701
-852
1370
-568
-30
995
-1478
512
464
-665
1018
25
-131
-170
214
-658
-461
771
26
-831
417
722
-1561
133
1080
-510
688
686
-662
-804
653
81
-651
741
-186
-550
395
815
-934
-605
915
-36
-1533
1110
-124
-1237
989
204
-1390
368
1156
-1611
292
1236
-1724
200
970
-1183
-18
122
615
-551
-206
459
-767
-642
169
432
-458
-724
1341
255
-2290
1221
886
-1700
181
1482
-727
-1692
1852
312
-2000
878
542
-532
-474
653
473
-1466
377
1556
-1614
-202
1266
-183
-1475
1447
668
-2369
1155
684
-612
218
1052
-356
-955
1225
-854
-395
952
-523
705
-646
-1277
729
150
-774
647
1031
-1095
-180
1023
-790
-456
352
298
-399
14
164
-113
-400
-330
374
-133
-819
817
-214
256
-1053
521
135
-267
8
180
481
-766
314
115
-14
-14
198
-220
622
-4
-317
278
-162
-279
-143
831
-251
-80
396
-253
46
204
-733
980
44
-272
1120
-1144
-563
480
392
-557
151
135
-709
671
-934
-257
620
-498
166
542
350
-935
614
555
-1228
26
1740
-1525
-255
774
-165
39
-884
710
-64
-341
66
1259
-882
-2299
2136
637
-2885
1658
1228
-2498
1410
649
-1390
388
691
-684
-987
1388
-429
520
874
-375
-233
367
470
-207
341
980
-378
-45
493
-956
601
107
-551
1515
-14
-438
91
11
-347
326
-89
-354
838
-808
-455
1180
-585
-498
1288
435
-607
240
266
-1065
-286
1006
172
-882
1360
-355
-1348
1831
277
-1000
1309
339
-1173
251
770
-296
-348
1231
144
-741
649
133
-1291
266
390
-665
-160
350
-1073
404
562
448
-60
-490
-558
405
589
-448
660
-1087
-588
1574
-1459
970
279
-1097
1725
-1216
-1042
438
427
-305
439
594
-817
-149
-410
389
60
-437
-349
547
-12
-707
910
-1241
-412
-51
-601
1306
-92
-999
559
-925
-1211
1287
-701
-10
378
-1007
-61
6
-13
-857
700
383
-962
442
879
-1400
395
244
-785
-398
755
-586
-1094
1408
-566
-936
177
-413
-433
158
778
-1169
107
889
-1965
903
931
-1775
590
67
591
-426
-41
1130
-1525
434
1027
-1153
-143
846
-438
-1453
1548
-421
-972
887
277
-1376
1509
-1105
-945
1058
-802
623
-68
290
-1317
727
519
-1035
840
-5
-825
509
-12
-272
-495
490
-373
-368
954
-645
-482
1221
-998
0
364
15
-442
-13
264
-373
-579
1192
-336
2
-187
-668
754
-1267
-79
545
-58
-394
851
366
-615
-1121
1086
-34
-626
423
1015
21
-1158
1189
-1055
-1067
1170
444
-120
481
-211
-262
1920
-793
-158
1009
-224
41
147
414
-288
-184
-453
1690
-213
-1709
1965
245
-1320
1711
-3
-1833
1188
1486
-636
1511
316
-927
1318
-591
531
1621
-424
922
1112
-677
526
1368
-1313
963
2247
-944
1288
1012
-845
386
1197
486
-400
593
785
383
-53
441
484
-481
481
752
-548
478
1626
-751
389
1082
-2086
646
2620
-1118
357
2274
-2282
-10
2565
-1097
290
1580
-64
64
269
335
-627
-797
1150
1172
-629
894
-238
-67
-608
752
1099
-1053
782
1102
-496
169
144
-580
350
664
1398
92
-964
642
-303
-405
1619
126
105
246
263
45
-331
544
146
-105
491
-494
635
419
-911
1340
-193
182
333
518
19
-966
625
726
-1138
-781
1638
-697
-1112
2061
-177
-2069
970
1702
-602
-655
1494
215
-1414
935
1170
-881
-113
1088
-1131
-157
1224
-842
-513
735
-527
435
86
-463
-152
-2
-240
45
-125
-509
879
-626
-518
780
-969
34
442
-683
-1028
-71
-357
442
-360
-1230
278
-1384
-505
919
-187
-886
-638
-286
-1083
124
-577
-681
738
-1240
-1366
657
-1364
-1887
487
-909
-1923
0
-682
-1904
-204
-534
-1437
-521
-351
-1467
-888
-96
-1149
-989
-1111
-1287
-825
-668
-254
-1292
-820
-397
-944
-1171
304
-1101
-1550
158
-434
-1027
-988
-488
-880
-1551
-155
51
-2116
-432
-89
-1939
-508
-330
-1896
145
115
-1126
242
-43
-1966
-273
477
-1124
237
573
-671
-705
139
-508
-1351
585
178
-937
-121
121
-1426
-447
591
-2155
388
862
-1595
-465
854
-1012
-1453
926
27
-1009
587
140
-1019
-225
679
-544
-675
947
-500
-1127
710
-393
-753
653
-276
-551
60
304
-581
-452
606
-237
-408
571
0
-701
315
667
104
127
762
-322
-898
775
285
434
314
654
-137
-325
664
269
119
343
1244
418
-741
576
426
-420
749
810
454
524
-13
78
473
386
255
975
706
174
1244
1099
-814
698
1795
-373
1223
2231
-100
-225
306
646
674
659
929
594
1103
616
440
340
1022
498
484
1970
481
-239
864
789
523
794
371
772
485
389
837
1046
150
375
1497
674
554
976
480
172
877
1020
806
697
-135
129
979
402
539
1571
729
-654
880
1126
-576
728
1294
-406
567
1281
-469
-367
366
143
109
366
192
87
-191
-529
343
510
-67
203
466
-25
-507
366
47
-490
124
413
341
123
-50
-227
-141
-246
-155
-295
135
-78
-415
-124
59
-805
-708
253
-233
-431
-74
-139
-1135
-846
-209
-300
-502
-586
44
-714
-970
-61
-193
-658
-203
98
-326
-265
-180
-421
-662
-151
-29
-324
26
-323
-713
-377
-356
-747
-388
-86
-338
-377
-355
-295
-528
-615
-327
-175
-277
74
-103
-451
-312
-147
194
299
20
-112
233
-206
-320
38
207
-111
96
177
-52
144
24
256
214
194
323
437
443
515
555
414
459
217
223
237
663
687
479
119
-7
-10
105
415
410
335
-85
-96
172
110
14
229
275
204
561
757
126
-270
3
54
164
662
497
-59
-63
360
-15
11
191
-94
1
392
619
211
144
-128
-121
53
288
158
-101
-92
-267
-358
-170
-217
-770
-578
-445
-493
-401
-263
-540
-718
-592
-433
-392
-440
-373
-750
-841
-588
-630
-686
-578
-479
-677
-626
-669
-853
-797
-611
-482
-566
-553
-724
-850
-784
-497
-586
-701
-658
-657
-708
-765
-532
-795
-832
-673
-417
-364
-438
-371
-467
-411
-276
-224
-95
70
23
20
260
504
459
463
694
756
651
941
984
645
872
1175
1412
1642
1731
1074
685
1056
1233
1213
1339
1337
1062
846
999
951
511
445
498
605
790
969
576
7
-14
158
194
422
750
318
-100
16
216
19
109
365
104
-123
394
433
6
-56
-25
-246
-166
272
-184
-600
-576
-732
-1014
-1235
-1574
-2296
-2564
-2442
-2670
-2871
-3174
-3331
-3650
-3611
-3295
-3453
-3567
-3489
-3398
-3170
-2920
-2817
-2909
-2941
-2904
-2684
-2550
-2551
-2619
-2567
-2401
-2271
-2131
-2171
-2238
-2177
-1983
-1679
-1401
-1211
-1183
-1093
-783
-560
-367
4
402
695
1080
1406
1433
1559
1779
2130
2602
2956
3317
3426
3447
3362
3445
3617
3844
3963
3928
4028
4306
4644
4403
4659
4750
4753
4934
5482
5480
5208
5086
4787
5233
5524
5825
6237
6291
6309
5627
5345
5039
5282
4408
1383
-2288
-4287
-3842
-3551
-3250
-3795
-5740
-8037
-8578
-8238
-8347
-7909
-7266
-6261
-4399
-2442
-2069
-2606
-2547
-2209
-1071
1324
3151
2933
2249
1968
1391
611
342
-191
-1221
-1555
-1263
-1516
-2632
-3966
-5281
-6143
-5768
-4722
-4221
-3943
-3725
-3611
-3277
-2539
-1904
-1501
-888
296
1262
1877
2196
1823
1154
1005
1371
1511
850
241
-392
-723
-1427
-1877
-2964
-5325
-5770
-5037
-3675
-3628
-3062
-4100
-4482
-3579
-2452
-1291
-802
382
499
1627
2377
2072
1109
1029
1820
2030
2923
3130
1751
644
582
716
656
968
1063
933
1579
2385
2366
2039
2374
2852
3774
5347
6073
5554
5270
5481
5784
6452
7497
7482
7215
7280
7356
6528
6078
6020
5763
6266
7344
7060
4942
3638
2988
2818
1642
-1832
-5344
-5396
-4352
-4785
-4094
-4817
-7810
-9335
-7887
-6778
-6033
-4770
-4333
-3470
-1608
-376
-690
-659
-394
-373
1199
3311
3339
1731
835
78
-1128
-1515
-1520
-2454
-3443
-3393
-3398
-4042
-4795
-5468
-6086
-5573
-4106
-3037
-2479
-1944
-1825
-1700
-759
359
746
866
1439
1994
2122
2172
1859
779
-26
-21
-86
-219
-632
-1494
-2478
-3540
-3795
-4082
-3541
-3447
-3058
-3194
-4280
-4920
-4662
-3246
-2306
-856
-421
-386
-122
72
294
297
906
969
1570
2223
1885
860
24
-232
-505
107
886
998
531
520
485
615
1201
1948
2501
3462
4332
4542
4615
4923
5317
5485
6122
6491
6500
6424
6672
6345
6081
6662
7033
6770
6444
6722
6316
6243
6589
6779
5596
4671
4647
4635
4207
895
-4287
-7412
-5829
-4557
-4160
-3929
-6011
-8780
-9092
-7538
-7201
-6288
-5015
-3820
-1747
619
1041
-368
-975
-789
323
2601
4085
3011
1169
37
-1167
-2268
-2709
-3463
-4494
-4439
-3769
-3980
-5073
-6095
-6823
-6664
-4847
-2917
-1906
-1326
-947
-756
-191
692
1097
1200
1693
2345
2665
2485
1758
360
-793
-1134
-943
-1041
-1316
-2024
-2815
-3421
-3553
-4002
-4581
-4143
-3275
-3058
-3878
-3604
-3547
-2858
-2142
-1148
-1040
-670
26
-18
461
672
576
61
765
911
399
190
-262
-775
-990
-269
-193
-287
-65
-49
195
879
1684
1744
2262
3177
3911
4448
4773
4756
4564
5318
6157
6263
5956
5735
5455
5171
5919
6064
5811
5455
5749
6018
6081
6397
6073
6002
6177
7130
6914
6185
5648
5334
4549
1292
-3994
-7011
-5381
-4174
-3966
-4011
-6043
-8922
-9721
-8680
-7724
-6145
-4840
-3591
-1305
814
402
-1093
-1035
-449
580
2811
4260
2927
816
-610
-1931
-2865
-3204
-3888
-4574
-4265
-3859
-4439
-5398
-5985
-6413
-5884
-3779
-1736
-1051
-556
-28
137
484
1100
1530
1673
2172
2492
2364
1664
494
-858
-1695
-1743
-1711
-1869
-2267
-2756
-3428
-3699
-3717
-3849
-4146
-3404
-2785
-2367
-2058
-1915
-2126
-2120
-1456
-1076
-328
121
386
57
112
-35
-612
-682
-495
-318
-360
-256
-659
-1244
-1294
-1068
-694
-65
552
700
1090
1601
1920
2199
2782
3405
4154
4805
5056
5038
4868
4831
4856
5157
5274
5320
5234
5216
4938
4598
4562
5183
5736
6120
6004
5260
5196
5738
6624
6727
7258
7470
7078
6334
6007
5484
4635
2622
-2988
-6791
-6011
-4255
-4618
-4788
-6281
-8957
-9405
-8411
-7431
-6320
-4605
-3841
-1789
755
1087
-325
-701
125
776
2369
3505
2790
526
-988
-2084
-3012
-3601
-4398
-5022
-4848
-4085
-4300
-5173
-5794
-5868
-5291
-3445
-1337
-391
-170
139
415
645
1212
1496
1499
1633
1911
1603
812
-180
-1552
-2540
-2614
-2342
-2393
-2543
-2856
-3248
-3421
-3492
-3580
-3275
-3265
-2985
-2321
-1432
-1283
-1518
-1863
-1858
-1242
-606
-47
-7
36
-346
-544
-529
-664
-1041
-1129
-833
-708
-489
-501
-787
-792
-414
177
877
1556
2107
2312
2495
2829
3104
3488
4090
4732
4917
4987
4734
4517
4279
4340
4215
4131
4465
4798
5284
5285
5127
4530
4704
5833
6661
6783
6503
6457
6362
7146
7594
7542
7327
6573
5674
4872
5008
2106
-4036
-8423
-7602
-5824
-5306
-4807
-6769
-9293
-9914
-8639
-7735
-5663
-3834
-3249
-1134
1819
2231
382
-99
102
653
2391
3885
2783
393
-1524
-3243
-4105
-4174
-4788
-5848
-5501
-4519
-4510
-5062
-5403
-5744
-5360
-3225
-780
509
746
659
535
721
1334
1699
1600
1554
1486
1000
347
-625
-2115
-3213
-3249
-2808
-2605
-2701
-3136
-3827
-4176
-3990
-4075
-3779
-3147
-2323
-1774
-1280
-1270
-1755
-1862
-1709
-1148
-650
64
-31
-380
-659
-1041
-1444
-1499
-1251
-1132
-682
-246
-175
-360
-288
-61
499
1344
2105
2477
2906
3273
3481
3566
3714
3978
4068
4683
5005
4790
4310
3847
3680
3738
4361
4913
5036
4545
4254
4858
5726
6249
6167
5882
5790
5924
6248
6054
6217
6431
6673
6679
7061
6591
5077
3933
3587
2208
-2673
-7057
-7697
-5827
-4984
-4706
-5894
-8129
-8947
-8473
-7416
-5523
-3395
-3031
-1593
929
1677
424
-394
-357
-63
1382
2557
2111
248
-1615
-3340
-4314
-4311
-4633
-5220
-5122
-4350
-4229
-4567
-4831
-4815
-4363
-2910
-894
535
834
727
586
638
1144
1491
1440
1097
916
498
-130
-935
-1818
-2797
-3244
-3008
-2776
-2769
-3167
-3409
-3565
-3237
-3289
-3200
-2893
-2214
-1629
-1342
-1363
-1762
-1776
-1728
-1240
-798
-568
-631
-780
-821
-1048
-1200
-1393
-1365
-1078
-524
-18
119
6
-173
0
598
1388
1894
2182
2378
2574
2908
3160
3420
3674
4099
4516
4836
4683
4244
3683
3616
4071
4623
5073
4716
4483
4574
4972
4760
4918
5245
5596
6455
6993
6794
6030
5947
5679
6171
6892
7332
7149
6618
5809
4300
3395
1442
-3131
-7485
-7379
-5307
-4675
-4761
-6102
-8234
-9305
-8774
-7589
-5633
-3708
-2809
-1472
674
1328
-142
-1145
-740
-28
1175
2407
2041
247
-1665
-3201
-4314
-4385
-4511
-5016
-4824
-3935
-3761
-4434
-4797
-4956
-4486
-3050
-1073
223
672
600
316
419
749
1033
907
938
959
685
103
-796
-1896
-2948
-3163
-2975
-2579
-2454
-2496
-2827
-2841
-2963
-3101
-3464
-3339
-2672
-2214
-1548
-1468
-1467
-2093
-2032
-1947
-1248
-619
-408
-364
-613
-539
-1065
-1080
-1162
-997
-697
-191
175
-41
-9
-142
154
591
1362
1765
2170
2664
2914
3000
3147
3418
3554
3944
4445
4807
4850
4554
3805
3431
3744
4218
4508
4736
4939
4936
4793
4697
4716
5203
5807
6205
6280
6250
5855
5459
5752
6010
6577
6681
6773
6163
5514
4500
3275
1137
-3633
-7169
-7207
-4878
-4382
-4480
-6073
-8229
-9161
-8716
-7340
-5864
-3913
-3228
-1623
174
797
-488
-1449
-1021
-86
1446
2337
1973
142
-1543
-2852
-3534
-3714
-4024
-4625
-4371
-3462
-3412
-4277
-4873
-4969
-4495
-3043
-1312
-197
86
177
-30
113
514
680
544
603
801
571
134
-773
-1855
-2769
-2891
-2628
-2392
-2532
-3060
-3394
-3205
-3066
-2749
-2407
-2603
-2965
-2582
-1482
-1061
-951
-1471
-1694
-1507
-659
-442
-649
-660
-904
-900
-724
-460
-1082
-1268
-955
-434
-81
72
-121
-360
105
652
1114
1545
1941
2022
2539
3232
3483
3236
3158
3489
3993
4674
4943
4541
3964
3780
3832
4168
4405
4230
4194
4546
4776
4804
4783
4589
4360
4993
5616
5856
5584
5408
5261
5542
5996
5790
5890
6132
5839
4903
4433
3640
1128
-3480
-6794
-6483
-4868
-4412
-4715
-6002
-7669
-8463
-8358
-7690
-6310
-4863
-3917
-2022
244
721
-619
-1353
-925
-169
1059
2113
1837
500
-791
-2041
-2797
-3151
-3927
-4734
-4357
-3345
-3230
-3873
-4364
-4744
-4745
-3622
-1964
-929
-626
-517
-402
118
480
416
40
124
409
520
180
-630
-1657
-2639
-2795
-2545
-2322
-2540
-3118
-3579
-3700
-3690
-3595
-3175
-2668
-2284
-1749
-1403
-1321
-1386
-1246
-931
-295
306
453
189
-20
-156
-409
-354
-243
-353
-470
-221
-29
33
160
167
310
806
1462
1814
2067
2498
2695
2890
3226
3561
3723
4168
4543
4312
4057
3828
3693
3671
3949
4005
4089
4459
4593
4401
4122
3853
3708
4109
5058
5520
5398
5034
4851
4803
5179
5417
4987
4836
5472
6292
6247
5490
3926
2184
642
-2070
-4681
-5212
-4347
-4534
-4949
-5593
-6934
-8024
-8359
-7880
-6701
-4855
-3792
-2774
-1446
-660
-1040
-1392
-919
-308
456
1198
1470
905
-55
-1248
-2250
-2749
-2980
-3305
-3313
-2911
-2995
-3715
-4189
-4349
-4350
-3888
-2992
-2047
-1384
-928
-842
-672
-382
-135
-154
19
286
283
141
-190
-716
-1408
-1795
-2063
-2162
-2419
-2779
-3219
-3416
-3356
-3433
-3354
-3175
-2742
-2408
-2004
-1649
-1383
-1088
-809
-304
147
487
490
488
617
643
518
92
-64
-130
171
421
548
531
372
359
439
993
1387
1814
1971
2291
2682
2975
3052
3049
3368
3728
4256
4508
4524
4285
4003
3741
3737
4095
4249
4183
4232
4402
4494
4187
4145
3978
4142
4340
4727
4798
4642
4466
4164
4347
4706
5421
5761
6055
5551
4794
4003
3296
1036
-2661
-4782
-4524
-3576
-3435
-3918
-5678
-7205
-8037
-8203
-7784
-6530
-5526
-5004
-3567
-1829
-1095
-1744
-2182
-2082
-1170
217
1291
1508
1136
408
-624
-1141
-1271
-1670
-2386
-2537
-2222
-2115
-2607
-3302
-3971
-4255
-4056
-3525
-2900
-2331
-1966
-1862
-1463
-950
-781
-1065
-1113
-764
-277
11
-29
-287
-621
-976
-1309
-1453
-1622
-1895
-2207
-2411
-2606
-2807
-3037
-3104
-3035
-2858
-2628
-2362
-1975
-1626
-1279
-903
-338
116
395
553
617
781
845
858
721
731
755
840
802
641
528
407
434
538
771
1010
1259
1483
1776
2069
2295
2613
2907
3162
3459
3846
4059
4040
4126
4337
4362
4393
4546
4643
4565
4630
4599
4248
4038
3982
3939
3885
4040
4061
3994
3906
3647
3571
3836
4234
4525
4993
5482
5172
4323
3229
2316
583
-1622
-3036
-2878
-2515
-2857
-3684
-5077
-6149
-7009
-7526
-7583
-6590
-5649
-5066
-4212
-3102
-2541
-2807
-2904
-2590
-1664
-499
470
985
1232
1003
275
-275
-390
-559
-984
-1285
-1316
-1423
-1820
-2523
-3311
-3811
-4017
-3993
-3698
-3101
-2705
-2624
-2601
-2418
-2183
-2027
-1895
-1603
-928
-314
-20
72
43
-108
-503
-768
-892
-985
-1320
-1745
-1972
-2031
-2067
-2566
-2952
-3152
-2931
-2760
-2436
-2029
-1635
-1341
-1172
-801
-326
129
296
508
952
1372
1528
1462
1433
1419
1349
1278
1231
1302
1261
1172
1106
1222
1266
1197
1179
1334
1702
2112
2439
2619
2821
2949
3069
3319
3539
3829
3998
4350
4497
4450
4181
3929
3979
4013
4075
3877
3806
3694
3597
3603
3601
3692
3547
3382
3160
3222
3421
3601
4055
4210
3978
3244
2689
2107
1429
140
-1525
-2339
-2440
-2412
-2873
-3565
-4634
-5515
-6040
-6192
-5848
-5277
-4891
-4798
-4266
-3480
-2959
-2809
-2727
-2411
-1713
-767
-77
371
574
414
82
-88
-15
-129
-459
-827
-1028
-1156
-1454
-1887
-2455
-2834
-3085
-3178
-3086
-2854
-2735
-2817
-2818
-2663
-2356
-2119
-1873
-1581
-1204
-786
-468
-274
-164
-223
-430
-549
-485
-443
-625
-910
-1208
-1416
-1547
-1839
-2179
-2320
-2221
-2113
-1899
-1742
-1617
-1550
-1441
-1195
-806
-303
35
294
546
849
1022
1108
1127
1222
1366
1502
1520
1535
1476
1336
1238
1277
1338
1340
1313
1313
1479
1700
1891
1972
2148
2306
2400
2466
2634
2835
2943
2947
2974
3024
3033
3021
3090
3219
3397
3418
3310
3252
3341
3334
3313
3241
3242
3232
3179
3055
2957
2999
3126
3406
3677
3841
3595
3257
2832
2424
1935
1163
-151
-1214
-1545
-1602
-1809
-2285
-3007
-3862
-4413
-4793
-5045
-5116
-4931
-4804
-4580
-4010
-3478
-3248
-3208
-3049
-2750
-2106
-1453
-986
-713
-484
-381
-430
-375
-360
-481
-715
-776
-728
-700
-802
-1142
-1591
-1953
-2179
-2343
-2397
-2365
-2390
-2407
-2376
-2253
-2163
-2166
-2186
-2109
-1810
-1431
-1126
-975
-836
-748
-708
-684
-666
-701
-727
-639
-526
-383
-344
-463
-678
-763
-724
-657
-606
-542
-488
-418
-302
-153
-44
-26
-61
-53
126
371
560
637
681
718
821
949
969
937
936
990
1068
1229
1338
1357
1257
1192
1211
1311
1445
1488
1508
1612
1808
1817
1757
1757
1852
1994
2217
2356
2380
2441
2491
2477
2445
2436
2384
2384
2559
2840
2941
2861
2629
2339
2177
2162
2212
2232
2293
2374
2421
2480
2563
2578
2452
2253
2021
1880
1802
1594
1161
445
-421
-1127
-1521
-1777
-2071
-2433
-2892
-3238
-3492
-3679
-3932
-4174
-4269
-4182
-3910
-3534
-3102
-2861
-2755
-2700
-2496
-2180
-1833
-1532
-1293
-995
-744
-563
-520
-575
-694
-805
-812
-740
-646
-632
-739
-908
-1099
-1236
-1326
-1401
-1462
-1500
-1492
-1465
-1385
-1326
-1255
-1227
-1159
-1047
-875
-670
-530
-447
-486
-483
-414
-224
-117
-82
-99
-82
-72
-19
40
-23
-62
-69
-8
43
123
99
93
145
255
363
429
438
406
433
549
723
767
758
706
756
903
999
1061
1110
1146
1104
1034
980
1021
1095
1124
1088
1206
1487
1642
1596
1433
1479
1632
1816
1986
2093
2146
2147
2129
2107
2144
2161
2036
1933
1989
2142
2200
2184
2156
1959
1835
1862
1899
1945
1992
2007
1885
1881
1776
1725
1676
1750
1828
1779
1661
1486
1335
1090
879
511
235
-200
-740
-1277
-1647
-1881
-2162
-2454
-2849
-3122
-3323
-3491
-3712
-3768
-3745
-3699
-3536
-3313
-3091
-2946
-2758
-2639
-2424
-2049
-1670
-1449
-1302
-1093
-875
-653
-480
-400
-403
-338
-285
-260
-271
-268
-370
-502
-543
-571
-629
-715
-796
-867
-823
-784
-784
-804
-758
-693
-575
-448
-392
-383
-328
-244
-193
-64
107
196
174
172
168
196
274
317
294
288
283
233
212
275
286
301
380
362
356
408
442
462
572
706
776
746
766
876
849
888
912
985
1167
1300
1324
1279
1266
1251
1331
1536
1647
1600
1600
1599
1638
1839
2090
2177
2198
2145
2044
2069
2215
2171
2078
2144
2174
2117
2025
1936
1816
1753
1838
2026
1997
1886
1806
1610
1505
1481
1463
1410
1390
1345
1308
1383
1445
1365
1198
1075
1015
963
861
692
444
192
-108
-362
-694
-997
-1353
-1686
-1977
-2206
-2417
-2608
-2702
-2792
-2825
-2880
-2899
-2875
-2778
-2673
-2499
-2258
-2022
-1764
-1546
-1404
-1299
-1167
-1006
-811
-607
-420
-324
-272
-255
-244
-269
-337
-359
-354
-347
-332
-341
-444
-589
-687
-700
-695
-640
-600
-599
-621
-622
-612
-646
-698
-769
-809
-775
-673
-567
-522
-496
-464
-506
-534
-494
-475
-424
-310
-186
-114
-137
-113
-112
-134
-122
-38
151
259
364
425
446
408
341
370
389
541
667
768
788
802
726
685
759
981
1147
1107
1031
1007
1068
1063
1114
1154
1246
1363
1483
1491
1542
1581
1463
1451
1466
1588
1645
1532
1157
907
962
1033
1044
1096
1124
917
773
602
624
683
681
680
682
716
635
527
422
485
507
559
593
574
529
347
176
-34
-204
-391
-558
-662
-745
-854
-1128
-1456
-1810
-2067
-2206
-2300
-2394
-2493
-2557
-2632
-2627
-2650
-2654
-2650
-2606
-2479
-2259
-1994
-1809
-1654
-1550
-1429
-1321
-1185
-1042
-902
-786
-708
-646
-606
-640
-717
-746
-718
-700
-731
-821
-929
-1022
-1138
-1210
-1259
-1256
-1294
-1360
-1385
-1337
-1301
-1305
-1333
-1327
-1289
-1288
-1280
-1203
-1095
-1030
-949
-903
-860
-803
-701
-594
-496
-413
-410
-375
-333
-303
-325
-329
-298
-282
-236
-192
-246
-308
-295
-294
-257
-123
-24
5
87
145
127
106
245
413
436
455
483
482
532
547
479
453
446
441
543
681
718
581
464
378
422
575
635
682
704
777
760
682
445
285
378
509
671
661
693
591
377
211
186
283
405
516
543
666
701
707
578
541
628
764
824
840
818
715
567
292
80
16
-9
-133
-323
-640
-899
-1122
-1328
-1528
-1641
-1683
-1746
-1809
-1858
-1845
-1860
-1831
-1750
-1599
-1404
-1242
-1115
-1022
-870
-736
-625
-561
-458
-346
-303
-248
-261
-259
-285
-287
-328
-379
-411
-472
-500
-519
-501
-570
-600
-620
-622
-578
-534
-481
-442
-351
-299
-246
-221
-229
-233
-231
-155
-32
70
66
25
-25
-35
-63
-41
-24
-4
54
80
118
151
179
119
116
198
300
375
450
518
517
515
500
571
612
557
522
478
497
425
309
228
263
277
282
376
479
555
479
380
382
576
638
585
599
726
873
814
792
813
896
970
964
873
786
771
737
747
924
1172
1206
1045
860
732
777
772
704
675
800
837
872
808
705
691
642
730
779
914
1047
1038
908
777
652
518
409
240
112
28
-108
-281
-544
-854
-1106
-1352
-1567
-1694
-1811
-1868
-1877
-1962
-1999
-2039
-2085
-2042
-2008
-1910
-1714
-1539
-1427
-1335
-1271
-1195
-1076
-999
-902
-801
-727
-674
-617
-579
-528
-517
-572
-579
-572
-529
-492
-475
-464
-507
-580
-611
-596
-576
-573
-650
-655
-559
-485
-451
-457
-459
-437
-316
-171
-69
-10
-26
-32
-40
-2
39
39
84
123
151
201
187
87
-13
-64
-62
-72
-97
-88
-71
-33
-36
-24
19
68
151
278
364
430
426
437
510
628
736
825
882
893
902
969
1071
1071
1134
1176
1352
1535
1598
1651
1564
1433
1355
1399
1548
1719
1702
1618
1619
1528
1399
1360
1411
1512
1582
1464
1396
1460
1550
1497
1321
1229
1291
1383
1485
1562
1552
1699
1857
1840
1776
1675
1497
1256
1131
1036
913
696
374
-6
-578
-1064
-1519
-1883
-2059
-2123
-2258
-2475
-2612
-2791
-2917
-2988
-2990
-2922
-2745
-2431
-2206
-1999
-1814
-1692
-1664
-1590
-1464
-1293
-1038
-883
-822
-780
-735
-789
-874
-893
-909
-921
-854
-782
-754
-727
-766
-900
-947
-916
-891
-857
-785
-695
-630
-610
-665
-693
-705
-678
-684
-630
-557
-480
-432
-417
-492
-512
-511
-546
-544
-450
-377
-351
-352
-365
-395
-399
-379
-363
-325
-283
-216
-135
-77
-97
-160
-189
-85
15
92
180
269
375
431
466
502
624
810
941
1087
1210
1343
1358
1390
1379
1389
1527
1702
1877
2002
2021
1929
1806
1803
1881
2018
2119
2144
2171
2167
2156
2036
1982
2024
2162
2239
2357
2430
2445
2335
2128
1954
1848
1844
1946
2137
2231
2181
2096
2034
2022
1995
1938
1790
1664
1527
1315
972
612
147
-520
-1158
-1547
-1708
-1902
-2102
-2423
-2715
-2950
-3077
-3182
-3160
-2968
-2738
-2472
-2165
-1843
-1650
-1617
-1604
-1460
-1164
-917
-813
-784
-745
-766
-821
-878
-944
-990
-1050
-1110
-1149
-1085
-1040
-1097
-1201
-1213
-1137
-1111
-1112
-1064
-909
-763
-627
-523
-389
-277
-224
-221
-194
-126
-19
67
32
12
-87
-251
-391
-375
-354
-390
-515
-618
-665
-647
-694
-793
-873
-793
-616
-412
-261
-200
-230
-258
-163
19
260
412
481
543
653
707
717
704
706
838
1066
1295
1395
1373
1251
1199
1342
1621
1796
1810
1802
1884
2043
2193
2281
2329
2470
2673
2841
2958
3016
2959
2884
2926
3085
3201
3176
2996
2839
2841
2972
3051
2967
2868
2812
2715
2682
2690
2693
2726
2806
2769
2813
2913
2988
2842
2630
2377
2252
2166
1945
1674
1315
882
56
-911
-1665
-1783
-1862
-1997
-2253
-2571
-2871
-3116
-3433
-3521
-3224
-2913
-2679
-2353
-1974
-1813
-1826
-1969
-1950
-1753
-1455
-1314
-1251
-1204
-1254
-1538
-1811
-1878
-1934
-1980
-1939
-1891
-1830
-1815
-1971
-2140
-2146
-2039
-1923
-1729
-1504
-1325
-1248
-1231
-1174
-1022
-868
-730
-614
-460
-330
-319
-369
-458
-584
-718
-819
-886
-880
-898
-1114
-1374
-1497
-1505
-1505
-1482
-1439
-1352
-1259
-1203
-1171
-1183
-1161
-1092
-948
-740
-578
-577
-599
-596
-551
-489
-423
-371
-263
-108
-20
26
96
108
139
247
435
570
683
788
857
858
796
789
899
1165
1508
1716
1771
1753
1724
1726
1855
2075
2266
2358
2334
2207
2203
2163
2103
1915
1934
2049
2298
2440
2382
2210
2070
2036
1945
2031
2145
2281
2359
2549
2476
2265
1949
1588
1417
1655
2008
1960
1664
1135
628
143
-348
-1063
-1794
-2074
-1981
-1948
-2109
-2408
-2960
-3544
-3739
-3584
-3168
-2738
-2593
-2508
-2341
-2266
-2451
-2561
-2604
-2446
-2107
-1771
-1685
-1893
-2231
-2617
-2882
-2833
-2626
-2552
-2501
-2360
-2292
-2354
-2424
-2516
-2488
-2268
-1937
-1621
-1281
-1136
-1182
-1247
-1188
-992
-808
-657
-513
-290
-100
-82
-232
-375
-437
-473
-347
-159
-92
-236
-378
-555
-668
-679
-635
-566
-400
-226
-254
-356
-465
-479
-407
-195
-14
85
84
20
-73
-80
-55
12
132
339
504
591
609
565
557
669
889
1108
1321
1435
1526
1533
1607
1682
1754
1835
1957
2096
2235
2397
2441
2356
2279
2371
2470
2683
2871
2969
3064
3154
3157
3058
2995
2914
2972
3270
3541
3457
3153
2938
2885
2974
2998
2855
2910
3216
3333
3085
2891
2732
2611
2634
2902
2880
2642
2305
2130
2003
1827
1479
900
494
199
-310
-1145
-1651
-1794
-1973
-2135
-2243
-2442
-2766
-2993
-3184
-3038
-2693
-2581
-2580
-2359
-2192
-2300
-2357
-2413
-2357
-2199
-2015
-1985
-2053
-2108
-2319
-2509
-2542
-2467
-2495
-2476
-2336
-2212
-2184
-2178
-2197
-2175
-2002
-1790
-1608
-1399
-1195
-1083
-985
-857
-779
-691
-578
-472
-341
-215
-199
-271
-312
-341
-390
-409
-389
-424
-522
-621
-760
-922
-985
-944
-923
-924
-930
-1023
-1032
-1065
-1067
-1096
-967
-811
-709
-618
-584
-582
-620
-559
-525
-373
-246
-151
-90
30
120
77
47
82
262
491
707
785
816
886
942
1046
1162
1231
1271
1407
1582
1688
1708
1678
1750
1902
2003
1897
1896
1981
2146
2180
2229
2169
2063
1987
2092
2260
2368
2369
2261
2321
2343
2256
1987
1892
1888
1977
2051
2008
1978
1856
1733
1475
1518
1690
1764
1617
1497
1467
1294
1079
865
857
792
741
524
234
-151
-747
-1467
-1904
-1852
-1845
-1954
-2132
-2297
-2535
-2779
-3022
-3127
-2953
-2794
-2639
-2404
-2288
-2442
-2635
-2724
-2688
-2488
-2287
-2173
-2104
-2068
-2140
-2297
-2431
-2469
-2367
-2242
-2061
-1839
-1738
-1788
-1865
-1860
-1765
-1597
-1462
-1243
-1002
-849
-796
-734
-685
-611
-459
-302
-143
-25
17
-38
-48
-37
-79
-166
-255
-321
-335
-325
-339
-386
-476
-547
-596
-575
-557
-549
-532
-464
-378
-323
-274
-284
-269
-214
-85
19
108
144
161
229
342
456
494
552
626
710
831
916
1018
1096
1140
1142
1172
1255
1340
1442
1509
1588
1611
1619
1635
1696
1766
1825
1903
1949
1935
1842
1785
1768
1826
1835
1788
1687
1585
1586
1593
1540
1400
1288
1180
1071
974
937
960
923
861
768
652
528
423
430
486
593
614
586
450
337
272
201
189
190
245
211
149
31
-120
-293
-518
-719
-959
-1153
-1282
-1327
-1405
-1554
-1736
-1972
-2150
-2258
-2318
-2360
-2330
-2297
-2309
-2343
-2411
-2454
-2446
-2402
-2383
-2358
-2303
-2250
-2197
-2195
-2195
-2190
-2144
-2082
-2039
-1984
-1904
-1817
-1736
-1667
-1633
-1614
-1586
-1501
-1423
-1338
-1237
-1124
-1000
-888
-825
-751
-679
-590
-495
-392
-320
-275
-198
-166
-110
-107
-99
-78
-44
-5
12
25
40
57
80
90
126
143
183
213
257
283
299
325
337
417
479
554
576
613
632
689
758
779
830
860
926
924
968
968
950
970
996
1092
1133
1196
1184
1218
1238
1258
1252
1220
1232
1254
1329
1371
1402
1381
1378
1394
1415
1472
1464
1507
1545
1619
1718
1750
1758
1674
1634
1590
1614
1673
1706
1725
1672
1634
1510
1425
1364
1372
1394
1413
1396
1274
1167
1066
996
960
913
859
752
738
665
561
402
204
25
-133
-266
-458
-601
-734
-882
-1062
-1261
-1468
-1658
-1760
-1819
-1850
-1866
-1914
-1985
-2037
-2030
-2080
-2087
-2062
-2007
-1957
-1905
-1854
-1830
-1764
-1718
-1663
-1626
-1580
-1530
-1448
-1323
-1223
-1173
-1152
-1125
-1048
-962
-888
-811
-691
-548
-405
-285
-186
-84
8
153
260
352
425
468
503
571
611
609
600
606
602
598
593
553
559
528
502
496
503
467
454
415
402
380
326
299
254
313
363
353
414
436
436
450
479
478
541
615
633
681
690
724
757
760
788
821
873
931
981
1001
1036
1063
1091
1128
1161
1199
1221
1259
1275
1292
1333
1353
1356
1351
1381
1400
1412
1416
1384
1396
1419
1438
1426
1363
1328
1314
1351
1349
1308
1214
1186
1158
1152
1111
1070
1004
949
964
904
867
746
655
546
550
522
445
366
271
199
94
23
-138
-253
-325
-381
-432
-504
-651
-860
-980
-1084
-1173
-1250
-1355
-1451
-1494
-1528
-1600
-1673
-1768
-1833
-1836
-1800
-1771
-1786
-1791
-1780
-1743
-1712
-1719
-1728
-1722
-1685
-1616
-1539
-1487
-1440
-1405
-1368
-1309
-1247
-1197
-1125
-1038
-961
-894
-840
-783
-719
-641
-571
-486
-426
-377
-304
-220
-140
-87
-19
4
35
39
68
97
147
202
232
259
243
239
222
233
246
256
266
282
287
283
273
255
274
308
339
344
342
372
400
448
484
486
514
553
605
642
651
630
649
742
825
882
897
888
907
952
1011
1043
1078
1085
1148
1172
1205
1191
1212
1212
1241
1252
1180
1156
1186
1266
1311
1272
1115
983
995
1065
1145
1158
1031
899
857
883
855
837
764
685
633
622
580
567
562
559
542
445
299
166
123
124
126
78
-31
-185
-309
-441
-547
-648
-738
-796
-828
-893
-1027
-1186
-1303
-1375
-1402
-1466
-1557
-1632
-1655
-1648
-1657
-1695
-1765
-1806
-1825
-1803
-1773
-1710
-1668
-1663
-1644
-1640
-1640
-1657
-1618
-1565
-1484
-1424
-1418
-1409
-1377
-1333
-1294
-1238
-1215
-1177
-1121
-1048
-982
-929
-876
-867
-838
-800
-755
-666
-576
-508
-462
-442
-418
-364
-308
-263
-221
-173
-104
-75
-21
32
41
58
75
125
168
211
233
244
274
308
327
325
335
327
362
413
452
487
457
466
463
509
527
555
603
636
695
721
734
700
704
732
810
899
946
960
947
952
983
1028
1035
1025
1030
1068
1098
1102
1101
1072
1081
1130
1147
1124
1069
1089
1097
1187
1207
1192
1156
1092
1079
1060
1092
1069
1059
1049
1045
1029
974
916
874
888
864
810
709
619
528
492
469
369
213
23
-108
-199
-264
-370
-489
-615
-707
-808
-921
-1067
-1177
-1251
-1307
-1360
-1459
-1547
-1623
-1648
-1650
-1670
-1724
-1778
-1787
-1774
-1741
-1722
-1714
-1701
-1666
-1624
-1597
-1576
-1556
-1504
-1444
-1367
-1323
-1286
-1239
-1185
-1104
-1054
-1008
-959
-885
-804
-731
-644
-604
-582
-554
-495
-423
-349
-283
-220
-171
-142
-111
-111
-65
-9
53
114
140
153
134
133
139
151
151
159
168
174
210
214
232
240
256
271
282
327
362
422
490
529
523
499
502
533
622
686
726
726
741
764
792
823
808
820
853
940
1019
1017
1006
996
1047
1127
1180
1164
1130
1126
1161
1215
1252
1222
1155
1157
1167
1180
1141
1086
1013
1017
1031
1028
960
910
858
837
838
797
718
666
676
653
657
640
596
545
504
491
443
396
365
320
327
341
305
194
91
-34
-137
-192
-268
-342
-425
-490
-583
-708
-838
-991
-1120
-1188
-1229
-1299
-1334
-1386
-1449
-1521
-1594
-1641
-1707
-1681
-1665
-1645
-1621
-1615
-1637
-1625
-1596
-1592
-1564
-1543
-1476
-1439
-1349
-1313
-1304
-1271
-1255
-1224
-1195
-1123
-1091
-1030
-954
-896
-862
-821
-771
-714
-635
-561
-500
-423
-358
-304
-240
-179
-129
-76
-4
44
73
106
145
168
188
209
222
249
280
326
350
373
387
373
380
384
406
446
500
546
548
572
571
588
617
647
686
733
774
792
816
851
868
887
907
914
928
964
987
1036
1067
1058
1054
1049
1053
1053
1091
1119
1127
1140
1118
1077
1034
1018
1009
1032
1023
958
929
905
907
871
829
790
743
735
702
663
617
582
547
549
530
464
423
378
348
303
300
279
243
211
180
133
110
58
-26
-111
-187
-262
-356
-401
-450
-493
-560
-645
-753
-843
-877
-912
-948
-997
-1053
-1112
-1155
-1194
-1250
-1311
-1363
-1410
-1411
-1395
-1400
-1401
-1400
-1410
-1422
-1442
-1437
-1425
-1391
-1349
-1324
-1317
-1291
-1262
-1241
-1197
-1155
-1119
-1060
-958
-895
-853
-822
-795
-741
-682
-631
-602
-547
-500
-455
-407
-363
-330
-298
-261
-225
-157
-100
-47
-13
18
54
81
122
169
214
252
319
359
377
404
426
473
524
576
593
625
680
705
720
746
782
788
795
800
821
868
892
899
869
850
858
863
877
869
861
866
890
894
891
869
862
881
906
874
854
879
906
933
912
866
805
799
811
826
816
784
748
755
733
694
641
609
605
627
608
592
556
527
499
485
456
429
459
451
457
460
425
371
338
305
255
208
140
77
28
-30
-108
-238
-352
-475
-563
-609
-660
-740
-799
-885
-960
-1003
-1074
-1161
-1219
-1245
-1250
-1277
-1310
-1355
-1388
-1388
-1391
-1436
-1459
-1442
-1427
-1382
-1366
-1374
-1399
-1375
-1337
-1312
-1276
-1256
-1207
-1142
-1053
-1014
-1008
-976
-928
-850
-770
-702
-634
-557
-495
-441
-402
-357
-329
-282
-207
-141
-82
-14
35
79
125
145
154
170
223
277
329
364
381
402
436
451
432
449
460
500
523
540
546
536
530
525
540
552
580
609
631
626
608
607
641
675
697
721
717
715
694
697
688
709
727
752
776
764
746
713
712
675
704
733
788
810
793
754
679
681
680
701
740
786
807
764
728
658
623
608
627
626
658
670
620
567
475
378
333
375
369
363
322
271
189
166
141
81
47
16
-13
-33
-21
-69
-104
-152
-217
-277
-300
-325
-370
-389
-433
-484
-545
-586
-643
-683
-686
-740
-804
-849
-867
-906
-922
-922
-955
-990
-1006
-1040
-1071
-1061
-1047
-1057
-1046
-1049
-1052
-1049
-1045
-1049
-1036
-977
-945
-920
-904
-892
-874
-821
-769
-738
-695
-630
-568
-524
-476
-451
-401
-352
-314
-280
-235
-176
-134
-91
-69
-70
-54
-23
15
53
57
56
78
117
138
134
128
150
167
200
231
241
253
280
298
309
313
330
376
415
434
422
428
465
514
554
586
582
596
628
645
653
657
677
695
719
719
680
655
661
689
695
703
665
640
630
662
641
600
582
574
605
589
569
516
514
535
547
526
473
436
408
465
492
488
476
439
447
396
416
398
421
431
428
421
382
366
296
271
248
234
214
215
192
131
85
8
-71
-123
-177
-194
-217
-216
-267
-354
-438
-526
-577
-601
-611
-621
-622
-596
-613
-654
-715
-741
-778
-742
-713
-705
-699
-711
-742
-774
-758
-799
-813
-802
-796
-805
-815
-847
-880
-878
-882
-888
-890
-893
-876
-849
-820
-805
-772
-720
-667
-621
-590
-552
-504
-436
-365
-321
-269
-224
-175
-128
-95
-64
-35
-3
34
50
58
87
122
134
133
116
128
137
149
178
211
231
244
246
255
278
305
340
356
386
405
415
442
446
448
465
486
514
565
588
591
600
610
610
610
610
598
601
626
643
617
577
550
537
535
548
526
509
490
467
462
449
409
391
395
365
340
319
326
332
350
357
298
283
282
318
354
359
308
283
315
335
335
316
285
267
272
245
200
156
137
153
178
176
107
61
19
-13
-60
-87
-124
-141
-133
-151
-192
-279
-333
-370
-354
-374
-417
-481
-504
-487
-479
-514
-583
-631
-652
-647
-646
-650
-662
-668
-674
-693
-740
-770
-755
-748
-737
-736
-760
-772
-765
-732
-730
-736
-741
-740
-704
-667
-634
-614
-600
-567
-536
-526
-529
-512
-445
-374
-324
-311
-308
-277
-216
-176
-142
-105
-66
-27
14
29
38
62
88
141
166
172
189
224
250
269
263
260
274
299
309
312
320
303
289
270
262
276
282
312
325
342
308
270
259
275
312
325
341
308
311
309
308
303
293
293
324
381
412
440
442
426
399
400
401
420
452
488
490
471
417
353
322
323
349
395
427
412
351
302
277
268
280
288
289
288
268
221
180
150
142
165
193
194
168
162
131
85
45
35
37
54
92
53
-5
-42
-108
-138
-147
-153
-158
-138
-120
-166
-213
-259
-305
-320
-313
-315
-311
-294
-311
-358
-375
-415
-456
-459
-432
-440
-445
-451
-483
-510
-527
-551
-579
-567
-562
-541
-509
-509
-524
-522
-507
-500
-502
-471
-418
-386
-353
-345
-384
-393
-356
-330
-284
-251
-247
-235
-207
-191
-186
-189
-203
-191
-152
-113
-104
-75
-63
-48
-44
-46
-40
-28
30
70
110
145
156
135
110
127
139
178
233
249
252
247
236
235
240
239
253
287
313
303
271
257
236
232
237
240
240
255
306
322
316
270
231
237
268
319
349
374
394
370
346
322
306
309
360
425
434
438
430
389
376
383
384
369
373
356
308
297
272
240
221
208
162
143
110
60
33
28
-1
-21
-46
-59
-48
-49
-72
-101
-103
-96
-86
-81
-64
-81
-72
-55
-66
-74
-80
-95
-105
-101
-126
-141
-155
-149
-173
-196
-224
-261
-279
-300
-332
-343
-336
-331
-343
-338
-363
-415
-419
-421
-399
-375
-358
-371
-374
-369
-391
-384
-350
-333
-296
-263
-261
-255
-248
-226
-202
-182
-187
-206
-194
-160
-136
-139
-151
-163
-167
-147
-140
-153
-150
-122
-114
-103
-113
-137
-140
-102
-77
-83
-62
-51
-52
-23
15
33
69
86
75
59
60
70
91
119
129
113
105
97
80
82
85
85
95
113
122
104
86
93
99
112
109
96
96
109
97
102
115
131
162
201
215
215
220
237
238
231
217
232
280
316
303
276
276
280
281
243
212
202
259
311
295
220
148
136
129
138
114
93
109
138
130
77
46
15
23
45
34
11
8
32
30
-1
-64
-94
-102
-62
-55
-102
-135
-163
-131
-120
-146
-216
-274
-271
-247
-221
-226
-252
-262
-250
-254
-274
-292
-275
-237
-182
-173
-189
-199
-188
-164
-140
-130
-169
-162
-111
-53
-22
-35
-87
-126
-119
-108
-99
-90
-67
-50
-72
-115
-181
-220
-218
-217
-209
-178
-142
-142
-157
-178
-184
-191
-171
-156
-136
-94
-22
30
49
47
17
30
65
89
112
144
179
201
193
144
78
45
71
105
127
117
69
37
16
3
-32
-49
-48
-32
-14
-27
-53
-81
-71
-84
-110
-126
-85
-37
9
45
19
-3
-4
12
22
59
83
110
140
152
127
140
162
170
182
165
161
159
178
181
184
164
149
140
99
72
60
69
82
93
95
75
55
31
11
17
18
30
45
75
75
56
19
-12
-4
20
23
-23
-16
-18
-2
11
-23
-60
-90
-131
-143
-140
-149
-137
-137
-159
-196
-201
-199
-187
-156
-138
-132
-141
-136
-136
-129
-94
-80
-85
-87
-89
-77
-47
-10
-20
-32
-37
-38
-31
-4
17
11
17
0
-18
-35
-48
-51
-43
-27
-44
-75
-99
-102
-89
-78
-82
-83
-69
-92
-122
-141
-125
-100
-79
-85
-139
-170
-164
-122
-95
-79
-102
-116
-104
-97
-93
-80
-66
-64
-63
-90
-100
-85
-73
-50
-60
-81
-113
-102
-66
-50
-53
-73
-83
-72
-64
-74
-79
-73
-56
-44
-47
-82
-94
-80
-48
-3
50
69
41
5
-5
-5
33
89
117
137
122
107
83
80
82
87
84
108
144
129
110
84
63
59
69
62
45
48
62
74
60
33
6
18
50
49
41
51
60
73
51
21
-2
-6
31
57
66
52
36
22
6
-10
-19
-23
-25
-13
-13
-26
-44
-53
-78
-110
-128
-133
-103
-66
-38
-49
-77
-112
-133
-136
-117
-81
-38
8
27
18
-3
-26
-31
-26
-9
21
55
88
88
54
6
-5
2
26
48
58
62
47
44
9
-21
-32
-28
-11
-9
-24
-48
-63
-68
-76
-91
-113
-109
-89
-75
-67
-78
-93
-111
-112
-115
-109
-83
-63
-64
-60
-65
-81
-76
-88
-86
-61
-41
-16
-9
-15
-30
-45
-47
-37
-35
-24
-9
-4
6
18
5
-14
-21
-13
-14
-10
2
-4
-28
-52
-59
-60
-71
-65
-67
-80
-67
-49
-59
-65
-70
-69
-57
-35
-17
-3
8
11
16
7
14
41
80
96
106
97
106
119
144
155
139
130
126
131
138
146
144
130
122
122
117
106
90
88
79
81
71
66
60
54
45
39
31
32
38
44
43
28
24
24
33
48
27
18
25
35
34
35
22
-10
-23
-22
-26
-22
-20
-33
-48
-62
-69
-76
-70
-56
-50
-58
-52
-49
-60
-65
-59
-67
-49
-24
-18
-14
-18
-5
3
2
-6
-22
-3
24
38
32
2
-28
-28
-28
-31
-38
-57
-51
-64
-77
-94
-109
-123
-131
-131
-137
-100
-167
-131
-91
-147
-116
-112
-129
-84
-103
-71
-46
-77
-26
-33
-66
-16
-37
-17
-13
13
2
2
9
7
-8
