-67
147
-71
-126
95
-39
-232
-147
-280
-356
-90
123
132
-163
-225
-233
-213
-192
162
228
-8
156
168
-111
-255
-36
105
250
203
170
-8
-97
-173
-270
172
188
-297
36
218
-158
-273
21
117
-215
-30
293
249
120
-22
-39
117
44
150
178
248
110
-119
270
334
-153
-35
158
124
21
-19
97
146
11
-146
91
306
43
-185
293
353
60
326
268
-98
151
157
123
515
69
-393
140
281
14
-276
-23
114
-237
-72
447
110
-602
-97
367
-297
-76
530
-18
-227
164
64
-302
133
379
-163
-38
316
-231
-339
110
-272
-143
321
283
-147
-419
-90
62
-223
22
182
-125
-121
105
-114
-538
-7
-5
-255
-81
156
-148
-68
-135
-376
20
-317
-140
363
73
-165
-26
-369
-203
-2
-31
207
-65
-153
144
149
-575
-236
132
-227
-81
247
264
-304
-400
47
-297
-185
345
280
-180
-75
150
-480
-490
47
143
-17
262
-346
-501
180
-480
-524
468
615
-200
-295
229
-348
-614
117
406
-138
-61
239
-445
-180
-137
-88
294
158
138
32
-461
-43
-123
-16
161
-122
46
-155
-394
-146
-33
-157
256
192
-162
-220
-207
-135
286
286
32
203
115
-398
200
523
92
123
257
141
-125
129
185
12
-51
-52
27
57
10
506
303
-392
-19
102
-135
47
262
381
209
-428
-55
372
-396
-191
753
201
-282
135
381
-541
-446
469
706
-403
187
869
-603
-452
94
614
-482
-55
1146
10
-572
-38
134
-535
-22
965
238
-337
-37
-353
159
46
-374
386
826
-86
-663
494
-8
-706
-304
436
115
-341
361
-115
-497
-522
73
381
-513
255
564
-561
-422
-13
-87
-399
283
-46
272
411
-1064
87
722
-1264
-304
1630
-595
-525
538
189
-987
-476
577
665
-890
-546
1227
-686
-578
339
-221
-471
23
467
126
-275
-334
-238
-93
-39
31
318
-93
-424
81
-146
46
176
-607
180
226
-160
343
260
-205
-765
131
704
-489
-288
1152
212
-1380
184
852
-867
51
830
-523
-291
241
-124
-190
212
359
303
-465
341
356
-153
446
90
-684
278
878
-1160
225
1055
-950
-448
1197
-3
-620
624
174
-477
308
-10
-111
822
-891
278
699
-430
-616
424
172
220
647
-62
-21
-118
-268
192
275
212
-105
-62
491
-355
-229
258
524
-142
271
557
-344
-182
124
779
-78
-402
796
54
-602
721
95
-80
-106
-473
802
-324
-352
-200
443
-251
-253
496
-900
-216
-326
610
749
-937
160
-288
-227
-102
-379
1197
366
-1011
128
651
-714
-1014
807
437
-486
611
-370
-36
-743
-231
914
-55
-10
125
276
-601
-161
-323
-106
305
-521
369
332
-721
-102
-207
-92
-400
375
-88
277
-32
-784
-171
96
59
-845
871
320
-459
-582
907
-502
-1418
715
938
-1245
-232
939
-850
-1155
357
-77
-832
249
441
66
-631
-29
-286
167
-710
193
1316
-751
-354
57
529
-1155
-360
1617
-1124
-393
1416
-306
-1341
552
251
-942
-358
1405
-660
-237
306
-494
-65
-270
-228
-2
1125
-634
-137
888
-559
-297
294
357
8
89
1364
-786
-280
1199
-1437
277
1513
-334
-284
842
-261
-908
171
1450
-1464
393
1070
-1093
176
8
-371
372
89
17
272
127
39
493
-157
404
-443
946
-215
-523
931
-388
-41
193
360
-827
-27
1356
-1081
82
1249
-1261
129
421
466
-506
72
380
-550
410
-302
-567
616
-694
375
-341
-88
11
116
-220
-878
451
305
-208
-417
9
770
-395
-989
1124
-28
-1079
464
343
-305
-284
111
111
-754
637
-296
382
-308
-53
-328
-219
521
-683
-16
-100
246
-326
142
-857
233
27
-992
69
437
-560
-320
428
-791
-697
297
287
-476
139
-164
-626
131
-705
821
-524
-323
142
-580
-331
371
-750
240
754
-1795
659
777
-1333
309
688
-962
-311
832
-156
-1337
834
-225
-722
709
-342
-363
993
-1504
962
146
-692
595
-333
286
-465
484
-571
366
544
-956
392
284
-789
344
421
-552
-353
1537
-778
-288
486
-335
350
-722
354
583
-76
-200
300
-511
-27
131
510
-303
449
-479
127
480
-1038
-819
1052
-67
185
855
-1171
-1247
567
-565
-47
1472
155
-719
1263
-592
-714
429
176
387
344
98
346
-929
210
-557
-151
1216
381
-370
10
253
-556
-302
151
-295
764
511
-247
-535
-95
1117
-1940
330
1290
-649
-18
887
-1030
-3
16
-529
970
-270
180
463
-351
-222
292
202
-228
275
757
-1203
431
188
-180
80
-599
200
98
44
24
16
-720
434
63
-464
781
-136
-385
271
-352
-371
906
-404
114
133
-94
2
-338
1069
-163
-1268
579
293
-607
545
241
-1215
641
317
-648
626
230
-1238
171
494
-787
-377
1385
-1343
-485
1673
-1513
-1069
2570
-804
-1339
1403
36
-1597
853
514
-417
362
1052
-1253
-509
479
362
-1000
1265
646
-1564
830
-222
-296
192
576
-432
-745
914
72
-180
595
-384
-155
-659
-125
-235
474
214
-189
-179
291
-675
-849
1287
211
-1373
2186
-821
-1649
1750
-1438
482
-202
502
-174
-509
293
-8
-289
-868
694
59
60
-679
796
-450
-648
595
-267
-175
667
-553
770
-227
-526
1018
-1229
629
1183
-1224
300
986
-1558
283
1342
-1014
223
577
-291
-548
626
-25
-611
835
-396
67
1555
-916
-459
1538
-715
-627
1312
-42
-11
-344
531
-767
115
108
335
18
-1077
767
-598
-62
370
69
-646
248
714
-716
428
-208
-207
141
-282
-474
658
-555
-692
1302
-1267
-440
1140
-1181
-842
1481
-470
-975
841
-545
-785
573
483
-848
583
-325
-1082
936
-1104
246
-568
554
8
-224
-377
-768
794
-490
-247
644
-116
-949
507
803
-1626
366
967
-1339
258
1007
-700
-132
501
-785
-129
842
-153
-157
145
-93
-238
-615
209
34
-848
421
971
-496
-1337
299
-237
-1186
1332
4
-1126
1074
-1351
71
-141
430
584
-388
-292
-310
132
-523
315
685
-1446
429
587
-707
938
157
-1172
-75
335
-160
95
1231
-511
-739
127
198
-743
1133
-482
-129
-117
-613
731
-476
107
14
355
-1020
651
760
-448
-89
403
104
-834
440
828
-646
574
-48
-548
236
124
463
40
-514
1175
-1269
440
354
-751
783
-198
707
-200
-1094
915
-413
-511
840
780
-1051
129
1504
-1648
-406
2519
-1155
-1213
2881
-1331
-303
1452
-1047
447
72
591
-1005
831
230
-1340
1697
-472
-789
248
34
-935
347
765
-702
-87
123
-340
-13
276
-82
336
167
-325
283
-614
145
-105
82
742
-1115
313
-115
-432
-261
794
-593
-177
1104
-766
-564
702
-286
-566
1477
-468
-1076
875
62
-891
888
-15
-461
153
-346
-311
539
-64
-462
951
-1001
-194
734
-782
150
322
202
-847
661
-819
-402
506
-127
299
-478
432
-818
-133
394
-987
1067
-350
-630
778
-748
-532
417
79
-265
-154
749
-1342
128
801
-346
804
-1252
327
179
-1672
1727
224
-1672
440
716
-1710
923
349
-1327
176
-25
-41
374
-41
-187
-66
-36
478
-547
455
244
-463
405
323
-898
270
21
853
-763
-372
951
-981
389
746
-290
-759
864
-693
-390
837
56
-29
171
283
-528
-137
488
-319
-263
1374
-706
-186
480
-153
-1397
1511
555
-622
451
-636
667
-1638
1620
-8
-1015
954
-216
-373
449
713
-978
289
848
-1442
1738
376
-1362
1458
-516
-525
53
1482
-1127
-423
1554
-739
-665
755
15
-1418
1076
449
-444
155
-144
-430
-326
1470
-25
756
-93
-646
833
-874
634
670
-399
65
416
-1315
-14
563
-235
-87
166
-226
-217
43
-393
26
-415
-108
390
-344
150
-105
-233
772
134
-316
717
-723
241
793
-717
34
-428
-46
657
-28
-529
-222
68
-350
1391
-699
-60
-1308
429
-1
-707
1334
-790
-492
356
-408
-672
582
1157
-932
-391
-123
-467
939
-393
592
-767
-690
767
-720
-344
1055
-136
-527
-39
-122
-981
772
252
-248
3
-611
914
-798
269
713
-542
-643
1538
-1285
-102
433
-563
384
-496
505
-532
385
-122
409
-387
-535
85
1112
-1511
460
406
-847
-270
1021
-464
-131
1164
-560
533
-52
-522
912
-239
-986
1727
-313
-677
158
387
-814
741
364
-425
-536
-346
1164
-889
-153
359
-312
-781
276
204
-693
725
-251
-177
529
-229
-108
376
575
-713
908
-890
385
3
717
-499
60
-396
44
134
-862
770
-653
-74
1130
-1750
309
298
-512
-450
204
1133
-1629
1769
-321
-1235
807
1212
-1810
719
1168
-1086
579
71
-1180
483
-313
522
736
-568
380
-448
-497
-67
939
-763
367
-98
-597
-879
798
-1199
496
824
113
-282
286
-639
-675
642
-87
481
205
425
-798
-196
55
-151
-602
868
-377
-255
444
259
-1502
797
-134
184
-44
-221
156
-701
1214
-502
-144
-667
377
811
-494
-1
263
-735
75
303
-8
-78
-104
756
-1045
-61
1040
-1202
652
-388
-579
521
273
-396
287
-733
-1386
1119
608
-786
246
436
-1172
59
1242
-792
400
166
348
-1183
374
1764
-2278
1009
452
-372
-355
564
356
-1064
-141
874
-234
-1184
1349
-558
-38
744
-867
263
-709
423
209
-291
-266
1475
-977
-928
965
1050
-1112
18
783
-1638
1427
-1150
1571
-283
-1296
1084
-482
296
-41
203
-98
553
267
-450
147
-663
515
533
-531
190
94
-131
-1042
1153
-3
-410
1271
-209
-686
7
-43
209
225
-754
1249
-311
-314
835
-1039
509
28
-656
-285
1041
-395
574
-268
-676
-91
-485
1633
-946
192
673
-287
-1030
703
200
-1040
1487
-71
-216
684
-881
697
-639
-204
558
92
399
316
-622
-501
144
-485
-97
448
407
-779
57
124
-174
-426
138
380
-1495
1397
10
-280
217
-458
-806
382
474
-610
647
-363
11
114
-1054
765
-13
-482
974
-154
-1006
636
-638
-164
851
-942
616
-922
715
-1110
503
-273
-267
-84
-107
-177
-33
431
-1564
602
-276
-150
520
830
-751
-604
470
-120
-397
463
613
-324
-700
945
-799
-490
1631
-1245
-119
-121
-290
377
-778
653
-811
-513
88
1031
-807
103
381
-583
58
339
487
-743
544
194
370
186
-200
819
-1320
1410
1081
-1814
1271
180
-224
-280
791
-120
-88
516
334
-1116
-375
1157
-704
1033
-202
-569
913
-610
-238
762
-420
-153
1144
-727
-500
1821
-1092
-443
636
657
59
402
669
-740
577
-235
506
-91
210
705
-695
362
-1037
1133
-108
-549
1351
-828
-1118
1240
394
-1727
1629
-839
-7
128
-158
827
-1071
91
681
-702
-680
2147
-562
-1023
1462
-1373
-129
1072
-685
1104
-1310
682
-554
-927
920
-83
-161
1057
-660
-1499
1022
-785
-176
1207
-712
411
-377
-1149
1288
-907
334
683
-483
-372
-81
989
-1704
731
1003
-1633
189
1193
-258
-634
465
-330
-392
127
582
-55
118
454
-1410
801
-316
-902
1317
-141
-801
919
-626
-1835
1592
-286
-718
-166
1203
-507
-870
388
-505
-66
409
453
-302
-367
19
277
245
-127
-424
559
-450
445
395
-810
-441
-146
1031
-997
-122
835
-301
-1005
47
288
-762
279
947
-1136
-539
195
600
-980
98
1393
-1677
277
157
-282
407
-354
480
-734
-80
171
282
340
-703
609
-491
-838
603
440
-298
-353
-246
-237
-983
1198
1078
-2629
506
492
-1291
801
330
-763
-72
676
-564
-176
527
354
-640
-36
-696
22
1274
242
-963
909
-930
-912
1857
-854
149
471
2
-155
-1087
665
95
-1174
692
761
-496
-675
1348
-2613
-79
2564
-1536
742
-83
-500
228
-447
569
718
-813
414
219
-521
-197
780
-601
-228
1218
106
-402
-787
930
-664
-310
781
-877
472
1010
-1357
-337
-346
420
-162
50
471
-876
418
-726
183
299
403
1
-197
-43
-564
670
104
-202
-54
502
-772
-66
986
-1043
275
750
-274
-1344
901
302
-490
80
39
-519
-97
86
-22
-704
285
651
-309
112
-118
-1319
189
129
-428
1094
-643
-239
573
-1074
-397
1262
-485
520
533
-616
-779
929
-1311
1169
391
-476
502
-437
244
552
-163
-1244
722
-534
954
164
-41
-1250
-575
682
-90
382
-487
270
-179
-92
514
-432
-293
501
-344
191
570
380
-546
-899
40
980
-668
883
-196
-224
8
-109
444
-770
416
-325
309
414
-209
235
-410
-465
758
-335
-255
-400
611
-335
-176
750
-972
310
399
-235
368
175
-305
-1011
1360
-126
-167
1122
-797
-336
306
208
109
400
-864
-8
351
-168
-279
1826
-1182
-1043
671
-260
-46
1328
-219
-774
248
419
-587
1256
-214
-249
221
-703
1557
-920
-753
394
177
620
-345
608
-921
-136
1624
-487
-119
-331
561
-175
-306
551
-533
-297
2229
-1469
-1443
1313
-351
528
516
-88
-1281
844
-168
327
-798
393
383
67
-427
-501
-154
79
1165
-331
-92
-266
-974
1603
-168
-201
-77
725
-680
-749
1259
-941
-438
1467
427
-1252
349
-164
-789
711
569
-354
-111
178
-390
-1778
1210
1021
-1345
322
584
-1218
-112
-265
808
322
-1342
1244
-507
-687
455
483
-501
-728
1322
-351
-411
522
-146
332
-1015
1250
-850
-1937
2645
-762
-910
526
-52
-250
-571
9
-141
-81
-181
415
-94
-1804
2173
-1028
-658
1725
-1422
560
301
-1391
1250
557
-534
477
142
-562
322
578
-318
-853
698
-428
220
305
-228
423
-715
81
-1038
678
-365
421
-25
171
-1680
293
229
-817
1074
-605
937
36
-963
1107
-119
-466
-516
1268
-647
56
992
-2035
859
1451
-2020
842
812
-1274
1109
749
-1175
970
-779
-2338
1690
1679
-960
830
-786
-2086
-165
-281
1220
-1088
-195
1036
-119
-2062
963
-1335
-890
1432
279
-810
-108
417
-615
-736
-143
942
-291
-482
464
1169
-1722
933
272
-194
91
507
-619
139
173
425
-94
-1056
55
-310
460
-471
1331
-158
-738
910
-1492
-860
183
916
1167
-1451
1451
-687
-1601
219
663
-419
-628
1621
-697
-1296
913
468
-2022
1302
-265
-476
765
755
-917
242
-128
-77
242
-193
1547
-892
-67
795
140
2
-140
546
468
-747
952
-1203
-324
2
29
178
576
-1962
-32
612
-2251
1766
-576
-1448
839
-934
-1330
1055
-193
-973
585
-820
326
-852
691
553
-2024
2413
-1363
-439
2073
-330
-845
-291
266
-924
986
-126
-120
47
156
-1607
28
1399
-1414
481
1982
-2465
-1659
2571
-2639
-900
990
-592
-222
-1078
752
1062
-1718
1954
332
-3282
1297
1719
-873
-126
2521
-1503
-965
1104
69
504
86
1215
970
-2361
1418
666
-952
356
-172
1014
-1399
664
268
-2124
1673
-805
-1317
1960
-982
387
779
-2113
-654
103
73
-668
2124
-584
-521
436
-1839
-554
1233
112
-62
9
989
4
-449
1800
-2948
-58
3173
-123
29
2348
-258
-1027
1411
900
-928
384
1366
-59
-1595
1041
159
-2547
-450
2433
-1778
-844
3160
-2798
363
730
-230
426
-496
43
-205
151
350
-359
626
-1344
564
-59
-1479
1249
443
-528
1112
1461
-2626
525
1837
-2515
-791
3009
-1652
-1331
1373
54
-2071
1615
1288
-1063
1681
726
-1082
-414
1157
119
-220
530
34
-1536
-366
227
-1493
-275
950
-835
-600
1247
-744
-728
1532
-166
-287
1138
435
1236
-570
-136
470
317
-577
-368
298
165
-219
-526
-280
-51
-565
401
1344
-1139
106
1489
-1379
358
2016
-392
652
332
-451
-377
884
-42
-382
-256
330
481
-396
-1744
-602
-662
-1181
-338
261
535
-1635
759
1460
256
418
1176
1587
-977
1596
1203
-695
129
-480
274
-311
-733
-78
-1843
-1196
-834
-248
-1709
-83
-484
-2574
1273
-333
423
2071
384
460
1583
1202
753
-416
2011
574
-878
1267
803
-593
-1578
153
105
-1569
-460
570
-1263
-1191
234
-616
-1503
567
315
318
429
-352
-187
-98
133
1000
309
193
788
354
702
177
595
397
-341
20
499
-883
-440
924
-1107
-755
-83
-750
-1670
51
666
-1491
17
843
-325
-977
468
725
-1776
1233
943
-1929
266
684
-1875
-945
1659
-896
-1265
763
-695
-910
1630
-98
-941
1542
328
-868
1919
473
-1273
787
916
-275
-1016
1046
-467
-1259
816
297
-1812
281
817
-1649
-96
723
-593
-684
1137
-1421
-494
676
-1115
674
760
-1124
490
1316
-1143
32
1288
-1022
-435
1958
-487
-327
527
-910
-444
-641
-397
421
269
-1034
-344
172
-977
-296
220
100
18
407
743
139
362
-64
417
735
691
987
421
187
-364
-211
628
-645
-248
512
-491
-924
130
-227
-1203
-30
259
-480
-343
423
-246
-944
92
17
-532
-160
577
29
-340
770
272
-506
246
408
168
656
729
581
140
287
10
145
247
-389
127
569
-595
-553
-125
-194
-502
-261
-84
-172
36
127
-410
-276
-210
-226
356
191
-536
-99
201
-556
243
396
-363
-167
607
-130
-430
904
354
-807
261
454
-288
400
750
-568
-204
374
-313
-32
1022
-168
-855
688
-330
-639
766
440
-505
211
985
-247
-451
309
233
55
643
890
163
-214
540
62
99
242
90
365
578
310
-7
12
-187
-31
104
191
258
-80
12
-62
-360
188
-169
-273
-313
-65
-202
-193
-515
-553
46
-439
-210
151
-157
-569
-376
-155
-227
-207
41
-332
-636
-88
-332
-656
89
202
-383
-353
78
-290
-537
-7
-225
-738
-293
185
-530
-475
-95
-648
-751
67
-363
-758
-197
-248
-542
189
361
-357
70
215
-39
340
1143
632
291
975
450
63
318
837
692
844
1534
1086
508
534
793
298
804
1692
1005
1465
1800
514
584
789
311
1303
2072
1114
761
1414
406
92
739
617
249
763
1318
770
738
798
302
382
1051
1097
1247
1341
884
577
491
258
-317
-416
-627
-1443
-1799
-1909
-2639
-3500
-3737
-4071
-4679
-4414
-4372
-4734
-4813
-4896
-4746
-4291
-3791
-3575
-3162
-2850
-2646
-2210
-1792
-1592
-1444
-1154
-741
-722
-513
-236
-481
-617
-412
-321
-573
-338
-498
-170
-12
95
380
286
87
485
912
1237
1612
2053
2348
2306
2847
3060
3427
3581
4180
4257
4383
4531
4625
4803
4946
4952
4740
4471
3983
4361
4191
4054
4077
4193
4206
4492
4705
4921
4902
4753
5320
5918
6623
5931
2535
-2474
-4486
-3739
-2808
-1681
-1579
-4467
-8477
-10471
-10990
-10096
-8935
-8554
-7284
-5203
-4623
-3975
-3076
-4200
-5009
-3140
73
2434
3997
4418
2933
984
377
844
1012
555
-89
-264
-928
-2126
-3261
-5098
-7476
-8312
-7291
-6061
-5277
-5139
-5897
-6948
-7136
-6052
-4301
-2705
-1497
-534
417
683
686
712
902
1090
1972
2898
3111
2426
1313
424
-151
-236
219
849
873
794
720
685
468
702
1381
2173
3378
4352
5041
5298
5118
4683
5023
5768
6820
7804
8236
7834
6886
6202
5741
5766
6152
6762
7309
7403
7248
7334
7554
7709
7979
8571
3642
-4852
-7450
-3643
-1543
-717
-126
-4381
-11152
-15025
-14044
-10351
-7836
-8217
-6379
-3315
-3648
-3857
-1732
-2724
-5055
-2372
3155
6650
7592
6946
4283
829
-1238
-3
1845
1497
37
-439
-1480
-3436
-5159
-6877
-9593
-11137
-9074
-5717
-3819
-4010
-5255
-7023
-7663
-6315
-2945
2
1115
1268
2128
2290
1130
663
660
218
608
2193
2778
1854
-176
-2148
-3394
-3469
-2942
-1935
-1446
-1825
-2352
-2349
-2636
-2885
-2240
-896
736
2100
3067
3344
2910
2479
2983
4012
5182
6117
6696
6632
5847
4878
4376
4119
4449
5652
6534
6455
5550
4467
3622
3743
4004
5003
6147
6484
6802
7505
7456
7499
8908
10065
10991
11380
4666
-5453
-7148
-2443
-283
580
148
-5256
-12789
-16895
-15221
-10754
-9268
-10118
-7080
-3623
-3836
-3464
-1585
-3354
-5176
-1391
5166
9221
9496
7792
4614
498
-1278
943
2695
1640
-198
-1477
-2955
-4975
-7193
-9528
-11699
-12304
-10368
-6495
-4263
-5130
-6669
-7588
-7625
-5382
-1376
1482
2224
2480
2734
2563
1943
1189
713
780
996
1370
1498
-46
-2580
-4406
-4766
-4296
-3429
-2514
-2130
-2504
-2780
-2711
-2502
-1959
-915
919
2751
3688
3749
3427
2979
3038
4171
5818
6676
7044
6806
5902
5041
4632
4734
5115
5893
5971
5552
5153
4535
3815
3773
4051
3997
4243
4816
5573
6191
6829
7317
7851
8975
9956
11593
10497
1093
-8432
-7604
-2120
26
888
-992
-7735
-15697
-18640
-14809
-9715
-9522
-9440
-4820
-2448
-3671
-2795
-2167
-4745
-4493
1011
7639
10623
9310
6004
2616
-706
-1509
709
1907
301
-1483
-2453
-3720
-6333
-9595
-11900
-12632
-11147
-7441
-4365
-4300
-5578
-7006
-6982
-5110
-2370
406
2413
2833
2930
3073
2309
697
-42
110
784
1600
1320
-253
-2454
-4340
-4924
-4212
-3194
-2380
-1961
-1622
-1802
-2163
-2239
-2092
-1087
942
3024
4012
3846
2929
2114
2303
3485
4973
6227
6553
5993
5274
4497
3949
3845
4356
4960
5501
5796
5849
5082
3995
3148
3314
3960
4912
5997
6272
5534
4689
5076
6102
7745
9502
10685
10916
10629
4519
-6290
-11007
-6230
-1038
1029
-93
-4785
-12312
-18878
-18745
-12562
-8623
-8570
-5090
-950
-1159
-2980
-2875
-3649
-3751
-77
6742
11363
10649
6716
2774
-522
-2463
-1681
-64
102
-1274
-2754
-4408
-6973
-10716
-13302
-13142
-10873
-7610
-3782
-2550
-3926
-5669
-6158
-4570
-1608
1321
3640
5176
4705
3667
2371
506
-775
-276
796
1363
886
-1349
-3953
-5553
-5825
-4851
-3408
-2269
-1813
-1449
-1038
-1221
-1444
-1284
-44
1975
3966
4917
4361
2979
1618
1751
3021
4332
5387
5621
5127
4768
4251
3666
3483
3714
4341
5563
6214
5753
4912
3861
3043
3609
4858
5469
5657
5262
4631
4239
4078
4914
6497
7310
7721
8410
9780
9982
9740
6394
-3266
-10943
-8447
-1268
1839
12
-4928
-11539
-17784
-18624
-12811
-7293
-7251
-6207
-2176
-74
-1490
-2856
-3305
-3026
-237
5655
11004
10896
6165
1225
-1620
-2677
-2075
-956
-612
-2135
-4545
-6184
-7693
-10598
-12954
-12568
-9840
-6936
-4264
-2781
-3519
-4657
-4766
-3071
-400
1774
3541
4903
4699
2883
950
-556
-1428
-965
289
861
-165
-2249
-4308
-4979
-4607
-3934
-2682
-1227
-206
86
-199
-951
-1606
-1091
697
2986
4358
4254
2940
1572
1347
2330
3777
4875
5250
5069
4726
4740
4361
3570
3305
3900
5372
6533
6283
5100
3185
2052
3045
4190
5223
4583
3995
4103
4249
3991
4059
4357
4752
5838
6900
7704
7422
7001
7744
9479
6781
-1713
-9145
-8472
-3677
-484
-765
-3678
-9595
-16249
-17416
-12151
-7570
-6928
-5474
-2169
-275
-1151
-2108
-2625
-2498
-313
4995
9445
9233
5165
714
-2100
-2934
-2569
-1898
-1901
-3210
-4962
-6440
-8001
-10342
-11993
-11446
-8927
-6072
-3111
-1842
-2610
-3789
-4060
-2755
-479
1889
3711
4651
3724
1489
-297
-1754
-2379
-1620
-623
-54
-695
-2406
-4100
-4765
-4658
-3973
-2170
-508
511
698
208
-446
-761
65
1867
3572
4364
4109
3419
2957
2885
3223
3919
4582
5270
5613
5437
5003
3924
2983
3059
3761
4531
4928
4389
3779
3107
2828
3418
3505
3668
3679
3560
4203
4766
4725
4171
4084
4061
4854
6346
6913
7264
7750
8534
8311
4047
-2537
-7442
-7206
-3862
-1004
-1156
-4547
-9928
-14589
-14853
-11897
-8909
-6532
-4268
-2074
-977
-1411
-2580
-3099
-2142
778
4910
7381
6895
3950
318
-2148
-2964
-2952
-2592
-2462
-3198
-4581
-6237
-8156
-9927
-10856
-10694
-7649
-3839
-2197
-2048
-3084
-4203
-3924
-2517
-75
2453
3367
2811
2420
687
-1408
-2423
-2405
-1082
255
615
-450
-2425
-4266
-4660
-3509
-1839
-157
895
1360
1280
143
-489
-323
732
2587
4424
5211
4705
3392
2461
2798
3260
4022
5340
5852
5742
5508
4570
3527
3027
3264
4085
5503
5519
4818
3647
2914
3097
3744
4172
4120
4261
4185
4229
4543
4055
3382
4484
5544
6128
6645
7033
6534
6615
6558
4497
293
-4603
-6797
-5173
-3268
-2692
-4054
-8130
-12246
-13931
-12207
-9097
-6454
-4902
-3273
-2260
-1765
-1744
-2139
-1615
334
2878
5201
6011
4097
1045
-1535
-2822
-2878
-2554
-2607
-3039
-4245
-5788
-7313
-8621
-9076
-9000
-8051
-5130
-2740
-2023
-2323
-3210
-3387
-2549
-871
1138
2506
2412
1482
464
-1053
-2305
-2628
-2139
-1090
-471
-917
-2280
-3572
-4300
-3778
-2237
-720
355
733
866
685
227
80
552
1786
3092
3921
4025
3318
2588
2352
2999
3767
4529
4840
4865
4793
4529
4471
4300
4421
4746
4930
4841
4737
4228
3819
3635
3910
3880
4035
4396
4112
4304
4478
3797
4295
5093
5582
6597
6468
5188
5754
6700
7942
9396
5698
-1219
-6645
-8219
-5620
-2320
-2036
-4354
-8600
-12754
-13505
-11535
-9738
-7544
-5470
-2838
-467
-535
-1989
-2998
-3029
-709
3513
6120
6286
3785
57
-1947
-2609
-3039
-2701
-2860
-3404
-3791
-4921
-6734
-8305
-9891
-9390
-7502
-5482
-2826
-2007
-2722
-3245
-3593
-3013
-1304
476
1933
2684
1849
230
-1026
-2481
-2955
-2127
-1151
-613
-813
-2193
-3516
-4155
-4118
-2833
-1071
543
1386
1381
831
176
-184
362
2004
3543
4364
4130
3026
2147
1801
2142
3106
4158
4742
4827
4605
4212
3649
3271
3375
4186
5319
5654
4923
3577
2593
2318
3017
4260
5477
5978
4735
3387
3401
3779
3959
4479
5073
5592
5607
5226
4519
3956
3885
5552
8315
9417
5613
-1562
-7321
-8650
-5959
-2733
-1648
-3701
-7890
-11649
-12794
-11579
-9699
-7925
-5606
-2560
-152
-28
-1601
-3195
-3394
-1378
2181
5420
6054
3800
573
-1503
-2676
-3171
-2970
-2635
-2965
-3570
-4427
-5767
-7450
-8957
-9044
-8056
-5506
-2841
-1956
-2401
-3266
-3829
-2984
-1500
553
2167
2451
1563
521
-671
-1942
-1962
-1495
-570
46
-433
-1737
-3102
-3762
-3228
-1941
-308
627
955
633
434
4
-62
748
1909
3255
4066
4018
3423
2666
2105
2757
3843
4662
5095
4991
4684
4495
3791
3412
3601
3766
4134
4592
4406
3843
2941
2308
2752
3500
4851
4939
4487
4057
3647
3886
4844
5100
5045
4887
4684
5013
5292
4699
3648
3780
4544
6295
5416
1449
-3671
-7705
-8262
-5145
-2736
-3369
-6202
-9314
-10895
-10846
-9697
-7618
-5594
-4200
-1801
-75
-347
-1841
-2825
-2332
286
2944
4335
3838
1496
-937
-2488
-3118
-2939
-2851
-3618
-3868
-3862
-4869
-6130
-7187
-7915
-8488
-7198
-3883
-2010
-1762
-2351
-3176
-2935
-2279
-723
798
1332
1160
936
730
-235
-1619
-2376
-1787
-957
-383
-386
-1311
-2544
-3034
-2603
-1266
-96
443
643
994
990
807
1117
1555
2225
3058
3629
3808
3415
2936
3162
3701
3959
4291
4525
4575
4774
4561
3681
3156
2949
3345
4144
4492
4165
3223
2437
2541
3052
3542
3970
4064
4028
4069
3872
3696
3665
3385
3846
4819
5294
4757
4272
3533
3702
4556
5488
6008
5746
3457
-1649
-6940
-7691
-4629
-2998
-3715
-5391
-7797
-10879
-12022
-10378
-8044
-7371
-5980
-2729
-518
-771
-2013
-3001
-2736
-778
2031
4351
4652
2936
559
-1059
-1641
-1962
-2771
-3143
-2865
-3151
-3997
-4966
-6751
-8892
-9749
-7893
-4716
-2957
-2656
-3022
-3633
-3573
-2778
-1562
-102
1165
1773
2139
1629
42
-1457
-2137
-1427
-166
546
209
-766
-2137
-2991
-2550
-1536
-713
42
557
962
1059
732
486
676
1387
2599
3765
4205
3961
3264
3010
3226
3736
4357
4620
4356
4350
4124
3799
3932
3462
2991
3097
3373
3641
3905
3509
3145
3008
2975
3600
4095
4275
4370
3968
3469
3222
3084
3688
4571
5040
4418
3094
2382
2219
3301
4688
5541
5101
3070
-627
-4421
-6630
-5878
-3980
-3503
-4212
-5394
-7491
-9729
-10403
-9411
-7429
-5538
-3357
-1029
-249
-1375
-2608
-2760
-1639
306
2261
3652
3630
1913
-61
-1393
-2209
-2632
-2822
-2698
-2515
-2863
-4083
-6003
-7685
-8283
-7358
-5351
-3514
-2704
-2791
-3356
-3485
-3084
-2333
-1212
192
1231
1659
1273
195
-963
-1767
-1446
-386
536
802
192
-949
-1764
-2104
-1811
-1202
-226
772
1291
1278
937
378
217
858
2100
3269
4073
4207
3830
3443
3084
2988
3372
4099
4655
5012
4937
4330
3455
2734
2652
3588
4176
4188
3731
3047
2818
2858
3136
3217
3123
2731
2896
2722
3071
3291
2796
2857
3198
3613
3511
3210
2483
2683
3601
4556
5631
5650
4683
2220
-1288
-4722
-5751
-4228
-2755
-3043
-4604
-6684
-9022
-10763
-10468
-8579
-6634
-5138
-3548
-1987
-1762
-2600
-3148
-2385
-1009
806
2712
3735
3207
1516
-296
-1435
-1792
-2038
-2204
-1989
-2090
-3018
-5026
-6641
-7409
-7737
-6844
-5105
-3604
-3330
-3651
-3939
-3920
-3481
-2498
-1192
399
1391
1401
608
-229
-956
-1077
-296
803
1380
979
-13
-1011
-1511
-1706
-1404
-746
38
701
1119
961
527
-39
-27
803
2265
3446
4075
4086
3654
3098
2846
3041
3676
4579
5486
5865
5374
4412
3226
2808
3087
3800
4064
4192
3474
2672
2451
2568
2392
1873
1524
2173
3337
3532
3616
3227
3078
2714
3056
3634
3715
3612
3717
4581
5078
5275
4691
4084
3014
816
-2395
-4146
-4004
-3595
-3890
-4357
-5553
-7433
-9362
-9868
-8784
-7689
-6419
-4858
-3124
-2389
-2301
-2790
-2695
-2050
-728
993
2399
2821
2134
722
-621
-1223
-1760
-2003
-1777
-1578
-2670
-3744
-4689
-5610
-6527
-6586
-5794
-4616
-3835
-3518
-3478
-3866
-3854
-3463
-2372
-1037
142
563
715
415
-99
-448
-326
69
604
947
942
570
-265
-951
-1286
-1217
-774
12
675
1010
845
458
121
163
687
1807
2973
3683
3893
3679
3400
3208
3299
3674
4349
4954
5238
4983
4503
3922
3303
3128
3267
3399
3447
3332
2815
2554
2398
2096
1798
1713
1970
2474
3125
3108
2776
2723
3145
3681
4084
3681
2915
2600
3542
4813
5073
4890
4224
3272
1744
-255
-2379
-3449
-3561
-3379
-3343
-3908
-5311
-7262
-8824
-9056
-8102
-6678
-5327
-4114
-3236
-2981
-3039
-3087
-2760
-2161
-1035
367
1580
2041
1670
637
-470
-1145
-1483
-1487
-1206
-1205
-2058
-2731
-3426
-4507
-5317
-5740
-5412
-4700
-4133
-3781
-3777
-4140
-4203
-3701
-2948
-2001
-1037
-678
-304
166
356
234
25
224
624
788
869
973
470
-122
-317
-465
-379
-120
115
407
750
884
833
799
989
1568
2335
3090
3796
3730
3477
3342
3436
3866
4109
4291
4229
3893
3667
3637
3453
3398
3175
2619
2451
2592
2809
2822
2383
2251
1933
1766
1717
1970
2197
2193
2517
2859
3313
3221
3046
2466
2100
1847
2390
3336
4311
4917
4549
3909
2548
860
-1316
-2554
-2828
-2128
-1857
-2331
-3672
-5300
-6832
-7907
-8035
-7545
-6597
-5718
-4547
-3719
-3301
-3725
-4078
-3989
-3047
-1747
-296
816
1265
1159
637
25
-656
-919
-1140
-1017
-611
-406
-983
-1880
-2938
-3888
-4523
-4686
-4439
-4225
-4199
-4115
-3763
-3625
-3568
-3581
-3374
-2817
-1878
-891
-130
350
619
698
536
597
775
914
1143
1472
1559
1346
939
533
280
240
378
620
894
1065
1186
1213
1214
1325
1476
1730
2064
2471
2929
3254
3349
3281
3111
3176
3460
3723
3913
3833
3577
3316
2925
2824
2683
2592
2214
2150
2114
1934
1840
1420
1324
1025
1166
1476
2236
2687
2849
2829
2657
2460
2301
2207
2695
3702
4519
4763
4389
3724
2512
1043
-913
-1754
-1845
-1556
-1825
-2584
-3570
-4827
-6218
-7246
-7310
-7099
-6549
-5887
-4951
-4107
-3538
-3708
-3902
-3672
-2942
-1974
-1017
-120
602
688
343
191
-219
-561
-782
-671
-389
-143
-428
-927
-1709
-2520
-3024
-3461
-3679
-3587
-3406
-3381
-3202
-3037
-2905
-2993
-3056
-2729
-2147
-1511
-769
-111
288
603
700
675
642
722
829
1094
1374
1430
1225
968
766
627
485
425
557
756
1037
1229
1357
1262
1303
1399
1577
1844
2087
2235
2359
2585
2639
2455
2291
2358
2246
2140
2360
2576
2340
2017
1883
1854
2050
2118
1963
1836
1860
1886
1705
1541
1643
1581
1707
1985
2297
2401
2159
2007
2391
2732
2797
2799
2614
2560
2579
2670
2618
2569
2084
1423
683
-227
-899
-1251
-1532
-2007
-2456
-2981
-3337
-3839
-4222
-4543
-4703
-4735
-4553
-4265
-3921
-3575
-3344
-3212
-3035
-2660
-2308
-2006
-1696
-1119
-696
-541
-462
-412
-559
-622
-526
-459
-533
-753
-942
-1182
-1326
-1493
-1828
-2116
-2306
-2443
-2708
-2888
-2809
-2553
-2343
-2157
-2015
-1853
-1579
-1240
-779
-376
-62
319
540
564
714
963
937
636
717
738
659
641
648
683
706
722
801
831
745
827
1018
1291
1320
1336
1290
1459
1443
1240
1269
1363
1684
1738
1918
1951
1640
1320
1221
1596
2125
1987
1741
1835
1954
1803
1773
1685
1534
1570
1445
1231
1534
1700
1584
1335
1380
1707
1681
1712
1685
1680
1725
1774
1872
1894
1934
1981
1986
2091
2232
2091
1811
1418
1045
492
6
-255
-405
-747
-1281
-1871
-2412
-2831
-3295
-3611
-3825
-3842
-3736
-3522
-3399
-3214
-3106
-3217
-3185
-2849
-2381
-1961
-1625
-1410
-1142
-850
-641
-502
-500
-526
-549
-601
-434
-350
-388
-646
-926
-1183
-1403
-1535
-1755
-1858
-1753
-1560
-1581
-1540
-1649
-1622
-1491
-1221
-819
-687
-524
-467
-384
-230
78
-60
-338
-369
-268
-71
250
496
300
263
486
659
640
1031
1465
1325
1304
1321
1255
1235
1131
1203
1366
1313
1251
1264
1313
1310
1037
1003
1160
1207
1224
1269
1502
1880
1492
1245
1173
1222
1548
1729
1845
1904
1896
1690
1362
1243
1322
1238
1194
1329
1726
1776
1323
1151
1311
1519
1556
1541
1686
1923
1976
1864
1884
1960
1808
1520
1428
1423
1459
1061
550
333
171
-147
-662
-1098
-1340
-1632
-1874
-2141
-2270
-2427
-2707
-2948
-3170
-3192
-3063
-2985
-2953
-2822
-2612
-2523
-2394
-2165
-1960
-1806
-1703
-1592
-1354
-1043
-956
-965
-1141
-1049
-810
-814
-765
-854
-1085
-1280
-1446
-1556
-1642
-1468
-1402
-1470
-1538
-1554
-1629
-1650
-1274
-992
-748
-697
-766
-747
-260
159
119
168
30
-215
-147
342
693
792
640
609
729
464
392
656
947
1291
1344
1413
1391
1074
856
715
845
1317
1998
2067
1604
1314
1043
1055
1483
2035
2024
1688
1399
1604
1543
1104
902
846
1134
1339
1315
1172
913
879
903
1162
1395
1286
1280
1324
1389
1454
1493
1245
1118
1211
1106
1270
1450
1428
1371
1302
1244
1152
1124
1184
1127
1063
1307
1337
1208
887
464
274
16
-163
-446
-763
-962
-1239
-1550
-1847
-1873
-2215
-2522
-2589
-2588
-2485
-2711
-2597
-2499
-2464
-2349
-2313
-2275
-2194
-1971
-1860
-1824
-1637
-1471
-1580
-1471
-1480
-1404
-1157
-1107
-1332
-1576
-1614
-1833
-1756
-1416
-1344
-1185
-1095
-1246
-1399
-1545
-1509
-1383
-989
-743
-610
-562
-582
-666
-808
-616
-436
-737
-692
-107
77
-7
356
422
70
146
253
416
640
1348
1565
1514
1268
1132
1090
993
958
1146
1465
1374
1502
1117
913
1014
895
481
835
1292
1220
1245
1265
1384
1307
1216
1073
1290
1528
1736
2091
1477
1356
1287
1119
903
1237
1558
1408
1285
1178
964
862
926
893
1013
1222
1301
1233
1021
896
829
561
619
847
955
878
686
656
636
658
620
378
274
94
-295
-345
-340
-492
-686
-867
-918
-1274
-1663
-1885
-1950
-1917
-1847
-1826
-1751
-1877
-2150
-2453
-2423
-2383
-2351
-2113
-1988
-1845
-1772
-1718
-1811
-1844
-1783
-1935
-2022
-1717
-1507
-1732
-1702
-1555
-1500
-1750
-1829
-1953
-1853
-1581
-1424
-1541
-1314
-870
-1206
-1372
-1167
-994
-1018
-934
-826
-799
-638
-185
62
-262
-297
-50
-213
-178
304
1097
719
652
659
442
344
323
487
513
1003
1052
394
165
510
744
574
818
1032
1147
1258
1183
1061
967
1294
1352
1402
1668
1714
1684
1081
939
1317
1356
1218
1026
1085
1392
1538
1275
957
954
949
631
449
801
1161
1144
625
556
804
613
365
141
434
559
722
783
745
850
805
526
237
461
718
652
389
305
321
116
-316
-558
-530
-484
-700
-1077
-1289
-1366
-1484
-1662
-1816
-1752
-1673
-1917
-2195
-2058
-1787
-1716
-1824
-1843
-1755
-1623
-1619
-1749
-1837
-1732
-1710
-1957
-1939
-1932
-1765
-1889
-1963
-1896
-1951
-1977
-2016
-1975
-1653
-1407
-1462
-1498
-1450
-900
-829
-785
-640
-547
-455
-801
-577
-147
41
-24
-6
83
13
-418
-308
-23
281
474
641
591
394
430
314
552
987
924
789
667
871
880
766
1265
990
863
1229
1147
1386
1222
1293
1312
1509
1694
1352
1253
1375
1541
1341
1134
1233
1086
800
617
995
1524
1378
956
871
926
959
942
762
906
1259
1172
929
1077
1108
1062
799
769
740
864
928
588
829
934
688
150
-244
-325
-46
223
238
275
435
125
-362
-452
-537
-359
-142
-154
-125
-107
-374
-622
-903
-930
-828
-921
-1033
-1102
-1060
-1157
-1303
-1539
-1637
-1635
-1718
-1751
-1716
-1692
-1698
-1860
-1951
-1911
-1848
-1715
-1696
-1653
-1588
-1553
-1432
-1497
-1442
-1274
-968
-917
-1028
-878
-692
-468
-301
-672
-975
-920
-855
-667
-519
-288
-234
-71
-31
-264
-530
-130
212
296
685
1081
890
236
312
586
859
1228
946
1075
1398
1270
940
951
1289
1405
1257
1399
1692
1542
1248
1058
856
1107
1664
1393
1138
1465
1813
1371
904
1003
1099
1416
1875
1909
1516
1323
1065
914
1292
1526
1206
918
1192
1554
1560
1447
997
630
339
529
697
678
803
751
515
128
130
-1
-71
199
379
600
711
523
364
263
250
343
277
167
236
88
-172
-406
-632
-759
-1058
-1361
-1467
-1531
-1617
-1889
-1941
-2036
-1981
-2028
-2178
-2155
-2170
-2159
-2287
-2241
-2091
-2013
-2056
-2094
-2022
-1936
-1965
-2070
-2164
-2014
-1712
-1626
-1606
-1438
-1476
-1706
-1778
-1764
-1418
-1227
-1344
-1214
-1165
-1196
-1288
-1176
-1164
-762
-420
-451
-207
-118
-268
-261
-146
-47
203
771
1171
840
699
339
343
409
1005
1250
1167
1358
813
267
448
876
1317
1432
1700
1581
1314
1289
1077
1260
1832
1950
1594
1731
1581
1301
1240
1400
1784
1980
1862
1492
1294
1035
832
1074
1471
1600
1781
1550
1021
790
525
434
656
1203
1264
1251
1059
835
469
224
453
596
994
1334
1308
1008
807
531
290
100
276
528
590
503
460
222
-328
-715
-1166
-1245
-1149
-1125
-1214
-1285
-1492
-1913
-2194
-2403
-2407
-2292
-2217
-2233
-2039
-1928
-2047
-2207
-2338
-2425
-2378
-2199
-2011
-1828
-1648
-1634
-1843
-1970
-2066
-1987
-1991
-2065
-2032
-1760
-1445
-1537
-1911
-2174
-2042
-1921
-1840
-1646
-1451
-1325
-1169
-1016
-935
-814
-505
-674
-784
-413
-63
120
194
211
117
-45
-216
-294
-57
277
685
972
646
875
724
318
403
537
986
1394
1652
1654
1525
1319
902
644
986
1679
2145
2026
2075
1960
1527
1330
1277
1427
1672
1898
1877
1763
1662
1359
853
793
1084
1624
1832
1865
1906
1828
1726
1564
1546
1711
1900
1987
2132
2376
2393
2078
1531
1162
1293
1579
1710
1654
1488
1323
1213
813
420
66
-332
-755
-1050
-933
-791
-1104
-1842
-2419
-2686
-2714
-2809
-2996
-3063
-2987
-2905
-2915
-2776
-2770
-2747
-2899
-2850
-2449
-1912
-1547
-1587
-1500
-1492
-1433
-1408
-1456
-1312
-1161
-1084
-1120
-1226
-1341
-1472
-1863
-2336
-2542
-2434
-2433
-2347
-2274
-2267
-2250
-2348
-2414
-2315
-1956
-1675
-1435
-1128
-737
-563
-481
-549
-426
-214
-90
61
129
187
364
424
110
117
318
310
225
198
412
486
458
560
573
725
811
654
675
950
1083
874
844
1168
1389
1183
1029
1175
1398
1491
1511
1554
1503
1478
1317
1172
1295
1371
1366
1255
1209
1190
1062
860
769
882
959
1023
1294
1421
1519
1506
1294
1329
1333
1415
1554
1630
1517
1285
1049
652
168
-519
-1252
-1526
-1480
-1638
-2009
-2647
-3346
-3906
-4184
-4346
-4354
-4292
-4237
-4024
-3852
-3602
-3495
-3571
-3539
-3171
-2632
-2057
-1613
-1405
-1250
-1205
-1143
-989
-860
-794
-680
-663
-636
-647
-803
-1212
-1736
-2038
-2213
-2266
-2411
-2562
-2684
-2634
-2617
-2777
-2994
-2970
-2653
-2153
-1462
-973
-695
-696
-592
-260
179
533
769
951
1247
1522
1601
1507
1336
1283
1395
1674
1794
1887
1909
1770
1811
2068
2397
2632
2713
2741
2925
3362
3655
3628
3659
4030
4329
4577
4799
4891
4968
4932
5063
5474
5820
5803
5330
5059
5485
5839
5770
5367
5148
5257
5651
5963
5924
6004
6091
6130
6189
6346
6457
6405
6230
6447
6827
7183
7116
6772
6218
5730
5038
3967
3202
2907
3050
2634
1861
869
137
-607
-1305
-1589
-1433
-1041
-838
-713
-547
-383
-427
-558
-531
86
984
1622
1869
2060
2014
1640
1420
1485
1826
1968
1822
1585
1388
1028
558
-87
-690
-909
-1009
-1164
-1410
-1708
-2127
-2643
-3163
-3230
-2898
-2592
-2459
-2352
-2180
-1978
-1883
-2009
-1879
-1507
-1027
-710
-545
-509
-678
-993
-1285
-1225
-1134
-1059
-1108
-1238
-1341
-1425
-1660
-1879
-1953
-1794
-1516
-1367
-1190
-1150
-1084
-1165
-1029
-867
-649
-349
-147
138
215
232
159
229
450
687
866
867
790
681
705
902
937
751
345
110
183
453
599
646
706
819
1001
1081
981
502
227
418
1363
2305
2665
2379
1910
1695
1350
961
441
-75
-336
-444
-544
-1054
-1762
-2941
-3970
-4512
-4476
-4045
-3905
-3686
-3697
-3705
-3789
-3761
-3515
-3284
-2620
-1784
-971
-467
-489
-864
-1258
-1347
-981
-451
-113
-115
-293
-770
-1310
-1624
-1857
-1933
-1882
-1780
-1724
-1861
-2244
-2612
-2804
-2874
-2647
-2221
-1777
-1408
-1286
-1244
-1296
-1311
-1244
-990
-419
22
300
214
9
-172
-375
-386
-215
184
416
492
383
215
148
127
361
725
1173
1533
1737
1980
2038
2023
2078
2292
2747
3202
3527
3694
3777
3583
3406
3236
3330
3553
3792
4075
4192
4148
3844
3347
2985
2848
2805
2898
2847
2808
2915
3080
3046
2972
2577
2292
2308
2693
2902
2952
2757
2727
2991
3217
2953
2292
1594
958
495
-637
-1426
-1597
-1907
-2649
-3338
-3884
-4306
-4731
-5083
-4656
-3773
-3219
-2766
-2636
-2598
-2284
-2251
-2227
-1635
-921
-769
-789
-957
-1199
-1473
-2032
-2365
-2223
-2080
-2075
-2178
-2455
-2882
-3169
-3477
-3423
-2837
-2373
-2207
-2055
-2003
-2121
-2090
-2158
-1922
-1521
-1276
-1014
-731
-716
-830
-937
-960
-680
-479
-363
-220
-116
-242
-342
-504
-616
-451
-253
-29
224
281
152
130
202
433
752
1015
1291
1570
1735
1800
1838
1861
1952
2108
2193
2364
2497
2625
2613
2591
2554
2587
2625
2755
2893
3119
3298
3317
3081
2871
2818
2794
2750
2720
2863
3000
2953
2666
2547
2590
2587
2475
2387
1990
1849
2019
2884
3658
3918
2941
1826
914
398
-313
-1131
-1357
-1253
-1737
-2972
-3993
-4799
-5499
-5820
-5122
-3997
-3097
-3137
-3408
-3593
-3518
-3441
-3238
-2735
-2027
-1503
-1575
-1685
-1991
-2649
-3253
-3089
-2610
-2355
-2484
-2649
-2796
-3031
-3452
-3616
-3407
-2989
-2351
-1892
-1751
-1762
-2124
-2444
-2145
-1508
-1167
-980
-842
-825
-960
-1142
-1082
-845
-499
-267
-92
-59
-301
-695
-876
-717
-244
75
78
3
-125
-305
-393
-319
-161
203
468
626
722
688
589
619
906
1201
1451
1595
1690
1823
1626
1345
1167
1243
1592
2077
2338
2304
2146
1868
1860
2394
2995
3265
3172
2798
2635
2177
1880
1888
2212
2283
2373
2106
1775
1575
1431
1236
1415
1570
1373
1373
1548
2078
2208
2076
1597
1314
578
-153
-996
-1701
-1973
-2051
-2642
-3544
-4326
-5051
-5484
-5560
-4932
-4341
-4000
-3898
-3656
-3787
-3966
-3908
-3610
-3228
-2732
-2421
-2353
-2385
-2794
-3196
-3201
-3100
-2933
-2904
-2922
-2731
-2798
-3105
-3254
-3162
-3014
-2553
-2053
-1617
-1399
-1498
-1733
-1692
-1521
-1283
-901
-567
-282
-300
-704
-933
-771
-499
-145
164
208
20
-157
-314
-217
65
195
395
625
594
450
206
68
339
645
841
1120
1270
1124
1070
1218
1360
1613
1829
1901
2001
2144
2060
1916
1799
1703
1888
2194
2536
2755
2631
2618
2696
2763
2860
3263
3491
3535
3655
3440
3224
2792
2547
2567
2843
2900
2986
2783
2328
2239
2113
1985
1726
1615
1543
2176
2764
3001
2718
2102
1221
594
-120
-941
-1172
-1170
-1410
-2243
-3084
-4144
-4995
-5456
-5067
-4030
-3456
-3537
-3585
-3814
-4245
-4350
-4003
-3567
-2990
-2488
-2431
-2498
-2843
-3324
-3567
-3332
-2915
-2669
-2732
-2833
-2953
-3140
-3381
-3240
-3042
-2784
-2206
-1792
-1688
-1908
-2035
-2118
-1919
-1581
-1277
-999
-711
-675
-900
-1057
-1118
-873
-446
-19
43
-35
-306
-476
-484
-368
-122
196
420
576
520
167
-123
-43
295
613
879
943
889
899
849
831
1017
1292
1622
1815
1901
1808
1852
1748
1756
1809
2063
2271
2342
2479
2559
2747
2601
2663
2894
3360
3552
3691
3769
3508
3233
3066
2964
2826
2964
2969
2946
2805
2627
2550
2563
2489
2143
2024
1701
2019
2335
2797
2911
2859
2368
1725
958
-497
-1321
-1070
-682
-1174
-1932
-2951
-3917
-4754
-4974
-4525
-3726
-3388
-3008
-2774
-3292
-3948
-4279
-4055
-3399
-2517
-2268
-2262
-2360
-2836
-3386
-3345
-3174
-2994
-2717
-2396
-2339
-2587
-2964
-3162
-3118
-2881
-2437
-1890
-1571
-1483
-1564
-1716
-1727
-1588
-1369
-1000
-428
-135
-185
-367
-575
-721
-665
-286
53
289
239
107
-102
-285
-297
-101
205
553
673
586
375
142
74
156
451
740
1005
1092
1059
1024
989
1067
1296
1471
1783
2022
2124
1922
1841
1789
1818
2071
2411
2612
2737
2874
2932
3100
3049
3079
3150
3435
3559
3710
3641
3705
3493
3110
2860
2861
3165
3522
3707
3605
3372
2969
2426
2274
2248
2477
2640
3487
3446
2862
2702
1652
1329
36
-1242
-978
-538
-1268
-1986
-2426
-3335
-4684
-4827
-4259
-3655
-3003
-2877
-2533
-2926
-4036
-4225
-3798
-3268
-2515
-2104
-2063
-2343
-2740
-3395
-3360
-2816
-2993
-2740
-2210
-2327
-2809
-3056
-3015
-2948
-2875
-2342
-1851
-1538
-1507
-1473
-1505
-1676
-1443
-962
-518
5
294
166
-41
-79
-147
-202
108
476
515
618
590
305
84
238
477
621
774
926
858
755
681
608
623
745
1012
1202
1346
1379
1294
1225
1382
1605
1757
1990
2208
2235
2188
2311
2202
1959
2023
2251
2495
2688
2927
3063
3085
3103
3379
3595
3466
3416
3627
3818
3820
3665
3385
3223
3039
2953
3057
3461
3589
3575
3670
3574
3196
2590
2509
2688
2941
2984
3189
3210
2741
2042
793
-622
-1327
-1235
-1181
-1024
-1301
-2163
-3257
-3994
-4493
-4358
-3760
-3081
-2364
-2407
-3137
-3893
-4319
-4407
-3649
-2886
-2607
-2498
-2558
-3050
-3374
-3496
-3730
-3628
-3177
-2838
-2709
-2738
-3127
-3438
-3442
-3327
-3047
-2540
-2130
-1793
-1666
-1837
-2050
-2033
-1823
-1246
-564
-297
-335
-343
-523
-814
-837
-740
-559
-213
172
118
-146
-397
-508
-484
-285
-89
156
316
384
360
180
-1
-7
230
554
930
1088
1023
894
886
928
1079
1327
1554
1795
1906
1921
1794
1610
1551
1633
1875
2292
2581
2664
2664
2737
2692
2679
2864
3092
3307
3416
3333
3107
2821
2545
2487
2640
2825
3043
3253
3185
2987
2782
2481
2245
2193
2092
2034
2176
2288
2220
2091
1867
1084
-126
-1081
-1298
-1362
-1434
-1432
-1699
-2561
-3683
-4325
-4458
-4327
-3827
-2996
-2738
-3183
-3665
-4063
-4377
-4190
-3668
-3315
-3020
-2815
-2895
-3048
-3183
-3447
-3682
-3586
-3325
-3065
-2847
-2744
-2794
-2961
-3164
-3151
-2923
-2590
-2148
-1765
-1699
-1776
-1765
-1769
-1667
-1295
-877
-591
-359
-244
-330
-474
-597
-653
-539
-354
-175
4
140
118
4
-144
-219
-151
93
318
540
649
532
353
282
310
399
667
936
1102
1132
1101
1020
1015
1028
1128
1313
1479
1604
1644
1680
1586
1467
1394
1511
1783
2120
2364
2506
2514
2324
2193
2208
2409
2563
2770
2831
2757
2516
2267
2201
2268
2406
2477
2554
2547
2383
2202
2063
1892
1756
1504
1447
1423
1501
1443
1405
1238
904
304
-413
-874
-1107
-1151
-1116
-1099
-1471
-1978
-2674
-3153
-3249
-3132
-2952
-2844
-2892
-3072
-3251
-3373
-3450
-3491
-3488
-3455
-3294
-3086
-2937
-2928
-3005
-3132
-3298
-3385
-3344
-3185
-2911
-2716
-2617
-2578
-2624
-2619
-2529
-2394
-2266
-2095
-1908
-1732
-1579
-1479
-1397
-1302
-1183
-1077
-959
-826
-710
-621
-549
-529
-515
-454
-366
-227
-82
2
17
67
154
290
417
536
599
607
640
693
736
808
849
876
918
976
1063
1102
1131
1113
1098
1114
1221
1350
1534
1584
1596
1622
1636
1751
1852
1957
2071
2193
2265
2349
2382
2428
2451
2521
2602
2636
2643
2588
2592
2573
2579
2592
2700
2714
2721
2679
2636
2606
2648
2603
2572
2431
2229
2163
2198
2340
2379
2230
1833
1235
625
239
99
118
54
-205
-704
-1348
-1831
-2137
-2265
-2331
-2387
-2516
-2691
-2846
-3028
-3161
-3264
-3374
-3399
-3393
-3273
-3146
-2999
-2926
-2954
-3066
-3177
-3158
-2998
-2792
-2571
-2406
-2344
-2250
-2183
-2109
-2039
-1940
-1815
-1692
-1610
-1508
-1387
-1235
-1091
-950
-830
-758
-677
-579
-448
-285
-150
-91
-26
90
240
408
531
621
642
669
762
853
920
1000
1018
1011
1007
986
984
997
1033
1038
1052
971
935
920
960
1061
1070
1067
1073
1129
1255
1409
1527
1590
1625
1663
1703
1819
1950
2118
2289
2380
2416
2398
2396
2396
2495
2520
2531
2497
2466
2529
2591
2648
2608
2526
2457
2476
2583
2720
2740
2645
2435
2285
2187
2155
2138
2106
2041
1897
1645
1149
583
100
-87
-149
-125
-373
-801
-1376
-1831
-2076
-2240
-2318
-2435
-2543
-2677
-2748
-2891
-3039
-3170
-3247
-3293
-3297
-3248
-3163
-2997
-2890
-2849
-2941
-3033
-3059
-2954
-2753
-2528
-2374
-2297
-2238
-2165
-2074
-2036
-1969
-1855
-1711
-1556
-1402
-1285
-1162
-1036
-907
-815
-718
-606
-433
-221
-5
134
178
235
267
386
556
723
873
957
966
978
964
976
1034
1114
1183
1183
1181
1101
1014
962
918
903
930
982
1028
1058
1061
1069
1043
1053
1050
1166
1381
1534
1640
1621
1570
1579
1647
1900
2133
2227
2252
2150
2101
2124
2285
2378
2391
2287
2147
2108
2215
2231
2319
2283
2239
2293
2305
2436
2410
2431
2400
2320
2226
2041
1886
1870
1942
1917
1845
1462
931
330
-5
-226
-250
-344
-597
-902
-1371
-1730
-2077
-2334
-2506
-2555
-2586
-2629
-2713
-2828
-2990
-3130
-3212
-3314
-3267
-3182
-3026
-2917
-2860
-2922
-3032
-3067
-3032
-2946
-2848
-2741
-2613
-2484
-2407
-2327
-2321
-2303
-2233
-2105
-1956
-1849
-1720
-1590
-1463
-1312
-1163
-1026
-877
-697
-532
-390
-252
-188
-138
-82
35
175
377
555
649
652
598
569
626
740
832
916
923
871
838
836
799
765
712
751
799
876
959
1028
1048
1033
1036
1029
1133
1272
1465
1609
1655
1613
1568
1541
1674
1855
2030
2142
2127
2046
1956
1975
2123
2308
2379
2326
2213
2175
2186
2341
2382
2481
2441
2459
2452
2494
2532
2545
2548
2412
2326
2116
2067
1923
1897
1787
1725
1436
932
354
-156
-350
-379
-336
-549
-909
-1430
-1840
-2085
-2291
-2432
-2478
-2550
-2620
-2657
-2782
-2947
-3061
-3126
-3161
-3138
-3102
-3062
-2976
-2877
-2867
-2942
-3027
-3104
-3055
-2901
-2750
-2641
-2543
-2509
-2455
-2419
-2381
-2287
-2151
-1981
-1822
-1662
-1509
-1390
-1232
-1080
-943
-800
-680
-548
-418
-289
-221
-170
-93
-9
121
270
404
453
406
426
432
471
559
625
654
630
614
615
605
600
616
600
628
650
693
734
771
798
789
795
862
944
1052
1164
1242
1249
1283
1316
1375
1508
1578
1661
1697
1739
1864
1977
2026
2079
2049
2032
2043
2081
2142
2155
2240
2228
2260
2251
2264
2264
2297
2334
2390
2411
2303
2146
1950
1834
1793
1836
1776
1687
1494
1254
972
614
156
-224
-510
-576
-621
-782
-1083
-1507
-1894
-2228
-2379
-2521
-2540
-2497
-2469
-2545
-2667
-2876
-3029
-3050
-2987
-2926
-2860
-2790
-2760
-2667
-2663
-2728
-2787
-2823
-2810
-2674
-2543
-2403
-2321
-2250
-2176
-2145
-2081
-2000
-1857
-1653
-1487
-1352
-1254
-1195
-1115
-984
-869
-728
-609
-451
-346
-262
-186
-157
-81
9
158
251
349
383
405
428
463
469
504
578
635
683
688
661
607
626
641
633
648
701
791
880
905
887
827
809
829
872
997
1128
1283
1403
1446
1419
1325
1333
1437
1643
1874
2040
2056
2006
1929
1823
1847
1947
2162
2326
2418
2358
2211
2112
2060
2099
2168
2260
2312
2388
2361
2261
2103
1987
1789
1650
1613
1586
1662
1609
1439
920
249
-352
-659
-634
-517
-489
-767
-1285
-1797
-2131
-2339
-2410
-2408
-2365
-2358
-2405
-2533
-2719
-2807
-2838
-2886
-2940
-2963
-2901
-2788
-2654
-2590
-2675
-2824
-2888
-2818
-2689
-2503
-2340
-2238
-2152
-2095
-2124
-2095
-1990
-1750
-1513
-1369
-1304
-1285
-1183
-998
-826
-699
-646
-616
-458
-280
-118
-25
-20
-21
-35
60
201
349
491
617
587
494
410
373
439
592
705
714
702
617
564
529
521
530
573
631
720
759
759
729
675
681
708
764
868
1019
1159
1295
1335
1288
1315
1365
1481
1637
1742
1807
1862
1949
2016
1997
1949
1915
1977
2093
2163
2205
2145
2075
2091
2152
2185
2191
2177
2212
2238
2265
2222
2150
2023
1861
1727
1506
1380
1325
1229
1121
859
367
-181
-573
-770
-854
-877
-1007
-1260
-1534
-1830
-2096
-2290
-2367
-2397
-2387
-2360
-2426
-2555
-2621
-2666
-2684
-2705
-2735
-2774
-2715
-2586
-2478
-2442
-2430
-2480
-2510
-2470
-2384
-2276
-2135
-1997
-1942
-1891
-1853
-1799
-1662
-1498
-1336
-1217
-1131
-1037
-900
-748
-640
-557
-509
-449
-337
-208
-65
17
50
38
17
57
146
310
412
477
470
388
315
325
387
470
516
530
498
421
436
414
417
458
509
543
602
642
658
695
719
796
841
887
975
1111
1262
1403
1454
1442
1460
1463
1618
1761
1872
1943
1938
1940
1916
2004
2061
2111
2170
2191
2199
2147
2209
2262
2322
2351
2273
2109
2138
2222
2389
2467
2318
2111
1846
1711
1599
1586
1462
1367
1222
953
590
98
-353
-632
-716
-731
-826
-1069
-1351
-1666
-1853
-2054
-2247
-2321
-2341
-2295
-2235
-2265
-2350
-2422
-2444
-2528
-2552
-2516
-2478
-2334
-2236
-2208
-2245
-2296
-2325
-2261
-2182
-2090
-2034
-1977
-1931
-1901
-1821
-1749
-1636
-1531
-1394
-1271
-1159
-1064
-930
-808
-714
-619
-553
-445
-312
-218
-118
-27
9
38
64
82
145
215
280
328
318
297
285
276
280
299
304
313
300
286
299
283
310
367
399
438
465
487
523
568
612
659
675
697
820
966
1086
1180
1195
1198
1244
1328
1408
1455
1535
1688
1779
1832
1811
1748
1801
1950
2059
2110
2080
2083
2149
2236
2151
2077
2042
2045
2126
2129
2128
2088
2094
1987
1838
1661
1495
1345
1281
1180
994
870
675
488
262
-93
-532
-814
-985
-1037
-1048
-1156
-1391
-1655
-1908
-2162
-2280
-2298
-2254
-2197
-2160
-2216
-2330
-2404
-2444
-2444
-2383
-2346
-2348
-2306
-2260
-2237
-2211
-2212
-2236
-2184
-2131
-2075
-2004
-1938
-1877
-1767
-1655
-1613
-1545
-1422
-1262
-1107
-988
-951
-925
-846
-792
-687
-575
-504
-397
-321
-245
-197
-178
-158
-133
-81
-16
59
130
219
243
212
198
195
204
276
321
354
389
397
405
433
446
458
470
511
593
618
631
660
658
679
728
770
881
1007
1110
1207
1203
1202
1211
1286
1434
1596
1694
1789
1851
1792
1757
1673
1703
1826
2016
2141
2162
2074
1946
1865
1793
1823
1904
1997
2097
2129
2109
2042
1910
1773
1570
1387
1248
1188
1173
1120
997
771
467
135
-224
-546
-800
-895
-943
-1005
-1117
-1328
-1594
-1894
-2100
-2185
-2175
-2140
-2057
-2043
-2102
-2144
-2191
-2219
-2223
-2192
-2195
-2190
-2134
-2080
-2043
-2026
-2053
-2070
-2014
-1941
-1870
-1766
-1723
-1694
-1642
-1596
-1519
-1396
-1243
-1082
-964
-894
-900
-940
-892
-813
-699
-571
-427
-388
-324
-245
-240
-277
-252
-212
-130
-7
99
162
210
269
232
231
239
242
295
374
401
397
399
393
398
443
446
451
495
557
631
684
722
729
742
806
895
942
1011
1058
1094
1188
1299
1398
1478
1512
1540
1589
1663
1750
1840
1878
1902
1932
2004
2014
1979
1985
2003
2060
2150
2167
2109
2092
2000
2040
2040
2026
1959
1886
1762
1615
1466
1259
1096
955
913
807
700
533
294
30
-206
-450
-673
-830
-916
-945
-1005
-1135
-1343
-1574
-1736
-1843
-1907
-1910
-1905
-1873
-1880
-1939
-2032
-2094
-2129
-2125
-2090
-2075
-2049
-2014
-2007
-2004
-1978
-1987
-1964
-1890
-1841
-1758
-1688
-1651
-1577
-1524
-1421
-1327
-1210
-1118
-1036
-973
-949
-909
-877
-846
-794
-700
-604
-551
-541
-500
-422
-326
-264
-238
-176
-158
-77
29
82
134
154
145
133
133
144
219
318
380
360
324
311
337
396
467
540
568
631
723
760
798
803
848
924
1037
1146
1203
1241
1266
1359
1444
1531
1602
1671
1658
1649
1643
1680
1768
1823
1874
1838
1825
1811
1858
1856
1800
1773
1771
1791
1805
1821
1758
1725
1663
1588
1495
1374
1235
1094
1013
859
735
631
507
410
250
76
-120
-263
-360
-470
-649
-881
-1042
-1139
-1170
-1212
-1325
-1484
-1601
-1685
-1771
-1802
-1818
-1825
-1781
-1791
-1844
-1910
-1942
-1923
-1871
-1840
-1877
-1894
-1860
-1781
-1738
-1710
-1695
-1696
-1664
-1622
-1549
-1491
-1424
-1334
-1266
-1194
-1136
-1077
-1058
-1040
-1052
-1019
-939
-897
-869
-828
-786
-712
-615
-551
-542
-502
-421
-337
-246
-205
-173
-141
-62
22
67
114
132
138
169
224
266
349
409
438
456
483
519
578
653
698
771
849
908
970
1029
1069
1072
1098
1129
1196
1333
1459
1560
1587
1576
1580
1564
1621
1673
1740
1844
1878
1869
1887
1867
1857
1887
1843
1813
1768
1728
1701
1726
1731
1658
1522
1395
1304
1242
1168
1073
934
700
544
419
412
448
365
152
-114
-354
-535
-572
-576
-651
-777
-975
-1145
-1205
-1270
-1340
-1363
-1456
-1566
-1631
-1671
-1705
-1645
-1574
-1614
-1672
-1760
-1815
-1759
-1695
-1657
-1639
-1644
-1636
-1623
-1588
-1565
-1533
-1462
-1428
-1415
-1393
-1330
-1225
-1120
-1036
-1032
-1074
-1095
-1061
-991
-912
-858
-853
-868
-853
-818
-762
-647
-542
-468
-441
-436
-377
-304
-192
-99
-41
-18
-10
33
71
129
187
228
258
307
353
396
450
494
520
549
575
621
717
790
863
947
1010
1040
1056
1111
1158
1219
1301
1343
1386
1456
1522
1584
1553
1520
1504
1542
1642
1686
1708
1723
1738
1740
1712
1667
1702
1713
1744
1691
1637
1551
1507
1542
1531
1481
1331
1205
1054
940
844
712
573
471
361
241
106
-21
-148
-295
-460
-653
-779
-825
-876
-972
-1071
-1237
-1360
-1382
-1417
-1460
-1514
-1589
-1635
-1674
-1693
-1672
-1641
-1611
-1596
-1634
-1691
-1713
-1658
-1593
-1547
-1537
-1564
-1548
-1522
-1471
-1417
-1366
-1316
-1285
-1233
-1209
-1187
-1111
-1026
-974
-974
-981
-969
-919
-859
-754
-689
-672
-648
-615
-579
-511
-447
-378
-321
-282
-202
-145
-68
-11
24
65
102
143
182
263
335
408
475
499
537
571
616
693
757
807
828
867
922
948
1012
1119
1219
1303
1388
1393
1378
1386
1412
1460
1572
1635
1642
1666
1623
1621
1641
1681
1713
1708
1733
1703
1704
1681
1620
1575
1556
1506
1495
1491
1400
1361
1336
1217
1109
986
852
765
681
587
441
317
179
84
-22
-145
-275
-368
-468
-569
-666
-746
-826
-902
-984
-1122
-1204
-1255
-1259
-1307
-1377
-1450
-1505
-1538
-1542
-1549
-1578
-1596
-1612
-1659
-1713
-1722
-1744
-1736
-1734
-1762
-1787
-1789
-1759
-1717
-1678
-1644
-1639
-1584
-1514
-1453
-1366
-1276
-1228
-1161
-1105
-1060
-976
-854
-732
-665
-608
-560
-513
-457
-387
-348
-300
-222
-120
-45
-14
-7
14
90
195
256
273
306
375
449
510
566
595
632
693
757
811
858
869
892
931
982
1028
1104
1181
1196
1210
1228
1226
1225
1261
1274
1288
1315
1337
1359
1365
1392
1392
1373
1371
1316
1356
1383
1407
1360
1266
1235
1190
1227
1206
1196
1154
1088
1029
924
783
686
658
648
549
418
295
167
102
3
-111
-235
-340
-399
-457
-504
-569
-678
-734
-836
-926
-1012
-1084
-1082
-1101
-1125
-1226
-1315
-1341
-1325
-1319
-1337
-1394
-1436
-1455
-1475
-1502
-1542
-1546
-1564
-1567
-1559
-1577
-1560
-1529
-1513
-1489
-1488
-1427
-1359
-1289
-1212
-1162
-1115
-1081
-1026
-966
-906
-855
-760
-674
-626
-596
-543
-477
-385
-303
-247
-198
-150
-78
-8
35
84
147
219
282
322
347
367
416
468
538
593
627
674
728
756
761
783
796
847
897
932
972
1002
1040
1025
957
920
968
1028
1148
1188
1171
1137
1108
1108
1111
1128
1129
1185
1252
1278
1221
1145
1041
1021
1060
1090
1083
1020
942
882
834
757
698
662
625
587
511
413
300
204
124
60
-20
-65
-100
-172
-230
-315
-403
-474
-496
-526
-564
-614
-652
-695
-723
-752
-795
-820
-843
-857
-893
-929
-964
-967
-967
-975
-1030
-1052
-1071
-1094
-1103
-1113
-1114
-1113
-1113
-1124
-1111
-1103
-1093
-1062
-1018
-1001
-987
-950
-917
-857
-808
-761
-703
-647
-609
-602
-566
-514
-464
-388
-349
-331
-286
-203
-144
-108
-66
-43
-19
43
99
138
176
217
244
292
344
379
462
524
558
563
578
601
660
751
798
825
799
798
817
850
899
924
940
938
931
945
965
991
1008
1026
1034
1046
1053
1066
1110
1087
1068
1030
993
971
939
905
933
945
888
805
700
668
631
625
596
513
418
357
296
217
171
110
35
9
-61
-137
-204
-250
-285
-328
-365
-417
-464
-487
-480
-530
-588
-645
-694
-695
-702
-709
-713
-729
-788
-851
-890
-906
-894
-890
-879
-901
-943
-973
-1019
-1031
-1017
-1013
-1024
-1014
-1006
-1030
-1011
-974
-943
-930
-889
-858
-817
-767
-734
-686
-670
-643
-624
-580
-514
-449
-398
-363
-358
-344
-314
-260
-206
-136
-80
-63
-43
-28
6
48
105
144
178
213
264
320
365
394
403
409
443
496
537
581
610
634
655
675
691
693
716
722
715
694
698
732
797
818
809
786
741
756
787
832
847
838
819
767
735
744
773
805
788
754
662
604
587
563
599
567
516
457
389
351
292
236
174
76
0
-48
-80
-117
-135
-141
-205
-286
-362
-458
-453
-446
-434
-425
-473
-534
-591
-619
-642
-644
-628
-648
-679
-694
-711
-711
-698
-703
-709
-721
-735
-728
-723
-736
-761
-785
-806
-801
-789
-778
-767
-777
-780
-806
-814
-792
-733
-704
-682
-675
-684
-648
-626
-607
-572
-530
-508
-471
-448
-415
-395
-382
-364
-350
-309
-275
-237
-175
-130
-93
-71
-55
-34
-38
-14
41
107
149
192
228
250
271
298
317
346
379
417
477
536
578
571
543
520
532
598
657
710
753
723
677
638
658
713
805
848
838
803
794
805
795
814
821
842
837
804
760
711
672
702
699
699
673
582
535
489
470
414
396
358
301
248
177
126
98
59
14
-51
-95
-106
-142
-167
-236
-294
-355
-381
-345
-358
-348
-366
-396
-406
-433
-456
-449
-464
-461
-455
-464
-479
-491
-483
-490
-498
-496
-505
-500
-517
-527
-526
-522
-514
-510
-507
-533
-542
-555
-554
-561
-571
-555
-534
-512
-507
-501
-511
-498
-476
-459
-426
-399
-377
-360
-368
-365
-340
-294
-253
-213
-173
-168
-138
-115
-116
-90
-48
2
30
47
44
46
79
119
121
133
147
174
206
250
280
270
294
327
368
402
411
400
412
413
411
452
470
506
542
554
546
538
529
539
574
590
637
627
597
592
550
573
575
603
598
557
542
481
446
429
417
403
382
350
329
322
327
291
261
202
144
131
117
124
135
129
63
-41
-137
-186
-188
-124
-176
-170
-173
-213
-240
-303
-308
-324
-295
-294
-333
-372
-391
-383
-353
-349
-359
-387
-400
-419
-430
-394
-354
-338
-338
-371
-420
-428
-413
-373
-357
-362
-413
-396
-376
-372
-360
-353
-361
-365
-377
-396
-393
-374
-348
-356
-347
-346
-341
-335
-330
-343
-348
-347
-343
-333
-327
-325
-321
-306
-294
-299
-308
-288
-261
-260
-254
-215
-189
-136
-82
-61
-66
-59
-32
-24
18
36
48
81
93
114
144
168
200
210
235
250
276
316
337
351
366
372
329
350
385
412
446
438
428
450
474
478
462
449
454
445
436
405
391
363
369
400
390
378
318
255
224
195
187
200
187
176
131
106
102
97
98
53
24
7
-21
-56
-75
-57
-41
-22
-24
-66
-120
-161
-196
-211
-184
-159
-128
-116
-132
-155
-171
-177
-212
-236
-277
-312
-307
-291
-251
-249
-261
-290
-327
-326
-325
-312
-287
-273
-266
-278
-276
-262
-254
-242
-261
-261
-265
-240
-228
-221
-228
-251
-268
-293
-272
-254
-217
-210
-222
-261
-288
-294
-287
-224
-189
-144
-141
-148
-151
-174
-173
-169
-131
-56
-13
-33
-46
-54
-43
6
45
40
51
49
38
66
87
90
83
97
103
97
128
171
166
184
183
184
192
221
237
245
304
332
380
373
312
268
284
285
336
383
362
392
414
393
326
266
268
316
355
356
279
260
252
267
291
255
236
226
190
158
123
83
86
88
79
45
29
12
29
32
-21
-71
-108
-127
-94
-85
-95
-100
-111
-137
-173
-175
-182
-152
-135
-144
-179
-183
-179
-151
-145
-159
-194
-216
-185
-164
-137
-145
-192
-258
-323
-355
-343
-278
-176
-154
-208
-326
-424
-446
-393
-317
-259
-204
-192
-228
-284
-342
-351
-291
-217
-196
-194
-212
-261
-266
-259
-266
-232
-175
-122
-133
-159
-206
-268
-264
-246
-229
-181
-127
-98
-94
-138
-182
-219
-196
-128
-100
-60
-21
-23
-32
-55
-78
-71
-13
48
73
97
75
72
51
51
74
122
195
256
296
263
209
164
166
187
256
320
366
403
373
318
253
199
207
233
259
278
269
247
187
151
134
140
188
178
116
103
114
136
148
112
77
87
140
202
215
208
150
90
75
75
81
105
157
132
70
-14
-54
-33
2
9
2
-6
-1
2
-41
-91
-129
-107
-80
-74
-116
-167
-174
-124
-108
-121
-163
-195
-181
-178
-154
-129
-135
-128
-143
-205
-235
-248
-220
-212
-217
-272
-296
-256
-236
-237
-302
-405
-447
-430
-364
-284
-266
-282
-279
-297
-295
-266
-230
-200
-205
-225
-261
-254
-195
-131
-121
-127
-137
-172
-153
-135
-149
-132
-85
-82
-79
-98
-98
-38
8
19
-32
-49
-27
-10
46
82
122
176
212
195
138
146
214
296
317
264
205
210
252
265
283
290
324
316
296
268
260
310
335
302
215
193
228
309
357
344
292
212
176
200
235
272
292
290
285
229
172
163
170
156
117
68
72
108
107
57
-8
-4
36
33
6
-34
-49
-4
-3
-22
-40
-63
-41
-56
-74
-97
-131
-128
-135
-174
-194
-192
-176
-187
-208
-280
-309
-280
-253
-229
-253
-258
-293
-310
-314
-307
-285
-273
-287
-295
-317
-311
-295
-292
-258
-247
-237
-240
-238
-215
-199
-204
-231
-258
-252
-226
-185
-190
-197
-180
-215
-233
-224
-210
-131
-65
-42
-85
-132
-149
-108
-29
3
-10
-62
-106
-109
-90
-52
-11
19
35
5
-1
55
103
114
94
78
77
146
235
214
192
163
125
143
165
204
218
228
232
163
116
137
193
260
239
209
173
138
175
160
186
206
220
241
198
175
140
122
150
140
158
171
177
188
185
184
136
97
84
88
118
130
136
131
57
-4
-69
-89
-73
-28
8
9
-6
-31
-75
-102
-95
-97
-89
-104
-117
-151
-170
-172
-165
-183
-197
-215
-255
-254
-227
-205
-206
-247
-350
-405
-388
-315
-222
-192
-217
-291
-367
-382
-341
-270
-208
-170
-203
-254
-302
-317
-270
-238
-241
-268
-264
-220
-201
-198
-206
-233
-221
-184
-153
-135
-89
-48
-74
-108
-152
-129
-53
31
71
39
31
28
21
52
84
124
190
218
201
181
187
212
243
251
223
221
267
286
279
278
246
267
249
215
189
169
238
278
284
234
133
101
160
259
326
346
315
209
135
118
128
210
262
282
245
186
153
128
156
173
140
115
94
91
81
78
79
26
5
-35
-80
-49
-43
-42
-58
-104
-149
-175
-136
-112
-85
-75
-122
-125
-172
-187
-128
-95
-78
-127
-169
-200
-225
-194
-187
-197
-228
-243
-231
-268
-264
-259
-292
-271
-275
-281
-283
-314
-306
-303
-293
-299
-329
-323
-340
-344
-353
-374
-355
-333
-309
-289
-283
-284
-278
-255
-242
-206
-183
-188
-143
-115
-124
-117
-92
-41
0
-4
1
-16
14
87
118
162
146
104
94
127
182
227
232
214
164
144
162
201
250
265
244
225
197
185
197
215
242
249
261
247
218
236
229
214
197
193
206
208
222
222
201
172
144
150
161
176
180
162
141
111
103
134
143
134
97
59
18
18
47
88
140
147
119
33
-30
-53
-33
3
36
52
34
20
-18
-48
-61
-43
-58
-66
-80
-113
-125
-134
-142
-172
-174
-200
-204
-222
-236
-234
-241
-252
-267
-298
-318
-311
-291
-267
-305
-357
-396
-403
-357
-314
-287
-296
-339
-357
-356
-315
-272
-240
-232
-242
-247
-217
-217
-201
-188
-170
-161
-156
-146
-136
-105
-111
-103
-91
-62
-20
24
54
64
31
17
28
38
82
133
161
162
173
152
145
163
192
209
222
208
206
242
272
308
310
283
283
291
299
298
288
271
247
248
250
276
299
306
294
250
208
179
189
192
199
192
177
184
195
184
162
153
153
151
146
130
108
123
125
123
114
116
131
126
140
124
78
46
46
45
35
29
7
24
45
26
-22
-70
-104
-107
-86
-84
-109
-129
-127
-154
-160
-168
-177
-195
-205
-217
-257
-260
-217
-188
-161
-154
-181
-205
-220
-236
-246
-231
-228
-227
-203
-187
-184
-206
-225
-221
-228
-213
-199
-178
-160
-160
-149
-148
-157
-166
-168
-170
-152
-138
-122
-107
-105
-107
-98
-84
-81
-60
-34
-32
-50
-66
-68
-61
-21
41
60
50
37
9
-15
-8
19
33
41
25
27
50
93
125
113
76
47
38
52
102
153
176
166
141
103
71
85
125
159
180
177
148
140
127
113
100
90
111
145
172
166
146
118
73
39
15
30
89
140
163
123
49
1
-9
-19
-11
6
21
34
31
-3
-55
-69
-84
-89
-80
-73
-72
-61
-62
-81
-114
-139
-159
-159
-143
-128
-130
-134
-156
-199
-231
-239
-211
-179
-150
-166
-197
-220
-226
-228
-230
-212
-204
-199
-209
-197
-195
-209
-216
-246
-250
-230
-197
-155
-115
-113
-153
-172
-164
-128
-93
-52
-27
-30
-35
-46
-44
-32
-15
-2
3
6
-2
16
32
54
55
28
2
-21
6
70
108
139
138
98
79
75
99
130
180
183
149
138
129
165
198
224
202
151
103
96
136
183
206
221
199
171
148
117
121
135
144
141
109
88
107
138
180
178
134
104
70
51
36
52
60
64
88
68
42
20
-6
-32
-50
-54
-25
-14
-17
-18
-26
-48
-82
-86
-92
-72
-38
-37
-64
-100
-136
-147
-133
-101
-93
-103
-109
-133
-142
-141
-129
-107
-90
-102
-107
-123
-132
-137
-133
-109
-120
-112
-114
-106
-101
-89
-89
-122
-134
-124
-110
-88
-60
-75
-114
-121
-110
-91
-59
-38
-41
-47
-66
-77
-78
-53
-33
-11
15
9
-22
-34
-26
-3
19
38
70
81
89
97
78
68
63
75
97
136
152
137
145
122
104
113
131
147
168
170
148
144
156
158
168
174
132
105
99
98
96
85
78
82
87
86
86
89
75
65
65
54
54
46
59
72
66
57
45
46
42
28
22
18
21
19
12
23
21
