-40
-24
-75
-97
-94
-89
-46
-69
-90
-62
-48
-84
-42
-15
-57
-70
-64
-96
-102
-69
-56
-32
-41
-38
-83
-81
-33
-26
-11
15
73
52
17
28
24
37
60
70
25
9
-31
-31
-23
21
38
-10
-32
-55
-15
-5
-1
-27
-22
-44
-47
-19
-7
2
-14
-43
-59
-48
-8
21
29
-12
-16
-3
-37
10
21
-3
-12
-49
-75
-43
-37
-22
10
10
18
-7
-2
27
14
31
29
20
18
19
23
-20
-7
4
-15
-24
-23
-18
-10
55
12
10
45
-12
-34
-33
-13
21
12
31
-4
-70
-32
-41
-58
-37
-14
-41
-24
-42
-24
-48
-72
10
28
33
35
0
-46
-57
-4
15
4
3
-39
-85
-81
-34
-11
-68
-110
-134
-104
-56
-28
1
-12
-62
-90
-51
-31
-11
62
101
42
33
31
-43
-7
47
80
114
61
59
-17
-89
-95
-119
-63
4
-8
-16
-55
-91
-96
-77
-2
5
26
2
-75
-76
-74
-55
-8
-8
-43
-1
18
-4
-34
1
-3
-3
57
35
14
17
-11
-79
-68
-33
20
48
71
93
70
61
11
28
118
140
41
102
138
35
0
41
84
116
171
128
135
142
69
78
89
67
57
123
116
37
-24
-61
-79
-123
-81
-24
48
51
-23
-62
-32
-5
-77
31
150
55
-21
-45
-55
33
50
50
143
72
-89
-84
-34
-31
-131
-19
112
90
-32
-87
-70
-164
-197
-120
146
173
129
22
-9
-60
-120
-14
120
147
131
32
-108
4
-189
-269
-49
-56
33
118
46
-49
0
-83
-117
12
-26
-13
146
107
-86
-95
-133
-68
-4
101
215
181
-40
-183
121
115
-68
-53
-7
35
10
47
25
-20
-243
-292
-59
128
159
99
78
-206
-257
-78
23
81
241
-35
-183
-151
-417
-145
8
94
17
-37
100
-108
-242
75
157
-33
-34
116
33
-7
-190
-168
-34
-272
-10
236
58
-22
-82
2
-114
-189
-2
91
73
-225
-321
-86
-147
-134
91
143
-66
-16
-87
-204
178
124
-22
13
76
-114
-140
-335
-296
82
-192
-44
212
24
-254
-124
117
47
101
282
155
30
-25
-184
-17
-70
-151
31
152
-63
-137
-136
-151
44
-104
-8
373
123
-170
-225
164
220
-150
-194
368
38
-198
-78
82
10
-280
32
236
81
2
-51
46
-187
-135
-257
-207
150
26
66
-33
-260
-297
-384
46
433
171
17
-49
-12
-362
-233
-119
-116
256
11
-105
9
30
-462
-300
72
-23
-99
106
38
129
-452
-352
-48
-72
-185
177
104
-338
-179
-278
-485
-137
-248
-177
380
-281
-408
-161
-403
-476
24
318
33
11
-45
-333
-550
-523
-102
312
-19
-204
-88
-215
-435
-340
-291
-11
120
27
345
186
-335
-499
-533
13
202
99
235
257
-138
-396
-173
-546
-278
-13
68
145
-77
-416
-489
-84
-182
-229
250
376
254
-178
73
-11
-177
-42
-17
374
501
-314
-205
173
-324
-478
-8
340
21
-84
155
59
-64
-224
-183
134
496
126
78
529
-40
-350
34
105
49
207
365
31
-97
-98
-464
21
109
163
167
-120
10
48
-143
21
365
144
-167
197
451
87
7
258
188
-262
108
150
70
440
333
-164
227
8
-191
232
250
185
-330
56
280
-384
-327
379
388
-518
-47
320
-177
-79
246
533
82
-204
146
315
-14
155
693
132
-29
-319
-295
341
246
-154
-153
-53
-60
-328
-161
484
-65
-382
89
527
-206
-467
242
47
-362
248
441
-284
-281
-69
-106
137
93
159
199
-68
187
-135
-381
-46
-57
-133
254
310
-276
-361
-552
-42
4
-250
440
-51
-525
-344
-142
-1068
99
1125
-545
-264
180
-380
-156
-259
-77
77
-166
-91
464
-458
-728
173
-39
-611
431
650
-601
-34
25
-489
280
275
-601
478
940
-218
-646
564
-347
-665
360
868
45
215
31
-430
-365
-407
452
428
376
-187
-27
221
-368
-595
483
556
-551
356
806
-429
-284
-405
396
6
-214
447
926
220
-646
364
409
-24
-502
1032
684
-560
-271
315
84
-704
69
507
-330
-329
149
719
-324
-593
501
195
-564
260
887
44
-90
-489
-215
364
-14
-217
653
626
-1741
30
1252
-1057
-94
429
346
-363
-742
-70
237
-534
-445
876
-672
-621
152
-283
-146
-238
248
107
20
-426
323
226
-647
234
414
-246
-202
494
-186
-38
22
45
-127
8
-291
-121
219
-389
354
-221
-388
3
1
110
-32
162
-148
-365
-56
-187
189
-56
-331
295
628
-742
97
122
-460
744
154
71
132
-439
-153
40
-221
-292
791
277
-400
-55
288
-449
-356
640
89
-94
-276
-82
-46
230
-652
258
836
-867
-67
1020
-695
-768
49
701
-1132
-155
422
-463
-493
-255
925
99
-394
-128
1217
-557
-1011
1468
333
-924
-88
1529
-1233
-1452
1563
334
-1006
-139
889
-534
-631
520
641
-959
-558
1557
-558
-260
589
-954
414
751
-1094
-101
1072
-1452
391
1299
401
-2003
191
1391
-934
-600
1456
841
-1435
181
1054
-1560
-943
905
608
105
-296
-118
260
-1191
-325
1988
72
-906
920
340
-1031
158
228
295
-641
-170
782
-579
-693
52
-232
-600
-219
571
298
-589
521
-165
88
-111
-170
897
244
-346
258
810
-1178
244
392
-479
360
12
-302
44
-70
-295
72
823
-561
-522
-71
194
-183
488
-122
-602
-52
346
516
-979
253
332
-1667
1319
183
-1784
1009
-211
-513
214
725
-326
210
376
-111
-406
658
80
-991
-423
669
-181
-753
745
342
-1515
-1044
1125
-199
-723
650
558
-1106
-125
483
-149
-474
-137
776
-274
-375
934
145
-1065
201
710
-1033
-166
1437
-463
-551
-391
231
-588
-784
618
405
-513
-563
178
-248
-288
-81
-24
510
-972
428
847
-749
-371
986
23
-857
1263
600
-854
516
531
-978
111
1356
-827
-56
942
-430
-131
926
-58
-442
228
164
691
-669
1033
470
-1130
1101
-98
232
757
-74
689
-464
-480
-288
319
-103
325
265
-309
-294
79
453
-506
385
-175
-415
-51
1140
-802
510
433
-972
552
142
157
169
417
-642
-191
158
-466
627
-53
-549
-219
889
344
-785
78
-664
-729
523
1139
-58
-261
27
-127
-170
-520
134
494
-253
-242
263
-782
-1149
540
-325
-433
294
792
-264
-104
134
-826
45
-495
385
681
431
-165
-278
-621
-822
417
718
-8
620
-219
-651
-191
-539
-90
-259
-263
490
485
-1188
739
-68
-1295
509
-473
193
-298
-151
424
-954
151
-227
268
-994
705
173
-300
-459
387
-52
-1468
510
-187
-142
945
-566
535
-103
-645
-143
-549
725
-70
-407
-166
-379
-959
60
712
-714
-745
1181
-233
-973
-330
584
-410
-691
1246
-452
293
54
-71
831
-723
557
583
-956
547
377
-1077
-318
203
-20
-15
14
-92
-98
-167
168
473
-500
-26
147
2
-20
-395
-714
355
307
25
254
-76
-543
-316
123
-6
342
594
-162
-400
-51
-389
117
-39
647
-112
371
52
-559
87
182
-337
115
-10
-158
1
495
-685
-401
653
-125
-380
400
-188
-165
-702
355
262
-635
1
701
87
-630
142
318
-444
88
1131
67
-562
364
-344
524
426
-531
619
28
-947
552
303
-623
39
499
-503
-1183
440
610
-1117
-70
942
-1682
-381
670
-874
-234
1659
-564
-586
810
66
-696
820
865
-607
116
645
-211
-1373
990
194
-261
157
527
-563
-944
689
-1280
929
487
-1894
1557
-142
-1969
228
1012
-1844
1177
1454
-954
-699
813
214
-1786
1303
-433
-735
-314
712
485
-1833
269
-64
-948
33
1264
84
-1214
1088
-706
-1098
-43
632
-152
88
-131
-816
247
166
-254
-373
-70
300
268
-118
-511
-201
6
-686
-332
104
876
848
117
-172
-478
-145
1003
668
135
910
57
-1021
535
-291
-251
705
27
30
23
923
-436
-606
972
-845
248
1077
-114
-19
278
-758
-636
1377
165
-322
-112
-538
25
555
340
70
-538
120
140
415
-97
-153
1335
-826
-970
833
919
-51
275
1144
-530
-934
577
721
-914
-296
1189
-541
-830
574
8
-1234
166
1076
-918
415
13
-61
-317
-266
1309
-382
-1531
1075
214
-1297
1747
200
-790
288
-872
752
900
-169
825
461
-1357
-1056
900
-564
9
330
422
-798
-214
312
-1119
731
6
-646
332
-186
18
-7
-8
-738
796
-682
-465
1461
-283
-93
-33
205
-65
11
422
479
-777
-323
1136
-484
-10
286
-1044
-509
757
-133
-56
366
-702
414
-669
-681
302
-53
-77
-488
841
-222
-499
-387
288
-942
-1021
2242
166
-986
1962
-208
-1681
464
656
-456
-832
916
729
-1830
213
696
-1569
-789
1579
-211
-838
1852
-476
-833
485
336
609
-642
-84
353
-1207
359
282
-1498
53
-577
540
486
-807
-99
-78
-472
-51
971
-716
55
803
-787
47
481
383
-359
733
136
-842
1150
-1292
194
1318
-1242
520
-116
-829
-485
1021
-477
110
387
35
56
-371
446
75
85
882
400
-38
226
-312
317
-231
503
-56
-995
-231
848
523
-46
-30
-768
-583
1304
-632
752
1444
-1751
214
1322
-534
-380
588
-232
-907
724
581
-1128
-266
314
-447
163
-28
701
-703
189
1143
-955
343
420
-969
-608
1092
137
-1403
1557
-750
382
469
-1258
-872
1002
119
-501
1474
-399
12
177
-444
-535
642
384
-1124
1032
-512
-934
561
-1288
-128
1801
-468
-858
596
-1339
-294
356
-815
-410
-484
278
-151
-189
230
-411
-595
-175
94
-472
691
710
-710
-130
-138
-394
-430
951
323
-394
1348
-368
-783
-417
-496
102
560
523
-227
-198
-890
149
986
-608
-620
589
-151
-269
327
607
-743
-773
1394
-1346
-376
1141
-229
-616
287
760
-528
-91
424
-61
326
-378
65
741
-1262
4
352
-256
-168
421
-199
-527
75
-87
643
323
-46
0
-347
41
63
-256
707
198
-70
-33
449
231
283
651
-100
164
-235
795
194
-362
1063
-869
458
748
223
-704
177
476
-1563
677
740
215
-654
809
-378
-847
1251
-519
-1166
644
174
-58
1120
-929
-660
851
-522
755
455
-176
247
-261
-52
-94
-230
-67
185
446
-159
-381
-332
-187
-125
843
-553
-320
166
-774
475
1290
-710
-874
791
-124
185
52
-173
-98
-516
961
-378
-1477
1010
234
-429
-156
-9
-595
976
-250
-652
1397
-1224
518
407
-140
-622
-320
463
-312
531
14
-401
201
-1364
66
944
-491
-296
-84
-825
-1003
-326
120
169
87
-243
-815
-795
3
454
289
175
-232
-131
59
-1055
484
24
-1094
1998
-709
-902
927
-199
-1707
765
367
-1220
899
-427
-498
-158
-793
4
748
306
671
762
-1295
-7
968
-798
-278
1539
-921
-332
1831
-1094
436
1387
-467
-1192
1599
-1397
-717
2274
-1118
-224
734
241
-1346
1022
641
-997
1296
-34
-522
386
308
43
-666
662
412
1301
-531
-40
134
-193
-547
522
825
-643
-52
579
-524
-288
982
524
143
-63
143
-834
-55
479
1049
590
-1226
-509
524
-698
269
866
403
-482
127
-521
-41
-656
512
1262
-462
-338
-79
-1015
-561
1885
146
397
915
-557
298
-635
342
-523
-15
909
-979
-138
-59
-365
-658
713
-419
-447
388
-399
784
-758
108
770
-377
209
891
-956
-702
1255
-674
319
-456
-203
-421
-622
798
-251
-288
-117
-207
291
518
-537
-225
1399
-1816
806
745
-618
838
-433
-665
-445
320
-286
-41
25
262
-492
-430
3
-986
-145
502
448
-469
697
-788
-192
389
-30
444
-351
540
-551
11
345
243
102
-544
-486
-687
960
-900
-453
425
-527
120
-318
95
153
-120
-588
-600
24
-522
112
447
237
-322
-205
-339
839
-45
-460
99
-953
1109
401
246
191
-417
257
109
712
-144
684
-437
-370
488
189
-1074
-456
770
-1864
1480
846
-25
50
51
563
-849
841
123
-78
457
909
-203
-942
964
124
541
429
-201
-283
-54
658
432
-793
-8
529
-822
956
1017
-885
523
-83
-1329
-22
1594
-547
210
928
-1653
-701
944
294
42
780
211
700
-1223
-690
981
-582
356
676
-217
-1105
1029
289
-1113
163
1141
-556
-318
1485
-785
-1277
701
499
-1364
757
730
-1388
114
343
-411
289
418
-726
170
-424
-525
1486
124
-556
353
71
-1185
-140
633
-685
560
1135
-1557
-283
295
-349
-277
17
243
14
-829
-464
1324
-1338
-543
1129
-857
306
250
-1749
-415
664
-324
342
20
-1474
321
-185
-1098
1085
471
-274
405
-248
-332
-826
266
128
227
-627
198
330
-1228
-65
-486
-734
810
820
-731
-223
390
-1310
-668
986
859
-828
1025
102
-1147
259
287
-416
225
1377
-392
-614
852
-219
-351
308
1076
-1108
426
807
-1118
-469
1351
-320
-1449
1645
-586
-1613
1676
674
-1439
1175
1417
-1712
390
1496
-408
-1032
-144
295
-377
826
108
-857
-593
1160
186
-736
1283
255
-1495
247
1170
-357
-390
60
-1200
-233
608
1034
-880
554
-38
-935
-28
645
358
-743
1716
-159
-486
774
-525
-532
-723
-13
1158
1036
-997
-644
-1232
-65
938
516
-77
169
299
-1058
409
19
-751
1178
-319
-1726
1410
108
-770
1211
-326
-1320
810
1472
-1072
241
512
-1299
428
-684
-20
5
-443
676
-130
-278
-143
-178
-799
-1043
291
224
588
182
-492
-923
-66
-297
-3
812
-576
778
-988
-1051
5
124
-1132
721
1082
-2165
490
489
-363
-891
-101
-8
-298
732
880
-96
-444
-190
-65
912
669
-1531
779
345
-1254
225
777
-1340
-788
380
-444
458
-54
138
-364
202
86
342
-600
136
765
-388
-308
913
138
-922
1150
-90
-998
471
88
589
-41
1053
-1147
-127
571
210
735
-418
126
-195
1122
40
-685
-80
316
-400
-518
2613
-637
-2325
1261
373
-1755
1422
1123
-2197
1385
835
-1863
530
677
-302
54
342
245
873
-632
14
1061
-1230
321
1736
-86
-689
818
952
-1713
486
785
315
168
669
710
-1248
-652
852
551
-811
264
754
-739
-447
-244
-640
-118
-291
971
388
-1921
350
1628
-1268
-292
2429
-539
-1715
1529
896
-806
-104
-244
695
-1122
235
1299
-1482
-1561
1547
596
-2386
1123
-90
-1131
-118
321
630
-1472
538
344
-1065
-577
528
870
-1698
127
731
-848
-549
741
411
-1234
887
17
-1112
604
-199
371
-630
-114
-251
298
-147
-104
370
-1683
-893
658
-968
-221
582
-1321
-1211
693
-1193
-666
-340
285
441
-136
190
-77
-262
-1751
1190
702
-2061
1165
584
-1820
197
75
62
-650
-244
436
-1006
113
236
291
-626
-245
42
-1828
152
-197
171
1442
-857
-403
579
-929
-1982
1542
109
-138
1448
-96
-1462
-1022
571
-722
1595
892
171
-700
-822
1545
-978
110
957
-340
-904
-861
1640
-1452
-202
861
-1136
15
240
938
-911
-645
1141
-182
146
1023
42
-818
-692
460
-55
-171
585
1067
-1436
-724
565
-28
-1479
1875
1345
-2907
692
1386
-1433
-448
494
457
-1239
664
-700
-1042
952
-1470
241
522
-1379
589
952
-573
-460
443
-325
-1483
1498
336
-980
494
651
-975
-1757
1439
5
-1102
1111
1123
-1693
163
843
-881
46
64
79
624
-731
-52
1517
-1366
-1443
2445
-458
-1937
629
957
-1676
-18
1174
-511
-1984
476
1140
-164
-263
479
-284
125
-92
211
-700
-293
1191
-168
492
-87
-1611
188
-234
-23
1640
-1390
-1311
1079
-1413
-970
1076
903
-1771
377
697
-3212
953
879
-110
965
-574
-962
-2385
1451
-89
-362
1639
-965
-357
1492
-224
-523
1166
-231
-261
2000
-658
-1753
1417
-787
-1561
2197
-315
-893
-2
-304
49
-895
374
226
572
-1381
691
1454
-1248
-100
1254
-882
-1484
1800
-120
-1184
336
99
-1278
712
104
-447
483
-1313
-86
90
-1192
356
1
-381
186
932
-99
-1663
1118
-595
339
978
-1456
-470
759
-533
-737
256
25
-739
652
1233
-580
210
-737
82
559
501
-537
932
-1054
-376
550
-316
-502
407
331
-974
-434
738
-745
578
849
-1067
-534
899
-1383
56
1770
-1403
751
161
-264
392
280
-74
-353
377
-73
-2
681
-20
-197
-1403
1004
-567
-193
1085
-951
5
-230
-427
378
614
-1645
1100
1770
-1509
1472
225
-1581
-59
1197
538
-560
750
109
-682
214
812
476
-1108
768
480
125
-165
117
28
-66
-312
560
380
-109
-101
103
1010
-269
72
1563
-518
-1441
1713
438
-768
1405
635
-501
-92
-1548
1435
691
-2233
1649
1246
-1870
130
1827
-1636
-876
1581
-202
869
-663
393
413
-1400
-126
441
-1230
-1346
2577
-301
-977
1128
-367
-522
187
242
1053
210
1093
1023
-84
-457
-1105
366
-59
999
330
176
-172
-1037
-176
476
-119
32
1026
381
821
148
-427
518
-210
343
1297
-428
-1407
1268
881
-1373
233
795
-731
202
1072
-82
-688
951
150
-1407
1260
-1314
-1776
1519
-335
-1089
-39
837
-2014
136
2170
-1186
0
1316
-225
-21
705
199
-297
-713
40
-321
-182
-996
180
435
-720
312
-91
-337
-132
145
1525
95
-847
34
1583
-1502
-641
2103
-1984
-957
1597
-973
-1392
930
551
-1640
58
199
-321
32
-314
643
-457
-561
92
203
-155
-416
297
-14
-326
-305
57
374
-1417
851
1101
-886
1212
768
-1337
-449
1324
-219
-879
568
-7
-1382
-816
384
-1226
-418
1010
196
-1010
439
161
-702
515
1053
697
556
75
-233
-6
420
-553
13
1226
-1279
156
987
-1160
-25
576
-527
-556
787
748
-928
830
796
-1388
950
346
-835
989
624
-415
547
382
-1330
76
1102
-714
57
720
-923
416
627
-65
280
-190
-104
-116
-119
64
287
261
362
-982
-146
-118
-784
514
208
-482
-59
391
-761
-127
54
-443
-139
122
39
439
-234
-63
-63
405
-356
199
637
-400
-283
402
-426
-435
318
-231
-800
-360
-30
-415
-441
372
549
-872
78
792
-707
-628
1046
-135
251
428
-272
270
-310
-1065
-64
507
-907
-739
1084
6
-1814
-132
36
-1052
-515
1660
501
-739
160
257
90
395
1093
307
-249
79
527
244
271
33
-767
-287
33
106
139
138
-137
-609
89
-7
50
3
193
629
-534
-296
820
-461
-665
655
-4
-888
101
1163
-211
-264
767
-184
-384
563
821
83
64
653
-126
13
88
-62
-66
-22
-12
-223
134
-385
-681
-110
-391
-488
-118
54
-419
-407
-591
-905
-650
-965
-394
-535
-1132
-997
-933
-1151
-1131
-332
-420
-773
-898
-534
-573
-849
-476
-166
-1023
-729
262
-374
-492
-192
-347
-722
-206
-255
-777
86
-1
-741
-397
62
-609
-603
787
269
41
328
198
9
-90
497
704
503
249
484
698
419
835
1174
694
758
867
1333
1407
1283
1211
944
1337
927
1152
1411
1261
1750
1658
1246
1566
1384
1218
1759
1773
1651
2067
1719
1328
1780
1557
1225
1362
1493
1182
1489
1250
1429
920
640
1120
479
392
928
1267
212
691
1005
-63
-37
577
438
-431
52
-156
-1614
-2267
-2455
-3322
-4525
-4292
-4601
-5472
-5885
-5886
-6549
-7266
-6519
-6335
-6215
-5350
-4422
-4431
-4100
-3299
-3189
-3025
-2183
-1298
-1151
-617
87
-7
-431
93
275
-24
719
1384
1024
1125
1523
960
536
1269
1486
1119
1830
2481
2176
2241
2612
2359
2582
3419
3882
4470
4998
4553
4249
4118
4085
4494
5083
5072
4727
4500
3987
3682
2999
3251
3295
2780
3092
3465
3640
2992
2551
1955
2200
2897
3521
4347
4120
3789
3566
3384
3209
3064
2664
1638
871
-344
-1736
-2958
-3092
-3992
-5572
-5868
-6170
-7436
-7898
-7079
-7759
-8367
-7326
-6519
-6506
-5433
-4095
-4287
-3944
-2798
-2094
-1949
-654
241
-72
381
837
421
-216
92
-356
-1171
-1064
-1099
-2202
-3150
-3047
-3892
-4833
-4766
-4582
-5142
-4680
-3775
-3680
-3713
-3215
-2389
-2092
-820
403
835
1172
2069
2465
2526
3385
3595
3310
3632
4043
3768
3543
3817
3226
2644
2786
2894
2717
2800
3179
2612
2580
2835
3095
3364
3642
3820
3430
3660
4303
4669
4865
4949
4803
3706
4135
4432
4089
4433
5563
5790
5001
5762
4656
3330
3488
4813
5383
6763
7202
3401
-931
-3729
-5018
-4993
-2500
-1756
-4019
-6256
-8531
-10745
-10882
-9232
-9163
-8465
-6024
-4777
-4318
-3472
-3848
-5409
-4633
-2016
49
1863
2993
2055
595
221
156
-74
139
78
-785
-906
-1132
-2451
-4080
-5306
-6345
-6604
-5261
-4427
-4526
-5002
-5431
-5855
-5249
-3978
-2917
-1956
-1267
-998
-529
-445
-964
-1175
-540
137
1000
1697
1312
516
-227
103
536
1280
1768
1947
2100
2136
2127
1859
1766
1805
2430
3715
4309
4300
4014
3516
3243
3976
5158
5655
5511
5327
4368
3472
4009
4712
4610
4452
4319
3670
3674
4261
4078
3876
3920
3770
4875
6199
7039
5924
5393
4892
4653
5623
6679
6884
3249
-878
-3939
-3727
-2739
-2902
-3365
-5935
-8859
-10945
-9967
-9106
-9020
-8860
-8713
-7359
-5573
-3764
-3341
-3562
-3706
-2901
-566
2013
3197
2529
1619
936
404
683
1095
584
-753
-1658
-2358
-3269
-4361
-5691
-6910
-7756
-7555
-6505
-5687
-5695
-6099
-6144
-6053
-5014
-3123
-1581
-878
-404
38
248
764
1058
1039
1204
1230
1062
1013
811
47
-295
-275
-340
-192
115
49
330
901
1336
1623
1990
2244
2301
3146
3922
4300
4652
4806
4544
4774
5711
5782
5248
5422
5390
5087
5470
5909
5252
4695
4738
4202
4183
4567
4202
3366
3057
3315
3333
4032
4566
4583
4611
4921
5473
6068
7168
6778
4160
134
-3270
-4036
-3086
-1556
-1723
-4172
-7718
-11007
-12127
-11582
-9666
-8502
-8076
-7024
-6068
-5072
-4715
-4598
-4592
-3671
-1076
1626
3161
2982
1590
8
-508
191
713
1014
345
-1024
-2379
-3152
-4026
-5377
-6469
-7063
-6643
-5825
-4968
-5098
-6116
-7079
-6612
-5229
-3276
-1734
-878
-1051
-1127
-701
-217
229
735
1168
1499
1935
2043
1394
323
-381
-452
329
1509
2329
1881
1334
918
718
1100
2075
2808
2971
3693
4149
4302
4198
3823
3370
3724
4988
5714
6219
5839
5345
5025
5313
5528
5367
4577
3807
3755
4280
4727
4398
3369
2376
2024
2668
3930
5228
5864
5252
4761
4707
5814
6262
6897
5172
1183
-2612
-4253
-4011
-3628
-3014
-4863
-7844
-10606
-12102
-11870
-10444
-8878
-8535
-7373
-5962
-4859
-4063
-3540
-3306
-2942
-1003
1394
3181
3602
2693
1139
32
235
497
339
-330
-1615
-2876
-3907
-4372
-5462
-6861
-7433
-7088
-6360
-5216
-4408
-5305
-6346
-5954
-4626
-3093
-1225
-235
-511
-640
-175
-17
197
539
495
534
1448
1784
1044
192
-735
-1295
-696
753
1726
1909
1864
1238
744
1207
2051
2486
3010
3821
4189
4336
4289
3981
3559
3492
4570
5552
6130
6277
5681
4517
4349
4949
4236
4667
4846
4118
3573
5030
3660
1827
2978
3941
3650
5039
7031
5325
4896
5382
5033
5050
7438
8455
7655
5831
664
-5586
-7233
-5101
-3328
-2134
-3263
-7908
-12591
-13975
-13570
-11210
-8602
-7268
-5944
-4161
-2998
-2935
-3297
-3758
-3061
-405
3095
5429
5424
3189
413
-1102
-1118
-573
-527
-1158
-2377
-3713
-4937
-6441
-7894
-8877
-9094
-7602
-5670
-4327
-4259
-4795
-5338
-5225
-3582
-1673
-180
823
1006
561
441
371
-43
-131
505
1245
1094
1049
386
-707
-1093
-965
-154
963
1543
1480
1144
1207
1474
1844
2476
3119
3635
4182
4464
4414
4073
3707
3483
4045
5064
5492
5647
5371
5155
4414
4173
3813
3822
3941
4622
4804
4445
4250
3402
2613
1956
2341
2808
3925
4817
5823
5711
5453
4518
3807
4567
5599
6906
7462
7954
5279
-6
-4470
-6664
-6757
-6024
-4065
-4515
-7563
-11165
-13459
-13558
-12329
-10303
-8314
-5702
-3757
-2725
-2184
-1944
-2389
-2282
-217
2782
5002
5622
4315
2035
-184
-1586
-1627
-1410
-2123
-3234
-4656
-6028
-6876
-7822
-8633
-8732
-8016
-7078
-5415
-4404
-4151
-4664
-4086
-3051
-1590
-21
865
798
529
490
104
342
452
192
-20
292
471
337
233
-287
-655
-118
762
1545
2133
2362
1887
1691
2267
2631
2862
3388
3962
4151
4417
4889
4972
4875
4955
5067
5251
5655
6446
6656
5988
5347
4855
4039
3833
4178
4200
3603
3410
3393
3238
3474
3780
3308
2833
3608
4409
5479
6479
7115
6352
5867
5860
6168
4497
457
-4068
-6296
-5560
-3945
-3161
-5435
-9079
-12946
-14750
-13279
-9812
-7399
-6953
-6170
-4866
-3809
-2823
-1876
-1680
-1347
563
3107
4904
4917
3010
293
-1254
-1416
-1171
-897
-1619
-3466
-5626
-6871
-7245
-7659
-8256
-8332
-7222
-6038
-4720
-3903
-3936
-4430
-4161
-2804
-871
926
1610
1060
285
-23
83
304
727
879
677
414
-314
-811
-1334
-1499
-1182
-309
437
736
786
682
628
860
1621
2429
3315
3821
3976
3883
3848
3808
3824
4119
4728
5271
5626
5579
5211
4482
4229
4523
5321
6094
6022
5183
3667
3020
2896
2823
3538
4151
4714
4034
4068
4556
3847
3343
4506
6025
6781
7607
7285
5861
5589
4742
1623
-2605
-5572
-6057
-4161
-2070
-2614
-6139
-11297
-14727
-14605
-11180
-7585
-5047
-4352
-4738
-4407
-3639
-3103
-2637
-1724
-290
2207
4473
5271
3017
-41
-2415
-3194
-2230
-904
-1026
-2736
-4865
-6473
-7339
-8118
-8411
-8208
-7186
-5440
-4007
-3128
-3562
-4479
-4568
-3337
-1322
31
906
849
485
-125
-576
-854
-884
-505
199
715
482
-111
-1045
-1301
-651
-24
607
1182
1424
1676
1886
1913
1785
2140
2577
3382
4381
5006
4685
3771
3408
3707
4503
5549
5898
5368
5036
5224
5043
5063
4830
4154
4224
4471
4545
4312
4210
4049
2580
2302
2776
3473
4000
4946
4996
3844
4253
4867
5246
5557
5832
5732
5591
6142
5762
3454
-1197
-6135
-7921
-6100
-3338
-2615
-4960
-8860
-12824
-14313
-12615
-9066
-6243
-5488
-5025
-3666
-2543
-2529
-2472
-2384
-1754
306
3036
4510
3594
913
-2178
-3644
-3154
-2175
-2012
-2825
-4189
-5666
-6736
-7168
-7642
-7911
-7544
-5940
-4151
-2888
-2899
-3682
-4216
-4023
-2545
-847
755
1230
998
212
-455
-763
-1087
-746
-426
40
436
328
-79
-736
-1188
-1209
-453
650
1718
2290
2335
1971
1743
1860
2455
3288
4242
4941
5066
4642
4459
4264
4798
5407
5756
5636
5340
5264
4909
5085
4942
4961
4607
4214
3709
3894
3908
3646
3243
3298
3101
2648
2488
2700
3199
4127
4324
3941
3862
3983
4358
4674
5232
5073
5310
5659
5736
2858
-2584
-6039
-6516
-6080
-5157
-4124
-5560
-9310
-12419
-13369
-12133
-10031
-8209
-6902
-5244
-3163
-2381
-2658
-2673
-2521
-2024
-45
2718
4033
3027
1141
-508
-1821
-2476
-2260
-2095
-2648
-3443
-4117
-5048
-6058
-6717
-7451
-7247
-5829
-4314
-3944
-3843
-3750
-4292
-4200
-2917
-1144
-226
392
559
423
74
-261
-442
-321
366
834
1177
1355
835
-195
-728
-422
361
1340
2055
2131
2180
2182
2346
2624
2729
2953
3277
3980
4961
5440
5236
4635
4150
4341
5223
5964
5950
5980
5831
5761
5532
5323
4795
3664
3200
3839
4500
4611
4022
2574
1613
1556
2486
3362
3559
3552
3976
4702
5124
5033
4108
3864
4041
4309
5203
3240
-1064
-5494
-6860
-6347
-4303
-3249
-5122
-8379
-11597
-12189
-11168
-8807
-6943
-6229
-5726
-4392
-3035
-2632
-2537
-3007
-2688
-923
1352
2708
2456
654
-1475
-2790
-2853
-1971
-1688
-2071
-3002
-3801
-4827
-5354
-5914
-6364
-6542
-5969
-4841
-4195
-3693
-4110
-4444
-4457
-3500
-2338
-972
181
383
110
-213
-187
-194
79
453
896
1065
1121
908
484
175
-186
10
654
1495
1947
2229
2411
2225
2197
2538
3125
3521
3985
4240
4320
4626
4990
5256
5263
5031
5000
5279
5589
5833
5627
5577
5529
5313
4708
3467
2137
1987
2023
2580
3215
3464
2679
1584
1910
2615
2962
3395
3909
4154
4419
5604
5443
5007
5205
4839
4641
4569
3785
-310
-4202
-6056
-5890
-5339
-5188
-6093
-8774
-11381
-12834
-12012
-10028
-8566
-7732
-6814
-5284
-3810
-2956
-2685
-2635
-2026
-927
881
2681
3044
1916
228
-751
-1121
-1331
-1374
-1797
-2484
-3280
-3768
-4656
-5598
-6791
-7862
-7628
-6242
-4580
-4097
-4218
-4757
-4884
-4187
-2621
-854
74
365
265
594
921
860
479
384
952
1618
2072
1866
1031
181
12
568
1423
1984
2115
1963
1962
2355
2638
2748
2652
2831
3294
4372
5481
5613
4943
4281
4505
4828
5973
6514
6369
5474
5193
5420
5272
5112
4206
3552
2895
3589
3490
2714
2099
1877
1948
2059
3089
2708
1543
956
2234
3753
4480
4634
3969
3794
3963
4358
4408
5090
2656
-2178
-5717
-5111
-3022
-2323
-3122
-5933
-8646
-11497
-11757
-10193
-8128
-7515
-7568
-6573
-5201
-3976
-4213
-4487
-4425
-3158
-1129
887
2382
2137
546
-928
-1227
-974
-664
-910
-1409
-1739
-2007
-2957
-4243
-5470
-6571
-7003
-6121
-4536
-4019
-4407
-4910
-5116
-4768
-3914
-2650
-1518
-448
214
392
556
741
641
598
1428
2184
2485
2235
1884
1429
1052
916
992
1261
1481
1587
1654
1875
2037
1923
1704
2006
2387
2924
3603
4487
4963
4785
4765
4653
4945
5346
5784
6004
5986
5813
5298
4900
4130
3461
2652
2152
2750
3653
3880
2871
2011
915
727
1605
2630
3021
2843
3200
3263
3289
3545
3479
2904
2762
3458
4116
4838
4950
2203
-2098
-5292
-5601
-4359
-3026
-2564
-4070
-6834
-9474
-10311
-9948
-9255
-8723
-8235
-6780
-4744
-3353
-3498
-4498
-5118
-4615
-2949
-628
1399
1820
950
8
-538
-774
-991
-1485
-1863
-1817
-1668
-1627
-2425
-4218
-6206
-7283
-7116
-5818
-4783
-4508
-4631
-4632
-4404
-4026
-3316
-2600
-1752
-890
457
1745
2252
1928
1335
1171
1465
1969
2391
2569
2498
2155
1890
1717
1399
1095
853
1155
1881
2598
2835
2676
2325
2187
2419
3167
4152
4701
4795
4952
5212
5374
5369
5171
5295
5614
5659
5391
5311
4753
4143
3445
2972
2415
1723
1729
2038
1913
1679
1657
1322
1285
1592
2247
2393
2331
2238
2756
3243
3615
4123
3879
3826
3708
3553
1625
-1191
-3446
-3811
-3006
-2559
-2710
-4348
-6564
-8746
-9554
-9403
-8497
-7992
-7770
-6926
-5725
-4694
-4685
-4955
-5144
-4454
-3006
-1131
537
1206
943
291
-3
-40
-34
-340
-855
-1053
-980
-1247
-2203
-3511
-5041
-6268
-6388
-5950
-5544
-5256
-4982
-4635
-4379
-3935
-3514
-3028
-2362
-1189
197
1343
2067
2020
1758
1621
1924
2216
2550
2682
2670
2699
2630
2275
1693
1279
1065
1349
1818
2458
2702
2589
2219
1910
2069
2543
3370
3897
4395
4671
4848
4939
4839
4814
4808
4992
5046
4997
5058
4902
4232
3298
2702
2404
2124
1677
1434
1522
1925
1808
1118
917
857
805
740
1458
2078
2180
1946
2064
2762
3376
3613
3290
3345
3447
2794
410
-1848
-2528
-2144
-1788
-2105
-2765
-4420
-6400
-7886
-8162
-7757
-7375
-7210
-7176
-6383
-5085
-4475
-4621
-4838
-4664
-3970
-2811
-1243
215
797
637
246
20
-33
-203
-594
-934
-938
-974
-1265
-2148
-3207
-4317
-5130
-5354
-5134
-4668
-4396
-4099
-3870
-3435
-2940
-2549
-2268
-1741
-859
176
1098
1732
2022
2058
2207
2366
2594
2710
2759
2766
2888
3058
2937
2612
2049
1609
1483
1635
1864
1840
1796
1674
1878
2259
2591
2832
2754
3038
3593
4195
4754
4890
4689
4144
3966
4026
4174
4059
3772
3424
2793
2186
1782
1698
1452
1325
1037
1147
960
389
212
347
1002
1284
1316
1145
1206
1678
2068
2409
2445
2491
2487
2522
3112
3089
2023
121
-1920
-2726
-2569
-2028
-2298
-3280
-4462
-5660
-6428
-6809
-6702
-6845
-7098
-6840
-5857
-4712
-4143
-4201
-4431
-4237
-3599
-2742
-1771
-1006
-635
-450
-373
-137
-66
-423
-1055
-1560
-1592
-1663
-1834
-2341
-2907
-3369
-3896
-4086
-4045
-3917
-3914
-3726
-3146
-2331
-1627
-1247
-1126
-873
-480
140
830
1517
2098
2393
2646
2783
2884
2650
2398
2362
2348
2531
2611
2520
2267
1941
1615
1392
1327
1460
1674
1876
2278
2464
2552
2506
2584
2763
3169
3571
3934
4303
4050
3707
3522
3612
3669
3338
2768
2243
2176
2292
2090
1599
964
742
583
627
786
737
838
622
525
716
1067
1422
1507
1683
1955
2370
2516
2389
2459
2618
2439
1339
-302
-1402
-1939
-1880
-1956
-2054
-2573
-3342
-4199
-4996
-5282
-5503
-5589
-5751
-5417
-4550
-3629
-3397
-3528
-3763
-3770
-3559
-3002
-2282
-1597
-993
-833
-549
-462
-484
-832
-1431
-1588
-1465
-1265
-1382
-1663
-2013
-2467
-2889
-3197
-3267
-3184
-3135
-2903
-2663
-2060
-1521
-1258
-1102
-985
-594
-266
351
846
1289
1599
1672
1608
1534
1734
1698
1551
1629
1796
1950
2017
1952
1794
1449
1328
1276
1146
1377
1582
1782
1858
1921
1987
1939
2203
2277
2426
2661
2944
2923
2746
2862
2943
2868
2583
2415
2174
1950
2036
1861
1636
1536
1299
992
770
863
897
889
1060
1269
1412
1262
1017
1199
1341
1611
1786
1886
2010
1944
1910
1616
1755
1866
1721
1007
-50
-823
-1310
-1431
-1416
-1576
-2034
-2705
-3319
-3580
-3717
-3806
-4102
-4378
-4371
-3963
-3445
-3187
-3091
-3239
-3268
-3142
-2776
-2239
-1881
-1687
-1606
-1291
-905
-663
-761
-1208
-1441
-1537
-1504
-1386
-1301
-1359
-1725
-2023
-2093
-1903
-1754
-1802
-1822
-1692
-1282
-716
-401
-350
-206
-111
103
505
784
974
1130
1266
1510
1746
1790
1501
1260
1293
1569
1658
1875
1891
1646
1511
1337
1518
1678
1864
1732
1853
2292
2450
2298
1812
1675
1822
1714
1849
2085
2132
1986
1699
1561
1641
1696
1412
1235
1311
1671
1756
1479
1088
917
908
735
509
644
914
1011
1072
1085
1126
1064
1013
921
1078
1440
1685
1675
1568
1612
1597
1332
1188
1380
1347
707
-368
-1202
-1412
-1306
-1358
-1721
-2273
-2738
-3070
-3472
-3729
-3789
-3916
-4195
-4085
-3513
-2929
-2752
-3009
-3123
-3085
-2802
-2481
-2213
-1875
-1498
-1182
-1048
-810
-673
-885
-1337
-1453
-1411
-1441
-1584
-1760
-1872
-1962
-2000
-2071
-2004
-2075
-1991
-1836
-1727
-1344
-845
-658
-611
-380
-282
-250
12
310
488
702
809
865
857
881
1140
1112
1226
1396
1517
1427
1132
1132
1047
1286
1534
1540
1557
1500
1387
1310
1425
1670
1755
1724
1751
1672
1715
1588
1372
1238
1146
1186
1087
1185
1265
1110
1140
1184
1030
950
1027
836
677
747
802
767
928
1217
1044
1077
967
732
674
939
1442
1647
1810
1677
1368
1159
948
845
731
820
1034
1038
801
70
-788
-1487
-1860
-1900
-1983
-2084
-2250
-2464
-2507
-2649
-2797
-2988
-3302
-3360
-3156
-2664
-2260
-2009
-1967
-1991
-2006
-2023
-1965
-1838
-1636
-1482
-1295
-1124
-962
-1121
-1296
-1718
-2036
-2134
-2081
-1946
-1949
-1789
-1884
-1852
-1909
-1831
-1681
-1685
-1448
-1186
-981
-674
-284
-63
-34
60
165
278
558
684
745
618
657
1147
1162
1259
1478
1292
1072
1077
1436
1243
1340
1790
1904
1752
1775
1728
1313
1472
1864
2016
2055
1909
1757
1724
1868
1991
1919
1642
1479
1507
1524
1646
1969
1954
1653
1512
1514
1539
1473
1721
1870
2038
2117
1989
1709
1446
1457
1385
1569
1598
1618
1635
1547
1639
1809
1780
1439
1103
1114
1268
1322
1375
1394
1472
1420
1281
713
-125
-614
-931
-1000
-1041
-972
-1109
-1455
-1659
-1977
-2141
-2292
-2431
-2550
-2489
-2058
-1679
-1511
-1395
-1415
-1541
-1820
-1970
-1835
-1504
-1050
-925
-789
-818
-942
-1413
-1953
-2088
-1981
-1491
-1401
-1350
-1301
-1433
-1613
-1805
-1669
-1300
-1069
-1134
-815
-198
-174
-326
-240
-134
182
420
375
292
601
657
384
477
904
1122
910
1049
1009
1013
972
839
726
948
1147
989
1077
1206
1291
1118
887
652
1004
1339
1301
1423
1291
1251
1015
1363
1434
1352
1280
1075
1286
1398
1389
1307
1330
969
799
1025
1016
1111
1090
904
708
667
465
501
713
944
924
870
822
490
392
267
378
479
596
672
476
571
575
540
417
387
391
168
-194
-505
-717
-993
-1215
-1483
-1643
-1823
-1964
-2274
-2495
-2581
-2682
-2648
-2697
-2496
-2311
-2237
-2236
-2261
-2247
-2254
-2237
-2157
-1926
-1689
-1744
-1854
-1917
-1996
-2050
-2109
-2002
-1907
-1901
-2094
-2099
-1839
-1691
-1534
-1475
-1431
-1235
-1218
-1216
-984
-813
-712
-463
-229
-63
-150
-174
63
278
507
412
260
314
455
572
972
1024
1034
1279
1212
830
689
999
1101
1379
1726
1414
1107
1166
1243
1217
1383
1855
1684
1234
1499
1479
1396
1314
1472
1548
1419
1323
1014
881
1105
1569
1622
1589
1560
1656
1541
1362
1465
1527
1392
888
785
1025
1158
1293
1125
1029
1050
1056
914
846
890
993
871
739
728
572
477
232
335
456
462
211
-281
-610
-809
-859
-1116
-1533
-1798
-1909
-1996
-2151
-2335
-2406
-2601
-2841
-2925
-2853
-2644
-2627
-2624
-2550
-2413
-2410
-2561
-2597
-2621
-2589
-2409
-2251
-2123
-2173
-2404
-2627
-2820
-2608
-2634
-2644
-2689
-2617
-2265
-2107
-2035
-2021
-1935
-2105
-2158
-1694
-1209
-1124
-1137
-1082
-793
-716
-727
-670
-612
-380
-542
-349
157
210
21
120
339
556
740
641
334
326
390
383
576
1063
1184
911
686
559
594
769
705
732
1123
1508
1342
1043
914
1016
1107
933
1000
1077
1216
848
934
1251
1205
1073
461
275
293
467
667
589
919
1032
897
540
422
673
814
646
498
664
956
961
736
568
567
480
220
-36
46
249
198
11
18
61
-158
-605
-1138
-1501
-1797
-2107
-2317
-2352
-2119
-2172
-2516
-2953
-3188
-3207
-3367
-3439
-3503
-3195
-2862
-2870
-2840
-2782
-2787
-2940
-3150
-3128
-2774
-2422
-2428
-2577
-2626
-2555
-2610
-2803
-2710
-2502
-2487
-2594
-2412
-2273
-2181
-2051
-1986
-1825
-1593
-1520
-1618
-1459
-1407
-1200
-953
-789
-539
-433
-366
-195
-1
-80
-124
276
654
486
469
583
578
441
647
1140
1265
948
640
575
875
1207
1452
1453
1452
1459
1257
1102
1096
1319
1589
1687
1578
1837
1998
1714
1410
1422
1792
1774
1462
1295
1638
1658
1492
1469
1288
1209
1119
1111
1288
1635
1756
1512
1334
1438
1600
1646
1635
1565
1599
1741
1691
1536
1510
1435
1241
1215
1281
1417
1342
1129
891
713
678
485
275
41
-361
-734
-986
-1046
-1022
-1065
-1225
-1475
-1554
-1579
-1749
-1844
-1859
-1790
-1722
-1710
-1612
-1568
-1579
-1585
-1567
-1584
-1513
-1406
-1493
-1557
-1496
-1401
-1330
-1416
-1326
-1440
-1581
-1478
-1376
-1081
-729
-589
-704
-715
-539
-470
-241
116
370
417
273
391
442
835
1205
1321
1139
935
1197
1299
1114
999
1371
1464
1346
1426
1424
1622
1518
1254
1166
1563
2010
2068
2187
2302
2456
2404
2313
1909
2178
2296
2284
2212
2367
2656
2316
1643
1360
1602
1704
1839
1606
1398
1395
1374
1281
1073
1358
1424
1294
1123
1168
1473
1471
1455
1362
1592
1754
1737
1417
1283
1345
1276
1165
1029
1243
1282
1062
728
641
730
720
493
101
-151
-528
-980
-1443
-1612
-1641
-1636
-1874
-2174
-2118
-2000
-2128
-2436
-2373
-2197
-1954
-1843
-1688
-1531
-1484
-1471
-1619
-1621
-1496
-1354
-1490
-1524
-1328
-1196
-1315
-1556
-1767
-1869
-1801
-1891
-1792
-1542
-1433
-1385
-1265
-941
-573
-380
-447
-458
-67
537
986
1262
1348
1160
1115
1231
1374
1762
2158
2324
2426
2301
2181
2373
2401
2508
2818
3090
3273
3260
3147
2873
3032
3144
3376
3518
3604
3741
3608
3655
3760
4010
3879
3649
3365
3405
3577
3615
3516
3424
3497
3184
2895
2754
2786
2809
2706
2688
2655
2776
2786
2645
2457
2463
2382
2240
2170
2300
2406
2352
2148
1879
1854
1681
1461
1321
1230
1138
970
852
746
847
709
182
-482
-1250
-1692
-1978
-2135
-2267
-2431
-2610
-3003
-3354
-3629
-3815
-3970
-3974
-3907
-3621
-3247
-3070
-3131
-3143
-3127
-3203
-3169
-3151
-3015
-2870
-2687
-2615
-2681
-2761
-3019
-3273
-3517
-3667
-3763
-3894
-3938
-3820
-3748
-3652
-3637
-3638
-3531
-3212
-2818
-2539
-1985
-1592
-1285
-999
-816
-612
-542
-537
-457
-70
192
475
633
602
677
722
745
961
1144
1147
1243
1326
1355
1505
1513
1437
1550
1540
1672
1982
2265
2612
2593
2416
2372
2331
2517
2703
3137
2951
2688
2491
2162
2170
2036
2016
1831
1851
1788
1695
1567
1416
1239
1274
1441
1699
1924
1711
1583
1444
1629
1817
1726
1613
1505
1627
1548
1549
1433
1214
1021
808
749
821
653
-73
-1283
-2227
-2509
-2466
-2416
-2836
-3202
-3605
-3912
-4049
-4308
-4244
-4290
-4187
-3959
-3515
-3002
-2906
-3010
-3100
-3020
-2828
-2590
-2557
-2488
-2203
-1947
-1883
-2043
-2293
-2591
-2814
-3003
-2885
-2961
-3232
-3468
-3525
-3197
-2970
-2942
-3079
-2840
-2416
-1962
-1429
-1034
-599
-291
-15
208
471
716
891
954
1097
1387
1543
1623
1591
1537
1618
1711
1732
1660
1720
1957
2139
2259
2363
2454
2518
2628
2763
3054
3447
3669
3613
3771
4016
4182
4084
3903
3898
3866
3960
3857
3676
3623
3497
3267
3010
2929
2865
2739
2655
2728
2918
2900
2688
2628
2602
2786
2878
2677
2498
2529
2583
2596
2652
2549
2462
2269
1852
1658
1558
1460
1357
1311
954
-52
-1367
-2394
-2615
-2558
-2605
-2801
-3166
-3509
-3845
-4321
-4570
-4519
-4388
-4077
-3764
-3336
-3001
-2941
-3242
-3450
-3336
-3260
-3182
-3111
-3034
-2904
-2840
-3062
-3495
-3855
-4224
-4468
-4596
-4503
-4531
-4982
-5526
-5697
-5518
-5289
-5169
-5076
-4766
-4247
-3773
-3459
-3220
-2840
-2510
-2234
-1947
-1649
-1348
-1300
-1238
-1120
-936
-892
-887
-912
-771
-394
-251
-278
-282
-94
126
251
404
588
668
890
1274
1643
1889
2044
2040
2175
2593
2872
2987
3051
3093
3090
3038
2994
2879
2826
2750
2690
2472
2170
1829
1431
1307
1566
1979
2029
1930
1946
2121
2334
2410
2445
2584
2783
2953
2855
2710
2667
2702
2491
2323
2233
2175
2057
1647
960
109
-830
-1671
-2081
-2183
-2110
-2263
-2719
-3191
-3406
-3599
-3618
-3416
-2945
-2341
-1831
-1530
-1406
-1362
-1377
-1379
-1296
-1034
-693
-521
-535
-453
-483
-657
-1059
-1354
-1603
-1742
-1814
-1982
-2058
-2059
-2201
-2435
-2518
-2329
-2030
-1600
-1187
-814
-216
119
347
609
840
1142
1458
1716
2046
2346
2404
2337
2313
2280
2443
2588
2649
2834
2846
2740
2777
2946
3114
3297
3374
3440
3728
4083
4219
4276
4348
4515
4727
4914
4976
4988
4911
4871
4847
4723
4598
4273
4001
3865
3905
3777
3605
3281
2974
2855
2736
2701
2609
2555
2536
2430
2468
2417
2549
2612
2601
2511
2407
2325
2197
2153
2069
1940
1750
1364
1077
568
-126
-588
-1021
-1760
-2582
-3174
-3514
-3646
-3823
-4130
-4310
-4389
-4504
-4486
-4400
-4152
-3656
-3455
-3270
-2967
-2681
-2756
-2874
-2774
-2647
-2474
-2449
-2475
-2465
-2412
-2462
-2819
-3107
-3124
-3092
-3196
-3311
-3328
-3378
-3474
-3484
-3288
-3025
-2738
-2334
-1931
-1498
-999
-616
-347
81
470
724
903
1078
1309
1561
1672
1778
1876
1877
2012
2153
2262
2481
2672
2717
2790
2992
3187
3368
3485
3527
3700
3829
3920
3923
4134
4425
4713
4965
4965
4946
4814
4615
4494
4556
4508
4365
4173
3805
3617
3406
3014
2508
2293
2425
2554
2641
2409
2184
2124
2201
2474
2611
2362
2213
2240
2441
2530
2302
1733
1266
1096
973
845
421
-166
-789
-1325
-1649
-2244
-3352
-4328
-4655
-4501
-4382
-4476
-4852
-5108
-5270
-5288
-5073
-4830
-4508
-4138
-3995
-3838
-3584
-3664
-4032
-4139
-3954
-3614
-3425
-3645
-3741
-3712
-3822
-4038
-4276
-4502
-4597
-4556
-4615
-4566
-4451
-4622
-4604
-4530
-4521
-4314
-4018
-3674
-3169
-2635
-2342
-2204
-2088
-1896
-1544
-1252
-1043
-788
-628
-515
-417
-363
-421
-371
-220
-125
107
324
402
505
564
676
748
855
923
1121
1394
1659
1974
2107
2211
2357
2411
2425
2682
3016
3131
2822
2467
2233
2342
2280
2149
1950
1644
1668
1446
1241
1172
919
887
1023
1181
1308
1266
1225
932
1183
1068
1010
1128
1040
1147
1024
713
315
28
-297
-536
-481
-803
-1293
-1826
-2554
-3370
-4080
-4489
-4652
-4587
-4652
-4796
-4911
-5047
-5230
-5277
-5056
-4635
-4105
-3854
-3770
-3581
-3568
-3788
-3810
-3778
-3690
-3444
-3245
-3119
-3215
-3405
-3738
-3951
-4003
-4028
-3903
-3997
-4006
-3856
-3872
-4063
-4138
-4054
-3795
-3366
-2858
-2520
-2131
-1851
-1694
-1404
-1221
-925
-668
-373
-196
-57
72
-9
29
51
124
296
471
604
770
986
1038
1044
1155
1275
1433
1601
1681
1983
2178
2427
2597
2655
2829
2855
3172
3464
3651
3566
3232
3242
3292
3451
3424
3009
2680
2512
2821
2682
2292
2037
1827
1963
2004
2093
1964
1782
1758
1932
2319
2333
2163
2197
2199
2238
2102
1648
1332
1389
1446
1128
942
522
-130
-719
-1166
-1366
-1784
-2354
-2787
-2976
-3130
-3325
-3383
-3524
-3550
-3334
-3167
-3045
-2833
-2614
-2480
-2370
-2264
-2251
-2434
-2325
-2205
-2037
-2015
-2104
-2190
-2237
-2166
-2252
-2362
-2456
-2399
-2377
-2334
-2305
-2208
-2288
-2315
-2300
-2427
-2309
-1981
-1541
-1211
-893
-747
-630
-376
-163
128
471
825
1072
1162
1094
1009
994
960
1068
1308
1499
1580
1765
1864
1989
2074
1967
2003
2323
2745
2986
3160
3227
3298
3195
3159
3419
3805
4086
4159
4185
4208
4246
3827
3643
3848
4063
4074
3898
3655
3501
3418
3153
2845
2859
2883
2987
3032
2853
2973
2866
2782
2544
2505
2461
2473
2708
2650
2498
2198
1803
1476
1263
1182
1203
1020
807
321
-245
-873
-1165
-1662
-2309
-2619
-2745
-2890
-2965
-2989
-3158
-3312
-3383
-3425
-3224
-2898
-2798
-2541
-2280
-2329
-2535
-2745
-2848
-2745
-2529
-2443
-2286
-2293
-2611
-2833
-2919
-2983
-2977
-2838
-2776
-2750
-2752
-2853
-2953
-2994
-2884
-2699
-2421
-2117
-1848
-1640
-1478
-1248
-1054
-901
-668
-346
-114
45
147
138
170
219
283
342
486
586
755
871
981
995
1036
1178
1352
1669
1836
1924
1962
2027
2075
2271
2538
2611
2783
3022
3225
3231
3252
3014
3067
3316
3557
3613
3440
3014
2514
2463
2303
2382
2580
2731
2596
2696
2627
2245
2262
2335
2509
2877
3128
2863
2672
2622
2401
2401
2395
2109
2183
2289
1882
1631
1289
905
433
177
-37
-185
-531
-1589
-2093
-2103
-2524
-2677
-2533
-2514
-2590
-2600
-2654
-2707
-2448
-2295
-2036
-1634
-1719
-1871
-1948
-2004
-1814
-1735
-1851
-1879
-1719
-1739
-1903
-1778
-1933
-2173
-2122
-2075
-2015
-2005
-1990
-2015
-2021
-2049
-2206
-2173
-1878
-1545
-1243
-1070
-951
-795
-622
-421
-133
146
254
362
520
521
482
562
597
651
739
762
802
961
1128
1261
1326
1289
1325
1508
1651
1722
1713
1801
1992
2117
2225
2274
2300
2384
2567
2755
2856
2940
3100
3119
2884
2563
2413
2232
2376
2530
2404
2011
1839
1429
1398
1505
1509
1607
1702
1608
1309
1360
1208
1249
1469
1554
1592
1589
1233
1126
1152
1057
832
759
499
106
23
-88
-370
-761
-1029
-1221
-1644
-2334
-2879
-3093
-3214
-3248
-3246
-3275
-3335
-3421
-3603
-3538
-3387
-3297
-3098
-2749
-2659
-2816
-3012
-3129
-3012
-2934
-2838
-2694
-2663
-2684
-2581
-2611
-2784
-2909
-2946
-2870
-2714
-2616
-2637
-2582
-2579
-2550
-2642
-2863
-2824
-2554
-2319
-1980
-1684
-1596
-1532
-1326
-1166
-1059
-846
-682
-339
-73
-43
-111
-97
-38
90
227
271
402
646
909
982
1031
1001
1030
1168
1357
1504
1625
1783
1882
2004
2094
2017
1948
2153
2503
2734
2805
2787
2788
2718
2653
2568
2414
2327
2289
2350
2400
2425
2108
1960
1832
1785
1561
1731
1895
2031
2036
1804
1639
1342
1257
1279
1595
1662
1714
1442
1282
936
756
510
322
397
395
367
25
-279
-668
-978
-1324
-1765
-2138
-2237
-2288
-2396
-2534
-2638
-2722
-2883
-2863
-2826
-2741
-2634
-2437
-2263
-2198
-2272
-2398
-2453
-2418
-2355
-2204
-2108
-2040
-1931
-1896
-1970
-2073
-2221
-2313
-2223
-2165
-2193
-2143
-2058
-2083
-2091
-2120
-2112
-1956
-1697
-1441
-1217
-1020
-830
-649
-523
-439
-244
-29
134
309
462
577
585
578
646
707
815
929
1057
1170
1222
1248
1239
1273
1351
1412
1497
1595
1654
1730
1791
1789
1771
1762
1804
1873
2013
2121
2269
2315
2217
2094
2014
1944
1945
1976
2001
1997
1848
1724
1584
1455
1463
1526
1652
1699
1703
1638
1536
1459
1393
1386
1378
1432
1510
1484
1419
1273
1047
934
846
866
856
790
714
599
469
308
133
-58
-276
-618
-863
-1125
-1180
-1297
-1327
-1385
-1562
-1705
-1900
-1932
-1927
-1914
-1943
-1952
-2013
-1994
-2008
-1951
-1944
-1915
-1920
-2022
-2016
-2039
-2042
-1997
-1980
-2050
-2145
-2212
-2245
-2215
-2109
-2076
-2058
-2056
-2089
-2079
-2038
-1950
-1815
-1699
-1639
-1638
-1554
-1429
-1216
-926
-771
-660
-550
-390
-207
-56
79
193
275
381
483
570
701
857
951
977
986
1016
1097
1178
1269
1347
1403
1473
1568
1659
1728
1779
1791
1791
1826
1925
2061
2140
2194
2144
2040
1989
1916
2046
2152
2223
2188
2032
1914
1822
1892
1958
1992
2031
1902
1838
1749
1626
1698
1681
1786
1700
1635
1548
1366
1311
1199
1181
1079
944
859
802
662
473
203
18
-363
-703
-974
-1221
-1197
-1252
-1390
-1656
-1993
-2230
-2404
-2407
-2415
-2469
-2439
-2517
-2526
-2476
-2475
-2426
-2460
-2438
-2433
-2428
-2342
-2274
-2187
-2140
-2174
-2220
-2269
-2243
-2218
-2124
-2018
-1950
-1927
-1932
-1903
-1878
-1910
-1827
-1755
-1708
-1567
-1436
-1287
-1164
-996
-843
-721
-552
-345
-174
49
201
304
352
393
506
604
718
780
836
894
979
1039
1088
1082
1069
1121
1164
1227
1313
1386
1453
1498
1527
1529
1553
1599
1712
1813
1884
1906
1882
1913
1990
2092
2128
2220
2186
2103
2035
1933
1931
1931
2032
2079
2106
2042
1852
1781
1717
1783
1918
1940
1879
1747
1638
1518
1477
1430
1336
1237
1127
954
838
759
683
564
314
73
-245
-530
-775
-1040
-1191
-1380
-1491
-1666
-1874
-2060
-2240
-2308
-2401
-2464
-2512
-2546
-2571
-2520
-2499
-2487
-2473
-2496
-2490
-2495
-2439
-2403
-2432
-2365
-2352
-2309
-2276
-2276
-2242
-2277
-2216
-2190
-2136
-2103
-2047
-2076
-2110
-2062
-1931
-1747
-1541
-1445
-1429
-1361
-1227
-996
-801
-629
-464
-325
-160
8
111
178
248
352
435
562
703
832
970
1059
1061
1082
1112
1148
1204
1233
1295
1319
1375
1465
1521
1599
1589
1607
1622
1658
1787
1925
2116
2177
2124
2009
1963
2060
2211
2267
2225
2110
2009
2001
1986
2061
2090
2077
2055
1961
1983
2000
2068
2046
1934
1835
1706
1725
1775
1819
1719
1525
1302
1160
1082
1050
1024
810
538
306
-15
-408
-730
-948
-1040
-1155
-1288
-1534
-1739
-1956
-2065
-2137
-2273
-2355
-2369
-2355
-2372
-2364
-2367
-2391
-2390
-2386
-2468
-2443
-2343
-2277
-2173
-2113
-2146
-2193
-2109
-2113
-2128
-2113
-2099
-2023
-1983
-1956
-1993
-1965
-1962
-1862
-1768
-1820
-1799
-1709
-1522
-1312
-1136
-1036
-951
-865
-717
-537
-369
-179
-5
152
215
267
325
465
630
741
813
777
795
864
941
1014
1008
987
960
994
1079
1149
1209
1251
1273
1338
1368
1459
1538
1665
1761
1799
1828
1836
1859
1889
2022
2074
2092
2076
2048
2072
2088
2112
2150
2124
1966
1795
1753
1777
1881
1989
1935
1737
1600
1613
1609
1568
1457
1344
1213
1224
1140
1138
1051
865
778
683
638
469
309
75
-231
-504
-804
-1026
-1098
-1228
-1330
-1569
-1817
-2030
-2186
-2235
-2316
-2396
-2431
-2463
-2435
-2410
-2455
-2466
-2486
-2422
-2468
-2385
-2357
-2315
-2159
-2077
-2020
-2033
-2021
-2000
-1938
-1863
-1798
-1780
-1717
-1683
-1655
-1690
-1692
-1628
-1514
-1377
-1335
-1270
-1158
-1012
-900
-751
-569
-392
-216
-47
109
206
315
444
532
643
701
825
957
1048
1114
1162
1202
1174
1173
1229
1295
1345
1458
1476
1461
1463
1520
1602
1634
1647
1699
1762
1842
1945
2011
2013
2049
2005
1979
1935
1902
1962
1978
2051
1999
1906
1863
1812
1785
1660
1638
1596
1541
1654
1651
1737
1673
1555
1396
1239
1208
1182
1233
1150
1031
883
733
619
579
516
384
257
83
-92
-300
-459
-762
-979
-1173
-1356
-1391
-1480
-1674
-1848
-2044
-2192
-2264
-2298
-2376
-2410
-2312
-2328
-2310
-2359
-2400
-2373
-2365
-2376
-2320
-2271
-2225
-2158
-2117
-2117
-2140
-2132
-2155
-2116
-2089
-2093
-2041
-2015
-2012
-1981
-1954
-1878
-1757
-1592
-1402
-1346
-1238
-1156
-1026
-840
-634
-408
-258
-89
50
185
312
398
475
582
650
781
869
985
1046
1084
1136
1131
1222
1276
1340
1336
1384
1444
1473
1554
1600
1623
1714
1743
1810
1930
1987
2093
2123
2128
2066
2026
2068
2090
2176
2162
2101
2080
2060
1998
1945
1857
1791
1819
1793
1787
1782
1761
1729
1746
1704
1497
1483
1435
1433
1392
1313
1239
1085
1086
947
874
820
739
613
321
86
-250
-586
-813
-1010
-1094
-1225
-1414
-1608
-1775
-1974
-2114
-2292
-2363
-2344
-2351
-2307
-2323
-2232
-2243
-2251
-2223
-2238
-2270
-2218
-2161
-2089
-2063
-1994
-1960
-2018
-1927
-2085
-2068
-2055
-2010
-1883
-1880
-1885
-1900
-1818
-1765
-1674
-1585
-1553
-1523
-1473
-1454
-1313
-1140
-972
-793
-695
-585
-400
-231
-101
19
114
214
348
447
543
655
715
747
760
775
770
827
911
969
999
1008
1004
984
1056
1153
1239
1338
1363
1364
1395
1408
1504
1646
1837
1995
2011
1884
1733
1750
1849
1979
2047
2049
1974
1931
1894
1853
1935
1952
1955
1903
1817
1688
1715
1836
1879
1946
1826
1634
1510
1453
1427
1402
1319
1233
1117
1013
926
807
758
727
641
524
230
-119
-550
-823
-902
-1026
-1051
-1172
-1383
-1608
-1878
-2062
-2177
-2268
-2312
-2377
-2381
-2410
-2337
-2306
-2351
-2302
-2434
-2510
-2434
-2403
-2339
-2291
-2199
-2110
-2143
-2049
-2103
-2130
-2037
-1971
-1836
-1832
-1781
-1740
-1658
-1570
-1546
-1441
-1376
-1362
-1305
-1270
-1173
-973
-827
-699
-601
-554
-449
-273
-82
30
167
248
305
412
408
521
639
675
738
777
832
899
938
952
971
1030
1077
1165
1307
1294
1320
1334
1327
1392
1408
1424
1509
1652
1730
1797
1838
1798
1840
1813
1831
1838
1808
1853
1788
1805
1792
1841
1862
1894
1876
1698
1590
1488
1541
1624
1737
1764
1676
1537
1374
1327
1230
1133
1013
945
910
743
696
589
489
424
289
152
93
-30
-189
-402
-693
-962
-1151
-1218
-1254
-1340
-1523
-1742
-1915
-2099
-2193
-2244
-2331
-2290
-2394
-2351
-2358
-2392
-2338
-2405
-2379
-2464
-2451
-2360
-2326
-2209
-2163
-2141
-2117
-2117
-2036
-2002
-1934
-1809
-1784
-1748
-1728
-1757
-1756
-1648
-1485
-1315
-1231
-1202
-1138
-1066
-971
-821
-685
-613
-460
-285
-162
-30
71
159
289
390
471
565
662
737
905
994
989
1045
1108
1151
1246
1328
1354
1347
1374
1427
1457
1510
1566
1615
1628
1658
1681
1720
1815
1889
1843
1780
1743
1732
1715
1797
1902
1914
1846
1780
1728
1696
1710
1747
1755
1706
1711
1590
1634
1634
1731
1652
1539
1472
1234
1253
1195
1251
1147
986
883
712
698
613
458
405
311
222
109
-16
-119
-408
-708
-948
-1126
-1159
-1239
-1315
-1475
-1690
-1788
-2004
-2073
-2115
-2141
-2118
-2186
-2183
-2223
-2227
-2202
-2207
-2161
-2208
-2234
-2234
-2216
-2106
-2047
-2053
-2036
-2028
-1997
-1925
-1882
-1822
-1774
-1744
-1826
-1831
-1836
-1790
-1616
-1352
-1193
-1219
-1254
-1211
-1108
-975
-821
-661
-470
-296
-192
-151
-27
100
207
312
399
449
551
710
856
915
947
987
1036
1101
1118
1178
1266
1322
1399
1433
1452
1497
1552
1686
1671
1654
1633
1646
1721
1830
1894
1865
1769
1732
1744
1788
1850
1850
1910
1815
1782
1732
1695
1733
1750
1755
1723
1702
1591
1488
1527
1451
1410
1243
1155
1130
1134
1077
953
885
679
567
375
301
272
284
201
127
-3
-157
-201
-255
-356
-595
-829
-1031
-1176
-1210
-1275
-1395
-1500
-1619
-1765
-1959
-2069
-2084
-2026
-2044
-2100
-2216
-2287
-2219
-2211
-2144
-2109
-2142
-2195
-2192
-2165
-2128
-2071
-1996
-1944
-1908
-1903
-1867
-1779
-1773
-1787
-1790
-1759
-1635
-1454
-1312
-1220
-1180
-1175
-1112
-1011
-870
-732
-569
-417
-321
-216
-106
-38
98
264
370
481
567
660
708
817
895
988
1055
1128
1163
1125
1217
1293
1366
1366
1354
1355
1416
1502
1600
1638
1637
1563
1504
1584
1669
1761
1824
1877
1824
1744
1650
1630
1700
1767
1780
1754
1655
1577
1543
1530
1485
1425
1397
1347
1330
1326
1292
1145
1102
1071
995
930
882
825
835
709
548
380
322
259
226
244
136
87
-47
-195
-300
-350
-401
-520
-774
-1017
-1211
-1303
-1318
-1343
-1483
-1643
-1734
-1911
-2028
-2045
-2059
-2053
-2037
-2080
-2129
-2141
-2103
-2064
-2015
-2039
-2013
-1972
-1991
-1919
-1885
-1814
-1768
-1688
-1659
-1695
-1633
-1549
-1470
-1488
-1518
-1549
-1507
-1344
-1197
-1108
-1076
-1006
-928
-883
-807
-638
-460
-276
-159
-70
-6
95
256
414
520
567
644
763
865
940
997
1061
1170
1263
1311
1287
1317
1356
1397
1416
1473
1532
1556
1604
1598
1604
1661
1698
1743
1846
1856
1804
1785
1806
1807
1855
1868
1874
1818
1771
1708
1660
1651
1637
1636
1533
1501
1433
1421
1469
1356
1289
1143
1010
989
980
992
899
818
671
573
529
310
250
232
169
112
67
-33
-120
-187
-229
-354
-434
-568
-832
-970
-1132
-1269
-1374
-1478
-1566
-1710
-1850
-1965
-2054
-2057
-2165
-2187
-2215
-2240
-2229
-2235
-2171
-2199
-2190
-2144
-2153
-2140
-2072
-2064
-1987
-1941
-1864
-1826
-1780
-1708
-1657
-1638
-1653
-1610
-1590
-1506
-1430
-1373
-1282
-1176
-1090
-1026
-927
-811
-730
-623
-567
-434
-330
-210
-38
139
246
294
390
470
578
696
753
856
939
998
1041
1124
1237
1256
1338
1366
1371
1326
1336
1454
1553
1614
1652
1633
1591
1627
1679
1650
1702
1755
1785
1800
1715
1668
1683
1691
1636
1670
1638
1587
1571
1584
1539
1452
1427
1429
1492
1422
1341
1217
1222
1220
1145
1061
896
909
851
790
768
663
559
458
358
287
164
126
103
25
-29
-167
-265
-328
-367
-471
-671
-846
-963
-1137
-1245
-1312
-1387
-1453
-1569
-1717
-1840
-1884
-1914
-1932
-1954
-1978
-2056
-2060
-2025
-2006
-1978
-2008
-2019
-2025
-1965
-1929
-1917
-1853
-1822
-1810
-1806
-1765
-1634
-1543
-1471
-1412
-1440
-1419
-1344
-1278
-1171
-1033
-967
-939
-850
-713
-590
-475
-411
-278
-204
-137
-17
107
256
337
395
483
591
696
785
881
953
961
973
1014
1098
1144
1200
1280
1303
1330
1354
1404
1435
1466
1482
1448
1454
1535
1585
1598
1606
1551
1522
1509
1456
1457
1501
1454
1380
1333
1353
1340
1373
1432
1383
1293
1150
1120
1160
1207
1192
1104
1025
933
888
822
764
794
752
610
525
385
247
206
209
168
76
31
-120
-223
-147
-245
-335
-432
-516
-579
-724
-826
-917
-1005
-1093
-1195
-1316
-1437
-1476
-1536
-1627
-1699
-1756
-1808
-1857
-1873
-1882
-1957
-1967
-1902
-1927
-1983
-1972
-1944
-1934
-1882
-1856
-1806
-1734
-1650
-1600
-1582
-1492
-1413
-1341
-1279
-1239
-1162
-1131
-1057
-946
-843
-735
-637
-559
-496
-420
-321
-193
-51
57
125
207
271
385
469
576
684
750
833
849
911
1004
1045
1091
1119
1169
1251
1314
1412
1426
1402
1410
1408
1443
1437
1441
1448
1474
1488
1470
1484
1490
1481
1414
1313
1249
1232
1264
1283
1233
1183
1178
1180
1157
1084
1009
941
870
823
879
914
865
763
607
551
519
497
502
456
393
265
144
40
-31
-11
-32
-120
-182
-321
-344
-404
-463
-495
-583
-671
-736
-783
-825
-885
-940
-973
-1110
-1217
-1324
-1330
-1331
-1381
-1460
-1552
-1592
-1610
-1654
-1643
-1660
-1643
-1633
-1700
-1674
-1712
-1679
-1631
-1608
-1559
-1581
-1543
-1473
-1417
-1367
-1347
-1293
-1203
-1164
-1058
-984
-935
-870
-823
-730
-688
-641
-567
-543
-461
-370
-288
-167
-62
5
46
90
201
292
396
504
572
665
742
799
857
912
987
1043
1067
1115
1165
1192
1213
1231
1271
1317
1397
1498
1518
1514
1534
1554
1602
1594
1511
1454
1488
1498
1527
1520
1458
1419
1399
1357
1355
1356
1338
1348
1259
1134
1025
994
1028
1040
1023
929
823
764
668
604
537
469
437
325
280
211
185
160
40
-59
-162
-246
-284
-305
-313
-403
-519
-557
-643
-637
-697
-758
-797
-894
-1009
-1146
-1181
-1184
-1246
-1270
-1383
-1467
-1472
-1519
-1512
-1534
-1541
-1605
-1698
-1756
-1742
-1688
-1645
-1656
-1650
-1655
-1651
-1589
-1515
-1458
-1467
-1411
-1388
-1362
-1303
-1186
-1134
-1078
-1000
-971
-938
-848
-772
-728
-615
-558
-480
-428
-332
-235
-136
-58
21
101
171
252
310
425
508
596
660
704
767
794
862
970
1011
1114
1152
1132
1141
1195
1251
1270
1308
1353
1374
1342
1359
1363
1353
1359
1398
1422
1430
1398
1386
1318
1270
1304
1310
1349
1370
1318
1228
1178
1154
1140
1126
1095
1040
996
933
860
778
723
682
606
530
445
366
304
261
209
137
75
-42
-72
-110
-206
-251
-295
-342
-407
-477
-563
-592
-613
-682
-718
-746
-762
-815
-887
-986
-1049
-1045
-1090
-1109
-1140
-1194
-1244
-1280
-1303
-1348
-1385
-1413
-1429
-1453
-1484
-1471
-1475
-1444
-1440
-1481
-1486
-1439
-1378
-1379
-1368
-1362
-1311
-1245
-1203
-1145
-1099
-1039
-982
-926
-874
-812
-734
-664
-616
-569
-497
-415
-305
-193
-136
-88
-5
101
145
188
241
293
394
443
506
583
648
675
734
768
801
878
952
1019
1056
1054
1020
1060
1104
1153
1182
1177
1189
1185
1190
1179
1220
1230
1188
1134
1095
1073
1133
1189
1189
1183
1112
1045
980
948
943
954
902
863
854
790
706
664
583
564
523
424
378
296
256
148
88
11
-54
-92
-160
-186
-264
-346
-336
-358
-454
-492
-522
-545
-549
-571
-610
-647
-621
-637
-674
-682
-712
-692
-714
-758
-794
-842
-867
-876
-846
-859
-920
-960
-984
-990
-963
-988
-1038
-1033
-1034
-1028
-1036
-1054
-999
-1011
-1016
-987
-980
-938
-911
-875
-849
-795
-758
-720
-642
-570
-485
-440
-409
-379
-345
-282
-240
-178
-120
-100
-62
16
65
79
127
141
218
318
318
341
419
508
584
624
634
662
699
761
813
862
886
918
962
1019
1073
1084
1117
1105
1111
1111
1075
1125
1168
1146
1103
1048
1047
1062
1048
1024
980
958
931
905
904
916
835
747
695
617
553
509
459
424
393
308
209
170
161
108
64
11
-26
-81
-141
-171
-185
-211
-280
-336
-386
-432
-502
-530
-559
-588
-622
-651
-700
-705
-707
-719
-740
-764
-788
-844
-852
-873
-849
-818
-847
-881
-888
-887
-902
-875
-854
-865
-880
-894
-909
-853
-841
-842
-805
-813
-779
-771
-730
-678
-680
-695
-690
-664
-623
-595
-562
-547
-509
-496
-468
-418
-409
-356
-324
-280
-196
-117
-64
-9
17
15
49
92
166
262
323
338
369
376
387
423
480
532
580
567
556
593
638
735
788
813
786
799
832
834
842
818
825
834
876
905
919
907
887
870
807
771
812
888
917
908
850
791
763
696
669
678
653
603
575
509
444
400
356
292
264
214
164
155
99
9
-80
-134
-170
-157
-192
-222
-267
-311
-365
-411
-444
-474
-447
-462
-508
-543
-570
-587
-572
-612
-632
-626
-641
-661
-663
-673
-686
-700
-724
-737
-741
-734
-723
-715
-741
-763
-756
-750
-742
-748
-751
-734
-729
-738
-761
-733
-719
-693
-662
-674
-667
-642
-615
-571
-563
-542
-522
-499
-465
-437
-384
-323
-261
-201
-176
-188
-176
-152
-111
-47
3
33
69
94
81
106
138
163
185
226
256
284
323
365
399
406
413
464
528
567
605
639
658
659
631
609
653
705
804
829
838
839
802
817
816
812
838
835
818
786
768
764
749
757
727
677
618
574
544
509
498
472
433
410
342
325
278
266
251
205
161
76
65
15
-3
-43
-78
-73
-125
-185
-229
-265
-264
-277
-303
-356
-404
-423
-430
-409
-381
-404
-431
-456
-492
-482
-500
-459
-437
-455
-486
-486
-464
-478
-436
-404
-431
-412
-421
-462
-433
-410
-400
-395
-439
-474
-485
-479
-455
-442
-461
-496
-495
-490
-488
-479
-464
-453
-452
-468
-443
-418
-381
-360
-356
-352
-324
-275
-285
-250
-236
-249
-239
-211
-194
-166
-122
-94
-53
-33
-66
-47
-16
2
84
120
146
174
196
224
265
330
346
352
348
359
404
425
470
537
579
599
600
602
583
573
593
611
629
626
639
644
633
628
606
618
617
563
552
490
492
482
492
471
434
398
370
376
334
300
260
251
215
198
152
160
158
144
120
78
8
13
19
-38
-81
-103
-119
-166
-156
-204
-201
-195
-216
-272
-317
-343
-370
-333
-339
-326
-344
-342
-349
-367
-374
-382
-372
-381
-400
-425
-464
-437
-409
-403
-404
-418
-418
-416
-405
-437
-429
-422
-380
-360
-378
-372
-371
-337
-321
-320
-306
-298
-265
-252
-240
-227
-219
-206
-215
-222
-218
-209
-206
-196
-212
-202
-197
-149
-114
-107
-102
-100
-83
-61
-19
-15
-32
-26
-13
-9
13
33
77
85
98
108
121
144
160
161
156
189
200
231
235
241
270
283
284
260
255
255
275
297
280
287
294
288
298
268
245
249
273
276
275
280
260
221
189
188
215
217
231
204
160
145
118
127
114
102
103
67
71
41
-2
-41
-87
-66
-71
-81
-82
-92
-114
-148
-181
-233
-218
-187
-170
-144
-146
-183
-205
-224
-209
-186
-208
-207
-221
-232
-243
-239
-246
-266
-251
-251
-246
-255
-275
-310
-328
-340
-321
-298
-296
-296
-298
-310
-307
-296
-293
-303
-268
-259
-280
-263
-263
-242
-217
-214
-230
-239
-245
-229
-202
-197
-199
-206
-205
-208
-181
-144
-125
-116
-125
-116
-118
-112
-75
-59
-35
-44
-60
-60
-49
-6
20
36
27
23
21
33
58
104
135
123
117
137
165
195
202
211
221
238
228
237
270
271
271
270
287
291
298
306
274
227
212
202
227
254
260
252
223
167
148
147
152
154
130
108
60
37
65
89
91
66
21
-12
-38
-22
-14
-6
-22
-69
-80
-98
-108
-90
-91
-86
-77
-100
-113
-118
-108
-127
-132
-142
-160
-143
-143
-150
-155
-175
-182
-185
-208
-203
-194
-183
-164
-154
-151
-165
-184
-198
-203
-202
-174
-159
-155
-170
-186
-194
-214
-207
-190
-165
-111
-100
-93
-116
-143
-172
-195
-176
-158
-110
-78
-83
-104
-134
-138
-130
-99
-85
-73
-58
-46
-21
11
12
-5
-19
-20
6
51
80
109
98
75
46
38
67
94
125
149
142
128
160
178
210
226
222
235
244
263
283
303
296
282
272
279
281
306
329
327
312
306
287
297
306
319
320
303
275
258
257
229
238
235
231
248
222
206
201
205
219
206
182
156
138
141
158
161
110
68
53
54
93
139
155
148
104
52
6
6
32
35
52
40
21
24
8
-51
-81
-95
-110
-88
-97
-112
-146
-183
-210
-215
-220
-219
-196
-216
-215
-219
-236
-262
-271
-270
-292
-286
-302
-297
-291
-288
-284
-292
-303
-316
-322
-322
-298
-268
-234
-226
-229
-247
-242
-233
-243
-240
-218
-202
-186
-191
-221
-199
-167
-136
-115
-92
-124
-131
-139
-135
-113
-93
-77
-59
-62
-68
-66
-78
-67
-63
-36
-9
11
53
87
77
65
39
36
86
136
172
209
227
229
237
218
203
200
207
239
224
208
221
242
281
268
248
219
207
213
214
242
248
240
209
153
165
168
202
207
156
133
120
97
99
116
125
114
110
74
59
65
63
74
54
16
6
-4
-4
-18
-64
-83
-103
-95
-108
-122
-137
-158
-163
-182
-184
-193
-207
-218
-238
-243
-230
-224
-233
-229
-236
-225
-222
-227
-243
-273
-283
-298
-294
-307
-311
-315
-323
-298
-310
-298
-285
-321
-325
-338
-336
-300
-284
-266
-270
-276
-270
-250
-210
-208
-225
-235
-263
-289
-292
-258
-212
-157
-130
-124
-147
-174
-190
-163
-145
-96
-35
-37
-61
-68
-71
-63
-41
-35
-31
-33
5
20
44
38
17
2
-10
-13
33
74
112
127
104
97
74
72
87
121
146
165
179
158
125
131
171
192
224
240
233
220
228
217
216
215
235
236
236
241
225
213
195
185
195
190
172
163
156
161
166
151
116
94
105
119
112
103
72
50
37
53
68
65
70
57
21
-39
-62
-31
3
18
19
-20
-52
-63
-59
-40
-28
-59
-93
-131
-140
-96
-72
-67
-93
-109
-135
-139
-138
-123
-117
-99
-111
-118
-126
-146
-136
-117
-98
-91
-56
-65
-88
-99
-97
-72
-41
-29
-57
-69
-48
-50
-52
-66
-65
-46
-24
-21
-31
-23
3
1
-11
-11
-11
39
67
55
44
29
44
58
53
63
64
76
89
91
112
148
180
187
143
107
86
89
125
133
130
114
124
144
156
165
147
124
110
106
122
133
129
109
64
56
87
98
86
53
-4
-24
-10
2
21
38
12
-1
-15
-15
55
110
95
41
-24
-53
-45
-20
20
32
17
-9
-59
-108
-117
-121
-121
-121
-117
-132
-146
-142
-163
-200
-228
-237
-205
-174
-171
-176
-185
-212
-229
-217
-201
-173
-143
-117
-116
-161
-193
-168
-128
-101
-106
-125
-141
-163
-163
-161
-146
-129
-129
-139
-160
-166
-151
-134
-138
-131
-134
-140
-139
-133
-95
-74
-68
-71
-96
-92
-72
-30
13
21
37
40
52
73
85
74
71
83
99
109
115
121
140
143
