3
17
26
16
-22
-41
-28
-29
-32
-35
-33
-31
-36
-49
-54
-41
-44
-42
-54
-53
-60
-62
-58
-66
-56
-63
-53
-40
-24
1
-7
-24
-18
-17
-24
-23
-33
-33
-28
-22
-18
-22
-21
-19
-25
-52
-52
-36
-26
-30
-35
-38
-55
-89
-98
-98
-90
-72
-67
-67
-63
-70
-85
-73
-54
-55
-59
-52
-59
-51
-57
-59
-60
-73
-50
-20
-1
-8
-9
-1
-1
-4
10
11
5
9
10
17
13
5
8
18
10
-7
-12
-1
24
37
35
36
46
52
57
65
65
66
89
77
56
54
60
81
77
83
80
63
62
61
88
125
120
95
52
26
21
42
49
27
10
2
0
0
25
16
6
7
6
6
11
20
42
49
52
59
31
21
29
31
44
68
71
44
-3
-58
-69
-48
-22
-19
-50
-84
-108
-106
-102
-81
-75
-84
-89
-112
-141
-135
-97
-75
-57
-62
-106
-118
-103
-94
-73
-60
-60
-60
-94
-122
-183
-183
-110
-87
-101
-99
-77
-87
-88
-45
-54
-144
-165
-133
-125
-93
-37
-45
-88
-68
-60
-102
-95
-68
-62
-61
-71
-88
-108
-121
-127
-99
-62
-57
-47
-32
-85
-138
-108
-66
-69
-65
-46
-23
-23
-65
-75
-70
-84
-52
-4
16
-17
-35
-55
-50
0
18
36
53
32
-18
-62
-59
-34
-1
29
46
5
-51
-75
-100
-71
6
28
-7
17
-19
-46
-37
-29
3
25
23
20
-3
-31
-26
-33
3
47
39
-17
-49
-65
-112
-82
-58
-71
-34
43
6
-123
-191
-135
-23
-27
-38
20
-17
-86
-35
78
87
35
34
36
49
42
9
0
22
-71
-46
89
57
-66
-43
73
70
-62
-79
29
13
-122
-116
14
-52
-114
-25
38
3
-46
-113
-34
29
-28
40
104
48
30
43
22
-38
-31
47
40
8
-7
31
20
-45
-55
19
-7
-80
-59
-38
-90
-100
-25
-69
-147
-85
-35
-122
-164
-107
-68
-84
14
25
-50
-114
28
140
-18
-48
21
-72
-140
60
100
-129
-136
-41
-130
-189
-112
6
27
-5
-57
-125
-136
-36
35
-143
-34
83
-142
-104
94
-26
-243
-138
91
64
-84
-11
57
-100
-144
11
127
53
69
84
-90
-173
-167
-81
87
247
96
-204
-117
-115
-195
118
330
279
-26
-127
25
-191
-175
158
223
-13
-6
106
-15
-206
-90
177
188
91
204
109
-87
-145
48
170
4
155
306
68
-168
-39
-57
-115
143
486
240
34
182
16
-186
-15
356
324
-10
131
299
-66
-210
237
320
5
83
149
-55
-186
-126
-35
75
34
18
114
115
-134
-148
180
191
-103
33
317
73
-205
128
238
-189
0
126
-116
-257
50
211
-95
-172
-47
98
-346
-265
298
-54
-278
176
161
-377
-320
242
158
-271
0
384
130
-354
-235
182
-54
-288
365
363
-453
-432
30
-125
-355
44
332
-305
-456
39
-183
-313
-46
144
82
46
-46
34
-150
-477
118
505
-74
-44
607
-122
-568
66
366
-27
-116
312
1
-368
-86
135
79
-222
21
291
-250
-192
62
116
-9
-75
235
-47
-195
102
71
-121
22
192
35
-356
-150
140
-55
-23
315
171
-526
-168
332
-296
-70
495
-20
-204
122
-189
-497
-114
196
81
171
202
-261
-263
167
97
121
344
151
-63
64
63
217
144
-176
374
203
-503
15
240
-200
-71
160
-39
-76
-63
-203
-177
-160
24
-35
95
23
-82
-73
-129
123
82
-106
99
229
-178
87
97
-315
269
74
-179
385
56
-589
201
229
-624
126
333
-571
-408
308
142
-353
-174
-242
-225
-92
265
36
-42
-137
-268
305
-50
-170
-4
89
214
-193
-168
0
-121
-336
248
300
-394
-142
105
-274
-71
113
-280
-204
-195
64
-5
-114
-7
134
-297
-207
44
-350
-564
-90
103
-341
-99
284
-396
-621
486
-18
-358
305
308
51
-203
150
91
-251
-55
0
15
-197
-140
-42
97
-250
-409
245
-201
-272
788
-69
-765
-40
137
-5
-68
355
35
-606
-185
161
10
-99
-60
455
198
-675
147
-188
-252
514
183
21
-16
-519
58
164
-500
538
272
-439
7
-6
-39
-103
30
249
-83
-79
12
36
89
-126
290
-37
-651
106
532
73
-178
-7
-336
10
281
164
179
-457
-126
1110
-372
-902
852
406
-815
203
1249
-1040
-581
829
-44
-474
279
417
-111
-476
255
708
-1022
-325
1393
-193
-768
689
246
-895
-158
936
154
-525
-20
470
-430
-612
739
104
-529
-406
738
212
-1018
175
-8
-561
50
111
-8
-199
41
-366
-175
-75
-560
526
317
-248
160
444
42
-298
-412
187
251
-30
223
535
-740
-690
348
-336
-410
443
604
-620
-679
419
-128
-761
108
403
-246
-99
104
-333
-520
309
109
-247
281
-513
-9
380
-92
-118
132
391
-218
89
253
-567
283
360
-285
372
162
-585
-102
787
-624
12
273
-504
-251
269
117
-374
182
384
226
-684
40
401
-508
396
952
-393
-422
121
153
-517
-289
722
-248
264
667
-564
-90
52
-55
-224
723
667
-680
89
646
-199
-473
576
340
-592
579
695
-316
-392
126
-312
119
-21
-80
142
-695
539
-225
92
201
-543
492
731
341
82
632
-713
248
304
46
604
3
-348
339
-73
-687
720
-312
-399
1088
-364
-1348
594
397
-1083
456
718
-1268
-701
830
-141
-282
254
157
-944
228
877
-10
-216
-153
511
-56
-743
-37
599
-421
-89
849
-775
-837
563
-392
-721
869
8
-1003
826
-304
-1374
319
659
-790
665
605
-868
-148
270
-332
-430
562
277
-621
523
-144
-956
329
-357
10
140
209
-147
-111
-17
-453
-558
-158
-18
76
223
142
160
-205
-734
169
-437
141
556
-112
491
-760
-683
364
-87
-180
606
142
-598
382
-107
-976
208
594
-336
147
1024
-369
-1003
312
110
-655
75
353
338
-188
-650
986
-160
-1693
1397
375
-895
1041
831
-1674
-293
536
-687
182
471
323
-25
-563
-30
-371
-479
618
295
-242
445
262
-1406
457
111
-269
-529
664
187
-1434
1149
759
-1617
160
1420
-327
-424
428
17
-288
198
464
99
-530
1022
-468
-504
1359
-561
189
143
-828
446
418
-1114
75
-47
-315
241
-682
81
233
-346
-178
922
-522
-840
227
495
-596
620
1096
-356
84
-632
401
106
-440
-94
445
-54
-1102
120
312
-1288
-156
1035
-518
-491
232
-537
-605
-58
507
104
-630
-394
679
355
-896
610
628
-603
318
194
500
-646
-786
973
-347
-1962
775
606
-1440
-414
1266
-1259
-864
866
-238
-463
-604
541
90
-198
-44
313
-73
-817
-229
1613
-629
-860
844
622
-1006
-513
1255
-223
-262
616
119
-1243
673
759
-794
-247
646
197
-575
75
-498
-57
517
-279
356
301
-267
-567
478
-316
48
772
-281
500
-630
-155
615
-315
312
411
-372
-570
692
-586
-227
519
-97
-640
-120
829
-632
77
854
-303
-401
-98
116
582
-515
426
810
-864
320
168
-219
593
9
-80
1169
-562
-429
707
-28
-516
977
473
-852
822
172
-386
416
477
-1284
580
343
-192
379
-62
128
-312
-59
274
446
312
933
-963
424
632
-1239
269
716
-470
259
1084
-264
-492
-205
324
-525
-27
718
507
-570
-382
-196
-1307
339
166
-232
1021
326
-1228
654
-87
-1020
237
622
-174
55
1090
-528
-937
2
-255
-40
444
-261
365
-279
124
189
-1141
436
567
160
-317
902
-910
-653
1042
-74
-328
-398
20
-46
-30
610
-170
-733
136
-145
-170
630
-223
-423
498
32
-1014
280
-93
-263
949
272
-821
-649
-118
216
-1280
939
913
-724
-259
808
-1232
-930
1395
54
-157
532
393
-714
-213
521
-571
-431
806
-612
489
1
-968
864
-326
-898
1214
-340
-230
314
-1070
599
-50
-185
316
38
-942
307
790
-1171
430
842
-280
-71
93
704
-605
-778
1455
-930
-880
320
157
-257
-445
1057
388
-578
-729
1387
-19
-1134
1090
572
-976
142
-458
-64
-224
-555
584
-584
-178
413
251
-124
-451
315
166
-529
1490
-582
-332
519
-343
-189
-77
365
540
-276
-320
-451
-410
-98
716
79
-689
158
507
543
-489
951
-646
87
806
-730
336
127
-122
-527
-488
284
-513
325
696
-357
-314
1046
-611
-32
521
-551
826
-384
701
-357
-775
-276
478
-49
261
419
-1083
-969
451
36
-332
232
693
-678
-534
965
-662
-730
1016
340
-1284
1237
224
-617
424
-110
-584
-468
-271
702
-169
-551
850
-1413
-500
38
-62
8
-83
867
-751
146
-223
350
-160
233
523
-1167
224
904
118
-1340
756
-273
-1466
1025
399
-77
-518
-59
90
-396
-622
6
172
-240
452
518
-657
-768
464
-1304
385
683
696
479
-1539
992
-765
-1056
477
-680
828
-493
-705
682
-477
-139
-440
-434
179
963
563
-598
-553
-27
567
-275
1077
-64
-255
60
161
-829
-138
778
-378
794
-523
480
94
-1408
719
400
-46
68
47
-52
517
-418
-517
468
-1011
102
1263
-265
-19
-64
-373
-222
450
84
665
-222
-317
-225
893
-642
-908
1353
-1119
41
1114
-509
-653
61
130
-583
426
-475
-796
659
-379
723
-104
-92
-16
-146
66
777
141
318
983
-642
515
-1293
134
-440
-43
2101
-394
-248
-423
-601
-486
402
1377
-463
-52
1170
-480
-221
-803
-3
654
-769
1550
-3
-1314
63
303
-81
-158
1043
-860
-147
1095
-1253
-229
-449
81
233
-953
256
149
-1227
2
584
-640
-170
1379
-557
-1038
1445
-563
-397
779
482
-784
20
872
57
220
192
-500
-748
-132
-77
-110
-133
-432
-1442
365
26
348
96
-542
-652
-63
374
293
616
-782
-150
-383
417
852
325
-871
1460
-956
-470
809
-902
-444
125
-488
-723
623
-179
324
-856
-183
303
-968
1000
587
-40
-234
627
626
232
-449
409
466
-1166
795
734
-1185
264
-194
86
-24
-1006
-144
194
-473
207
-888
-555
151
-410
-430
1428
302
-162
421
-221
-205
-2005
870
1998
-366
287
2366
-2356
-820
1946
422
-776
1402
197
-105
1150
-988
-484
-537
-470
-456
558
981
-1765
-440
1018
-1235
295
1357
-674
-43
1936
-1396
-45
467
-1064
-364
826
312
-536
1293
428
-1169
-800
-270
1100
-19
25
668
-770
-430
-751
142
-564
-459
1311
405
-1028
-837
1568
-826
-1237
1111
378
-955
297
1608
-1247
363
464
691
255
-1164
-3
584
-1174
39
7
-1223
-89
439
-133
1117
24
-1193
1446
429
-728
748
-39
-1724
798
502
-572
1203
-1471
-1300
2216
20
-599
-821
865
-761
480
1151
-277
-2352
488
209
-1141
528
573
-58
-923
1109
-809
-222
849
1234
-318
-31
691
-1257
96
484
-978
-581
1746
79
-1298
982
820
-1939
-389
1963
-1336
48
1540
-1516
-146
-462
-197
-626
-1668
248
750
-875
757
51
-669
420
-17
-201
101
1244
-1361
549
2288
-1498
-968
525
708
-1079
803
1092
-1398
-914
697
-276
-1471
553
958
-1141
-60
1314
-1476
-5
1225
-441
-760
410
1693
-130
-2095
1428
238
-1793
1273
90
-1137
-306
448
981
-734
-1163
1412
-555
-1848
2259
11
-1009
536
426
-788
258
-55
-59
-866
505
799
-1698
96
-362
731
-344
314
1261
-11
-970
519
957
-488
1197
-1266
-297
-7
655
243
1260
-387
-2114
1953
186
-1110
-255
956
-344
747
1051
1
-838
847
-644
237
895
144
28
-1603
879
-126
-912
754
627
-647
311
59
-453
523
117
209
-326
-961
1146
931
-1526
381
791
-488
-1179
673
1394
-1556
819
715
-1505
-36
724
324
-167
-1301
501
410
-297
488
549
-1159
-1345
1692
285
-1613
-173
755
-960
-2313
1754
406
-2498
1425
785
-1117
617
929
-161
-950
449
18
-294
654
-457
502
737
-80
-694
-1032
-1632
1413
-578
-542
612
-847
54
1333
-730
-139
200
-1498
2121
371
-1472
533
411
-2448
1733
1132
-1623
843
716
-1021
-193
1217
987
-1005
440
206
-1227
-819
276
144
-1149
412
414
-370
-545
1397
853
-1812
1153
1415
-1420
131
1153
-813
60
1589
-1041
371
387
-579
1085
810
9
-341
-367
-669
212
1075
-488
-1196
527
-307
-689
-155
523
237
103
713
29
-1523
-399
972
-908
539
892
-1443
-693
-528
-185
-318
865
-223
-360
98
-204
-9
797
-554
546
1249
1102
-1246
-526
1587
-426
-1174
51
673
-645
351
1024
-397
-1130
554
-266
-1416
1615
1374
-1273
338
573
-2001
-96
-548
23
1114
383
392
538
-1938
-1269
2073
-758
133
2521
-134
-1537
629
-322
-2224
1411
1305
-825
26
573
-1025
-1210
-153
-226
603
-1899
362
3184
-3885
-608
1094
-3368
617
2623
-424
-1566
1384
-553
371
335
-1513
209
467
-329
36
1289
-985
-804
1085
-511
-810
-304
1852
-1366
-1317
1710
-1477
-1143
937
-948
-2007
1054
581
-809
14
152
-1225
575
1275
-191
301
-318
-86
-545
-30
678
-126
-98
-1082
466
633
-2300
839
950
-754
-398
1440
-382
-2224
1382
133
-768
-948
2736
267
-1941
1722
291
-449
-441
2091
-753
-1193
-827
1566
-1166
-1626
2292
-1261
-1263
974
1433
-2655
-383
862
786
226
879
-43
-1055
1288
2125
-792
-291
1388
-134
-1095
1596
1079
-2343
-96
1391
-651
191
-79
-10
66
-538
190
342
-1173
-1008
2605
-1376
-98
1225
-1674
-978
1242
1060
275
179
-580
-140
236
-347
476
526
-2275
665
503
-1055
-193
-793
262
250
4
1159
90
-1413
927
479
-613
-885
1322
-556
-211
849
-1087
720
-20
-824
103
11
-11
-157
299
-712
-401
891
-288
306
578
-1094
622
527
-617
-179
-1457
1747
-396
-1129
1527
-428
-544
1300
-4
792
532
-937
536
-609
-625
550
394
-1543
822
-70
-1967
134
778
95
-282
90
-647
952
-918
-181
1216
500
-814
201
572
-815
-144
363
307
-1774
556
1293
-1987
-346
2037
-483
-1824
629
615
-480
1139
-407
266
-1087
-802
1623
638
-3936
1458
1704
-3108
1171
1490
-1121
-2472
1749
554
-1086
42
287
-241
-67
1221
-1168
-108
626
245
-754
1277
-672
130
464
-1730
1264
-495
-935
216
492
-1658
-31
984
-885
-1136
741
311
-1794
1752
512
-1215
539
761
-703
-695
34
1218
-297
19
748
-828
-1102
-798
1819
-642
-345
-26
540
-904
708
981
-370
-38
803
169
-1692
718
332
-2458
-261
489
1093
-1628
-269
135
-2211
1496
894
-1226
1732
-737
-805
-97
893
-379
-737
1050
-515
-816
-385
860
188
-732
575
401
-908
535
-1173
1264
-1211
-139
1841
-509
-1549
963
-1194
-1449
874
-1109
368
-772
830
-232
-775
63
1487
-570
-697
929
354
913
-1408
1550
-325
-807
-430
889
-1804
187
1018
-2182
878
-366
-881
420
866
-2366
1177
957
-312
710
-975
87
876
1135
256
282
-912
797
-756
-1222
490
-55
-956
80
1094
-579
-1743
-37
937
-165
157
1469
-1387
-465
1101
-1543
-366
398
-158
768
139
333
-259
1371
-1026
-79
1047
161
282
916
429
139
892
-926
1198
-340
194
313
354
-2174
1610
-734
-1288
1405
-849
-431
839
-36
-1183
266
-1084
2233
1317
-1737
841
1043
-583
867
1700
-1522
-202
2431
-174
830
830
-408
168
604
-1082
1288
-854
451
889
-1070
1072
-1043
85
1169
263
1702
430
-483
1750
-616
-1182
1200
167
-418
2645
-879
41
1164
-279
-981
1174
1314
-1202
740
-637
982
59
308
1437
-1575
921
1609
806
589
-436
-69
960
917
-776
490
1014
615
1465
1004
-954
255
669
-850
682
-150
220
689
-2070
-792
2382
458
-1475
2586
-473
-1397
1810
-264
163
1140
-771
-684
2154
-516
652
1416
47
-840
797
1363
-2276
891
1464
523
-1020
702
763
-1155
1129
1077
1383
-1313
282
1501
-538
-563
2502
954
-3085
1566
2064
-636
-1923
2104
17
-2540
-109
1935
-1479
-1239
2281
462
-1840
283
1902
-1396
16
1756
-630
-1984
779
1557
-1684
-668
1705
-1394
-593
2067
-539
511
434
-1208
1421
-1048
-498
1
-277
-278
965
-1977
-1982
1940
-1458
-878
1223
-66
-1640
190
694
-403
-390
1561
876
58
509
-140
-656
-414
1324
-301
509
633
-899
-384
-544
-223
-100
1190
-113
-978
551
-161
-707
602
-1439
-746
1660
316
-1489
709
-85
-1251
435
-1478
871
268
-1208
1284
-1001
-777
180
444
-876
-270
194
265
96
-855
504
-2460
323
1372
-1552
-482
139
398
-1127
825
-607
-2158
2448
-10
-2274
273
-191
-753
139
153
95
-710
-1481
2484
-744
-777
1294
-1205
-1459
-769
1848
-1733
92
2044
-710
-1294
-508
450
-1046
120
86
824
-1031
280
667
-2147
-864
-526
624
-145
907
419
-333
-1428
-904
924
-778
132
-338
1070
16
119
-2452
-523
668
-675
2004
1383
-1488
-1322
1339
-1603
172
423
798
-262
-116
1492
-2627
-1598
-573
508
-176
189
-805
974
-2055
-2536
2118
-1355
-1177
-55
1122
-601
257
632
-498
-1814
33
1336
-1106
298
-312
-60
-1315
-159
723
-53
855
-1083
694
521
-1474
-198
76
-1510
1326
415
-968
363
387
-835
1659
-133
-644
114
-581
1038
-2351
-266
528
-2192
458
751
-1176
-1285
717
-432
-570
1953
-448
-955
-284
-182
-1244
1019
-412
-1060
1800
-1232
-244
418
-502
268
-51
2
623
-1118
539
35
-1588
272
384
315
-81
-54
259
-861
-1097
1178
175
-269
1557
-424
-953
779
362
-163
780
1144
-1584
431
1125
-401
-923
1511
133
-229
-804
49
1872
-1323
103
1763
-1583
-2003
1498
98
-506
1091
-209
-1604
64
554
-499
-611
1680
-200
-1666
-328
798
-852
509
1242
-261
-652
-87
375
87
-495
275
915
-1075
768
1889
-579
-2378
632
-308
-498
655
-352
-274
-110
-676
1040
261
308
1201
-862
-302
1282
1644
-199
456
498
-1736
731
-160
358
19
-555
-228
-11
-1484
651
149
-1047
1587
-656
-472
547
178
552
-124
-853
322
66
33
-402
-801
-1296
206
133
-423
166
699
-465
763
1045
-1574
817
643
-1672
953
1439
-352
-935
-815
1022
-2176
-408
3114
-844
-2445
1728
1177
-3262
-475
2695
69
-2798
1034
2877
-3250
-749
3601
21
-2337
1981
1635
-2999
-253
595
-613
-1618
281
599
564
-445
-1110
445
-823
629
1427
-962
-1056
277
1220
-992
493
936
-399
-805
207
2054
-1059
-1168
1290
1078
-1854
69
2375
-2592
606
1938
-1007
-1063
270
396
-221
-1170
1093
970
-1934
1062
906
-340
46
-875
1156
253
30
2160
1661
-2207
-711
2077
-238
24
1805
1648
-1288
-659
1435
-146
-577
477
1726
-576
-1117
1671
-407
-1770
1193
930
-1042
747
692
-327
-1436
-66
187
554
-743
-42
1792
-305
-598
281
-297
-775
1263
276
90
816
-683
155
243
-207
1204
294
-151
859
643
-760
486
-91
-147
615
-640
188
541
821
-695
-1752
1486
685
-741
1933
-1270
180
65
-26
1084
-2603
677
419
-1213
1558
-919
-1077
1242
-2016
-536
1535
231
-199
138
249
314
-1047
265
259
-896
1872
1120
-1117
-137
-364
-38
85
997
-183
-497
609
-866
1300
775
-1481
-143
592
-132
-546
744
-204
-1358
512
1419
-889
350
1126
-688
491
-890
947
-194
-752
1407
-890
376
-150
-20
912
-2035
201
1353
-1105
-299
1576
-2721
-717
1462
-760
732
-260
-987
-527
305
-988
1794
-481
-1057
910
-880
740
627
-1820
773
1012
-1946
1877
-250
-1270
272
-192
535
-805
267
613
-82
150
169
-239
-890
-186
1736
-327
-1913
1237
757
-3068
516
1455
165
-44
-488
18
-194
-773
575
488
-1880
1820
-1124
-1480
540
-748
784
-95
-175
1072
187
-234
-46
1104
-1075
-79
1309
-813
573
410
-490
-715
87
-352
536
-178
-93
-1044
-72
-227
-1248
1394
-937
6
720
-22
19
-376
34
609
-1015
528
852
-708
-349
-1182
299
843
-297
-366
539
-1357
-1589
966
276
-602
1618
396
-1757
-1032
-316
748
-1051
-588
2107
-651
-1859
1855
-871
-1441
891
1208
45
-693
268
764
-1671
-984
407
-1005
-425
320
634
-475
-2234
334
-813
-900
881
264
-92
-412
-1147
452
-1090
-1242
1379
103
-221
791
-510
-995
71
-903
476
1061
-460
-311
732
-164
-1766
1447
142
-1237
715
208
-836
-241
362
164
-591
346
608
230
-796
934
667
-818
-132
1347
-346
-847
1048
379
-2213
710
1574
-1525
319
686
185
-672
626
-246
-120
-418
677
-300
870
-740
-325
1833
-2253
-955
2173
-854
-528
151
494
-963
-23
1816
176
-1234
888
1790
-1532
-511
1700
678
-1403
653
13
222
-1273
-136
2344
-1109
-563
2272
117
-2745
1435
2372
-1670
615
1786
-1350
-1513
1325
553
-344
148
458
208
-1547
394
840
5
-448
91
578
-787
-1125
820
482
-2447
1164
335
-2423
923
207
-705
364
852
130
334
-1125
1048
525
-1779
1858
-475
-1050
7
948
-1035
-1974
1613
-1422
-595
1731
-664
-589
-531
-120
-904
581
-468
672
-887
-1072
709
-815
-303
-91
626
-674
-173
1730
-320
-1580
1535
-235
-641
847
-460
-360
112
51
5
49
-735
-360
695
-361
-968
737
469
-513
-347
-307
-787
-53
778
556
-1030
399
621
-1538
414
766
-693
-742
1057
-568
-600
252
-446
-353
-101
618
457
-345
106
957
-1057
-168
936
406
-186
106
347
-979
-1095
401
-62
-1001
269
1379
-1346
-1037
484
-571
0
189
858
441
-639
-574
785
154
-777
1150
984
-738
-1068
1686
219
-1137
1548
738
-1223
112
897
-116
-814
648
385
-663
-164
234
130
349
-190
656
245
332
936
-432
424
592
-418
297
638
-750
-645
6
494
-221
-459
272
110
-616
1
456
-1021
465
717
-257
-1172
552
132
-1623
1425
234
-962
445
217
-460
328
-20
-404
72
521
-790
134
-193
-337
-261
-235
819
-262
-910
1207
-31
-1470
840
427
-1594
242
713
-1177
370
636
-1717
-278
1435
-704
-117
111
-855
-278
500
1217
-145
-186
194
-491
285
93
63
601
-199
-535
145
-330
-153
39
21
546
-188
-228
129
-417
-594
195
641
291
-567
641
453
-1135
-133
783
-84
448
491
40
193
-887
563
1003
-1331
-361
1383
233
-710
623
-93
-1186
583
267
-452
494
237
5
284
-402
-756
331
56
-525
1230
881
-841
-911
-96
-169
-208
-294
1279
1294
-1140
33
577
-1089
-45
1645
454
-91
227
664
-461
-348
-499
141
335
472
223
-29
-587
-461
327
-576
323
1364
56
-257
250
-824
105
-228
-181
675
289
213
-419
-90
-133
-518
279
529
-164
428
589
-1346
439
380
-701
1173
878
-240
517
839
-827
-92
847
-48
644
896
301
207
505
-139
-299
188
672
896
-52
67
585
-1082
-489
674
-498
185
1102
-706
-203
22
-874
206
318
205
-177
348
286
137
-482
649
-199
-366
1192
-71
-879
578
306
-845
502
771
-1343
-486
680
25
-955
-58
96
-1147
-486
-320
-903
-626
698
-716
-497
-367
-1252
-1028
78
149
-1017
916
51
-2111
-540
-194
-1273
-380
570
-436
-1128
-590
-202
-1042
-1775
-151
438
-1068
-368
901
-920
-1961
520
134
-839
-210
348
28
-730
-544
475
-414
-1049
150
734
-412
-428
716
-96
-758
582
1159
223
104
673
524
545
181
395
949
-229
105
1800
845
-220
763
907
158
483
1495
1369
192
894
931
283
1235
1163
453
1019
1117
915
1243
982
214
846
1040
1144
1091
1057
1263
381
523
1072
984
520
883
866
-48
-205
316
-197
-1478
-1177
-1451
-1952
-1828
-1884
-2647
-3283
-3316
-3596
-3484
-3408
-3472
-3784
-3366
-2866
-3191
-3018
-2670
-2706
-2497
-1567
-1208
-1672
-1229
-1040
-1384
-955
-575
-551
-529
-411
41
156
-790
-380
111
-656
190
1206
336
316
549
126
421
810
1240
1691
1527
1567
1389
1390
2110
2206
2649
3153
2812
2768
3189
3620
3963
3402
3652
4303
4165
4184
3939
4619
5127
3956
3713
4223
3827
3721
4355
4438
3654
2784
2288
713
-962
-890
-971
-1763
-2299
-2856
-4343
-6007
-6336
-6253
-6247
-5923
-5123
-5352
-5672
-5577
-4938
-4618
-4120
-2732
-1788
-1184
-639
-287
-118
137
514
876
1517
1696
1531
1081
623
-10
-408
-535
-933
-1295
-2256
-2728
-2949
-3440
-3585
-3551
-3865
-3938
-3657
-3291
-2664
-2494
-2556
-1878
-1498
-1562
-452
489
125
507
873
876
920
1242
1490
1213
1233
1288
1397
1180
988
913
984
1040
1065
1673
1203
1102
1618
1886
2012
2408
3266
3518
3387
3654
4114
4297
4667
5712
6108
6409
6275
6645
7291
7331
7589
7520
7396
7246
7884
7703
6181
3403
991
-338
-1036
-635
-224
-1585
-4571
-7244
-8815
-9391
-8935
-7733
-6889
-7311
-7384
-6945
-6900
-6569
-5486
-3859
-2530
-809
857
1313
937
910
1225
1833
3064
4001
4284
3544
2281
1213
349
-196
-540
-1095
-1843
-2676
-3742
-4678
-5420
-6530
-7217
-7035
-6366
-5951
-5601
-5334
-5261
-5200
-4597
-3301
-2060
-1021
-462
309
690
687
1294
1724
2081
2240
2449
2399
1947
1295
613
292
-3
-50
-83
-282
-685
-990
-833
-702
-415
-86
474
957
1710
2367
2519
2776
3282
3944
4671
5542
6122
6172
6411
6800
6727
6910
7953
8630
8980
8724
8127
7968
7595
7706
7852
6487
3319
806
-858
-1592
-1251
-1427
-2623
-5419
-8259
-9867
-9871
-9027
-7924
-7030
-7157
-7322
-7162
-6557
-5541
-4322
-2930
-1481
151
1269
1884
1799
1776
1815
2333
3436
4145
4121
3022
1711
275
-593
-863
-1116
-1505
-2608
-3850
-4935
-5639
-6308
-6612
-6498
-6230
-5874
-5956
-5534
-5229
-5182
-4664
-3737
-2428
-1274
-400
131
422
375
769
1481
2080
2606
2617
2418
1920
1450
810
596
493
226
32
-189
-418
-1411
-2420
-2716
-2354
-1637
-809
-169
-279
-609
-707
-129
1085
2254
3286
3828
3999
4005
4326
4718
5379
6005
6304
6709
6860
6711
6394
6522
7027
7623
7755
7698
7510
7114
7116
7169
6415
4101
1639
175
-943
-1412
-1115
-1173
-3373
-6628
-8800
-9515
-9329
-8102
-6106
-5787
-6724
-7533
-7362
-6617
-5152
-2984
-1269
-225
224
745
859
923
1446
2147
2982
3681
3981
3073
1736
483
-522
-909
-779
-740
-1632
-2911
-4332
-5494
-6264
-6196
-5699
-5440
-5347
-5700
-5709
-5739
-5335
-4498
-3580
-2308
-1448
-734
-260
14
194
752
1487
2187
2868
2979
2782
2083
1446
1149
1204
1226
1005
704
-88
-804
-1374
-1867
-2086
-2006
-1843
-1472
-1067
-1097
-1113
-1046
-466
607
1655
2722
3251
3580
3495
3759
4497
5308
6042
6388
6420
6109
5832
5813
6228
6343
6432
6558
6622
6936
6828
6584
6242
5937
6067
6446
5555
3369
1752
768
-211
-1256
-1643
-1856
-3481
-5740
-6857
-7040
-7720
-7377
-6379
-6197
-6594
-6750
-6150
-5593
-4745
-3516
-2067
-1271
-759
-14
307
713
1207
1853
2370
2901
2868
2172
1531
724
207
-127
-219
-679
-1704
-2884
-3971
-4672
-5174
-5155
-5110
-5017
-5194
-5559
-5671
-5610
-4955
-4204
-3182
-2341
-1700
-1373
-1068
-490
57
753
1470
2189
2333
2167
2017
1653
1415
1322
1465
1230
774
189
-522
-933
-1157
-1201
-1355
-1485
-1703
-1726
-1420
-796
-278
-156
169
650
1275
1937
2910
3549
3748
4024
4306
4793
5195
5689
5925
5826
5846
5789
5845
6042
6220
6097
6255
6518
6724
6561
5838
5709
5934
6269
5741
4155
2095
441
-524
-898
-457
-479
-2017
-4721
-6679
-7318
-7325
-6469
-5252
-4990
-6229
-7108
-6848
-6079
-5035
-3421
-1975
-1662
-1466
-984
-563
-200
590
1582
2177
2714
2703
1999
1094
573
325
246
339
41
-852
-2399
-3472
-4219
-4573
-4406
-4187
-4317
-4909
-5340
-5605
-5605
-5123
-4050
-3224
-2724
-2149
-1974
-1702
-1346
-295
755
1386
1850
1818
1628
1314
1549
1809
1920
1810
1408
842
-53
-511
-737
-788
-904
-1002
-1264
-1807
-2078
-1911
-1276
-808
-382
1
162
451
930
1829
2469
3008
3469
3857
4191
4290
4481
4805
5103
5251
5485
5419
5223
4970
4866
5179
5312
5356
5585
5626
5289
4947
4882
5035
5323
4787
3433
1561
457
-196
-579
-253
-345
-1910
-4307
-5726
-6224
-6309
-5849
-4906
-4729
-5946
-6769
-6610
-6030
-5226
-3815
-2555
-2328
-2403
-2192
-1656
-1115
-260
657
1167
1337
1259
1038
709
571
574
602
515
196
-401
-1399
-2178
-2699
-2901
-3025
-3012
-3341
-3896
-4309
-4500
-4163
-4012
-3671
-3176
-2910
-2682
-2401
-1938
-1589
-1073
-434
204
576
657
846
781
708
982
1432
1403
1252
986
518
212
142
230
111
-109
-286
-560
-787
-708
-267
-171
-1
228
444
607
924
1482
1800
2196
2544
2930
3025
3082
3359
3629
3868
4028
4100
3959
3802
3818
3892
3921
3906
3831
3742
3848
4110
4492
4515
4272
4287
4299
4632
5000
4978
3993
2297
1015
533
656
945
1016
-130
-2358
-4665
-5742
-5426
-4638
-3776
-4042
-5220
-6815
-7632
-7167
-5711
-4227
-3449
-3384
-3965
-4195
-3748
-2589
-1215
-175
365
293
87
-56
248
784
1264
1590
1412
865
146
-373
-816
-796
-671
-742
-1087
-1751
-2439
-3065
-3159
-2899
-2442
-2326
-2656
-3065
-3345
-3181
-2624
-1868
-1439
-1456
-1497
-1461
-1145
-724
-65
287
322
294
409
558
589
807
945
924
787
778
665
473
492
580
648
523
439
327
254
332
552
826
851
934
914
993
1214
1551
1934
2093
2213
2263
2455
2520
2690
2788
2872
3016
3011
3119
2969
3002
2948
2811
2853
2993
3101
3153
3258
3414
3277
3160
3280
3568
3470
3605
3811
3355
2039
1121
931
624
431
461
345
-1071
-2863
-3941
-3928
-3817
-3654
-3353
-3672
-4910
-5890
-5654
-4965
-4296
-3538
-3078
-3319
-3907
-3716
-2861
-2013
-1265
-679
-646
-954
-929
-678
-219
292
602
544
207
-91
-281
-277
-236
-42
-36
-311
-679
-1053
-1258
-1402
-1222
-1048
-1154
-1402
-1644
-1738
-1838
-1644
-1316
-1125
-1196
-1251
-1229
-1134
-783
-426
-127
-124
-89
7
129
495
846
1054
1058
1055
986
990
1081
1254
1359
1222
1070
952
788
633
757
939
855
731
638
489
386
397
860
846
848
937
947
822
613
1015
1324
1454
1209
1131
1261
1059
1172
1414
1644
1482
1183
1215
1223
1252
1291
1264
1134
1003
1044
1136
1198
1262
1150
1062
1171
1295
1357
1536
1557
1338
1324
1401
1359
1066
897
791
597
303
123
1
-496
-1056
-1428
-1598
-1853
-2084
-2183
-2462
-3037
-3324
-3184
-3002
-3066
-3059
-2986
-3060
-3054
-2709
-2231
-2015
-1910
-1625
-1344
-1186
-862
-474
-276
-228
-8
191
258
290
367
396
285
298
377
316
73
-14
-87
-318
-403
-327
-370
-512
-612
-620
-654
-647
-507
-501
-556
-512
-294
-57
41
110
189
164
262
493
797
888
783
744
778
796
842
974
995
809
596
571
579
431
436
390
285
231
37
-35
-5
-41
-124
-73
-59
-108
-234
-125
-107
-71
19
127
175
112
269
203
226
401
388
463
472
585
444
499
619
624
616
626
748
644
656
648
765
658
648
794
717
689
682
758
624
567
620
673
689
625
642
591
560
470
487
523
510
472
353
293
205
172
63
30
-29
-137
-236
-382
-392
-474
-541
-620
-765
-920
-962
-898
-921
-927
-1028
-1085
-1134
-1150
-1107
-1063
-999
-1020
-999
-985
-926
-946
-898
-788
-790
-715
-692
-660
-705
-649
-643
-632
-546
-548
-570
-645
-578
-635
-664
-557
-581
-605
-614
-553
-609
-520
-421
-393
-354
-335
-231
-278
-104
-44
12
60
90
202
213
211
228
329
295
306
360
399
324
223
307
339
305
328
350
250
210
281
309
406
375
403
383
359
396
449
542
506
494
435
470
442
437
495
484
431
384
394
334
378
439
453
417
392
418
378
413
455
496
520
498
513
427
415
446
538
560
554
548
425
354
318
382
322
325
285
240
173
117
133
115
105
-4
-15
-37
-51
-1
13
32
-19
-46
-50
-54
-41
-34
24
-33
-71
-142
-134
-198
-235
-229
-245
-269
-395
-419
-498
-555
-607
-641
-650
-725
-746
-851
-837
-835
-828
-816
-825
-822
-885
-876
-845
-735
-777
-781
-706
-710
-673
-638
-560
-582
-601
-581
-516
-450
-412
-298
-283
-260
-276
-238
-183
-134
-60
-27
47
42
88
97
169
204
194
256
271
284
236
286
323
302
320
330
344
320
333
349
408
380
387
447
406
426
400
442
461
450
454
449
476
427
449
447
450
414
389
414
419
437
389
403
338
300
241
221
230
191
197
168
152
68
37
60
71
84
57
110
62
58
89
136
168
158
203
152
148
99
131
142
129
99
62
74
-20
-38
-75
-97
-128
-219
-245
-273
-307
-371
-364
-363
-380
-385
-378
-362
-439
-460
-451
-402
-380
-379
-374
-385
-403
-438
-342
-325
-283
-276
-282
-236
-287
-234
-207
-155
-179
-152
-129
-159
-165
-196
-161
-179
-157
-143
-144
-111
-147
-136
-111
-63
-84
-66
-47
-73
-79
-81
-9
-32
-22
-20
26
59
41
88
98
113
75
179
237
225
231
223
262
206
235
247
295
271
235
257
198
184
136
184
152
115
99
72
94
4
16
17
52
34
25
60
10
32
28
95
97
80
57
22
25
-29
12
-32
-17
-89
-129
-96
-128
-135
-185
-133
-170
-165
-169
-163
-164
-224
-195
-205
-160
-198
-181
-175
-203
-204
-243
-177
-229
-223
-215
-171
-162
-196
-125
-138
-84
-97
-38
8
-5
20
4
56
38
82
87
90
57
8
36
15
45
21
18
-30
-80
-121
-135
-54
-107
-107
-171
-166
-200
-224
-143
-145
-88
-126
-67
-52
-64
-17
2
63
60
152
165
210
190
185
248
264
294
259
311
261
235
241
252
220
140
148
79
53
-13
-3
-7
-70
-75
-160
-118
-140
-139
-137
-126
-99
-98
-29
-30
39
13
35
80
92
115
109
182
141
141
118
100
67
8
22
-17
-59
-155
-166
-216
-273
-289
-294
-253
-328
-310
-343
-351
-360
-350
-281
-288
-238
-273
-252
-241
-208
-148
-108
-34
-72
-54
-46
-4
22
85
156
156
164
108
144
136
139
161
152
143
94
115
62
61
16
-4
-8
-71
-70
-128
-90
-140
-150
-139
-161
-150
-176
-127
-149
-105
-114
-119
-73
-85
-52
-57
5
-22
-6
7
20
31
-1
42
-4
-8
-28
26
17
-31
-26
-76
-64
-97
-96
-118
-116
-132
-170
-124
-140
-120
-109
-86
-106
-95
-58
-45
17
20
76
106
154
188
191
211
178
181
128
151
151
133
138
106
75
-17
5
-21
-46
-60
-49
-32
-71
-79
-126
-84
-74
-56
-13
-6
26
-14
32
22
49
67
83
123
90
124
78
125
86
94
113
125
131
112
135
102
97
69
81
81
73
90
58
64
39
33
44
49
57
12
35
-15
-26
-27
-15
1
-17
-16
-43
-3
-14
13
43
71
93
87
107
105
120
105
120
122
85
56
39
49
5
-7
-14
-45
-67
-113
-104
-161
-141
-153
-172
-190
-211
-183
-201
-179
-201
-204
-236
-212
-211
-202
-148
-140
-131
-144
-119
-119
-108
-66
-36
-27
-30
-6
-19
-22
-4
35
67
38
42
14
6
-5
-1
28
9
30
-2
-14
-47
-54
-53
-52
-31
-41
-11
-36
-20
-4
18
44
70
88
63
102
79
98
121
180
185
151
184
167
184
167
183
180
150
139
111
163
137
137
98
85
87
55
40
24
66
11
83
80
79
80
84
111
73
82
118
163
129
137
194
175
163
131
140
134
95
70
83
95
24
82
74
5
-24
-21
-20
-43
-17
-5
-33
-50
-68
-24
-57
-20
-29
-5
-24
-28
-1
-48
6
-34
3
-84
-53
-71
-91
-75
-50
-53
-122
-98
-169
-152
-159
-113
-132
-92
-94
-157
-134
-138
-157
-170
-129
-119
-168
-94
-119
-166
-175
-181
-231
-195
-97
-52
-69
-118
-145
-176
-177
-129
-118
-58
-38
-52
-80
-5
29
-15
113
146
91
16
38
14
32
95
108
42
-46
-84
-126
-133
-136
-67
-29
-117
-176
-212
-230
-263
-134
-63
-112
-103
-179
-102
-167
-107
-59
-89
-38
-59
56
-54
51
15
42
-91
-72
21
-21
78
40
68
-130
-16
-110
-89
-100
-91
20
-132
-93
-203
27
-108
-36
-126
-132
-99
-62
-90
-35
-47
-217
-162
-185
-36
16
0
-97
-70
-260
-228
-137
82
93
13
0
-52
-219
-148
115
13
81
95
60
-45
-112
-134
-83
-53
-45
-10
-87
-85
-110
-169
-121
-159
-97
-157
-74
-157
-108
-72
-180
-72
-93
-37
-212
46
104
96
-60
-55
19
-26
84
-4
162
97
70
68
129
87
70
217
254
255
81
311
451
533
504
508
-165
-1479
-3963
-3838
-1942
202
1514
2105
1288
-1271
-2102
-1346
-993
-340
1397
1554
209
-391
-626
-1202
-1251
391
1295
929
802
726
-233
-755
274
1280
1458
1584
2182
1549
711
829
1393
1402
-592
-2397
-2553
-2093
-1133
841
1737
646
-829
-1191
-1711
-1259
875
2776
2288
283
-1447
-2990
-3493
-1435
1428
2079
1408
-44
-1948
-3731
-3159
-729
1078
1396
1470
-368
-2435
-3238
-2153
-151
1000
1743
1261
-399
-2018
-1697
-1008
400
1606
1864
1078
-450
-1078
-840
-83
976
2099
1800
827
-107
-399
-255
153
1146
1468
984
608
123
-371
-382
104
952
1056
365
150
-7
-570
-391
223
437
635
467
150
308
-149
157
332
20
313
372
336
218
92
-224
-254
-307
10
476
604
224
158
74
-645
-339
636
731
165
443
172
-365
-53
284
448
351
296
242
-220
-189
281
187
324
159
155
119
5
234
227
182
131
-5
-257
702
614
3
-18
192
-206
-374
933
-6
-757
-64
286
-771
-41
814
-444
-990
-352
293
-269
461
575
-1105
-1200
-352
519
127
371
879
-831
-936
-121
-199
189
473
595
-98
-601
-80
-625
-758
356
505
84
-145
-284
-1072
-904
138
272
152
200
-145
-883
-418
-221
-106
-19
110
118
-540
220
-250
-1191
-754
551
805
-78
267
-21
-1420
-1136
566
889
-108
78
406
-722
-975
156
181
-463
334
-50
-328
397
-320
-653
230
517
-235
-139
224
-259
-64
213
149
70
-42
1088
-462
-693
464
328
-34
-119
456
243
-794
-462
560
187
-885
274
542
-644
-789
356
964
-469
-233
1314
-458
-1280
831
874
121
-63
608
234
-948
-339
1109
862
-227
535
165
-2082
541
976
-466
511
239
-603
-197
-517
-283
387
74
515
248
-340
-687
-529
-35
4
155
629
-78
-776
-318
-906
-274
665
66
56
470
-225
-382
31
-775
-176
781
-148
427
75
372
-496
-2347
1365
921
-1509
809
1504
-1554
-1441
1068
-750
-1443
1350
1732
-1093
-1991
1039
-222
-1725
890
853
-938
-223
1300
804
-1871
-538
1167
161
181
769
612
-598
-436
352
-65
-468
306
1314
-412
69
579
-421
128
-456
-373
1019
423
-60
1042
109
-1762
47
850
588
-37
322
902
-992
59
660
-527
-430
478
875
-174
153
1038
-793
-973
1439
-453
-299
1946
302
-643
-42
-499
-856
1585
685
-814
1001
526
-1895
-168
843
209
-380
1080
976
-1196
-17
-512
-844
811
1003
-183
-110
-233
-1510
-379
598
-304
-7
457
141
-261
140
-803
-359
641
-838
1
995
-552
-1022
315
-52
-929
233
-738
382
521
-395
-608
632
-731
-1779
1842
-361
-1765
1557
1130
-2582
-491
1339
-1242
-580
1394
526
-969
-364
736
-1024
-1019
518
696
-300
422
244
-513
-1023
-214
155
182
725
-201
393
-118
-1260
-90
780
-120
-176
1881
47
-1779
432
575
-872
-555
1564
720
-481
997
702
-1834
-469
953
71
966
1679
-306
-1102
-641
-595
-188
1393
496
834
385
-1326
-254
148
223
416
774
596
375
-488
557
-811
-1043
1120
289
1163
975
-372
-435
-270
-671
36
832
649
742
205
-1042
-1330
-16
1465
-997
18
1789
-366
-757
-176
475
-1624
433
632
168
130
501
-735
-1019
-501
-639
926
894
-705
545
-612
-1953
116
201
-21
-611
924
-887
-1119
-28
-749
-706
-265
772
161
-759
-117
-272
-1217
565
930
-1101
166
415
-640
151
94
-644
-574
90
65
-146
-305
-392
-217
379
-702
-599
-317
125
-263
-81
1076
-710
-1111
684
4
-971
566
1063
-938
348
1485
-1368
-965
557
-692
121
1436
-152
535
-626
-1256
-346
518
381
614
1086
-355
-1226
-161
252
-158
372
1310
85
-1080
275
293
-665
4
197
447
337
-18
287
-663
-409
835
357
110
112
772
-118
-731
848
-102
-370
942
12
-438
537
-801
442
469
-533
507
438
-925
553
324
-391
0
468
619
-606
-1062
408
483
-242
1197
-50
-1156
298
242
-377
513
390
675
-367
-450
-44
-228
188
-531
589
1586
-308
-751
1005
-1334
-635
885
676
592
-446
-261
643
-1013
-838
250
299
-643
476
395
-836
-497
-435
-439
-329
59
846
386
-718
-290
-888
-533
107
395
578
-33
-540
-304
-922
363
956
-756
-101
1101
-612
-1062
973
-34
-1287
679
815
-317
-206
239
29
-639
-450
797
875
-1349
249
1575
-1880
-789
1184
35
-354
447
443
-620
-1007
220
1103
91
-543
627
208
-1402
-520
2219
-241
-881
1743
-250
-874
487
-327
445
395
-76
673
345
-623
-645
653
993
-717
-260
962
-452
-410
162
487
-425
-122
596
154
-305
-226
476
596
-723
-313
1228
-260
-1587
761
1639
-1134
-928
2317
-798
-2084
1151
481
-940
508
677
-453
-187
284
-894
-305
1225
-658
140
886
-1217
-514
182
126
-462
-604
1633
-3
-1966
1374
888
-2259
-19
2229
-393
-1353
1153
993
-1789
-728
931
-209
-465
622
1387
-1242
-756
434
24
-42
-308
512
574
-65
-479
338
324
-1874
151
1695
-1280
-234
1698
-218
-1349
374
54
-363
142
432
532
51
-777
-350
300
-412
-905
931
970
-573
237
1153
-1419
-1479
1364
-208
-474
1416
443
-978
-272
-553
-264
712
176
552
915
-601
-749
629
-415
-763
1048
368
38
161
291
-1360
-671
421
234
190
323
795
-1179
-415
1179
-995
-562
967
424
32
198
216
-673
-136
89
152
318
274
-271
429
26
-926
176
-28
-475
-6
223
-193
-94
-416
-460
-80
-609
-316
1002
-479
-169
-240
-569
7
-412
-651
1225
510
-1583
535
1022
-1712
-278
742
-619
-266
416
627
-290
-800
-297
-163
-1064
-295
421
855
-261
-571
-359
-1145
-1051
673
652
13
-60
57
-456
-1149
-802
694
18
-764
1712
-443
-1574
480
-30
-1321
562
161
529
162
-913
822
-712
-1471
1265
4
15
934
-611
-17
28
-811
-59
1113
-740
41
883
-512
154
167
144
-68
-774
953
613
-802
578
1112
-1313
-1447
1328
76
-365
1202
154
-694
-705
432
814
-791
48
1155
4
-325
402
-16
-1490
136
474
116
939
-69
-1174
-173
18
-444
121
1442
-208
-579
519
99
-1058
-126
689
-303
298
1053
-801
-108
-263
-1001
244
608
-178
78
-103
-232
-617
-1059
451
94
-745
-4
682
-1145
-876
246
347
-499
-115
592
-470
-624
184
259
2
-703
-320
476
-869
-828
1211
-824
-310
514
-595
-58
-181
-373
-25
-331
515
-5
-468
328
-782
-468
957
127
-1063
952
526
-1568
618
839
-1615
87
1063
-534
-428
311
-76
200
-641
-388
743
-268
-152
606
146
210
-61
-23
458
-504
-125
1298
-3
-815
981
-302
-530
587
-99
103
644
-279
53
1152
-746
-503
969
-328
-134
1075
539
-541
-406
58
-105
72
405
1110
-292
-766
1125
-184
-747
1155
334
-858
670
586
68
-153
-410
312
197
-63
580
369
-290
-443
544
490
-688
-38
1002
-598
-271
1290
-537
-1414
469
758
-615
-209
1240
-386
-1160
476
652
-913
-188
1183
-361
-481
744
-559
-1007
339
431
-639
-252
664
65
-742
353
-617
-902
616
325
-90
313
178
-1034
-137
377
-807
12
767
412
-293
-677
137
-621
-766
314
659
217
-487
824
-453
-1256
144
727
-128
174
918
-314
-1003
-161
-124
-305
96
772
-207
-150
-103
-92
-785
136
153
-232
1111
320
-698
-225
211
-931
-71
960
132
-173
215
140
-866
-292
636
-459
-57
347
658
-190
-805
262
-146
-513
140
1343
-304
-297
783
-662
-620
684
-254
376
878
-260
-304
584
-835
-254
718
-132
-8
80
412
250
-478
-125
802
-848
452
716
-158
422
-142
-166
-764
-403
591
614
-28
-45
221
-1091
-658
537
-164
118
1014
275
-621
104
-663
-507
762
110
32
307
155
-355
-746
-249
125
20
312
378
-133
28
-1180
219
67
-158
841
163
-71
161
-266
-939
431
631
-758
129
697
-1029
-613
564
-224
-481
270
326
-725
-39
105
-300
-361
132
-337
20
-127
79
-151
-767
-151
700
-428
-142
-155
-23
-70
-532
-199
303
174
-516
679
247
-1068
-583
908
-163
-461
1152
163
-1032
-398
-8
-624
68
658
62
303
-230
-594
-134
-584
99
732
710
-113
-425
685
-710
-994
695
641
84
571
557
123
-932
-386
561
243
52
418
124
-224
-136
-336
264
-130
-738
852
532
-866
919
46
-1486
-38
860
-729
651
757
-661
561
-63
-653
203
93
-232
901
165
208
46
-1045
31
479
-975
389
1254
-541
-313
597
-140
-811
28
969
-211
177
1101
-406
-834
-90
212
-311
248
184
223
-323
-536
588
-199
-1206
428
799
-625
246
1210
-635
-885
-186
-188
491
168
-28
806
-163
-1510
772
-203
-1071
1288
467
-755
-76
178
-693
-759
678
149
-361
451
292
-736
-77
189
-885
490
631
-781
305
831
-631
-373
394
-205
-632
539
951
-1010
-437
1171
-617
-959
619
117
-767
667
369
-181
31
291
-504
66
-147
274
564
-434
194
283
-639
-680
660
-207
-327
988
35
-608
-447
478
20
-479
218
490
-179
-531
1068
-56
-899
760
-73
-525
952
-61
151
151
-558
604
-99
-560
754
298
-380
-252
270
208
-764
-83
1099
-241
-567
787
34
-1717
502
1097
-999
-67
1560
-549
-744
862
-176
-710
505
435
-208
294
-110
-294
154
-155
-530
191
-31
-132
176
300
-996
-518
475
-308
-398
713
580
-1255
296
1122
-993
-257
840
23
-302
623
-29
-105
-8
-586
365
364
-639
-289
520
-241
-534
672
-377
-1068
48
693
38
-45
268
-346
-358
32
423
406
37
-15
182
632
-231
-206
335
161
-221
381
105
-265
-63
336
-387
-577
902
94
-400
183
633
-1111
3
1411
-1022
-193
815
-507
-528
114
366
39
-460
-124
506
-352
-555
523
-158
-896
94
374
-651
-330
56
-477
-490
430
297
-668
346
-250
-672
470
75
-525
600
-377
-759
595
248
-585
-278
630
-510
-389
860
-459
-646
678
-578
-98
328
-501
60
325
-360
142
-167
-649
535
164
-397
465
-293
-204
345
-468
-330
423
-714
139
1153
-429
-52
-229
-360
-499
-295
902
460
-963
140
514
-1357
-144
954
-773
-225
1164
-345
-500
261
-617
-198
363
-325
714
362
-909
49
505
-524
-122
651
-231
-629
337
408
-37
-307
-118
543
-438
220
771
-12
-708
244
591
-661
-212
800
394
-286
-154
941
-538
-743
537
582
-405
-69
1176
-559
-701
427
195
-135
331
887
-476
-3
282
-433
414
152
-417
342
183
-266
-102
314
-586
10
191
192
-223
214
117
-341
205
-192
319
67
-52
-464
-30
258
-332
191
375
-1058
-284
359
-331
382
362
-705
76
-40
-976
532
531
-299
-278
507
-70
-592
-456
562
-414
-954
1260
72
-1154
-44
-111
-465
-490
546
-33
-8
38
-123
-140
-562
-37
-110
7
156
96
2
-191
69
-502
-258
-151
649
163
-179
420
-251
-727
-142
526
215
215
-30
153
-320
-405
242
-2
-341
432
399
-308
188
-137
-211
81
-224
198
574
-695
380
93
-975
-58
744
-724
127
561
-338
462
336
-262
266
-40
-338
550
395
-263
3
191
-185
-358
294
73
-103
353
-217
148
41
-307
475
39
-330
195
288
319
64
11
-271
-325
385
152
95
704
16
-113
87
180
86
-87
478
-61
71
361
161
-143
-306
45
90
135
401
-58
-236
49
-353
75
204
-377
-134
645
-339
-37
145
166
-774
-367
518
233
-496
94
666
-1347
-425
656
-75
-261
150
410
-313
-741
-293
718
-214
-381
647
-279
-772
-67
-255
-453
-205
0
138
-115
-297
-74
-387
71
-160
185
51
-79
241
-491
265
-488
75
232
-172
443
-15
-162
-348
-30
313
-236
94
521
-347
-354
379
-710
-182
373
-401
8
173
-30
-635
-337
220
-197
-195
516
506
-849
-207
764
-414
-440
1078
18
-264
460
-517
2
96
-244
393
269
149
-305
394
287
-771
451
325
-165
-323
12
667
-794
-304
994
-551
-747
761
-22
-367
387
321
-114
-380
259
308
-186
109
602
-57
-576
43
91
10
410
-105
-59
-128
-378
169
-167
-72
239
-135
56
31
-33
-422
293
-53
112
541
-682
10
496
-330
-125
649
-291
-258
816
-235
-238
554
-82
3
412
-96
-144
-19
203
17
6
125
-196
82
-121
-121
-96
-114
649
-139
-209
368
-78
-474
336
85
-253
443
63
-319
-112
46
1
-526
121
270
-393
419
366
-484
-222
126
-298
223
433
270
-245
-244
-220
-244
-55
131
-10
-241
96
-94
-422
139
-333
-285
208
167
-32
173
-53
-728
-54
64
-314
84
200
155
-409
-249
-363
-311
59
319
200
66
41
-204
-411
-494
474
160
-143
317
-258
-523
-256
370
-224
-409
415
242
-403
-97
-18
-388
-165
-55
-36
258
-236
-127
281
-518
-644
329
261
-224
160
214
-283
-682
-201
156
-216
-302
436
76
-967
141
294
-708
-276
503
143
-653
157
287
-203
-435
358
176
-328
6
142
392
-68
-147
298
-13
-333
-27
444
223
-267
187
-123
-90
52
-34
329
199
-286
248
374
-169
99
299
-25
-530
612
384
-759
364
119
-516
201
-66
77
284
-69
-66
366
-60
-303
380
54
204
-114
296
284
-213
109
245
217
-310
266
178
-410
112
335
22
-411
217
201
-469
55
36
-390
-12
-168
-204
132
-560
-333
193
-246
-85
159
72
-451
-218
180
-235
-173
308
-62
-199
-86
-321
-181
-55
99
-13
-170
37
-491
-352
111
-117
-231
132
-77
-565
-65
-59
-337
196
173
-503
-291
320
-356
-271
584
-196
-279
146
-116
-216
-220
313
-233
90
-147
-676
269
196
-275
-92
731
-318
-915
395
406
-718
165
883
-597
-472
584
-191
-473
219
450
-138
8
51
-79
-116
-352
393
-101
394
230
-528
58
274
-606
55
782
-356
-269
684
-311
-187
409
-112
-125
26
489
135
-536
356
382
-256
176
180
-124
115
70
416
102
-243
-33
161
3
-277
622
188
-209
325
7
41
130
189
92
202
91
-8
-37
-147
20
284
363
163
-20
-83
122
482
-16
355
224
-293
55
265
-68
4
567
-177
39
23
27
-159
-144
245
170
-252
171
74
-419
181
368
-134
-155
307
13
-304
63
79
-225
-182
-253
155
-73
-250
308
0
-622
-66
378
-81
-97
131
37
-238
-463
178
348
-404
-162
174
-420
-181
-14
-99
58
-377
-150
295
-369
-365
235
-77
-429
182
-140
-589
199
-202
-478
408
72
-676
81
-29
-533
156
143
-42
-15
-60
-198
65
-28
-80
-57
42
373
-314
-349
497
-300
-451
563
77
-721
385
471
-621
-460
261
39
-307
206
259
-251
-794
86
29
-428
71
409
156
-260
-114
197
-182
-205
-20
269
309
-147
309
401
-681
-324
411
256
32
115
430
-105
-629
14
377
-516
-172
911
230
-596
157
110
-589
-42
371
83
-180
274
230
-157
-223
93
-127
68
391
403
-34
-100
-86
-189
-3
13
367
188
-162
156
-40
-449
-30
77
267
-56
50
304
-32
-382
-66
142
-150
31
192
92
-272
-177
-126
-160
157
-202
-129
325
-285
-546
310
25
-500
-155
2
-183
-226
-13
14
-24
-549
-265
269
-327
-548
347
29
-581
124
204
-466
-375
71
6
-77
-248
-24
100
-484
-269
222
-366
-360
115
149
-276
-179
43
-63
-321
-89
-77
167
-278
-180
307
-215
-570
-132
354
-258
-180
242
202
-500
-359
404
-44
-327
82
280
-156
-518
366
-47
-568
61
506
-267
-424
228
-140
-322
-187
365
85
-224
-119
-23
-29
-361
0
269
-10
-317
173
349
-589
-96
280
-154
-72
-8
42
166
-348
-264
450
-140
-278
324
82
-367
116
-106
-129
-68
-21
169
-251
-337
1
44
-212
-69
213
-338
-123
255
-146
119
180
37
-263
78
369
6
8
362
18
-149
94
-100
173
104
38
236
-77
82
-164
1
262
-39
278
282
-220
-107
251
7
-110
157
382
-243
-121
361
-139
-114
290
199
-21
36
38
-5
-39
105
116
17
17
-59
110
130
-227
149
209
-180
-18
422
155
-242
300
232
-379
188
481
-206
26
264
-175
55
-103
11
355
-167
-265
475
16
-528
45
334
-360
-209
621
114
-306
71
-5
-164
-250
216
359
-257
-11
217
-261
-372
251
69
-320
181
98
-135
-66
-299
-199
22
-390
143
217
-635
-350
151
-404
-330
-71
-27
-28
-311
70
111
-568
-207
177
-219
-82
194
-14
-187
-250
-114
-89
-301
134
219
-335
-166
90
-377
-233
85
-219
-51
112
-226
-115
-77
-295
-86
-11
-160
164
104
-350
53
50
-57
19
36
139
-7
116
304
216
7
147
86
-238
64
429
-6
-110
-7
1
-32
54
206
-141
-207
-154
-24
36
12
33
114
68
-242
-215
330
169
-65
269
253
-503
38
482
-389
-63
375
61
-58
14
179
35
-223
282
523
-2
-123
147
152
23
3
374
202
-91
21
75
211
-171
-134
479
-21
-251
378
276
-517
-117
426
-116
-248
385
163
-317
47
234
-338
-372
266
130
-61
57
173
-101
-228
-104
-74
265
178
0
190
116
-201
-101
49
-231
40
276
168
-137
-235
-207
-397
-32
49
-104
99
-53
-232
-128
-226
-186
-40
33
110
148
-62
-290
-151
-42
-200
20
70
-180
-36
109
-106
-320
-37
-87
-199
-111
192
9
-299
-123
-142
-332
-137
83
-140
-294
-42
-15
-164
40
-217
-352
36
-9
-202
159
241
-265
-281
120
-142
-266
224
49
-180
144
-227
-464
-104
-124
-200
224
51
72
43
-377
38
113
-371
106
330
67
-118
-70
35
-140
-145
-16
171
43
-107
81
255
-90
-187
-69
-105
-5
126
470
239
-290
-93
102
-190
-32
358
256
2
146
238
6
-324
14
251
6
257
391
-167
-162
123
-16
-31
136
60
-143
174
108
-126
-7
-88
47
60
-176
3
228
102
-63
117
137
-136
-165
96
177
-73
111
286
70
-161
-135
-44
-103
-7
300
129
-58
-11
-169
-333
-193
-125
40
35
-61
24
-117
-219
-280
-156
-90
6
17
28
134
-63
-133
-94
-120
-159
79
98
-61
172
94
-257
-168
14
-166
-18
185
73
147
-13
-66
-39
-318
-220
-58
188
81
-10
43
42
-286
-386
97
164
-105
380
457
-24
-335
-134
-56
-109
44
519
318
-146
33
-67
-331
-209
141
321
97
19
185
-153
-281
-52
-60
-25
137
272
89
-76
-101
-154
-132
-197
66
271
-120
-47
193
-148
-235
-55
126
57
49
151
114
-36
87
-60
-215
97
92
69
235
97
-66
-78
-208
-64
227
58
-1
111
-20
-131
-114
-69
6
57
98
239
-50
-126
21
-77
-64
148
51
45
173
39
-126
38
-13
-220
7
190
-105
-8
161
-12
-223
-131
90
-25
-41
140
158
-60
-218
3
-9
-137
-23
159
63
-22
-10
8
-170
-249
68
145
-87
-34
139
-83
-234
13
72
-142
20
188
-87
-74
133
-30
-170
-40
63
74
-2
-7
102
32
-167
-115
147
-65
-126
233
81
-231
55
165
-162
-255
196
140
-167
12
134
30
-195
-128
2
-35
-11
144
69
-181
-135
-20
-67
-128
-76
-78
-66
-43
29
-36
-185
-208
-38
-71
-220
49
134
-230
-230
56
-255
-379
63
114
-299
-90
117
-192
-290
-95
-87
-106
-149
42
135
-83
-172
-50
-14
-131
-50
128
124
-11
-8
51
-119
-116
50
-7
37
-9
-140
-17
74
-37
-45
81
-89
-219
-47
144
35
22
86
-97
-119
-33
-12
73
101
37
0
-22
70
36
-60
133
184
-33
89
83
33
23
-13
88
79
-95
44
254
91
-52
82
126
-3
-28
153
193
13
-44
49
53
-69
72
71
-2
27
3
17
-59
-20
39
-55
110
71
-53
-18
27
22
41
173
45
69
-9
-119
60
66
-93
-59
149
-58
-308
-24
-43
-154
-87
32
-28
-162
-37
-67
-117
-44
50
138
-68
-106
-15
-98
-26
-21
43
62
-106
-106
65
-89
-200
52
99
-96
0
8
-104
7
-6
-56
7
-29
-96
-177
-216
-109
-68
-57
-71
-47
-263
-277
-88
-150
-105
-72
-15
18
-275
-141
6
-187
-70
56
49
-85
-107
-34
-33
-94
-132
-60
-15
-132
11
-61
-144
-15
-61
-83
-79
-2
39
-70
31
92
40
-71
-57
149
-7
16
118
88
42
-1
62
80
-35
12
159
111
5
103
134
30
-22
109
160
68
0
121
166
6
111
231
76
4
43
55
142
75
64
138
41
-17
5
123
89
23
34
-26
-51
6
8
29
-61
-16
105
-13
-73
61
-13
-94
-59
162
68
-81
44
9
-178
-140
69
15
-161
-49
84
-121
-230
16
-11
-179
-88
54
-51
-242
-43
17
-60
-80
29
48
-67
-114
93
-4
-256
25
202
-122
-139
159
-45
-272
-9
154
-100
-79
125
54
-252
-128
139
-118
-259
100
16
-256
-82
101
-111
-281
42
66
-281
-144
184
-46
-229
-10
14
-74
-230
-111
-3
-159
-178
39
2
-323
-146
89
-128
-198
94
49
-254
