13
-8
33
55
13
-7
-31
-36
-2
-11
-56
-26
-21
-132
-140
-33
-94
-142
-59
-152
-224
-11
-1
-218
-142
-97
-192
-35
57
-155
-158
-20
-15
-21
78
10
-101
-2
17
-62
29
134
-2
-92
51
46
-64
-39
-10
-30
-67
-25
28
-45
-175
-110
59
-19
-120
-24
-43
-229
-160
30
7
-78
-63
-86
-14
2
-94
-23
-60
-103
131
121
-126
-132
82
87
-138
12
92
-73
-53
98
71
-22
15
-27
-30
112
12
-52
20
-101
-6
124
-69
-128
8
-44
-113
-28
-47
-111
-160
-81
-61
-18
-44
-114
-151
26
98
-208
-72
75
-111
-63
116
-53
-79
40
-168
-101
154
-97
-136
238
42
-273
-9
49
-29
76
61
-6
45
49
-163
-63
101
27
-24
117
129
-57
-135
78
56
-68
35
12
-59
174
114
-208
-25
72
-79
34
186
-20
-239
-45
210
-71
-227
31
2
-53
118
-31
-111
85
-25
-96
79
52
-56
14
47
-62
30
109
71
-43
47
-59
-268
55
184
-196
-55
275
-126
-300
135
8
-167
178
-5
-62
29
-162
9
280
113
-29
84
113
21
-66
146
311
-164
12
364
-152
-188
209
-18
-183
237
-95
-190
282
-206
-261
187
-56
-73
141
-29
-420
6
116
-142
210
-122
-378
144
56
-182
122
118
-338
98
262
-397
20
245
-199
46
78
-302
-53
196
-221
-12
293
-189
-144
29
-200
-152
213
-74
-251
-51
130
-85
-269
56
-18
-256
141
170
-326
-10
190
8
-37
21
98
97
137
0
286
-167
-172
197
-287
-24
507
-78
-203
339
-93
-414
386
12
-496
234
-33
-160
93
-233
-75
32
-128
-35
210
-238
-240
262
-113
-271
356
276
-138
189
22
76
185
-150
155
295
-90
-11
381
-128
-25
314
-76
-55
-139
-146
78
96
-455
-137
215
-426
168
51
-436
-103
-30
15
-137
-155
-2
6
-131
114
89
-331
-162
216
-9
-85
93
-66
19
-144
134
203
-199
-21
326
-94
-172
21
-133
-45
139
86
116
-27
-226
-101
82
-59
-24
87
-281
181
-95
8
180
-504
-153
363
51
-237
247
-57
-85
96
-37
101
30
-105
19
353
-25
-88
352
275
-157
-67
262
-164
-65
168
236
-7
-293
-73
147
-184
-328
376
-88
-616
360
65
-501
282
-218
-466
298
-83
-372
435
-2
-382
240
186
-393
-79
196
-27
140
-15
-103
227
-52
93
366
-209
-326
276
162
-179
160
175
-23
-113
150
-175
-258
325
70
-145
81
-6
-269
55
169
-218
-166
302
-60
-83
46
-97
67
180
-72
-57
125
-94
103
117
-232
-455
275
283
-357
-35
156
-221
-18
233
-124
-286
502
82
-340
212
-150
-320
129
176
-189
-156
396
-241
-299
281
-114
-77
38
165
-400
-85
395
-320
-138
376
-16
-74
27
-362
-347
125
481
-135
-261
203
-179
211
45
-93
71
180
-74
-114
296
-327
301
279
-691
103
417
-478
-155
150
-224
161
74
-314
-366
186
115
-203
209
-209
-175
110
214
-354
-39
478
0
-172
174
229
-194
250
84
-305
100
324
-267
155
324
-498
437
43
-558
196
152
-299
-82
346
-142
-343
152
-128
-420
392
-111
-356
226
-251
229
-16
-406
212
193
-221
-13
-33
18
8
171
36
-240
48
180
68
78
27
-404
-305
105
50
-258
468
-4
-738
230
304
-268
154
517
-562
-501
586
-348
-249
710
-359
-211
538
-330
-145
289
-287
-385
644
-243
-351
856
-163
-227
452
-140
5
260
176
-162
-123
426
-379
-185
510
-256
-174
309
-16
-571
40
303
-372
153
35
-452
2
-123
191
-220
-233
266
-359
-117
23
40
49
-3
470
-404
-302
409
-230
80
205
19
54
278
84
-273
231
340
-599
328
131
-310
38
426
-357
-195
648
-223
-257
473
-602
-180
354
-421
-14
255
-203
-427
428
-19
-624
427
-87
-307
268
4
-365
338
124
-582
319
3
-369
322
30
-207
243
43
-372
-69
329
-184
92
374
-188
-180
-34
-63
-17
-125
-159
78
-254
-346
363
-409
-65
219
-556
57
367
-261
-164
416
-427
-400
535
252
-311
280
129
-187
-62
-4
86
83
-76
280
168
-590
550
-68
-638
533
73
-507
10
259
-735
119
305
-560
214
-12
-402
111
-306
-492
498
-130
-258
409
-397
-301
356
212
-200
-41
200
-281
151
226
50
-70
38
58
202
-42
6
311
-354
281
268
-457
-54
97
-80
296
-16
104
-66
-347
42
212
-78
-86
20
-149
16
-193
223
-140
-90
241
-276
-101
179
-203
54
36
-258
-150
78
-109
-181
378
210
-378
-128
103
-353
115
154
-41
-233
46
-12
-351
-47
131
-62
41
-210
-1
-153
117
-118
-249
125
74
-201
131
-214
27
-32
-83
118
32
159
230
-164
26
81
-201
-91
324
105
-23
-70
91
-167
-62
415
-133
45
-87
-326
315
36
-496
306
-78
-231
97
-99
-384
188
106
-134
166
61
-391
321
-305
-509
165
143
-63
-102
305
230
-549
261
214
-309
42
308
-155
228
101
18
-100
-25
-20
-1
284
-302
-157
262
49
-245
210
187
-192
97
108
-393
13
266
-18
-267
103
143
-148
204
-93
-413
278
-165
-80
348
147
-383
201
-84
-260
103
335
120
-82
90
-99
-241
284
123
-192
145
41
-259
-162
169
-279
27
375
-450
-160
69
-260
187
-49
59
-66
-60
239
-172
505
-253
-235
248
-278
188
-43
99
-194
124
317
-288
247
48
-537
413
113
-402
344
-41
-440
56
94
-386
7
188
-207
-47
85
-185
59
-226
102
305
-344
-48
179
-395
-145
337
-126
74
115
101
-154
-204
408
7
-134
467
-406
-167
299
-299
224
344
7
-181
218
33
-620
91
86
-473
313
-106
-42
-54
-127
23
-357
139
-103
-113
-173
97
81
-178
111
320
-189
82
-317
49
-71
-372
414
-159
99
135
-81
79
-367
129
221
-375
-231
323
-25
-417
112
-61
-233
212
92
-63
25
154
-280
-211
192
-230
-26
308
-358
177
89
-446
163
-164
37
2
7
135
-225
255
112
-277
274
-41
-127
-150
118
-63
-361
248
43
-38
-134
-14
-41
-9
-169
42
-107
-110
176
-173
-64
258
-107
179
69
-178
-60
416
-1
-185
77
63
-455
174
158
-461
-108
-211
-120
-143
329
-184
87
-263
305
-198
-242
-101
297
155
-66
-157
-3
-46
9
178
331
-28
26
329
-213
-325
179
30
-276
-47
273
-311
18
43
-260
155
-97
354
-63
130
-219
-316
-79
-177
-436
-105
-46
-78
42
-80
14
-334
59
-183
-133
190
116
-218
105
138
189
60
-125
120
144
446
309
-154
-33
-72
-304
287
95
241
59
48
-160
16
-109
-29
24
-36
-197
276
-298
-415
-130
-176
-69
344
-140
-148
43
-217
142
-57
-16
126
-60
-96
246
-24
-176
237
-138
-60
379
-90
221
198
-144
-15
132
-247
214
-197
-175
-39
-357
96
-494
-152
325
-125
6
-56
-81
-423
156
74
-9
270
-80
-129
652
-447
180
327
-632
452
156
-121
150
118
-41
138
145
-118
-204
337
29
-109
-179
49
196
-138
372
209
-324
190
-78
-245
147
-305
70
-270
-410
547
44
-522
271
-89
-573
462
212
-331
196
48
19
79
338
-73
270
339
-125
-41
-110
-6
-56
-339
143
-80
-145
171
-137
-418
-40
211
-305
-69
222
-187
-287
197
-110
-325
171
-38
-27
264
-142
-133
209
-140
183
55
-257
-219
350
237
-55
-44
60
-61
53
131
6
-1
227
-505
-20
-104
-658
84
229
-400
26
242
-322
-153
181
-165
-57
109
-35
-218
-244
-50
284
244
64
-398
136
48
-294
339
332
-522
240
366
-278
292
199
-266
-189
54
-44
106
130
157
63
191
-125
146
122
-460
188
82
-491
-536
214
-182
-328
553
167
-622
-29
380
-379
-192
141
-565
300
-156
125
629
-197
-325
228
129
-337
256
138
-477
-288
-19
-88
-292
566
497
-542
-151
518
-569
-96
306
41
-328
334
-12
-296
28
-213
-98
167
156
-222
182
-26
-557
140
439
-306
483
313
-372
218
182
-492
537
-206
157
187
128
-139
-595
129
266
106
-205
196
-134
41
244
-118
-320
254
-261
-279
124
13
-227
137
-350
-239
-457
208
192
212
199
-13
-414
229
319
340
72
379
-276
197
676
-568
111
288
126
-135
199
235
-276
-64
387
-138
-14
322
4
-380
-14
193
-513
141
-6
-590
472
201
-39
-154
202
-284
3
196
-183
373
130
84
-143
99
-77
-391
-36
69
193
80
256
237
-347
-379
228
147
-482
726
-233
-571
413
119
-352
-280
364
-363
434
-202
-135
-201
-469
97
619
-293
-76
160
107
-174
107
322
-318
510
260
-103
-39
301
-118
-74
44
106
65
358
-305
-15
436
-404
-52
550
-215
-274
220
457
-120
-551
231
354
-391
406
-362
-149
-30
-182
-127
-360
98
154
288
-299
30
199
-367
179
-10
-44
-322
162
330
-247
127
19
-2
489
-26
126
140
-271
-76
-16
206
-259
279
-43
34
58
-618
172
261
-630
236
225
-202
-331
612
-376
-17
709
-199
-277
-69
491
-42
-186
479
-72
-332
185
-62
100
-53
-68
-72
33
-78
-396
169
-322
-289
864
97
-834
-4
664
-878
-483
742
-406
-159
673
49
-543
222
-92
-417
-52
-257
-123
163
-200
-616
824
336
-338
319
416
-473
-152
533
-85
-365
345
352
-364
183
579
-289
-143
99
-49
-301
289
19
-121
-337
-292
271
-156
38
1
-189
-288
-96
-241
-333
330
46
302
-152
-10
-271
-141
186
-377
267
60
66
-234
108
309
-145
198
44
77
-248
9
61
-330
-124
98
421
-911
173
499
-563
-209
410
-243
-719
347
186
-353
-316
-22
104
-411
216
130
-499
-255
359
-58
-528
617
-13
-181
282
19
-187
397
-520
-143
599
-703
21
242
-172
-138
318
-88
-564
200
-385
49
-109
-225
-15
-173
-177
-141
204
-394
-303
341
-282
-67
-273
-392
158
-105
80
-356
-310
204
662
12
-221
-35
105
-360
166
62
-4
-284
537
86
-372
28
242
-231
-14
416
-230
159
-189
56
-23
-3
-168
-30
-56
198
-235
228
127
-260
269
-295
-102
-33
172
-671
101
265
-255
-188
349
-286
183
337
-153
-355
40
293
-726
381
285
84
-441
387
-217
-209
-41
123
178
263
-136
-23
-107
-71
232
-208
445
-49
487
161
32
-501
545
-166
-579
697
109
-291
358
142
-804
372
244
-514
396
191
-515
-277
542
-324
-580
480
506
-322
-114
81
-295
-203
488
224
-378
125
148
353
57
-211
275
-156
250
500
-269
377
72
-375
425
116
-249
458
366
-1032
185
468
-152
-295
198
-83
-115
853
-329
-310
-4
688
-408
33
-231
-9
691
-357
39
374
-49
-49
61
709
-2
266
35
289
-229
-247
420
-167
100
144
203
-228
72
-466
-54
130
72
-66
378
-618
-167
339
-605
-80
918
19
-167
232
275
-595
380
230
-490
363
30
141
-84
203
-66
201
250
-190
259
-265
-276
-187
-27
437
81
-453
180
-490
-59
366
-302
-266
165
-311
-239
185
99
461
-277
335
-22
132
-249
-59
387
25
138
142
-385
-349
698
146
-223
231
-342
210
284
-795
55
452
-883
451
653
-374
-538
146
-138
-80
-55
41
168
-237
-197
170
-235
352
339
11
117
-251
-149
500
58
124
-270
-264
-101
424
-481
-41
706
-319
-264
133
-44
-548
224
-55
-186
-72
-130
-12
76
524
-94
-165
330
146
-501
-361
333
-55
-103
236
-361
207
530
-32
-168
-41
-224
-172
358
194
-200
-86
-164
-677
-155
465
-108
111
303
-508
-386
-396
240
-78
-107
131
163
-299
132
16
-330
-467
277
43
-487
290
41
-450
89
610
-363
-521
393
-492
-364
509
654
-653
-608
350
67
405
582
-260
-561
270
13
-461
-259
37
-365
70
446
-100
-105
470
-48
-74
473
-39
-469
-64
181
-551
51
467
-893
149
366
105
-14
427
-602
-216
609
-598
-306
649
-357
-244
570
249
-840
297
-133
-419
106
70
-207
251
40
-251
-161
-321
-189
-3
-597
373
-184
-524
-431
361
316
12
176
-368
264
59
-181
-152
-321
-193
798
-167
-796
105
24
-371
593
255
-302
12
235
-78
-20
-73
9
48
-125
226
-4
243
-220
-48
220
-188
-524
498
-293
-269
662
-81
-673
115
546
-401
49
382
-15
-682
372
-579
-442
846
-33
-257
174
-96
-472
18
-114
-319
23
352
-244
144
-379
124
-114
-147
-129
37
79
342
-120
-83
-51
-260
135
-128
-67
455
262
-19
288
-308
-515
518
787
23
-417
-5
-102
-513
379
178
-411
-236
812
-321
-409
426
-614
-87
774
210
-264
104
-6
-352
-161
321
-343
-503
952
-334
-304
229
-479
-67
-29
-136
-100
-229
84
-527
351
35
-344
367
-227
92
196
-452
110
188
-469
-491
53
604
44
-277
-118
-526
191
21
-526
-339
-89
-110
179
290
336
8
-102
307
155
-94
-186
300
-241
-283
400
-176
-21
-119
-61
394
-326
446
286
-112
9
290
-13
0
-326
421
128
-511
-220
600
46
-195
624
-620
21
17
-74
-247
-16
-107
-29
233
91
-226
-149
-89
76
175
-81
74
-53
-261
-57
420
-457
268
-55
-261
394
-336
-43
478
-423
345
502
-459
-262
316
-241
-155
90
191
-21
-443
485
262
68
264
118
17
53
-65
-401
-890
395
-451
64
705
99
-398
261
-239
14
-179
-630
308
484
-324
-899
611
-945
183
941
280
-1125
387
405
-1143
312
1332
-470
-403
800
-149
-795
570
794
-854
220
553
-284
-280
420
-428
-3
632
-681
138
-24
401
196
-379
-498
154
-214
-485
346
-211
-736
563
-123
-648
632
-287
-435
-270
286
388
191
-186
-23
-403
611
465
-93
-295
309
-85
31
99
-42
111
691
-675
-102
-321
448
-472
-271
528
-855
-182
87
-11
-186
150
-382
-695
328
-75
-537
663
138
267
-229
79
-516
-378
639
554
-364
401
622
-502
-337
224
-272
-208
1024
-49
-621
539
44
-472
151
316
45
-897
293
-45
-434
165
-31
336
-864
80
339
-908
-156
526
301
-587
-176
793
-858
-465
458
-312
-379
66
-198
343
4
496
-562
-408
75
-384
150
-510
-419
100
-139
220
246
-739
-10
164
-265
-636
728
-452
-367
385
-307
80
442
-83
-830
5
604
-551
176
-89
-414
-128
662
176
-523
249
-441
-36
521
241
-1170
202
240
-151
183
293
-1028
704
562
-179
-12
-165
-255
-170
283
-227
216
-483
387
44
346
-8
581
-736
-248
642
-35
-651
539
439
-411
234
2
18
42
42
-130
-190
-445
160
-711
32
-148
-229
-180
64
-197
-113
-147
-760
39
-198
439
400
30
-1083
545
-378
-193
563
-464
-463
710
174
-422
-68
100
-340
888
-180
-127
-204
-532
429
-351
-261
387
109
-240
111
1
-586
62
1031
-619
-634
367
-324
105
118
388
-553
479
413
-504
296
66
171
-99
50
586
-30
-437
756
-321
-690
518
-55
-802
772
156
-323
227
-69
-798
1084
472
-777
196
-224
-1051
1030
103
-625
412
269
-524
145
246
-851
787
-246
-88
-428
25
261
-387
-536
839
-515
-122
253
-262
-427
789
-647
188
477
-235
64
115
153
12
-754
363
349
-1565
585
554
-858
740
892
-1216
-298
631
-420
82
543
204
125
30
182
-324
-105
638
-862
-510
824
-474
-126
467
-488
-144
295
719
-929
-1165
325
-576
-718
350
270
-746
353
-377
-601
465
-465
-443
531
-153
-335
-122
217
-403
629
259
36
-146
345
-511
-984
431
294
-312
1132
-8
-1051
751
-737
-558
1247
-133
-701
-485
-573
-736
188
-72
-180
-140
160
-427
-282
-606
-500
-185
637
-511
569
227
-809
-576
245
182
-139
184
-279
-22
29
-175
-221
-23
174
793
-619
44
444
-282
-485
-343
23
-288
-202
467
218
-575
269
357
-531
-827
36
-139
122
33
-253
-132
842
-344
507
-591
-791
71
2
-263
241
255
601
-252
82
285
-345
234
-591
109
-364
-661
507
-17
-94
590
312
-1300
-265
529
-897
896
586
-949
-354
-75
-492
582
874
-19
307
380
-965
-588
463
226
-289
463
1324
-603
-835
1018
-519
-948
1338
694
129
-251
668
-189
-944
669
395
103
272
610
35
-33
-552
1159
973
-875
-408
428
-918
142
705
246
-407
630
792
-659
-557
-16
406
316
-219
-241
-507
459
156
185
397
261
-361
-502
-347
718
138
717
234
-1505
-246
985
-1667
-501
1522
-154
-1090
496
575
-1132
843
-87
-1451
632
91
-109
602
-1045
224
378
-541
1101
-305
660
-55
-340
-933
-449
173
-187
-332
-253
-96
-271
-39
286
-1416
26
1129
-1634
-917
541
-883
674
1205
195
-853
-393
-274
450
-666
144
745
-531
-236
1923
-867
-366
800
236
-1051
-20
-580
-1114
744
759
-62
-83
1258
-314
151
7
727
-649
-609
68
41
-261
921
257
-1263
-377
1602
-1030
226
1342
-1765
942
628
-1966
60
993
-1522
654
1688
-463
-211
672
-1234
486
301
1143
574
-606
1215
-812
-1113
772
625
-255
-334
1643
-643
-939
464
-9
732
521
2410
422
-408
-151
425
-273
-178
1656
1572
187
147
955
-1342
749
1474
505
504
1243
-479
-848
846
-886
811
2023
-856
244
1023
554
-158
1081
1450
712
1181
605
1080
235
244
1496
-140
-1627
1903
685
-282
520
169
-725
705
1776
-399
675
678
-411
2011
-270
37
-216
-1061
789
1582
508
542
18
-331
135
-963
608
635
112
602
478
427
-1374
963
412
-583
466
612
-1217
-1227
1274
972
1372
747
919
-1226
-176
711
-322
-280
378
150
-1561
284
1811
-469
-78
683
-1151
-417
906
-889
-1036
876
306
-653
-106
-523
448
375
-1780
1923
-465
-577
727
-442
-1333
-389
695
772
-837
-837
142
-563
-915
134
307
-803
-1345
-667
669
-104
-489
924
-136
-3261
1708
641
-1643
929
-18
-467
-137
-695
95
-1120
-954
732
1111
-339
-1407
431
-2103
-695
901
1068
-172
-2414
741
-325
-1943
1469
179
-4
35
-304
306
-1492
-1260
487
-358
-1291
-647
777
-1168
-1940
-585
840
-2406
-2161
2036
79
-2962
1047
407
-1598
-1117
1508
336
-511
806
2302
1020
-2152
249
1152
-664
813
986
-1201
-1157
-858
106
458
-1246
282
311
-430
6
-962
-193
-517
-1195
-79
2007
-1423
-851
1688
-655
-1397
-160
37
-545
645
616
1938
-1200
-1908
2023
-964
-819
922
-198
-732
390
-799
1187
-1185
-608
2431
638
-40
-1272
1515
-1819
-476
2744
-617
-486
389
596
68
36
-1033
139
-52
-138
731
-333
104
-1572
446
180
-1773
1252
944
-423
-348
1007
-349
-1353
1479
271
358
228
1215
-56
29
-697
-521
718
92
787
319
-1258
244
-310
-852
317
923
32
-904
1310
-33
-1781
2631
226
-1434
2271
1382
-1358
-230
1668
-1418
-575
1391
-1579
-239
922
-928
-627
-103
-427
-611
-302
244
-659
139
944
-295
-477
550
814
478
-831
-382
32
659
309
-581
62
-515
511
968
-387
280
-380
-931
1120
305
-49
51
913
-75
-975
1286
16
-371
-228
269
9
-1397
325
1336
-16
-863
338
-730
887
-202
868
340
-1474
1640
-379
-673
-645
1567
302
-680
1569
-366
-460
-742
829
881
-1416
96
853
-1751
14
782
-956
-275
-528
797
256
-1370
276
63
506
-166
-324
-503
-315
-319
-684
538
-2101
-230
2496
-2144
-1278
1833
-854
-1508
540
272
-401
348
76
498
-1196
-1406
1946
88
-1409
-219
917
-1716
-1256
1911
-537
-2149
353
525
-726
-206
-107
-1356
-22
752
-378
775
159
-1025
-530
501
506
-455
338
1151
-694
-520
438
-126
-90
119
430
656
447
388
3
-505
732
-251
-270
2435
171
-1805
751
147
-1043
1141
2556
447
-1609
-438
1605
206
-1034
1419
242
-760
1575
197
-686
-222
-538
864
1469
-73
-291
248
-579
-401
75
523
791
134
-337
-336
-158
-188
-545
134
361
-1453
-43
1473
-1621
-1626
747
-437
-917
641
-250
-1184
-1328
-1042
-507
-462
-154
-558
-795
-959
-1619
-1423
-285
-726
-1398
-907
-819
-1014
-976
-790
-1105
-1303
-1212
-132
-556
-1394
-998
-1547
-388
-618
-1188
-616
-947
-836
-399
36
-598
-956
-632
-97
1139
583
410
1138
-87
-131
2032
1846
907
2076
3018
672
953
3644
1971
1938
4378
2687
2124
3826
2463
2795
4403
3180
3086
4357
3574
2775
3450
3230
2865
3747
3943
3323
2912
1998
1585
2214
2200
1193
1019
1515
333
-690
12
-13
-2005
-3213
-2378
-1884
-3093
-3163
-2643
-4170
-5599
-4607
-3571
-3926
-4362
-3823
-3688
-4409
-4128
-2903
-3163
-3256
-2585
-2021
-1683
-1423
-1357
-1671
-1782
-1804
-1193
-754
-871
-1497
-1982
-2271
-2563
-2840
-2726
-2636
-2864
-3290
-3183
-3391
-4055
-4028
-3099
-2656
-2629
-2389
-2366
-2215
-1915
-1098
-436
-53
562
1132
1650
1907
2323
2872
3407
4327
4903
5268
5223
5762
6268
6088
6668
7539
6698
7209
8446
8397
7794
8230
8801
8438
8828
9488
8949
7652
7734
8039
7063
6648
6617
5483
2748
-9
-780
-138
-254
-1725
-2890
-5029
-7895
-8719
-7448
-6970
-7941
-8034
-8114
-9065
-8654
-7282
-6871
-6537
-5305
-4152
-2930
-1766
-1243
-1393
-1279
92
1646
2929
3739
3637
2728
2042
2277
2749
3137
3054
2276
1227
431
-341
-916
-1409
-2014
-2810
-3144
-3224
-3639
-4905
-6602
-7016
-5881
-5416
-5274
-4397
-5024
-6899
-6799
-4642
-3755
-3242
-1507
-1275
-2516
-1993
-214
-58
140
1718
2615
2191
2341
3022
2058
1108
1933
3235
3109
3119
3276
2078
856
1449
2932
3119
3431
4017
4118
3714
4709
5668
5858
6935
7852
8603
9617
10475
10538
10312
11178
12205
12664
12559
12430
11603
10516
9977
9591
8082
4180
1031
1704
2379
-88
-1881
-3425
-7925
-11562
-10181
-8043
-9136
-10225
-10529
-12513
-13445
-11275
-9290
-8764
-7511
-6372
-5903
-4328
-2408
-2175
-1993
-281
1357
2528
4118
4817
3347
2117
2268
2914
3860
4211
3035
1071
-722
-1956
-2426
-2140
-2654
-4187
-5579
-6373
-7202
-8385
-9349
-9229
-8697
-8949
-8653
-8089
-8714
-9537
-8696
-6970
-5863
-4773
-3558
-3388
-3761
-3097
-1485
-535
54
995
1272
610
599
957
802
596
1026
1311
498
-75
-370
-1217
-1808
-1149
-618
-609
-769
-703
-623
-348
916
2177
2985
3742
4789
5188
5965
7252
8314
9412
10407
11056
10996
11537
12003
11657
11057
11023
10443
9486
9306
6430
866
-1196
757
112
-2577
-3216
-6062
-12043
-14492
-11743
-10858
-11789
-11625
-12978
-15300
-14886
-12338
-10597
-8992
-7169
-6781
-5846
-3554
-2273
-1986
-574
1455
2834
4432
5967
5805
4379
3495
3491
4529
5651
5404
3824
1755
-392
-2005
-1766
-1123
-2160
-3869
-5218
-6500
-7762
-8222
-8216
-7889
-7826
-7596
-7185
-6924
-7732
-7851
-5889
-4203
-3158
-1793
-975
-1659
-1755
-339
1221
2130
2857
3321
2703
1974
2252
2529
2478
2670
2843
2219
1539
975
386
-163
320
987
1066
1086
924
548
755
1965
3574
4640
5360
5660
5997
6367
7596
9681
11141
12074
12321
12149
11832
12827
14077
14511
14554
13701
12344
10944
10474
9251
5429
1793
2017
3003
459
-2059
-4125
-8374
-12509
-11812
-8770
-8801
-10569
-12458
-14425
-15348
-12998
-9617
-7444
-6281
-6631
-6740
-5419
-2781
-819
801
2559
3661
4356
5239
6113
6020
5566
5498
6104
7074
6667
5120
3281
1468
14
-74
782
128
-2178
-4798
-6367
-7264
-7048
-6502
-6453
-7313
-8326
-8444
-8156
-7637
-7451
-6498
-4910
-3746
-3455
-2807
-2323
-2468
-1152
945
2230
2390
1988
1649
1133
1629
3072
3753
3129
2468
1575
747
551
937
1243
780
558
101
-548
-776
-327
22
648
2052
2386
2291
2804
3353
4079
5331
7157
7981
8092
8587
9253
10008
10834
11650
12026
12112
12399
12425
11863
10972
10100
9243
8550
6401
2646
482
1163
586
-2364
-4184
-5958
-9814
-12341
-10966
-9604
-10869
-12307
-13400
-14344
-14127
-12235
-9899
-8341
-7867
-8075
-7274
-5229
-3315
-1794
36
1479
2056
2745
3791
4626
4963
4880
5113
5658
5770
5001
4067
3067
1758
762
764
736
-762
-2758
-4266
-5244
-6029
-5958
-5777
-6524
-7869
-8709
-8448
-7895
-7456
-7006
-6319
-6013
-5682
-4848
-3903
-3237
-2598
-1511
-399
289
647
785
969
1235
1942
2669
3001
2707
2125
1489
1304
1620
1837
1812
1326
664
60
77
385
789
794
931
1269
1645
1995
2552
3275
3704
4481
5269
6259
7060
7605
8225
8798
9210
9772
10632
11214
11213
11332
11205
10795
9914
9758
9430
8941
6906
3166
511
965
1754
-89
-2170
-4186
-7881
-11020
-10132
-7811
-8160
-10114
-11968
-13455
-13806
-11917
-9210
-7484
-7428
-8519
-8262
-6633
-4311
-2366
-518
470
442
1067
2394
3651
4414
4843
4877
5039
5486
5376
4815
4105
3264
2323
2178
2333
1462
-214
-1918
-3168
-3884
-3891
-3751
-4377
-5849
-7352
-7745
-7330
-6823
-6365
-5913
-6052
-6621
-6221
-4968
-4077
-3342
-2338
-1754
-1620
-1129
-224
487
895
1424
1907
2031
2075
2295
2286
2272
2341
2383
2251
2024
1681
1314
1239
1087
981
1014
1266
1178
1112
1345
1802
2142
2653
3439
3878
3858
4131
5111
5961
6820
7703
8033
8195
8154
8709
9049
9784
10433
10417
9814
9024
8546
8087
8102
7841
5773
2443
1161
1914
1329
-337
-1577
-3435
-6843
-8431
-7183
-6230
-7236
-9055
-10497
-11557
-11519
-9996
-7953
-7020
-7846
-8721
-8296
-6609
-4889
-3090
-1676
-1397
-1617
-1080
413
1868
2778
3161
3177
3246
3329
3635
4004
3911
3217
2604
2425
2235
1665
849
68
-973
-1761
-2043
-2098
-2717
-3921
-4863
-5247
-5275
-5283
-4978
-5115
-5708
-6038
-5585
-4875
-4103
-3593
-3431
-3271
-3041
-2232
-1260
-416
34
125
362
791
1356
1916
2385
2363
2202
2149
2284
2354
2330
2244
2052
1772
1624
1599
1573
1387
1332
1339
1387
1631
1961
2194
2267
2325
2659
3080
3618
4243
4425
4495
4637
5198
5679
6096
6227
6214
6085
6081
6436
6908
6892
6502
6043
5604
5114
5081
5089
3668
1588
647
1056
961
95
-686
-2224
-4497
-5809
-5300
-4358
-4735
-5970
-7385
-8547
-8914
-8079
-6482
-5612
-6359
-7409
-7608
-6912
-5854
-4447
-3126
-2942
-3377
-3395
-2475
-1417
-633
125
561
433
241
582
1309
1575
1457
1370
1339
1180
961
932
674
219
-236
-438
-515
-681
-1139
-1729
-2219
-2528
-2532
-2397
-2291
-2790
-3624
-3868
-3517
-3050
-2736
-2413
-2579
-2862
-2772
-2170
-1351
-880
-597
-426
-387
-97
500
1010
1372
1511
1498
1508
1653
1765
1824
1862
1880
1867
1738
1664
1647
1519
1358
1456
1607
1617
1619
1658
1586
1604
1769
2036
2229
2298
2331
2367
2412
2636
2838
2996
3071
3203
3159
3015
3032
3095
3222
3276
3333
3111
2956
2999
3118
3198
3233
3069
2668
2472
2493
2259
1689
1183
1010
1045
646
187
-168
-771
-1685
-2167
-1978
-2036
-2524
-3131
-3660
-4192
-4430
-4178
-3799
-3833
-4263
-4601
-4649
-4442
-4084
-3576
-3225
-3254
-3311
-3182
-2732
-2240
-1907
-1596
-1498
-1376
-1279
-1046
-759
-653
-601
-514
-350
-250
-189
-109
-135
-134
-102
-35
120
141
-88
-231
-320
-356
-261
-132
-173
-322
-445
-577
-568
-460
-327
-329
-364
-428
-440
-375
-213
-82
21
2
38
170
191
335
506
588
631
704
708
767
916
924
912
926
929
907
930
952
896
831
816
793
813
786
759
711
662
664
650
748
719
700
661
725
790
879
972
1049
1004
1033
1110
1169
1244
1363
1371
1275
1294
1313
1444
1460
1471
1435
1320
1240
1210
1279
1263
1183
1049
865
719
587
586
571
421
164
-71
-337
-513
-504
-544
-709
-1019
-1217
-1440
-1586
-1514
-1537
-1626
-1818
-1940
-2004
-2031
-1957
-1921
-1879
-1946
-1992
-1923
-1964
-1961
-1913
-1928
-1915
-1838
-1708
-1705
-1765
-1712
-1674
-1586
-1465
-1357
-1277
-1327
-1224
-1118
-971
-824
-749
-628
-583
-530
-433
-340
-208
-152
-46
-17
-1
74
166
203
214
272
245
211
251
302
310
267
277
251
177
168
206
237
206
214
210
154
150
202
226
287
350
356
384
417
430
493
599
718
792
797
758
822
908
1014
1114
1153
1140
1070
1076
1081
1155
1192
1127
1048
1010
1020
977
937
886
782
717
742
737
717
613
545
455
450
498
500
524
430
320
313
301
345
356
321
262
208
205
147
153
128
93
72
38
49
9
-70
-68
-91
-147
-182
-196
-256
-322
-356
-373
-424
-481
-543
-570
-611
-609
-624
-683
-729
-756
-783
-755
-707
-688
-713
-781
-720
-716
-687
-681
-652
-642
-672
-625
-525
-545
-605
-594
-544
-599
-538
-472
-549
-619
-604
-562
-558
-474
-454
-475
-510
-476
-458
-390
-340
-315
-282
-257
-216
-161
-112
-96
-100
-11
-14
-10
25
68
58
85
199
171
147
182
230
226
262
331
348
345
366
399
416
446
512
537
532
551
553
518
538
578
544
554
581
545
513
506
474
476
478
460
417
378
307
273
350
389
357
325
255
172
139
251
318
327
292
200
184
176
224
242
239
246
214
193
209
215
202
194
216
202
161
159
129
85
75
101
104
85
62
60
-1
-53
-10
6
-12
-19
-7
-42
-122
-126
-114
-94
-86
-96
-129
-161
-207
-224
-205
-216
-223
-243
-274
-321
-349
-323
-315
-333
-321
-362
-380
-376
-344
-332
-350
-373
-391
-385
-370
-386
-379
-408
-400
-378
-328
-286
-327
-369
-385
-350
-309
-229
-200
-233
-230
-228
-195
-140
-67
-67
-97
-112
-91
-47
-15
-16
-62
-83
-45
-19
23
48
0
-26
-30
22
93
111
91
73
53
80
197
256
298
275
248
270
333
425
466
451
420
403
390
418
473
430
357
337
299
281
250
219
119
55
46
9
-4
-37
-76
-138
-169
-148
-119
-86
-108
-136
-122
-170
-152
-77
-38
-33
-64
-24
-15
-7
35
68
86
43
28
30
18
19
32
41
20
2
-42
-75
-66
-105
-117
-132
-149
-190
-240
-245
-247
-259
-290
-253
-291
-319
-290
-302
-283
-243
-205
-194
-177
-190
-182
-133
-82
-40
-58
-61
-42
-31
-43
-27
-33
-75
-80
-95
-117
-181
-207
-198
-266
-266
-290
-301
-304
-348
-340
-328
-308
-296
-266
-211
-207
-159
-135
-86
21
75
120
188
231
276
317
384
427
412
448
445
444
444
458
433
386
348
288
273
259
196
130
59
8
-46
-64
-68
-98
-135
-189
-248
-302
-290
-273
-265
-259
-235
-227
-254
-248
-200
-174
-127
-104
-68
-67
-44
-16
27
57
96
128
124
155
142
140
135
144
144
148
104
76
34
-19
-35
-18
-26
-103
-132
-182
-209
-194
-161
-135
-167
-146
-137
-164
-126
-129
-68
-23
-46
-38
-11
7
12
30
36
59
27
9
-10
-59
-77
-87
-87
-89
-116
-171
-239
-272
-335
-337
-288
-280
-319
-374
-373
-347
-344
-295
-233
-211
-176
-187
-151
-60
4
47
104
132
167
184
223
260
289
314
341
323
315
319
293
256
252
246
213
215
172
143
107
57
47
67
36
12
-6
-32
-2
15
14
27
58
65
64
71
55
67
107
121
124
132
151
142
124
136
138
130
148
126
96
81
60
48
51
73
32
-23
-45
-64
-82
-65
-54
-97
-120
-127
-121
-116
-100
-100
-107
-69
-40
-21
-5
-8
-37
-26
18
48
45
48
18
-25
-22
-10
12
-5
-48
-89
-98
-111
-106
-99
-98
-90
-113
-119
-89
-91
-85
-54
-22
11
63
84
63
74
86
91
128
144
174
181
144
128
105
98
100
103
48
15
-16
-70
-87
-88
-105
-118
-143
-191
-250
-229
-217
-194
-187
-198
-216
-216
-159
-122
-118
-83
-45
-2
13
53
61
63
74
142
205
251
249
206
205
182
223
233
240
171
151
163
121
120
100
111
96
32
2
38
-3
-55
-9
-56
-66
-24
4
-33
-11
15
-28
11
89
93
71
47
70
72
76
103
94
69
13
10
22
-6
-44
-72
-96
-124
-124
-131
-163
-214
-231
-277
-255
-229
-254
-260
-218
-245
-249
-180
-145
-159
-133
-123
-110
-91
-31
16
28
60
47
87
75
113
115
89
119
93
61
40
64
46
41
30
12
-25
-95
-155
-235
-220
-172
-127
-142
-202
-243
-303
-296
-276
-239
-186
-123
-85
-99
-39
-17
-7
8
69
74
162
228
212
238
234
279
189
121
175
138
174
77
135
109
56
-7
-41
3
-26
82
55
55
35
10
32
34
70
62
73
81
120
158
113
93
65
75
146
208
247
195
130
104
152
136
72
-25
-58
-26
19
99
84
-46
-154
-209
-260
-258
-171
-170
-205
-191
-249
-311
-260
-243
-211
-162
-127
-99
-115
-84
-78
-99
-79
-3
92
165
159
122
32
1
-11
-25
3
103
138
24
41
-30
-185
-212
-177
-171
-141
-100
-168
-177
-141
-162
-201
-170
-68
-83
-20
77
138
124
171
256
173
155
220
190
139
206
247
305
299
221
249
60
20
79
164
134
206
306
238
91
-86
-110
-192
-140
225
647
-378
-1747
-2151
-2307
-2037
-1010
144
500
351
73
-708
-1472
-1531
-958
-187
531
958
976
523
-13
-366
-364
-88
335
898
988
741
384
-65
-384
-489
-323
-89
272
448
384
105
-252
-688
-1067
-979
-801
-698
-187
7
-152
-127
-112
-328
-587
-236
-72
146
748
1204
875
225
646
205
-116
705
919
699
602
858
231
-487
29
7
-339
469
643
-167
-263
-304
-362
-252
-33
-459
99
336
-321
139
31
-240
876
391
-522
1162
537
-662
1141
1602
-562
381
1662
-690
31
1520
-38
91
668
-84
-241
439
-486
-439
1509
254
-1094
1188
312
-1459
342
1386
-736
-354
851
264
11
-170
94
-404
-638
150
852
-401
152
341
-1068
-22
913
-1053
-776
1588
511
-1612
129
481
-1583
-142
1637
370
-896
-868
432
-54
-1521
870
1506
-2236
-710
1610
-1238
-1188
1688
-168
-1134
1021
-876
-131
41
-1230
612
-251
-453
1357
-511
-937
773
-1039
-1226
1526
-198
-645
1032
-1091
-1429
885
-574
21
1221
-958
-182
915
-701
636
-313
-1409
456
775
-362
472
1467
-1172
-1415
1137
-1231
-307
1806
-118
-323
371
-900
-1427
1447
531
-946
1079
824
-630
-497
375
-322
-746
1819
125
-870
1362
298
-1687
970
1059
-1753
1149
1247
-1506
-690
1551
427
-1077
815
567
-1732
191
667
-649
165
423
-1082
1564
585
-2322
1090
1468
-1611
15
1967
18
-1839
1117
-15
-2392
-368
1364
851
-1077
261
567
-2808
-857
1281
-1026
-789
2523
-130
-1561
94
201
-585
-844
803
901
-495
496
1514
-446
-1553
-209
1604
-155
-1365
2161
69
-1645
600
-201
-2176
-332
995
49
719
898
-1585
-840
-148
-311
-207
689
1017
-533
-18
-496
67
169
-1087
1371
1244
-1634
594
437
-824
-907
-438
309
311
-181
239
-348
-1538
107
331
269
383
1086
149
-244
-503
194
521
-584
222
1593
-90
-238
99
-1350
-563
188
667
337
334
584
-455
-1625
266
462
405
1737
508
-306
201
-689
226
-132
-249
837
-258
568
453
-1286
604
-955
-1286
1208
455
-1542
705
1283
-1966
-374
261
-1211
-821
663
1496
-543
-714
1650
-2105
-2822
3758
1311
-2449
2143
1582
-1911
-1426
2432
2
-2004
2729
-154
-1180
-186
-13
-866
-960
910
-1034
-1117
969
-1006
-867
840
-1831
-959
2691
-1289
-1365
3008
-1541
-1439
2530
-1037
-714
990
-427
-325
235
-324
-519
682
-252
-600
592
-14
-646
911
-113
-1010
499
-39
-359
868
-571
451
-423
-1397
435
981
-193
-422
745
-125
1
449
409
-736
715
503
-1011
1674
417
-2371
1638
45
-144
1170
820
-89
-379
-160
114
-691
-1256
1984
609
-1694
896
375
-1700
524
2109
-1446
-782
1543
-717
457
343
-1079
696
636
1197
392
-521
-546
-393
761
-1123
1084
478
-1284
1067
-375
-703
-709
707
874
-873
75
-73
-139
24
-566
267
678
320
-811
974
1132
-2087
293
818
-798
-257
1010
601
-389
-415
162
-406
-167
46
-270
537
-1188
-282
863
-1064
-960
-317
1396
-954
-782
1820
-2054
-2041
1303
-521
144
1071
-1075
-1169
675
-231
-62
1018
252
-1077
286
262
995
-1221
342
1690
-523
140
630
-508
-892
251
117
1042
218
-1042
1006
640
-1731
889
356
-390
-243
1097
-531
34
-382
-171
-56
25
278
287
627
-169
-444
1077
-897
-1121
1173
-143
619
856
-265
-28
-209
-788
741
326
-282
710
-37
-537
146
-1476
-918
1324
-824
407
928
-385
-2138
849
-304
-1107
782
785
-838
711
194
-231
-217
-521
539
1089
-268
-273
2029
-1128
-342
968
-1729
330
1359
-1607
543
1387
-1455
172
630
-1926
260
1001
-1219
250
550
-1273
-1020
122
-205
-1541
-152
911
210
-894
145
410
-1815
-1527
810
1033
-311
398
673
-852
-1262
721
-298
-128
1170
50
490
-126
-1391
97
76
-191
570
64
-512
-1
246
-1407
758
794
-1602
1073
631
-921
251
-686
-613
724
-601
-329
894
-593
-545
1271
-195
-680
1071
-473
-400
907
505
-300
255
1013
-738
153
1867
-1153
-993
2333
-883
-1583
2848
-291
-1709
1981
711
-2067
927
1077
-1686
1051
234
-1513
770
691
-1490
860
633
-2538
294
1658
-1919
83
1782
-707
-635
956
1372
-1025
-844
2142
-539
-981
1339
907
-1910
204
1491
-1547
-314
2184
-1220
-371
1159
-1194
-1169
1173
-112
-1027
943
278
-599
-149
-405
27
-555
-792
907
15
-504
828
52
-1350
-225
883
-1123
-817
1183
-14
-1020
444
-570
-1256
252
403
361
232
-406
34
377
-1437
2
1277
-1180
86
1299
-984
-422
644
-63
-805
562
-95
-572
684
292
-266
-166
-389
-629
251
68
104
624
322
-453
-675
561
-157
144
1321
-680
243
879
-1192
-63
1201
-952
41
618
-380
-68
143
768
-1322
-247
1484
-613
-305
1268
-582
-274
636
-384
-144
379
180
254
981
-775
672
-392
-1023
274
870
-717
188
576
-1001
78
184
-708
166
224
275
438
152
-978
714
471
-477
669
327
-157
325
219
-600
587
-970
-27
139
250
666
-456
-110
490
-1480
305
324
-340
1031
343
-878
218
-498
-392
650
-919
217
493
-531
-230
1089
-963
-1001
1673
-620
-560
1481
-710
-398
331
-496
-606
-207
-61
597
525
-364
587
-976
-1214
354
-121
-786
701
311
-432
33
-879
-36
-792
1
1410
-389
-396
1087
-777
-5
-228
-467
464
327
599
495
-209
-498
-540
136
-782
-101
1311
-616
-60
756
-1547
-544
435
-47
20
1499
-28
-1170
584
-207
-983
661
734
-13
-340
968
39
-935
340
700
-349
725
451
-182
408
56
-207
-336
-238
248
912
266
-175
1037
-811
-785
914
297
-608
482
871
-147
-785
234
-207
-355
192
391
219
-638
760
-224
-810
955
-713
28
1677
-390
501
153
-802
-124
447
-703
656
125
-737
291
367
-1486
547
21
-886
649
157
-1063
1067
-727
-678
1067
-259
-921
474
567
-1450
-210
1530
-1426
-611
472
-369
-1022
79
646
-1041
146
97
-152
-1013
113
360
-857
456
697
-1244
184
707
-562
-748
1204
-221
-1103
1952
-499
-1268
1332
-187
-847
1065
-464
-642
1048
-119
-595
1165
-409
-1332
703
-66
-274
477
84
213
-1033
126
57
-483
700
-344
196
172
-836
73
114
-674
-192
810
-258
-61
109
398
-107
-36
618
-738
282
748
-408
724
420
-853
-159
584
-766
94
1002
-959
-100
988
-590
-232
481
-97
-89
1232
-265
-126
1257
-688
-399
607
-112
-156
798
-589
48
437
-684
-7
752
-625
204
1434
-602
-401
860
-608
-39
839
-12
-485
405
82
-754
405
772
-699
188
-229
-569
377
-309
417
-572
-434
68
-467
40
-300
-142
-384
-79
-173
-324
706
-759
-290
256
-837
-800
105
291
-316
-542
443
-558
-499
358
608
-70
-530
870
122
-593
10
-31
-449
156
325
236
184
-843
117
375
-1021
605
1178
-1386
270
1721
-1671
-1011
1978
-605
-1127
1685
13
-1410
659
193
-461
731
-116
-62
481
-264
227
413
220
264
169
116
86
387
-151
-58
542
28
-543
622
547
-1078
148
928
-817
356
748
-747
-248
270
-561
30
459
262
-431
1046
-130
-918
-14
612
200
-16
856
567
-1018
127
428
-532
613
262
-538
-29
71
-251
441
-495
-315
444
162
53
255
-433
77
90
-822
772
-297
-980
536
759
-505
-91
95
-854
-249
266
103
170
-502
-466
382
-360
-755
530
444
-536
474
67
5
-501
-114
624
-320
-385
983
-280
-893
16
795
-1122
685
610
-1090
26
728
-941
-244
989
-700
52
1125
-1268
199
56
-507
364
-159
-49
374
-302
-86
360
580
-459
-162
975
-709
-43
686
91
-172
236
-91
-377
629
-242
-817
1211
-436
199
709
-1203
282
808
-1394
570
1598
-1705
-545
1840
-1309
-837
2150
-910
-1143
972
-67
-646
421
133
-292
-24
-127
-87
81
87
369
184
-725
65
-253
265
731
57
-254
-239
-48
-43
467
-11
77
106
-115
23
271
3
-239
167
-117
-726
576
105
-932
694
129
-1739
408
589
-1080
14
1140
-631
-298
923
-946
-336
882
-180
-130
1048
-105
-531
250
-339
-963
481
51
-645
276
278
-709
-218
363
-369
35
62
-551
-60
3
-14
-407
-558
-218
73
848
-206
-307
1022
-906
-203
900
-709
55
130
-89
-488
455
257
-1250
331
-95
51
150
-583
554
-146
-524
233
78
-498
384
528
-137
183
494
-512
-277
946
-286
-6
155
-505
-35
629
-283
-137
240
118
277
239
-865
-127
368
-207
124
-383
83
-128
-645
283
738
-658
-92
484
-77
-1247
1613
-114
-1265
619
606
-624
619
446
-665
484
-87
-399
554
197
-308
100
55
-120
-665
553
238
-378
-179
46
137
-294
306
144
-364
-120
-42
141
-509
176
8
-275
94
200
-87
120
-699
-93
444
-412
239
631
-555
-476
757
21
-437
176
-183
-354
457
3
-41
-213
-209
448
-226
-530
799
-84
-742
1011
-324
-840
872
-156
45
138
-946
50
882
-615
-280
360
-882
-448
406
409
-352
153
733
2
-568
5
427
-298
660
787
-743
77
191
-824
36
44
-490
277
578
-667
-127
-244
-766
132
17
-511
637
488
-422
-111
42
-273
176
-18
299
-208
-144
707
-18
-431
325
-258
382
152
-311
613
184
-339
-116
67
-469
-571
779
8
-644
726
113
-649
57
249
-593
137
806
-162
-13
877
-597
-800
912
-74
-608
653
190
-424
297
777
-683
-581
814
-186
-524
695
147
-527
350
126
-1107
358
708
-830
-15
359
-267
131
216
-240
-227
-835
604
465
-605
241
279
-630
-279
373
-449
-623
855
128
-251
-17
405
-235
-361
731
135
-763
969
-431
-859
479
-114
-894
135
657
-424
343
307
-887
317
173
-743
651
175
-391
457
564
-504
-5
783
-633
-318
843
-304
124
245
-351
-520
547
-312
-747
381
463
-1063
320
57
-1014
139
208
57
-39
246
-5
-130
938
-390
-445
727
-173
134
664
-295
-731
343
-95
-413
39
-320
-558
83
-66
-17
227
33
-117
240
36
-112
619
-156
178
538
-229
106
18
271
49
-695
1019
186
-511
782
11
-339
-396
-27
-50
-163
719
463
-359
-182
-217
-161
-202
793
348
-312
186
177
-729
-516
616
-306
-124
651
48
-669
-168
231
-103
-235
451
51
-614
214
239
-269
324
-124
-214
-98
-17
-222
-342
524
241
-256
403
256
-890
64
156
91
108
-415
97
586
-914
-161
966
-627
-440
1433
-304
-566
580
-279
-338
78
60
99
-142
-5
-80
-279
369
-295
-341
439
-313
-240
425
-157
-450
182
-412
-424
387
-134
53
323
-339
202
223
-586
3
81
-65
-66
459
-462
-348
831
-999
-12
1117
-581
-254
589
-344
-672
325
-63
-351
398
455
-405
-421
-212
221
280
58
429
-14
-278
425
10
-127
-82
-62
155
446
-208
160
603
-382
-626
767
93
-887
279
448
-1020
316
753
-600
-182
209
-56
-308
364
118
-18
-501
149
295
-853
224
555
-516
288
409
-124
-421
54
303
-173
-29
433
-414
-337
115
454
-260
-400
576
-318
-880
989
-92
-667
511
-170
-676
98
349
-372
-396
292
344
-494
425
184
-619
138
278
-48
-37
156
-162
189
-190
-459
322
-319
183
605
-858
-586
529
-103
20
405
-682
-335
517
65
154
359
-871
-692
268
220
-30
393
-50
-460
-257
534
118
-499
433
226
-103
97
-383
-342
50
72
162
346
-369
-125
464
-72
-271
118
339
-221
302
206
-205
224
-327
-260
-86
-92
164
-18
422
-285
-128
597
-294
-534
54
234
-71
488
375
-312
-262
46
-164
258
565
-23
396
39
-188
295
-100
-150
316
375
93
42
-5
-222
230
245
-424
-267
441
285
-179
82
218
-719
-92
641
-373
-292
383
-288
-275
-285
-73
95
168
-101
-270
99
-220
120
-267
-227
-232
-99
239
-141
-159
375
-501
214
310
-382
356
337
-145
149
-28
20
105
-333
-129
104
-345
-443
332
-454
-213
348
-559
-624
193
349
124
-43
190
-86
92
-129
146
301
-646
118
163
-258
324
341
112
-102
146
24
-328
338
528
-622
-39
859
-756
-571
787
-608
-737
1108
-65
-738
623
-70
-1026
605
303
-491
60
522
-24
26
481
-36
-355
-63
486
436
81
-109
-19
-27
-403
38
613
-309
-162
864
-250
-685
617
-416
-670
348
172
-196
479
318
-121
115
-92
108
139
168
33
-104
38
77
55
-279
37
-115
163
121
-250
473
-307
-678
426
-317
-895
722
647
-649
102
113
-607
523
279
-249
146
262
114
80
178
-313
-13
163
38
195
-103
-311
39
-155
-25
-210
-11
-307
-208
403
-41
-393
-91
-53
-205
345
71
-425
-34
186
-22
-215
-73
83
-96
-586
120
-106
-201
83
327
-418
-841
213
393
-512
-108
194
-621
-167
429
-32
-49
98
-395
-189
258
-261
210
381
-256
-325
-290
121
156
-215
56
438
-222
-262
207
177
-113
-258
213
218
-153
121
126
13
95
90
231
93
84
359
-175
-279
258
-177
47
568
-652
-563
537
201
-701
480
335
-1412
300
885
-808
46
536
-480
-368
713
-229
-484
401
-175
-505
185
464
-299
-174
170
-455
-315
397
100
-529
438
27
-801
362
23
-435
191
-29
-316
78
61
-32
25
-322
-23
-180
-311
243
289
-536
146
415
-610
-178
271
-325
-317
347
59
-222
-35
-155
-410
-47
1
310
-119
-83
145
-359
-19
246
-136
-137
127
41
-78
252
-219
-330
246
-65
-129
237
-496
-369
56
-279
-218
37
-65
-35
-56
-280
5
90
-286
351
376
-281
168
344
-529
-151
785
-46
-182
495
-306
-279
418
-192
-254
350
-123
-351
164
-151
-373
-10
100
-275
-75
189
62
-148
165
313
-321
-134
335
130
-139
417
42
-177
159
-174
-26
132
9
159
312
67
-278
-199
-202
-67
54
-67
233
348
-215
-206
15
99
-169
127
99
-145
-132
330
43
-282
-21
207
8
-110
-29
-276
-242
169
51
-105
25
-351
-103
105
222
1
-54
-97
-44
44
-54
-20
-10
-234
204
218
-179
-116
245
-94
-524
-133
161
-229
-38
412
2
-215
-139
-187
-224
50
155
-22
37
280
-404
-94
400
-309
-20
362
93
-117
130
91
-189
-199
-165
12
82
-24
-41
210
-189
-280
-77
70
-436
-1
312
24
53
250
-80
-173
-68
110
410
128
254
337
-246
-88
209
-30
1
295
209
-72
74
246
-210
-329
240
-153
-438
5
127
-194
-306
103
-343
-414
190
-175
-239
187
39
56
-20
-248
-28
33
19
192
218
-20
65
291
-119
-70
34
-88
230
-6
-24
366
-158
-237
88
-183
-9
29
-43
-189
-118
38
-135
-296
-127
-75
-59
-22
-43
-148
13
205
-226
-97
158
-108
61
212
-202
-83
159
-161
-67
-39
-213
-25
111
249
-105
-114
158
-220
30
353
-146
114
190
-237
122
-13
-310
57
71
-67
129
198
-137
-216
-167
51
17
-25
127
100
9
15
96
-10
-165
64
288
43
130
230
10
-71
134
98
103
271
173
-161
154
91
-149
160
60
-166
-94
14
114
-139
-92
198
-56
-177
150
-90
-150
220
-47
93
342
-122
-11
236
-109
5
215
126
-62
-165
267
116
-322
258
167
-426
-134
328
-192
-91
140
-138
-17
-152
-16
126
-150
78
-24
-230
266
122
-370
132
116
-327
86
186
-87
-96
-103
-132
32
-67
-27
-58
-2
74
-125
49
127
-73
-179
111
21
-217
25
-101
1
-34
-148
253
-218
-95
85
-346
48
104
-246
-77
111
-203
-23
128
-75
-31
-67
115
119
-78
88
126
2
65
131
-37
113
207
-189
208
115
-140
59
2
-1
46
10
-7
44
-81
-46
85
-71
176
70
-160
60
-64
-82
72
-71
-178
166
114
-295
127
77
-246
-12
43
-2
94
177
163
75
40
54
111
68
114
154
-49
-3
96
45
4
62
-50
-115
-58
-31
-19
-166
-182
-87
-102
-173
-167
-77
-251
-86
-49
-212
48
-255
-147
92
-251
33
118
-167
-10
36
66
26
28
-67
-44
114
-160
48
105
-270
144
-22
-244
-76
-148
-158
-155
-44
-126
-271
-209
-255
-218
-107
-209
-218
41
-83
-434
-95
-14
-347
-110
73
-211
-92
143
-174
-157
63
-72
-92
50
45
-66
91
70
-132
65
88
-196
82
189
19
-64
48
-22
-77
-41
-15
-13
-15
-28
-166
20
-128
-166
56
-212
-130
107
-32
-18
52
-97
-179
-15
174
45
-5
156
6
-40
63
-56
15
71
-86
-47
0
37
-20
-128
-28
45
-36
-25
15
-30
-112
-12
-19
-173
-20
78
-64
-4
122
-79
-90
35
-71
-24
24
74
-56
-74
25
-66
31
121
-16
4
67
-31
32
127
-115
12
197
-59
-11
120
40
-26
72
-56
-45
72
-11
-52
35
70
-89
-192
22
-14
-127
-57
132
-17
-168
-96
-45
7
49
67
-60
-6
100
-36
-60
63
93
81
132
89
128
123
-64
-4
21
11
117
65
9
-71
-110
-39
-41
-163
-29
46
-121
-94
37
-123
-166
-69
-80
11
-6
-28
27
31
-53
-33
20
-42
50
108
116
115
-8
-3
91
22
-31
40
28
-109
58
-4
-92
-35
-152
-60
-33
-84
-75
-85
-67
-111
-26
24
-155
-114
7
-37
23
18
-80
51
1
7
129
-151
-136
163
82
17
95
-108
-88
67
