43
45
66
102
71
31
45
23
4
27
48
47
19
-1
-25
-61
-65
-67
-65
-73
-56
-115
-169
-92
-58
-58
-60
-97
-139
-150
-114
-35
-38
-52
-24
-75
-112
-69
4
19
11
139
85
-64
47
76
21
83
95
55
-18
-63
-19
22
11
-60
-25
-79
-157
-97
-93
-204
-129
-93
-153
-106
-101
-66
-119
-120
-89
-56
-32
-42
52
1
-77
-34
44
67
74
126
50
-51
-1
67
35
11
26
-5
-7
54
57
-58
-30
-19
-127
3
98
-48
-52
-13
-130
-121
-2
-29
-38
48
29
-89
-39
41
-89
-53
101
104
62
92
80
-58
-54
73
46
69
139
35
-57
-24
-35
-53
81
82
-42
-119
-124
-71
-54
3
-92
-133
-92
-174
-69
-20
-33
-68
-66
-38
-85
-61
-6
-18
-12
-18
26
53
64
83
9
-30
-49
21
108
19
-74
-51
-20
-31
-94
36
30
-156
-114
-53
-52
-72
-30
-51
-175
-55
50
-77
1
-80
-87
102
6
-99
10
-17
-24
46
35
20
-27
45
56
-67
-54
50
26
-60
80
-40
-99
74
-64
-117
30
-10
-24
-23
-49
-43
-138
-135
-19
1
19
70
-33
-71
-69
-20
-16
-45
25
96
69
53
-100
34
109
-37
72
155
-139
-88
243
-1
-60
157
2
-120
61
174
-49
-148
51
-159
-61
152
-144
-94
57
-300
-181
161
-121
-212
95
110
-222
-72
128
-161
-88
304
-3
-22
190
-133
58
257
-85
43
177
6
137
111
-141
157
45
-102
88
-23
-92
23
127
-131
-129
72
-55
-116
18
-34
-191
66
-147
-76
4
-220
52
55
-47
-200
-176
108
-50
-11
151
-76
-43
-7
0
3
-146
107
9
-47
171
9
2
99
-29
-23
-15
-88
-104
115
-8
-180
-64
-199
-162
13
-233
-107
63
-169
-231
-103
-30
-153
-97
149
-133
44
73
-208
112
-56
-80
198
94
-47
109
-59
-105
174
184
-159
16
195
128
-36
34
58
-188
14
125
-147
-86
64
-233
-18
21
-305
-23
213
3
-176
53
30
1
-142
24
401
-41
-197
103
165
-231
-126
280
207
-134
-64
302
205
-330
177
341
-388
-83
390
6
-113
69
87
120
-238
67
126
-84
-216
47
-22
-178
38
9
-117
-16
-190
-53
326
-210
-489
444
77
-430
321
206
-239
159
179
-66
144
-21
-5
277
19
-119
146
18
-133
-9
182
180
-210
64
208
-37
-164
-36
310
-248
-307
97
90
-324
-160
255
21
-309
-71
313
-183
-391
472
9
-217
-78
467
-66
-78
102
118
-179
68
126
12
-7
81
-75
37
235
-138
-197
124
-6
-111
-33
-126
48
-13
-192
125
78
-476
80
74
-199
-203
231
-129
-303
12
182
-178
-133
413
68
-361
38
279
-236
-311
623
167
-624
493
318
-741
-22
524
-417
-225
433
-109
-347
217
38
-348
-104
166
-87
-283
178
102
-322
-74
78
73
132
-236
5
45
-315
-146
633
-247
-359
554
5
-576
223
409
-709
130
560
-375
-80
464
-428
-319
462
-11
-672
188
79
-453
184
158
-299
-308
152
125
-650
195
207
-589
-93
166
-147
-172
313
5
-89
-104
-87
247
-58
-160
258
117
-286
254
454
-226
-43
444
-253
-22
229
102
-132
-54
150
-252
153
304
-217
-75
109
-148
-345
162
-54
-91
6
128
66
-245
161
127
-344
278
65
-308
138
-9
-356
233
56
-219
27
236
-52
-142
280
92
-641
162
539
-526
-6
353
-295
-60
144
-137
-97
-11
-9
-73
-19
-181
-224
354
-204
-188
158
89
-611
217
267
-581
97
174
-116
-223
165
-96
-103
290
-78
6
-59
314
-259
35
367
21
-387
262
115
-224
326
186
-60
-93
217
-3
-565
197
190
-264
257
-186
-36
33
94
-218
-45
19
-9
-264
344
-311
-420
260
-209
192
-262
97
189
-270
-184
321
-187
-313
-154
349
-11
-228
203
139
-351
219
427
-277
-57
378
-107
111
96
-103
185
-48
-94
309
-21
-455
227
85
-192
299
-118
-229
332
-166
-344
615
-459
-326
551
-320
-228
230
120
-155
-86
153
-5
-12
-251
553
243
-388
421
-257
-400
385
129
199
-36
63
-161
-59
-289
111
75
-369
269
305
-427
-83
35
-79
27
102
57
-42
-124
-106
421
-76
-382
445
288
-305
278
305
-630
57
379
-276
286
34
-137
136
-256
-260
360
6
-640
150
160
-480
-123
355
-646
32
34
-104
-56
5
-213
150
-22
-276
204
86
-538
341
105
-44
-99
-113
-42
-184
-62
319
49
-547
82
403
-560
-305
454
-96
-465
507
104
-1066
231
439
-345
19
261
-120
25
-32
23
150
-58
-81
270
-31
-29
128
-270
80
23
212
130
-96
-137
50
39
-120
304
-14
-238
-148
442
-150
-359
365
-6
-477
304
46
-425
40
-64
-16
-12
-132
8
-94
-3
243
-149
-390
188
184
-393
373
-177
-171
156
148
-143
104
354
-297
-39
288
29
-163
416
213
-315
37
162
-164
-260
-104
517
-613
93
473
-416
146
480
-529
-54
71
-149
-57
522
-64
-529
593
108
-646
682
305
-891
606
335
-625
202
802
-747
-80
680
-324
-230
325
-383
44
-31
145
-42
-245
308
-203
-365
42
37
-251
66
344
-373
156
-495
-174
99
-272
418
-149
-318
-250
368
-333
-258
655
-272
-188
279
-205
-385
235
-163
-224
722
-661
-232
164
-336
-271
207
47
-505
347
-175
-378
192
202
-583
44
4
-211
345
-212
-366
140
97
-407
319
102
-407
684
-399
419
-193
-19
303
-295
-284
386
127
-324
361
6
-834
636
-240
-103
301
-63
-329
127
-9
-49
-307
279
224
-382
237
327
-787
269
535
-53
129
27
-53
167
-271
-24
588
1
-118
108
-37
-20
463
-181
-87
-89
66
70
2
146
-125
-126
354
-29
-307
-81
354
282
-587
267
23
-448
419
13
-164
155
18
67
121
90
-482
22
330
-237
137
367
366
-410
54
270
-479
-30
314
-48
-781
790
-219
-773
441
268
-285
-119
147
-335
-76
77
234
-453
-27
448
-474
16
350
-44
-215
272
27
-133
295
-252
-227
322
-452
-21
114
-26
32
87
-287
-106
75
-305
182
262
-476
-7
388
-751
-98
684
-237
-481
504
-142
-668
549
153
-418
-84
439
-137
-121
670
-154
-491
468
-4
-328
149
200
-160
-32
-178
-35
231
-529
76
-115
-138
-15
185
-318
-261
260
-285
20
92
-53
-12
216
-197
512
66
-438
211
88
161
-242
77
94
-26
115
153
-209
69
-220
102
415
-374
-364
244
-68
-134
-56
-129
-437
-19
353
-668
262
46
-120
269
-21
-151
148
-488
210
263
-169
-36
641
-590
-255
592
-277
-126
324
-22
-169
162
-40
-253
180
-258
-107
365
-241
70
251
-424
-218
70
-146
163
91
-189
18
-256
-391
320
-243
-286
439
-96
-266
-32
140
-52
150
3
88
99
-205
135
254
-421
264
-36
-139
-131
298
-94
-185
-88
305
-48
-717
446
323
-764
257
488
-699
-260
819
-306
-256
619
3
-612
350
351
-766
261
447
-657
187
600
-517
-107
574
-566
-345
883
20
-389
707
-458
-580
613
-221
14
392
-258
-194
373
-161
-192
140
-194
-267
175
-319
-62
-12
43
-129
53
217
-404
-588
155
164
-132
136
-209
-326
-59
566
-445
-22
60
-309
251
197
-558
545
243
-436
750
-137
-512
89
512
-158
-29
216
184
-33
64
83
-96
254
-120
-149
-173
714
16
-474
215
-152
127
-34
86
-59
-225
545
-640
194
-44
-329
242
-298
17
318
-233
-64
148
-95
23
-237
194
24
-83
66
76
-214
80
46
-65
316
-509
-75
947
-657
-318
731
-576
-174
519
-136
-474
232
-227
8
-165
-281
368
-358
-264
418
-47
-987
431
-403
-393
385
-189
408
539
-441
-43
225
-315
-394
847
-47
-267
-106
524
-420
-280
507
-92
-311
36
658
-483
-661
308
-35
-337
-55
479
-566
-515
646
-190
-454
51
171
-197
-71
-145
288
91
-46
42
164
33
-301
678
-394
-79
225
334
-223
177
336
-3
-298
-239
705
-384
282
142
182
-306
-104
218
-129
126
169
123
-951
71
565
-109
-736
143
493
-302
-200
545
-1015
-57
459
-223
-429
123
309
-652
545
119
-105
199
-159
-318
398
179
-372
-59
-150
-92
250
60
-43
-273
287
-298
338
14
-175
190
-17
-154
-91
10
-242
369
2
46
5
-39
17
-135
163
-419
638
-426
119
149
5
379
-420
383
-132
-194
619
-1
-316
373
-24
-383
554
-107
-65
390
87
-469
168
-105
122
61
-69
28
-265
192
-82
-286
130
170
-307
45
83
-230
-127
89
-17
78
-107
-240
415
-202
-244
487
-328
-318
105
351
-428
300
40
-600
185
226
-281
-435
580
-53
-188
-277
107
-271
10
628
-199
-187
200
-308
-376
495
100
-442
168
-265
217
57
-150
627
-157
-250
781
-487
-360
119
297
-189
-34
305
-177
-23
157
-148
150
134
-209
230
155
-1155
1110
141
-988
1095
-175
-830
329
543
-673
229
262
-500
-646
572
81
-99
495
-301
-561
371
-136
237
469
-242
-181
103
113
-608
265
286
-212
296
524
-590
-157
233
-175
-74
292
-212
-370
57
-268
239
-17
-15
-454
245
33
-45
208
-236
-400
-54
89
62
96
75
-250
-3
211
166
-208
202
-314
643
-177
-102
656
-471
171
184
52
-208
235
14
-199
-447
274
-124
339
178
-150
-126
-1
-247
-50
65
-353
-159
113
-142
188
384
-558
149
144
-376
238
568
-397
-193
144
-606
103
243
-54
-233
230
189
-717
424
-137
-579
165
619
-995
492
541
-655
259
-42
145
-392
122
-93
-165
28
2
149
-180
-115
126
223
-128
-233
-47
-389
-284
416
-139
-353
-81
-102
-34
-627
-41
34
-201
-246
-292
475
-734
-3
130
-600
274
749
-242
-97
490
-73
-142
40
394
-22
-113
707
-348
258
-14
-183
506
381
-432
73
-106
-157
450
1
-474
-88
-60
277
101
-218
83
-98
-475
-22
467
-971
338
545
-261
-173
547
26
-218
333
101
-6
32
183
232
-472
438
93
-128
493
-244
156
517
-364
-197
348
-256
-3
207
-562
-29
384
-618
345
-217
-217
413
-386
173
234
-633
-67
265
-351
-138
579
-581
162
514
-559
22
427
-249
11
118
99
62
173
-330
244
153
-320
270
144
-222
-225
625
-632
-433
422
-58
-269
-3
-298
-142
86
-90
270
-184
-323
75
215
-183
-55
147
-185
-223
323
91
-92
64
314
-161
-533
324
65
-568
876
166
54
-229
-82
-250
72
-29
73
13
-245
-3
-50
-450
-115
231
5
166
215
-127
-373
-441
-68
228
112
219
-67
-212
-6
-77
227
-197
-315
696
-247
-210
207
-172
-258
103
86
-57
-300
475
-147
-760
259
-146
-14
494
120
-288
-326
493
-453
81
296
-485
-384
809
-591
-152
505
-669
675
-585
376
-49
-257
362
149
0
-379
217
-539
475
159
-79
74
284
-332
-570
514
-256
344
171
115
-498
442
-169
-671
966
-85
-1043
324
357
-1090
861
637
-868
180
478
-499
-466
854
-557
-197
1025
-904
-18
666
-405
331
310
-203
89
4
-69
-351
533
-59
-66
75
96
209
-224
-372
260
-495
333
-50
-108
23
-340
322
-77
-323
84
53
-192
55
64
-215
-51
-339
329
32
-221
139
119
-122
-218
138
11
-106
223
310
-17
-475
182
287
-180
98
406
-711
42
385
-550
-181
396
-397
-221
394
-427
161
36
-429
54
-53
-251
-39
-214
-106
194
-31
11
-42
13
112
-31
-201
335
79
-614
366
-238
-303
221
316
-173
-303
836
-92
-403
235
-410
-415
713
378
-424
-315
33
-572
441
50
-465
466
-188
-275
-71
72
-785
311
438
-185
160
211
-438
221
283
167
-94
203
63
-27
147
-80
34
583
-665
-134
406
19
21
-459
486
-350
-189
667
183
-1135
731
383
-986
160
224
-473
543
-197
-298
-96
119
-58
135
178
-580
532
165
-388
431
-95
-189
58
181
255
262
-48
146
-249
-506
644
-277
287
286
-441
277
132
-161
-102
59
-269
123
78
-518
-408
-101
323
-369
-266
473
-513
-302
32
-238
-334
2
287
-388
54
4
-415
326
268
-589
703
-62
-396
536
-83
-104
81
-76
302
-319
433
-128
-455
-94
-49
56
-123
199
-565
69
-171
-185
463
-218
-473
692
-486
-120
893
-551
55
-157
50
-12
372
-384
-160
242
-223
428
421
-700
-76
180
-214
-124
562
-495
-128
413
374
-557
-147
820
-668
-88
652
-414
-34
320
-462
-98
294
47
-219
-98
241
-413
-287
545
-388
-314
140
439
-862
231
329
-692
4
526
-344
146
-138
160
-342
95
32
-57
172
-356
-78
156
-425
134
83
-337
-520
98
174
-865
190
102
-759
72
222
-373
11
-260
-15
-23
-304
101
74
-62
-103
50
290
312
-195
-63
-112
-531
200
884
-511
-375
869
-476
-377
373
-140
-95
18
83
-496
40
211
-298
-161
-71
254
-118
233
8
-410
-191
-51
-119
151
457
-502
-302
265
-502
-328
450
527
-508
104
260
-380
-312
469
-239
-185
257
140
63
-509
224
-336
233
-309
172
262
-902
631
653
-1251
-416
967
-115
-373
960
-372
-885
343
442
-558
179
634
346
-596
-115
505
-1122
678
627
-518
240
-89
-58
194
-66
-101
375
905
-169
263
496
-1095
-221
996
-47
-245
948
-5
-924
690
115
-802
273
179
-178
-279
-23
-23
-51
-301
364
125
-529
426
73
-520
346
-86
-445
538
-370
-497
98
302
24
-369
587
-398
-472
418
-109
-360
300
122
-469
9
11
-455
871
-581
-352
540
-912
241
631
-1045
-322
642
2
-498
-249
-208
-301
-585
889
71
-862
479
205
-308
-535
243
-427
291
-387
-313
810
-667
-291
425
-583
73
302
364
-375
-739
340
446
-1061
34
898
-1187
261
819
-855
-261
-435
249
385
-193
372
-233
-650
122
227
-322
-120
113
-82
125
204
-257
235
-246
-413
49
557
-241
-56
205
-670
-300
782
159
197
495
413
-683
504
-180
-56
470
-235
355
-84
304
-436
-72
136
477
306
-90
14
632
-1102
598
545
-798
460
587
162
296
-376
27
573
-488
637
311
-143
-74
593
-188
-20
126
383
-433
613
-166
116
863
-636
-34
-1100
291
663
-457
230
-384
-1506
-669
529
-328
-1054
1642
-691
-1688
464
36
-1335
1023
902
-754
574
203
-532
-633
762
29
470
311
-99
519
-835
-94
908
-110
-203
1191
-720
-725
1605
-686
-145
438
-208
153
95
209
-236
-687
-393
593
342
-429
-206
355
-528
95
77
-557
422
-61
21
14
-228
-116
-334
129
508
-639
236
815
-813
74
449
-703
61
72
-299
-479
473
-512
870
-57
-440
446
-498
-237
312
-274
-625
435
-473
174
737
-1244
511
-205
-483
542
602
-147
-319
-127
-20
377
10
137
470
-400
321
-39
-647
627
114
443
240
-45
84
-446
-13
-93
125
-232
123
-423
357
-1039
351
275
-1013
880
545
-176
79
-467
-258
-19
0
-31
510
-204
-76
220
18
-307
26
469
215
362
-46
43
-567
-76
138
-63
1118
-471
-83
467
-1123
-283
1086
-1630
-376
1857
-1768
-291
1536
-1820
-617
1567
-552
-373
592
-342
-532
22
-254
184
-425
903
509
-1126
280
428
-1016
187
887
-798
932
321
-934
290
214
-221
77
411
190
-320
-393
754
-368
-616
1435
-249
-907
773
232
-342
287
470
-563
305
90
-176
802
-506
-690
1941
-537
-1487
1797
249
-1644
1925
1060
-2092
621
1301
-973
-66
1943
-1361
-474
1580
-819
49
1673
-1170
-960
1357
-588
-361
1117
-1019
-81
570
-250
114
537
-948
-239
888
-1076
1270
-315
-1294
668
119
-882
143
-232
-354
-202
451
391
-1059
290
1173
-424
504
838
88
-280
929
-394
350
444
-515
750
-628
-542
560
-1619
13
960
-1099
-203
712
-528
-664
583
99
-129
279
442
-388
-716
577
0
-979
962
178
-1073
980
93
-1194
-15
-162
-23
442
-518
79
-389
-248
-187
-142
819
121
-392
429
190
-440
498
420
-233
-370
266
291
-498
-159
-186
-313
-339
-157
345
-349
-525
6
479
-233
-747
806
258
-1092
780
772
-640
11
536
-180
-246
182
663
311
-708
485
165
-725
847
176
-566
179
140
65
-72
415
-82
-510
533
223
-562
489
307
-963
60
807
-506
140
650
-594
296
308
-220
379
35
-707
573
581
-174
291
-212
-99
-191
-501
573
451
-297
-335
200
-179
-467
405
81
-651
142
542
-426
-123
-329
-312
801
110
-559
47
-233
-244
313
-533
-142
346
-509
720
325
-1064
422
325
-679
93
-180
-373
635
-71
-653
513
-82
-690
934
270
-863
258
242
-444
-656
175
302
-159
321
-429
-292
138
-554
28
550
225
-309
245
42
-176
389
17
430
83
-255
338
751
-235
-433
595
632
-300
210
640
-417
27
226
212
562
-552
-272
579
120
-89
182
156
-102
147
278
-25
196
468
176
72
192
324
162
373
280
46
404
463
2
90
259
-421
-378
452
452
-271
-408
231
-230
-468
-133
181
-518
-595
-13
8
-14
-271
-645
-414
-178
-157
-179
-331
-525
-774
34
-146
-511
-374
-571
-390
-528
-484
-524
-740
-568
-607
-532
-450
-416
-796
-703
-749
-905
-639
-138
-534
-1188
-685
-445
-805
-718
-288
-637
-887
-480
-269
-131
-583
-353
186
-84
-430
269
225
-125
610
961
702
649
597
564
1084
1173
1169
1791
1520
1113
1464
1859
1675
1730
2227
2314
1914
1903
2213
2519
2493
2213
2438
2349
2171
2253
2178
1937
1665
1924
1850
1907
1702
840
665
473
336
401
608
133
-324
-488
-752
-1165
-1722
-2137
-2333
-2150
-1988
-2162
-2624
-3147
-3617
-3452
-3144
-2954
-2849
-2850
-3006
-3280
-3009
-2574
-2533
-2244
-1787
-1729
-1890
-1802
-1783
-1935
-1882
-1524
-1464
-1736
-2039
-2494
-3104
-2910
-2413
-2455
-2600
-2772
-3146
-3385
-2852
-2391
-2360
-2012
-1633
-1695
-1422
-654
-405
-98
533
1400
1932
1856
2169
2556
2774
3388
4482
4649
4871
5230
4940
5256
5935
6004
6151
6914
6811
6500
6943
6733
6397
6850
6454
5910
5964
5315
4953
5003
4222
3201
2745
1573
-358
-1728
-1652
-1547
-2294
-2914
-3721
-5566
-6957
-6459
-5728
-5584
-5435
-5279
-5688
-6133
-5334
-4546
-3978
-3097
-2143
-1535
-935
-464
-474
-290
282
1039
1749
2386
2269
1545
887
652
649
835
958
458
-389
-1348
-2013
-2415
-2616
-2813
-3009
-3167
-3430
-3809
-4354
-4556
-4160
-3785
-3732
-2853
-2488
-2901
-2799
-2267
-2228
-1937
-751
-335
-591
-420
-241
-844
-577
540
646
361
669
381
-417
-140
362
117
166
643
232
-76
243
367
72
476
1161
1238
1306
1520
1457
1384
2081
2936
3441
3867
4265
4098
4369
5122
5797
6122
6695
6814
6527
6861
7177
7236
7599
7906
7406
6759
6191
5638
5119
4924
3755
654
-1546
-1097
-938
-1835
-2392
-3796
-6818
-8447
-7497
-6681
-6535
-6498
-7155
-8056
-7690
-6460
-5461
-4371
-3625
-3317
-2497
-1194
-503
-324
173
819
1523
2495
3318
3197
2227
1396
1202
1539
1823
1778
1145
-187
-1691
-2269
-2296
-2513
-2883
-3326
-3981
-4815
-5095
-5039
-5130
-5168
-4835
-4298
-3916
-3601
-3443
-3476
-3189
-2256
-1202
-447
-111
-380
-500
-198
315
1069
1456
1329
1119
753
692
875
814
587
485
327
215
176
22
-230
-419
-216
111
483
710
555
494
884
1467
2128
2890
3348
3931
4240
4922
5699
6010
6275
6798
7307
7739
8188
8230
8181
8100
8377
8019
7300
7123
6537
5455
4944
3081
-361
-1908
-891
-1003
-2185
-3080
-5128
-8569
-9505
-7950
-7100
-6704
-6633
-7855
-8849
-8064
-6609
-5192
-3549
-2654
-2711
-2074
-863
-271
293
1306
2113
2631
3243
3586
3251
2298
1591
1686
2041
2089
1733
699
-1037
-2497
-2829
-2544
-2559
-2979
-3728
-4788
-5654
-5767
-5347
-4892
-4626
-4540
-4313
-4057
-3813
-3390
-2678
-1837
-1091
-424
16
-231
-575
-218
491
903
1403
1372
655
305
202
150
411
665
429
-130
-442
-451
-694
-525
-174
-62
-13
106
100
165
378
841
1640
1989
2476
2739
2757
3117
3823
4459
5051
5643
6030
6370
6295
6395
6610
6965
7480
7972
7862
7691
7387
6682
6070
6164
6058
5525
4730
2281
-1301
-2573
-1110
-726
-1513
-2613
-5116
-8489
-9268
-7528
-6192
-5635
-6052
-7598
-8579
-7855
-6299
-4515
-2974
-2628
-2813
-2257
-1167
-407
335
1239
1944
2377
2796
3090
2810
2001
1399
1720
2123
2047
1630
595
-1163
-2435
-2389
-1941
-1910
-2360
-3302
-4614
-5371
-5126
-4387
-3919
-4173
-4409
-4367
-4331
-3970
-2939
-2385
-2080
-1490
-1003
-875
-874
-537
-342
-179
629
1052
545
211
21
-404
-97
621
665
241
-134
-437
-887
-603
178
207
78
117
-218
-264
201
884
1242
1470
1719
1757
1758
2243
2774
2989
3660
4162
4316
4390
4648
5035
5431
5831
5988
6004
6167
6384
6209
6386
6516
6391
6533
6596
6083
5422
5067
4513
4054
2547
-111
-1394
-413
-330
-1481
-2287
-3950
-6904
-7851
-6304
-5234
-5237
-5868
-7273
-8498
-8000
-6263
-4460
-3130
-3191
-3966
-3864
-2806
-1606
-194
1041
1356
1044
1021
1471
1897
2077
2211
2257
2064
1651
1283
876
22
-738
-789
-817
-1223
-1819
-2590
-3579
-4179
-4014
-3639
-3467
-3857
-4396
-4772
-4809
-4237
-3318
-2662
-2554
-2456
-2624
-2360
-1666
-1009
-395
-16
290
12
-307
-215
136
638
1097
1153
672
130
-202
-57
342
716
704
280
-245
-453
-412
112
624
730
733
569
658
748
1292
1831
2265
2663
3005
3139
3157
3546
4036
4833
5356
5425
5384
5309
5396
5741
6210
6591
6399
6025
5719
5709
5845
5810
5422
4831
4174
3687
2615
761
-498
-40
7
-956
-1713
-2865
-4930
-6219
-5558
-4810
-4726
-5130
-6107
-7155
-7300
-6357
-5040
-3854
-3643
-4162
-4300
-3775
-2905
-1678
-447
69
-72
-164
114
617
1153
1595
1918
1692
1329
1186
993
722
501
429
177
-202
-699
-1172
-1740
-2138
-2180
-2188
-2366
-2658
-3043
-3460
-3744
-3616
-2974
-2531
-2522
-2581
-2658
-2740
-2313
-1618
-1143
-793
-697
-876
-985
-687
-219
240
623
672
434
225
300
453
754
997
982
722
523
427
505
718
1021
1116
1012
976
999
1047
1277
1751
1992
2218
2402
2374
2484
2796
3357
3467
3192
2679
2470
2585
2948
3206
3183
3133
2879
2633
2535
2553
2861
3041
3174
3021
2881
2901
2757
2677
2734
2881
2765
2430
1587
572
284
426
277
-35
-284
-1290
-2646
-3100
-2982
-3016
-3026
-3189
-3856
-4454
-4688
-4568
-4131
-3734
-3607
-3631
-3536
-3451
-3296
-2764
-2077
-1646
-1433
-1200
-1078
-1013
-809
-388
-25
91
188
206
28
-140
-38
73
56
51
-38
-251
-513
-592
-625
-619
-569
-572
-676
-893
-1004
-996
-900
-803
-740
-732
-830
-857
-812
-681
-519
-434
-385
-384
-358
-337
-267
-160
-94
17
110
108
109
167
252
345
362
428
488
529
541
533
561
605
661
676
662
581
488
498
600
643
576
580
493
458
486
580
608
608
646
618
621
660
751
854
860
876
1011
1007
1042
1142
1187
1230
1322
1320
1284
1340
1409
1365
1345
1326
1356
1296
1299
1241
1150
1080
1003
947
834
747
644
559
456
282
150
30
-73
-156
-271
-386
-532
-666
-729
-796
-826
-893
-964
-1050
-1133
-1148
-1162
-1213
-1240
-1228
-1289
-1309
-1300
-1356
-1335
-1330
-1351
-1344
-1324
-1301
-1289
-1248
-1216
-1191
-1204
-1095
-986
-974
-883
-792
-774
-754
-655
-556
-489
-421
-354
-303
-262
-197
-155
-100
-86
-93
-46
25
53
32
32
19
6
63
122
134
110
80
38
100
161
181
148
157
134
99
184
211
195
182
198
194
190
182
158
195
228
215
304
338
289
314
362
384
429
524
501
497
544
556
594
675
708
686
654
655
721
745
706
695
664
653
631
630
571
515
477
494
487
455
408
310
274
245
272
296
305
266
222
182
197
254
282
330
300
257
226
227
263
264
242
211
179
106
103
89
30
-30
-96
-133
-218
-267
-312
-371
-405
-450
-502
-525
-535
-539
-530
-546
-555
-535
-495
-444
-413
-387
-370
-344
-264
-232
-211
-203
-240
-211
-185
-146
-129
-140
-218
-250
-265
-270
-232
-235
-255
-325
-375
-412
-400
-398
-389
-402
-403
-414
-448
-381
-394
-405
-358
-330
-343
-350
-338
-353
-335
-275
-238
-237
-253
-249
-222
-134
-49
-2
4
-4
44
92
117
223
275
258
305
346
335
334
365
367
362
405
411
398
328
281
256
246
286
301
241
167
140
120
137
173
194
136
88
97
114
156
205
219
195
174
163
194
248
227
250
243
186
232
229
227
212
156
107
80
57
37
38
6
-15
-27
-63
-74
-71
-63
-81
-76
-68
-95
-68
-66
-72
-71
-71
-56
-49
-18
-15
-40
-68
-87
-89
-94
-69
-96
-144
-167
-166
-159
-145
-166
-194
-222
-239
-228
-221
-197
-199
-211
-235
-203
-166
-133
-96
-118
-129
-97
-128
-124
-76
-118
-140
-156
-187
-180
-191
-191
-206
-223
-219
-242
-246
-255
-265
-268
-205
-186
-136
-213
-136
-21
-56
-69
-34
0
14
58
67
79
87
67
97
165
200
179
152
136
126
145
188
224
158
147
154
157
180
213
240
243
239
240
269
263
255
257
227
271
296
264
227
201
168
149
157
145
123
77
20
-3
-1
9
-1
-30
-61
-96
-92
-68
-68
-77
-83
-104
-106
-90
-64
-39
-37
-64
-55
-39
-34
-20
-8
14
5
-1
-7
-11
-1
21
21
11
-7
-37
-63
-75
-85
-74
-58
-77
-117
-147
-118
-118
-104
-107
-111
-125
-123
-110
-115
-115
-100
-77
-104
-117
-162
-150
-115
-89
-92
-108
-145
-182
-161
-126
-97
-78
-90
-122
-127
-123
-129
-131
-124
-109
-114
-138
-143
-165
-150
-107
-75
-33
-20
-29
-52
-44
-13
74
142
150
154
157
177
213
236
264
277
272
277
254
237
249
243
258
259
231
202
154
117
95
92
93
82
35
-4
-48
-88
-72
-58
-57
-62
-101
-152
-165
-141
-99
-79
-84
-118
-156
-146
-117
-81
-56
-54
-87
-95
-97
-78
-59
-35
-35
-46
-47
-71
-83
-110
-81
-53
-53
-75
-107
-120
-162
-146
-98
-90
-104
-119
-145
-149
-114
-84
-47
-19
-16
-15
-13
-36
-33
24
38
46
17
-5
4
-26
-15
-2
-27
-32
-54
-85
-102
-103
-122
-121
-126
-184
-194
-189
-201
-232
-214
-211
-202
-208
-209
-171
-170
-137
-98
-91
-60
-34
-8
27
75
126
147
135
127
137
149
174
193
198
177
153
109
104
112
112
118
99
66
34
34
38
42
56
49
53
42
31
23
41
51
53
70
73
74
77
68
62
77
56
40
32
6
6
15
-7
-39
-55
-81
-88
-72
-85
-109
-122
-133
-158
-152
-130
-133
-140
-136
-145
-150
-151
-147
-122
-130
-95
-80
-76
-74
-68
-72
-74
-4
28
19
5
-2
-39
-42
-16
-7
4
-12
-58
-97
-124
-141
-117
-87
-96
-116
-138
-133
-127
-113
-95
-72
-57
-42
-24
-12
-3
-16
13
59
91
94
75
60
56
50
78
87
66
66
44
7
-1
3
-10
9
-37
-65
-60
-75
-88
-92
-116
-119
-102
-119
-124
-102
-72
-76
-74
-77
-56
-7
15
38
65
58
98
126
125
146
153
166
161
165
178
181
171
163
139
127
129
86
71
61
57
44
17
-14
-57
-63
-61
-80
-100
-116
-135
-130
-136
-122
-115
-102
-102
-109
-99
-65
-41
-49
-53
-44
-26
-15
0
-20
-28
-26
-40
-35
-33
-28
-45
-72
-83
-113
-77
-83
-123
-125
-147
-172
-177
-177
-160
-141
-147
-160
-167
-152
-132
-129
-122
-80
-53
-52
-28
-1
2
19
43
61
81
94
107
109
90
98
129
163
170
168
127
105
107
97
109
108
89
56
21
13
2
13
21
10
-8
-23
-37
-54
-31
0
-5
-14
-23
-17
-9
-6
-14
-22
-6
17
10
-13
-10
12
18
1
8
0
-17
-21
-17
20
20
-1
6
15
14
27
18
-3
5
11
23
12
1
26
20
17
11
19
23
23
22
37
53
68
92
54
42
37
27
17
22
23
2
-34
-75
-79
-69
-66
-88
-122
-145
-143
-147
-176
-165
-163
-180
-163
-163
-163
-138
-112
-105
-105
-77
-47
-23
-18
-24
-10
11
29
33
44
50
45
43
47
50
55
47
31
30
39
36
41
30
14
8
0
12
-9
9
42
20
6
0
27
63
81
86
84
90
109
116
115
122
121
146
150
119
125
139
151
140
130
121
112
107
78
58
41
35
33
15
-20
-43
-47
-52
-63
-80
-76
-97
-114
-123
-124
-108
-95
-100
-110
-116
-96
-79
-72
-47
-44
-43
-15
-2
-5
-2
25
39
38
46
36
30
12
-4
-18
-26
-28
-26
-49
-81
-95
-96
-97
-108
-81
-81
-105
-103
-95
-93
-87
-79
-77
-52
-39
-43
-53
-58
-55
-58
-42
-35
-62
-70
-85
-81
-77
-88
-74
-67
-59
-60
-89
-80
-56
-54
-41
-29
-32
-18
1
8
19
24
31
58
62
84
95
83
81
89
94
95
107
109
98
86
75
80
88
89
90
67
50
55
56
64
69
68
60
70
73
59
54
61
57
56
72
71
64
40
39
39
29
13
-5
-16
-55
-49
-38
-46
-63
-100
-110
-139
-137
-111
-107
-109
-113
-133
-152
-128
-108
-92
-67
-49
-66
-78
-53
-38
-13
-17
-21
-19
-14
-3
-15
-12
-9
-4
11
34
23
10
9
-5
-13
-7
11
6
-5
-22
-38
-31
-30
-30
-46
-50
-57
-79
-99
-86
-79
-80
-71
-92
-91
-91
-77
-58
-48
-27
-9
-16
-27
-20
-9
21
45
50
51
53
38
14
17
49
51
35
21
1
-13
-8
-2
-2
5
6
-6
-24
-4
6
31
8
50
1
50
-41
8
-76
41
-170
70
-470
-2308
-1500
-704
-191
708
1744
1644
721
536
-364
-876
-913
193
337
379
1361
597
-3
-217
-111
-543
-423
-1064
-1302
-841
-483
106
557
757
475
204
-82
-486
-431
-205
170
305
543
374
190
20
-131
-96
-9
147
155
188
73
-98
-136
-180
-133
-77
142
206
173
162
73
46
-55
71
22
274
-604
-798
-650
-957
-757
-137
610
549
719
551
-112
-480
-570
-292
-51
382
705
621
385
56
-157
-382
-277
29
251
379
443
302
29
-187
-336
-258
-63
181
380
403
309
160
-96
-227
-242
-194
62
349
433
503
343
266
132
80
41
31
206
100
187
210
187
116
172
158
52
151
75
58
8
64
8
5
-3
-84
-13
-107
-100
-93
-98
-114
-30
-139
-248
-261
-1303
-1400
-614
-347
59
547
656
-152
-273
-338
-676
-439
37
474
365
449
278
-136
-448
-263
-261
-189
-47
-158
-238
-1017
-1372
-1353
-1994
-1486
-533
-339
-85
199
-81
-736
-619
-316
-409
476
1093
817
1011
1032
254
67
348
337
259
787
577
91
-75
-291
-856
-751
-259
4
209
70
22
-445
-469
-466
-247
109
267
454
344
540
197
-9
347
-155
88
852
697
382
421
258
-180
198
174
135
808
614
433
517
-437
-112
255
-67
290
691
349
-595
-240
-600
-1028
165
912
1025
1105
78
-603
-538
-436
-134
1081
1780
799
919
725
-491
-584
326
579
633
1358
805
195
401
-986
-663
234
133
520
1189
224
-702
-210
-487
-1327
-95
701
371
396
99
-374
-717
-650
-395
-439
212
-382
925
236
-1498
554
-999
-847
400
-757
195
185
-103
176
265
-742
-1053
7
-899
-14
1072
-755
320
878
-980
-832
-623
-630
-361
895
914
-417
-899
-125
-1432
-1015
1308
-780
248
1911
-1173
-953
76
-500
-650
821
789
-980
316
1178
-471
-760
432
-559
-635
-441
920
912
-864
933
-654
-2427
767
517
216
1095
1234
-838
-2613
156
597
-949
1680
1788
-2275
-885
972
-940
58
1575
-521
-1263
391
-543
1015
-582
-270
1282
-343
-1034
214
21
-2055
40
2464
-645
-295
1136
-317
-1737
18
1022
29
1499
516
862
44
-2139
614
-263
-495
2561
1072
-1209
86
481
-1818
-829
1824
-141
-56
349
-517
-452
-112
-279
-508
-1382
607
848
254
840
-1531
-1107
560
-1518
652
2160
-792
16
536
-996
-444
-204
-957
1496
853
-513
-747
97
-1672
-827
940
352
757
-325
-377
-468
-489
216
115
454
-308
1
766
-304
-1493
391
1092
-2106
1628
598
-2403
894
148
-685
92
-455
43
700
-110
269
-548
-892
1489
392
625
-82
-810
-258
1014
1035
809
-182
392
-768
-491
1136
-307
294
1145
-916
37
19
-97
77
808
359
-1229
879
291
-427
210
1165
-816
-988
1237
-319
-855
963
155
-1139
-763
722
-476
253
6
397
593
-900
-616
1331
-147
-729
1207
104
238
-402
-132
-521
-838
1262
869
-938
-336
55
-2
-689
-681
607
-223
37
65
-44
-1019
-1137
1594
-344
-2297
1771
56
-685
54
139
-182
-995
1333
-492
-1157
1128
517
-764
302
598
-1905
-247
2526
-1828
-1091
1890
-24
-1247
1744
-323
-2013
-51
217
647
666
94
-427
-803
-601
-124
149
-35
-551
252
-249
705
-746
-904
33
-501
-49
1361
163
512
-41
-217
-459
263
143
-2
1462
42
-1809
305
901
-1215
-957
1231
-765
-954
2199
-809
-1201
385
325
-810
854
762
-1123
558
963
-1360
-209
722
-241
258
394
-704
-137
35
-45
1160
-791
-163
1383
-835
324
950
-866
-311
729
189
-1052
568
-751
-622
1504
1220
-1869
-834
446
-827
52
1805
-463
-149
369
-809
445
-312
-349
1607
872
-278
-539
-528
-354
-1083
-324
319
-406
-507
1402
-424
-2171
435
332
-1356
1185
2782
-1345
-1266
1314
-1407
-1260
1743
585
-1702
1193
818
-2498
47
445
-1822
206
1503
-984
-1817
827
-827
-1017
1607
-314
-1595
62
-420
-622
1244
397
-389
328
-547
-4
290
-782
-481
1346
794
-935
138
930
-2691
-808
1724
-733
-368
1520
-358
-961
-474
525
-426
-118
1079
1447
-268
-278
1535
-1440
-748
2403
-932
186
2038
-1069
-54
492
-1551
-482
1218
-269
616
205
-167
-384
-395
-40
-566
126
1823
605
-1629
317
-466
-349
349
488
728
408
570
119
28
-582
-683
701
586
-65
366
55
-981
-734
1654
-1207
-708
2136
-585
-1168
1905
-861
-1564
1268
615
-1326
435
1215
-878
122
1229
-812
-1100
829
722
-312
728
-214
-1130
1132
750
-1066
591
297
-1914
1406
686
-1238
899
-1054
-930
1120
189
-439
452
-1591
-563
289
-453
334
269
-980
-1192
384
-751
856
-114
-1526
816
388
-1220
1240
13
-1300
841
533
-463
190
594
-1022
-628
87
118
-306
319
488
-1098
-317
1377
-2439
-26
1441
-585
-804
938
-510
-336
1066
-576
47
103
-917
1282
995
-1609
510
660
-742
516
276
-823
371
804
72
144
-398
-638
-437
-134
140
-396
397
682
195
-275
-387
176
-352
1085
572
449
522
-744
583
578
-1658
579
1232
-659
-9
1828
-1060
-898
299
4
-2
766
1032
-1044
89
1318
-667
199
1320
-398
-333
866
104
-505
772
-391
-1140
969
899
-401
-677
-731
445
295
168
192
433
-367
-787
895
-320
-747
1091
373
-584
159
255
-1897
-363
971
-1096
531
727
-1799
-141
791
-1994
-555
1626
-920
-924
1709
-367
-1267
790
-242
-1110
1024
351
-657
883
-561
-1712
-491
61
-597
980
1163
-933
-506
-305
-997
353
320
922
608
651
-1456
-129
858
-1060
435
891
-199
959
480
-96
-655
-886
-397
443
277
225
1141
85
-1360
-1119
270
-1170
620
2054
-733
66
-93
-1194
-268
428
451
253
737
-193
-643
648
437
-867
-1206
1061
-67
11
920
90
365
-576
212
168
-686
520
1155
-33
-459
1486
-1115
-1474
1089
257
-337
710
202
-527
9
-76
-280
-480
765
-612
-112
166
-357
511
334
-1256
-3
710
507
126
97
-510
-567
907
975
-22
-1053
271
-1075
38
750
-1291
-253
-168
-313
178
541
-107
-151
-522
348
1355
845
-885
-820
111
-36
468
125
-192
-259
-595
721
570
-852
-169
787
-802
-618
806
77
-919
184
-370
-467
657
-315
-280
1298
-761
56
478
-965
-262
404
-839
-147
341
-211
273
234
-800
228
-101
-309
408
-153
275
-262
230
-1034
-1055
59
-239
-519
36
-628
-757
-781
133
-781
-627
-191
-255
166
-193
280
461
-560
-1240
1299
-510
89
1427
-908
-862
872
-817
-266
115
-250
98
62
-611
612
-167
-988
574
-474
-541
85
919
-536
-50
762
-956
-282
1299
-214
-283
990
-1124
-438
1458
-618
-125
876
-1785
-537
1281
795
119
1203
-321
-1432
16
84
895
414
-373
-315
-605
-1431
1358
385
-1131
-447
1308
-1065
253
2191
-1842
-1531
2508
-891
-274
1174
121
-265
-413
870
-194
-470
688
125
-417
276
330
884
-218
368
-831
88
39
1250
817
-192
-604
237
-135
-564
969
1
-735
943
-265
-1062
-114
58
-899
79
865
-389
606
-418
-7
-340
540
888
-189
388
-651
565
588
529
351
-369
-1524
802
1406
-306
350
678
-780
-351
688
-68
-211
931
852
-205
317
903
-626
-525
687
-298
-190
1808
93
-2642
1157
-167
-1108
1925
624
-1389
174
1340
-1219
141
1971
-1266
188
1768
-422
-220
1016
452
-723
597
415
589
-152
897
-581
-637
1439
-724
-950
1297
392
-598
988
-26
-1881
1174
535
-1222
1529
642
-386
460
84
-372
-181
264
798
535
481
383
-222
-900
521
206
-541
-551
2008
168
-740
1290
-616
-1008
328
700
128
1565
375
-823
407
-287
-300
944
118
47
968
375
-155
-342
-71
-21
399
755
-399
189
50
116
1009
19
-908
570
-36
-299
947
-315
-845
1385
-169
-518
684
-733
135
1503
-324
-246
661
-849
578
2046
-1228
-821
1457
110
49
1582
607
-1805
1456
188
-937
1279
576
-578
1251
498
-425
-144
1040
-214
-131
1164
675
-745
92
1448
-751
347
502
-605
794
7
297
896
-53
129
-232
358
237
820
515
1046
-53
-718
1114
63
420
1484
11
-580
674
568
361
1072
-123
79
977
-557
331
735
286
-975
465
1751
-1216
103
1562
-681
-134
1847
143
-761
971
-837
458
1480
-769
-574
1256
-89
-869
1498
-158
-1456
913
962
-481
802
436
-1106
632
1222
-861
501
541
-574
-1025
928
610
-772
-531
321
-513
-379
871
-828
-874
516
-302
-408
-157
-1060
-151
382
-143
-1224
-21
-368
-192
-74
-393
-727
-615
536
-258
-514
-22
-1132
503
231
-1000
-423
-53
-19
-251
-139
-1944
-903
698
-1308
-348
-178
-1426
-750
-651
-701
-251
-266
225
-432
-1008
-613
-672
-691
182
-306
-635
-796
-178
-1112
-45
279
-1038
-451
-382
-486
-998
712
-259
-2095
139
-315
-1469
469
-613
-1015
189
-667
-547
-298
-604
-292
-115
-401
-19
-72
-1052
109
-475
-1234
-285
22
-984
30
-588
-539
-530
-201
-793
-284
285
-375
-646
-213
-1006
-147
417
-495
-800
-551
20
-1075
726
798
-2062
110
641
-2159
180
421
-1198
317
-466
-1103
235
381
-1337
-259
749
-1023
-297
904
-684
-451
696
-927
-1039
470
-211
-210
442
116
-1131
-662
479
-1241
-711
1213
-6
-825
-92
-680
-1218
79
-164
-225
272
-497
-519
-388
-735
20
1036
-1045
-480
1680
-1124
-377
1134
-891
-1224
925
-101
-1490
878
115
-801
172
-420
-961
-499
-30
-81
-163
178
-976
-558
-1080
-197
480
-272
57
-985
246
51
-603
550
-309
-1159
1183
204
-984
843
-300
-497
473
-958
225
607
-581
-416
924
-474
-857
812
-698
-419
209
-314
-871
512
757
-1225
547
-176
-1746
1431
825
-868
833
962
-1598
415
1600
-943
-195
1497
-705
-204
1039
-781
420
608
-789
-74
599
96
-305
147
633
-79
-542
1069
-541
-376
1365
-237
60
314
95
-169
18
550
534
-99
1067
-644
-762
803
616
246
152
931
-846
-146
473
169
-48
-172
799
48
239
537
584
-1007
-152
711
-209
1286
-99
-235
561
-801
316
331
-1078
425
131
-539
1386
-323
-621
1202
274
-518
771
968
-332
794
968
-243
-261
598
690
-395
205
1354
-66
217
-72
-90
302
9
413
630
-228
69
278
-24
-590
102
181
-62
-267
243
-454
-461
703
-37
-50
981
184
244
331
195
328
680
-20
149
954
-221
-196
1173
231
-446
467
257
-43
611
442
88
-613
537
561
-655
347
570
-1453
570
657
-725
365
-146
-766
79
506
204
30
283
-190
-221
301
366
-33
608
642
-540
-103
372
170
681
-432
-623
782
-78
-490
434
180
-720
-74
838
-474
-251
899
-605
-222
515
-377
-294
1278
-24
-918
320
50
-344
131
373
71
63
-144
-506
-161
-202
349
1048
-693
-445
299
-554
-526
1150
-178
-246
78
-243
-480
-77
335
188
267
-195
-364
6
208
-284
670
312
-444
-85
365
-107
-80
327
-618
102
339
-458
139
234
-408
-554
688
-162
-103
1325
26
-746
254
175
-683
225
401
40
210
198
-37
-505
-768
246
888
184
-33
382
-719
-1103
243
611
-110
-53
371
-191
-254
548
-575
-197
182
118
55
314
-173
-379
206
-90
39
495
-473
287
974
-527
-287
552
476
-938
770
847
-452
-11
589
-125
-35
56
596
487
-817
706
1019
-771
-35
1358
-536
-269
1160
30
-143
320
-450
-159
516
-28
-43
326
-593
-508
1040
-228
-355
465
529
-429
-378
893
104
-869
893
293
-603
807
517
-489
62
480
-68
-89
216
730
-711
105
436
-754
641
-1
-107
447
276
95
-123
2
-369
263
674
-235
483
-117
236
667
369
-34
62
518
69
201
459
243
565
-47
-114
-20
134
246
144
504
-265
-511
465
-303
-846
1444
103
-988
727
131
-849
-61
716
-577
-360
1005
-432
-557
703
-828
-780
811
-262
-939
869
746
-1130
-450
136
-298
-738
1235
85
-814
200
-223
-311
295
-399
196
-61
-514
159
423
-922
145
413
-810
659
-133
-839
459
-174
-669
370
108
-812
598
-119
-660
304
-420
-917
165
404
-446
-259
167
-430
-554
865
-190
-958
676
92
-1026
583
-92
-902
385
-103
-505
-171
-216
-626
-53
249
-110
-329
-84
19
-581
-331
309
-809
-499
838
167
-1192
-9
320
-1670
406
1095
-897
278
503
-1198
101
792
-860
251
807
-971
336
775
-613
-246
541
-462
-140
646
-800
-65
1215
-864
-311
776
-1410
458
490
-603
450
159
-275
-147
185
-202
-229
207
16
-94
-157
118
80
-219
-57
461
-100
-299
651
112
-464
606
312
-857
780
235
-1081
831
783
-1082
225
769
-1383
348
1106
-1417
390
1178
-1224
160
725
-1124
159
1003
-209
-139
410
-349
-288
339
656
-671
65
234
-15
227
243
-223
-319
392
-173
281
643
-310
-216
333
-677
223
571
-98
-358
-230
245
-149
73
549
-643
-237
146
-198
1
-206
-552
335
243
-295
258
-496
-394
840
157
2
-234
-103
-333
-1
183
-72
-518
-266
-44
-333
558
-60
-1055
-65
-122
-285
-254
282
196
-547
-353
403
-424
-926
1409
411
-1305
604
583
-1507
145
1326
-1390
-131
1080
-765
-42
569
-895
-101
-129
-322
229
14
-106
306
-394
-566
327
-213
-531
432
8
-496
543
-273
-648
-173
-451
74
410
-306
157
69
-781
-410
-108
-364
-173
584
203
-694
-275
38
-528
-238
183
-383
62
-315
28
-130
-732
-316
-67
-339
-301
120
-236
-402
142
-540
-464
358
-666
-582
387
-107
-538
320
-171
-526
-631
-191
60
-33
99
-316
-292
-359
-315
-160
-98
-364
-598
-306
-178
-475
-259
-18
-756
-646
-275
90
28
-49
97
-606
-657
362
-539
-475
741
-289
-376
503
9
-832
232
304
-760
-99
888
-405
-430
426
351
-1143
-295
826
-833
-67
1058
-488
-299
363
-533
-122
-95
-170
237
445
-714
738
225
-1351
98
298
-117
466
663
-363
-460
775
-491
161
543
-725
187
672
130
47
55
-448
-210
517
401
122
318
440
-485
139
588
-487
30
525
-309
-226
692
397
-878
-26
765
-651
-337
662
265
-510
577
325
-943
372
427
-458
677
350
-11
490
34
-28
182
-17
290
793
-158
424
365
-475
430
-178
-79
868
-125
-154
502
-146
-117
691
-76
-609
-113
334
-94
431
511
-253
-41
-195
-312
456
139
23
689
261
-137
66
413
-445
-104
1335
61
-94
469
99
-11
6
-10
-13
-55
419
625
-298
-591
123
-238
-101
90
8
-2
46
-25
198
2
-654
399
360
-556
359
454
-384
-99
404
-533
-206
713
-327
-213
249
-49
-22
69
-295
-251
407
-36
-111
292
-136
-215
188
7
-769
-27
267
-561
-19
257
-218
-476
394
-457
-507
-74
-317
48
163
-529
457
59
-906
245
-33
-658
764
240
-484
249
-92
-360
-73
-75
-249
60
-36
109
-307
-469
-331
-261
98
-202
136
-433
-301
-104
-44
10
-219
-52
-418
-329
64
152
10
10
57
-30
-473
123
81
-131
27
195
-286
39
-86
-521
94
138
-353
-46
256
-359
-499
285
-63
-316
156
140
-64
-215
-181
-163
15
-28
-83
257
81
-683
326
59
-560
-15
-31
-123
26
227
-573
-353
-88
-534
325
266
-459
-243
294
-10
-107
85
290
-480
143
529
-173
78
307
-273
203
186
-226
309
123
-361
-38
-14
-357
73
391
-96
-367
-15
-175
-241
-116
165
-221
-383
396
159
-386
248
-405
-538
332
-50
224
849
-522
-539
339
-135
-163
382
46
-262
518
-103
-152
255
-587
-25
472
-5
97
-74
-234
15
-183
-279
248
-191
-441
344
178
-349
-114
123
-64
-250
181
281
-208
69
191
129
-269
16
-52
-413
-95
162
242
120
-28
-262
8
-202
-281
173
243
-77
-2
132
-117
-454
155
-35
-359
-11
339
-246
-166
8
-559
-86
34
-326
56
125
-655
-163
52
-435
-104
114
-195
-120
-3
361
-322
-143
257
-22
-156
331
59
-482
141
224
-65
24
249
-145
-54
68
54
-150
87
171
-343
-254
193
-50
-191
-59
-314
-730
-218
468
-17
-558
110
-586
-534
265
-107
-10
423
-154
-180
464
-211
-415
250
127
-39
368
107
-171
126
-224
-129
211
-120
-246
259
-95
-536
79
147
-436
-197
92
-205
-93
18
128
-133
-535
171
273
-349
261
498
-615
-81
493
-274
-398
340
80
-262
372
87
-414
17
192
-14
246
34
-84
183
173
-79
48
106
-107
16
219
108
-140
-71
74
-50
-40
330
2
-95
71
-65
-150
-28
275
158
22
-30
123
-13
-198
420
379
-74
392
289
-248
87
407
24
221
620
-67
-63
260
139
-5
75
399
149
-265
530
498
-393
153
387
-303
315
535
-338
16
268
-128
115
407
-121
43
439
11
179
124
-233
123
186
197
338
277
-227
-94
184
25
98
503
207
-241
425
420
-360
233
582
-220
38
663
-13
-112
394
63
-256
193
161
69
238
40
79
22
-113
80
347
107
-127
40
34
-172
269
282
27
55
119
-40
37
214
0
77
495
453
-252
-59
111
-171
-56
160
299
-60
-102
433
-96
-386
311
356
-365
10
395
-303
-65
515
92
-162
145
-13
-287
196
361
12
-43
162
111
-218
-3
110
-75
-203
120
114
-285
154
134
-137
-112
-21
28
81
342
209
-250
-69
74
-9
130
101
53
140
-133
-86
64
4
-113
73
173
-182
15
197
-91
-156
-94
-60
-20
96
30
-35
86
-222
-295
37
6
-240
112
5
-294
8
115
-65
4
54
-308
-327
-22
45
43
108
-11
31
-47
-181
-133
-57
-65
179
124
9
-33
-320
-238
148
-153
-113
401
85
-150
97
-168
-536
82
357
42
457
358
-338
-210
-11
-133
317
369
56
130
346
-75
-201
47
-25
-229
110
595
95
-230
168
-119
-504
-18
258
-74
101
314
-9
-52
-75
-79
-119
-64
111
354
309
204
137
-124
-171
51
149
228
346
414
221
26
84
-187
-242
163
296
114
233
136
-132
-129
-114
-286
-215
94
235
288
31
-121
-191
-341
-136
-47
9
152
327
243
-193
-265
-219
-190
160
386
247
118
46
-193
-191
65
40
-63
290
168
-151
93
38
-301
-218
27
-50
26
118
-111
-164
-109
-257
-69
0
-162
-50
228
-65
-386
-30
0
-247
-100
190
-47
-172
-6
134
-163
-172
145
-30
-88
113
38
-88
98
-108
-201
84
-74
-173
119
33
-248
-213
-60
-152
-175
-41
-128
-214
-60
-152
-210
-90
-173
-331
-175
-18
-199
-153
65
-141
-293
-7
5
-277
-127
58
-116
-122
182
35
-121
15
-213
-260
57
182
-78
14
11
-204
13
-7
-157
-41
-82
-144
35
31
-164
-133
-77
-129
-103
-42
-64
-105
-152
-151
-121
-75
34
-21
-163
-144
-99
-80
148
1
-162
-109
-95
-38
-9
49
35
-103
-101
-2
-114
-133
84
137
-245
-229
-37
-119
-64
95
-72
-205
-102
5
-42
-113
-19
-185
-153
-13
31
57
-69
-137
-110
-90
-39
2
33
-11
-168
-61
170
82
7
-18
-64
-168
-83
157
66
-51
35
2
-70
21
-18
-49
-35
-141
-149
27
-68
-204
-44
-9
-132
-42
72
-9
-65
35
71
-47
-1
-42
17
196
61
42
78
-49
-19
93
72
7
-10
34
128
