-55
-68
-61
-65
-62
-65
-64
-51
-37
-3
27
40
51
45
44
56
60
49
44
52
47
59
54
35
20
22
34
52
49
50
45
32
41
28
15
13
18
29
39
41
29
29
31
45
50
52
51
34
29
1
-8
5
16
30
31
29
20
6
-2
-9
-5
-6
-23
-28
-32
-41
-16
14
16
13
10
9
14
19
19
17
10
16
25
21
14
-17
-35
-32
-30
-17
-30
-48
-57
-51
-42
-46
-49
-61
-59
-61
-79
-87
-96
-80
-50
-39
-63
-95
-102
-89
-77
-71
-69
-79
-44
-29
-30
-41
-56
-62
-76
-62
-69
-52
-45
-38
-24
-23
-31
-37
-56
-77
-63
-48
-46
-49
-57
-79
-91
-83
-75
-71
-68
-65
-61
-43
-49
-63
-54
-43
-32
-20
-33
-45
-39
-33
-29
-35
-34
-29
-26
-21
-23
-35
-30
-27
-29
-28
-6
10
17
14
16
23
4
-13
-9
24
44
57
42
25
7
-5
-2
10
36
38
35
44
47
38
34
28
30
36
45
50
45
43
30
11
2
2
14
18
16
14
8
1
-5
-12
-17
-28
-34
-36
-30
-29
-30
-33
-21
-12
-15
-6
-1
-4
-10
-12
-21
-42
-34
-12
-5
-30
-43
-35
-24
6
24
17
-12
-32
-44
-36
0
40
31
2
-41
-81
-94
-57
-6
12
9
-31
-47
-51
-52
-50
-53
-53
-43
-41
-27
-38
-61
-46
-69
-78
-45
-8
5
-17
-21
-56
-91
-94
-80
-56
-30
-1
27
3
-66
-68
-74
-82
-37
33
47
30
-12
-108
-162
-140
-76
-15
21
7
-53
-85
-88
-85
-51
-40
-64
-77
-89
-89
-56
-70
-95
-79
-103
-86
-13
-20
-46
-19
-59
-64
-1
-18
-36
-3
-42
-80
-22
-35
-7
78
37
-48
-65
-116
-115
-37
53
91
88
117
45
-68
-18
17
13
117
136
46
11
51
-27
-83
13
24
-29
28
3
-112
-122
-20
22
-52
-70
-81
-87
-75
-10
-18
-112
-95
-46
-34
17
33
-12
-4
-72
-105
20
37
-50
19
-50
-158
25
126
44
47
142
-21
-134
114
158
-3
64
131
70
31
118
113
-10
133
29
-150
78
81
-156
-5
40
-162
-25
22
-93
-170
-114
-64
-112
148
186
-37
-23
-67
-255
-55
274
54
23
183
-31
-213
-93
68
80
167
255
-103
-314
-20
3
-278
127
267
-326
-82
56
-523
-399
8
21
-6
28
-221
-500
-241
-257
-195
145
-15
-113
-104
-216
-406
-31
207
-205
122
216
-346
-73
282
-172
-159
122
160
56
116
295
152
-248
-177
312
235
-126
193
326
-306
-312
122
63
-303
244
180
-370
104
-38
-447
104
233
-166
340
10
-536
89
109
-85
38
29
70
-4
-135
-38
102
-237
122
453
-365
-100
297
-233
-206
221
21
-6
-59
262
169
-504
98
419
-312
-44
607
-49
-334
299
-114
-430
315
-87
85
323
-264
88
-362
-323
404
-215
-6
451
-516
-566
516
-306
-599
702
-164
-486
521
-33
-646
492
199
-622
439
233
-435
135
620
-507
-123
567
-221
97
134
251
-346
-93
333
108
-97
-70
199
-169
-57
60
195
-87
-124
-94
-39
161
-125
214
103
-544
201
-34
-535
463
479
-480
125
157
-439
100
138
362
18
-344
370
57
-487
-149
242
70
-110
462
-308
-250
30
-313
559
-136
-623
723
33
-984
693
56
-1384
682
882
-1528
384
897
-1719
56
942
-1083
-8
684
-417
-373
168
-444
24
320
-498
476
51
-582
-2
-123
-30
-147
-313
919
-668
-564
881
-909
-456
979
-481
-589
1051
-518
-571
934
-256
-732
534
644
-1134
484
1161
-2045
234
1685
-1437
-586
2013
-842
-1571
1760
-431
-1976
1424
638
-1930
936
505
-1664
502
796
-1033
187
961
-913
133
961
-573
-546
1220
-326
-785
1514
-271
-1369
1438
140
-1547
791
1171
-1324
-147
1782
-1212
-953
1940
-351
-1589
1488
574
-1609
215
1771
-1712
-683
2295
-983
-1214
1553
759
-1880
706
1613
-2129
277
1986
-1462
-768
1829
-462
-1909
1648
858
-1811
381
1474
-1094
-613
1623
-72
-1141
1130
610
-772
575
339
-232
824
-431
224
916
-827
-412
1331
-397
-1605
1379
216
-1493
-473
1941
-1283
-1668
2373
-24
-2279
1033
1165
-1798
-245
2256
-1220
-1533
2260
-376
-1992
1272
1280
-2151
300
1318
-496
-1441
1967
44
-2514
1774
712
-1748
827
1266
-1828
-378
1276
-772
-619
1176
-592
-782
473
-10
-841
768
50
-685
599
-22
-70
22
339
-104
-667
1069
187
-1183
567
87
-669
274
334
-244
-752
473
585
-1158
446
615
-1036
74
1172
-818
-908
1679
-998
-900
1750
-1110
-81
1161
-700
-553
1592
-985
238
1137
-441
-527
743
862
-2278
1958
369
-2268
1538
-48
-633
473
-220
-106
463
-117
-250
428
310
-1020
368
1249
-1613
-31
1128
-755
-926
1341
211
-1690
1217
-153
-842
727
153
-278
736
-726
-541
2006
-1119
-162
1595
-472
-248
326
1577
-734
-720
2208
-316
-1952
2223
-291
-3135
2507
683
-3116
1637
1256
-2873
290
2012
-1965
-502
1658
-619
24
712
-580
442
691
-702
-51
1313
-318
-986
1573
800
-2651
647
2518
-3100
422
3064
-3073
-1095
2503
-2558
-913
2608
-2640
-354
1598
-1815
148
1355
-551
-1479
2042
464
-2554
1726
2047
-3426
1094
2292
-3032
-194
1951
-1387
-2158
2228
-792
-2089
1691
-1311
110
972
-963
-39
547
-46
591
-344
-294
527
-359
1288
-950
254
405
-1995
1394
966
-2708
885
810
-1821
432
1010
-1184
57
335
-317
638
-1107
338
265
-1139
902
563
-1834
2078
-1559
-845
1951
-2272
1268
896
-2574
1175
1221
-977
1326
204
-171
29
-1490
508
1360
-1308
920
1433
-2621
919
1117
-1173
2054
-448
-175
499
-1208
-49
-514
-190
-1027
907
-296
-593
516
-598
-527
341
926
521
-1845
1911
830
-3148
2107
976
-2696
917
2133
-2106
-110
2605
-1673
-865
1972
-722
361
98
58
-72
-690
113
581
-774
-1018
125
988
-1195
-1528
2738
-588
-1695
2328
312
-1667
287
579
177
-502
1086
-796
-1143
-211
405
197
-955
58
191
-277
1117
864
-2378
952
1886
-2036
146
2116
-1735
-285
1600
-816
-1975
2406
-565
-1624
2214
-22
-2544
883
1832
-3493
1927
1305
-4199
1895
398
-3414
2179
433
-2243
692
2137
-1912
-567
2534
-484
-1345
644
461
-1336
-12
1014
-744
-1193
683
-254
-1028
54
1201
-1019
-65
1885
-970
-1547
1930
842
-3474
2267
1544
-5374
2121
1973
-3486
1037
2548
-2554
-190
3208
-2868
-31
2222
-493
-790
1431
-669
-1605
-972
192
357
359
-419
732
-217
-490
999
-752
605
1093
37
531
1001
-1480
414
534
-756
328
978
-1427
-1598
2250
-628
-1435
1253
890
-1717
2175
-405
-2776
2712
-1706
-902
2170
-1785
-1437
1922
1397
-2314
412
2996
-3190
1227
1159
-642
-436
-391
1769
-3219
304
2577
-2383
822
1401
-4100
2754
239
-2134
1703
961
-1837
803
1935
-2250
600
335
283
-926
787
716
-523
-136
-461
549
162
-1288
2377
-555
-2718
2592
-354
-2479
2389
154
-2760
2957
19
-942
478
1241
-1392
520
1222
-1808
255
-38
-1447
1195
-441
-1679
784
-223
-446
-25
992
-915
782
96
-901
641
579
-200
-452
974
363
-3217
2360
-898
-1327
1869
-1637
496
32
-1051
238
18
-379
156
725
-226
-959
817
-1088
553
951
-420
1115
-913
147
70
-67
-40
217
284
342
-1143
-665
1934
-2772
2029
311
-1633
2233
-3220
1169
1062
-3031
4019
-211
-3040
1313
396
-1956
-10
1587
-2574
1261
136
-221
118
-1129
674
-310
150
756
-574
-1097
1811
-541
-450
1535
317
-2059
1827
-57
-1523
2853
-347
-2690
3412
127
-4558
4018
67
-2670
1672
1873
-2721
-400
2204
-2092
83
985
-963
-769
1022
-286
-974
2473
-1251
-3048
5140
-1667
-2025
5124
-2018
-1594
3756
-2521
-1685
3699
-2250
-1711
4771
-1460
-3822
5823
-2321
-3084
5098
-997
-2422
950
1162
-2589
204
3862
-2674
875
1277
-635
-188
-1283
1674
697
-959
1228
-259
-1896
451
43
-1278
1685
797
-954
1462
-2211
594
1060
-2885
1427
1853
-2363
-413
736
-2054
-1117
2410
551
-1484
2633
455
-2795
1238
2102
-2986
1417
1482
-2296
-388
1037
-1354
-1724
2570
-702
-2643
4083
-945
-2467
3244
-1555
-2012
2918
-221
-2283
2300
-666
-775
855
-376
-52
1369
-430
-92
632
-523
-912
7
618
-937
-548
1370
-2090
-71
438
-358
-326
369
2652
-2830
471
3682
-4027
514
2447
-2908
2883
1341
-2703
1268
1090
-2690
2115
-100
-1466
746
-860
-662
363
863
-1867
974
771
-2696
2301
1620
-2559
2227
1534
-4110
2147
1210
-3199
1495
473
-952
218
224
417
563
-996
1813
-794
-406
559
265
137
-933
2159
-362
-1270
323
-81
-741
140
-90
1641
-2836
962
1411
-2905
1658
2017
-1141
-656
603
-263
-328
1186
706
-1458
722
-27
-32
-1572
610
2149
-2372
854
882
-1107
-1928
1965
-168
-3127
2193
440
-1779
1609
-751
-34
-585
-1891
3051
-813
-1693
4584
-2338
-1611
2751
-729
-626
-261
2796
-806
173
1250
-85
-528
-849
3192
-1988
-382
1385
-824
-1844
-623
1638
-937
-1520
1822
-1219
-2071
815
299
-2324
813
1846
-3027
856
103
-2552
-77
819
-794
249
738
-1047
591
-505
77
-290
-226
587
348
-162
1614
-983
-520
857
191
710
-853
1830
-610
-965
2043
-3009
12
1127
-1087
-372
-19
622
-1588
1586
1181
-1469
-113
3133
-2540
876
969
-1925
361
83
-652
-614
1418
-2009
-1336
2126
-760
-2685
1319
1398
-3653
2253
1209
-4202
1534
1358
-1777
-75
1946
-1182
-157
1356
-2244
714
831
-1317
2046
-1454
797
460
-102
175
250
723
-54
1411
-1245
-342
460
-2500
1433
1351
-1126
-205
817
379
-46
1627
-45
-992
2579
-656
1147
416
-264
584
-1392
1072
-64
-1116
-47
135
-1214
-817
656
-869
-385
543
-976
-725
1428
-1196
-1164
-413
170
579
-1041
1728
233
-2942
984
1064
-2028
2347
1883
-1333
807
433
-843
983
-1190
2599
523
-2736
2510
597
-3864
1599
1452
-3902
2141
2091
-3819
429
-243
-1583
1436
121
-1508
-181
-167
153
1234
-431
-45
2223
-669
1181
-1344
744
608
-1518
867
158
-881
881
2995
-4299
690
1089
-3493
864
2424
-1889
-70
1825
-2363
-328
1033
-539
-497
237
-320
-818
1469
-2408
-909
2821
-3499
-300
3143
-2970
-1618
3208
-1448
-325
2715
-1145
-1402
931
913
-1966
1182
1223
35
-932
1401
440
-2322
1331
175
-932
-371
1009
-1175
1200
116
-1487
2603
-2600
-2147
3344
831
-4503
3002
2324
-4045
-1334
4083
576
-4641
7794
-58
-7738
6010
312
-4997
2875
1871
-1786
-1808
2921
678
-3185
2297
417
-1609
25
2111
-1127
-904
218
-491
-698
509
-406
572
547
-3780
4039
-479
-4174
6052
-748
-3481
3277
1109
-3692
58
2167
-2109
354
-707
1382
556
-2631
3006
1112
-5064
4206
4318
-5664
3341
3348
-6715
2290
2194
-5275
2185
3908
-5300
1401
2375
-4967
-1414
4876
-3623
712
2491
-3180
602
787
-761
592
260
-671
275
1065
-702
-2355
1027
2007
-2375
1652
2681
-4535
-397
4497
-5285
-444
6147
-3590
41
1611
-1432
31
-1461
1850
-395
-3796
2834
362
-3105
2242
1557
-6174
1438
4543
-4662
3910
-74
-2185
1821
-463
-238
3317
-622
-3805
5337
-2072
-1813
6926
-3953
164
2284
-1379
415
-250
1075
-1841
518
-1304
-355
-777
151
-799
-619
1565
-1737
-451
996
-443
-1105
2462
-894
-344
1463
-1303
1174
-38
-960
1189
-1624
-436
761
519
-924
1404
365
-1344
443
361
1069
-609
265
1269
-2203
1881
145
-1824
1468
-514
-1125
133
404
665
-2388
2112
1201
-3196
5123
-2102
-3150
4474
-2153
-88
4144
-2545
-888
2758
-775
-328
-787
117
220
-975
1919
593
-3392
-25
915
-2585
2682
3842
-3001
2600
-1110
-1177
760
728
1048
478
736
-3669
3243
-1008
-3545
4956
-1488
-1873
2221
-1560
-2087
2699
-1474
-887
3457
-1899
-96
2210
-3434
3007
-1030
-1863
4712
-1039
-2295
4881
-3937
-1157
3997
-2312
73
602
2297
-1722
-1037
2677
-540
-2010
1261
1861
-2229
-1479
3084
-2826
-4053
3172
-1878
-1878
1142
196
-81
1113
-262
2118
316
-2153
5012
-186
-1554
4839
-2462
-1694
1904
-3283
1343
-909
-1138
5372
-3359
-1283
3758
-4587
-1547
4784
-2279
-1150
1726
-852
-1579
65
819
680
-3270
3305
393
-2962
3025
-2009
-2739
2210
910
-2572
2813
1421
-5323
1606
787
-2721
3668
1622
-702
-646
1094
-3276
-241
3029
-4457
1953
2181
-2630
-1478
-756
762
643
-1171
4580
-1668
-4197
3634
-1204
-2816
3471
2584
-4988
3741
1585
-3221
2574
1071
-5455
2535
1792
-4369
2923
1015
-4130
382
3461
-5095
2047
1234
-4791
-104
2663
-1890
-235
2670
-1328
474
1466
-34
-1050
1155
-99
-322
1338
-1707
1568
-187
-2179
1247
623
-2308
-3153
3378
-3490
-1820
4608
142
1800
-2948
2197
440
-4399
6084
-2359
-317
9
-1826
1066
-3840
2002
489
-1250
1747
-1777
-1419
-425
1355
-110
-956
2817
-1008
1369
79
-1240
3742
-1298
-1385
5848
-2744
-3881
4368
-2807
-3729
2098
1179
-3104
-1484
2698
332
-3771
1101
1868
-3006
822
3856
-1784
-2694
3146
167
-2681
3939
-483
-873
2949
-1634
818
50
-2751
1173
921
-3731
2227
1476
-5160
3676
606
-3738
2474
1305
-206
-2924
1959
-334
-1998
-510
705
-801
709
1261
55
403
-4775
4662
-317
-3380
7257
-2468
-2441
2795
-1711
-810
1530
-1658
-520
3426
-2932
352
1913
-4205
516
443
-1124
148
113
283
666
-1549
2006
634
-1222
3113
-916
-2035
2368
-708
-1952
3267
-1726
-315
1068
544
-289
-56
-1872
-217
1502
-1935
987
1616
-2210
168
3291
-2753
-130
2938
-2211
2412
-1015
-236
-188
-3662
1167
-824
473
973
124
788
-2673
-904
2066
520
-1892
3383
-141
-1230
-1215
2853
-1459
-2425
2472
1531
-3361
318
568
-4237
1800
1053
790
-335
141
269
2589
-3281
157
2747
-2620
689
978
-851
-1163
-645
1243
-2413
-2250
3147
-382
-841
742
1431
-3956
1486
1442
-3284
3537
-104
159
1008
-421
685
-131
-2144
4978
-1203
-404
2971
-1889
-1259
-27
1788
-583
502
2925
-2979
-3458
874
1156
-4091
3001
1451
-3658
2719
-56
-130
1013
-2072
4226
3367
-2907
1964
2223
-5648
1923
4277
-4174
-970
2845
-1102
-1839
1566
-781
-1371
1832
-292
351
1537
-911
-727
2213
-3122
-45
6913
-4058
-114
4571
-5072
1322
71
-302
2522
-2767
740
1414
-2988
-844
47
-287
-2566
2442
1827
-3787
2406
-204
-2832
1183
727
593
688
1359
-2976
2396
-1104
-3124
5844
-663
-2524
2928
-557
-2193
131
-58
3054
-2748
1113
2949
-2520
220
54
-1458
377
-810
2991
-3316
-1379
1555
-2680
-400
2764
-1370
-1210
2687
-580
-278
1087
987
-1392
2547
-450
-113
1573
-724
-1880
-673
1255
-2837
-342
1494
-2070
-147
5
-967
628
-457
562
-144
858
-1140
-1058
2988
-1156
272
1712
-1969
681
2369
-1887
-2225
2247
-2056
8
4194
-3557
34
1331
-1635
1720
2406
-1910
-401
1994
-4871
2498
1038
-4721
5393
-3618
-890
4281
-5459
2492
2332
-6457
2905
1901
-4081
4340
258
-3488
4127
-2462
-638
4056
-4594
2113
1501
-2798
2608
-474
-1207
1020
2543
-2540
434
638
-1244
1
110
737
-1394
2600
-1913
-570
1696
-3904
2105
1509
-1535
1061
-435
-210
-9
-879
1605
1390
-1166
636
751
493
-1361
-177
2131
-2596
-1346
2980
-962
-3136
1671
-1099
-2211
2072
163
-93
-577
-996
1847
-1585
-2864
3660
1901
-3446
1292
1955
-3514
-2442
3385
2272
-4427
1693
2679
-4430
-82
1582
1324
-2468
1972
2187
-2251
207
-563
385
525
-2062
2167
3254
-5362
-552
5865
-6468
-288
7845
-6713
-3085
6177
-3278
-2601
5247
-3090
-710
1260
-1169
2243
-124
0
-635
939
-861
678
1345
-867
-507
-770
925
209
-1098
575
20
-528
-1202
1867
-1426
-1862
969
-2153
-869
615
-447
-1558
-435
-59
-272
808
729
-85
352
-200
786
1411
1047
-1787
-341
1698
-2880
1103
2272
-3469
192
1679
-1599
852
-607
-1370
1964
-2205
-508
2863
-3149
-980
101
-743
279
573
2481
383
-2154
1054
1353
-514
1844
1036
538
-366
-1345
998
340
-3580
2419
2464
-4637
1430
706
-2397
-474
278
3095
-612
-1494
3082
165
-2922
1700
1915
-1387
-188
1922
-130
-2484
191
1438
-1213
-352
753
-844
-495
-40
301
819
-1983
-181
3002
-1031
-513
788
-514
-1263
778
1080
-1022
193
44
362
-695
-176
1023
-1553
842
782
-1782
1489
-593
-1483
715
-1912
634
1261
-2131
937
-255
-1675
1886
-391
-1181
886
842
-1247
-204
1317
-1040
-548
1816
570
-1297
1082
267
403
1140
-1784
961
155
-978
1530
1361
-655
-1014
896
1280
268
760
814
-864
321
1152
-265
-389
126
725
-646
-177
700
-1366
-30
712
-1041
-941
1375
-764
-903
1063
-218
-677
-153
1520
-800
-1101
580
-1229
503
746
-1746
94
-1431
-2452
1649
-179
-2276
420
-234
-1945
-1499
470
-98
-1628
-299
3
-1637
-975
451
-1002
-565
1014
-235
87
-297
-1261
-223
804
276
103
595
-87
-1359
451
1292
-560
716
1068
37
46
919
753
-7
1163
2481
224
559
1908
704
722
2491
1813
605
2310
1868
56
2187
2736
317
2426
2595
3
1224
2763
629
809
2461
1400
366
1322
1255
-44
125
365
427
-751
-1119
-774
-1803
-2347
-2083
-2091
-3109
-2688
-2375
-3092
-3504
-3677
-3389
-3341
-3045
-2655
-3088
-3145
-3151
-2960
-2302
-2294
-2215
-1770
-1504
-1838
-1261
-995
-1223
-781
-423
-949
0
508
-1142
39
507
-74
507
1247
891
1352
925
1451
4253
1891
1790
5359
3386
2589
5855
5101
3956
5577
6655
5328
4345
5484
6365
5896
5967
5458
4422
4434
3260
2223
2188
1168
613
1567
456
-2832
-4058
-3939
-5450
-5014
-3012
-4231
-6821
-7090
-7183
-7645
-6102
-4021
-3743
-5066
-4605
-4244
-4280
-2613
-1260
-908
-338
-107
-22
192
99
162
687
1224
1238
1082
107
-1850
-2864
-2123
-1012
-1490
-1843
-3115
-5592
-5820
-4108
-3580
-3503
-2913
-3502
-4156
-3010
-1758
-1852
-49
1151
1350
2284
3353
3069
4304
5777
5980
7277
8440
7428
7194
8169
9251
10238
10542
9542
7245
6604
7227
6988
7569
7495
5336
2587
-71
-788
83
-473
-1699
-3043
-4837
-6937
-7903
-7226
-7168
-7998
-8021
-7237
-7369
-7598
-7005
-6472
-6249
-4819
-2478
-1455
-1078
-904
-1247
-361
1291
2667
3964
3573
2496
1864
1400
1225
1738
1956
1427
-284
-1418
-2726
-4011
-4385
-3827
-4623
-6039
-5641
-6407
-6870
-6424
-6032
-5741
-4621
-3494
-2932
-2405
-1551
-1266
336
2296
2983
3667
4247
4007
4207
5431
6163
6667
6945
6836
6424
6517
6632
6674
7202
7825
7935
7878
7089
5499
5611
5950
6115
6128
5599
4132
2592
1116
307
263
-182
-1249
-2433
-3062
-4395
-5796
-5943
-6201
-6974
-6255
-5967
-6096
-6188
-6688
-6885
-5892
-4258
-3495
-2171
-2002
-2558
-2636
-1174
174
914
2100
1740
1240
1037
1425
1758
1859
849
-491
-219
-103
-1562
-2134
-2912
-4981
-5671
-4572
-4984
-5350
-5479
-6808
-6954
-5990
-5021
-3836
-3125
-3621
-2854
-1871
-651
721
1502
2319
2412
2927
4105
4750
4936
5678
6015
5790
6703
7415
7195
7155
7157
7356
7055
7865
8171
7672
6699
6501
6766
7519
7343
5234
3449
2831
2374
1580
1361
600
-1584
-3542
-3880
-4466
-5116
-5977
-6631
-6855
-7103
-7188
-6884
-6803
-7311
-6939
-5708
-4117
-3657
-3330
-2582
-2504
-1635
17
1378
1828
1795
1549
1877
2544
2900
3479
3253
2032
1372
861
-929
-1499
-556
-1504
-3073
-3383
-5122
-7374
-6622
-6111
-6717
-6246
-6049
-7251
-7032
-5675
-5283
-3872
-1901
-1908
-1199
-111
-81
1111
3210
3878
4241
5074
4934
4628
5564
6725
6993
7438
7984
7024
6607
7175
7254
7834
9198
9323
7658
6365
6124
6626
7074
7827
6948
4440
2241
1203
719
122
-151
-368
-1825
-4773
-6517
-6966
-7248
-7603
-6529
-5922
-7247
-9058
-8936
-7990
-7184
-5584
-3544
-2991
-4042
-4363
-2857
-1397
-159
1959
2656
1902
996
1378
2305
3106
3718
3711
3004
1521
372
515
362
-804
-2156
-2485
-3127
-5195
-5742
-5567
-7044
-7726
-6822
-7018
-7347
-6746
-6481
-5858
-5218
-4495
-3037
-1750
-1359
-605
430
1004
1585
3232
4119
3868
4016
4407
4448
4992
6094
6313
5819
5607
5905
5901
6513
7202
6838
6459
7122
7673
7253
6710
6902
7845
7481
6507
6175
5735
3825
2613
2545
2074
464
-668
-688
-2721
-5079
-5943
-5639
-5961
-6646
-6508
-6716
-8476
-9548
-7709
-6376
-6074
-5184
-4463
-4912
-4941
-3487
-1555
-232
195
925
1083
688
1440
2588
3462
3505
3221
2921
2066
1620
1636
1506
946
-173
-1622
-2491
-2752
-3413
-4385
-4598
-5535
-6740
-6830
-6505
-6422
-5973
-5496
-5378
-5349
-5040
-3851
-2362
-1267
-597
-97
160
394
1753
3210
3793
3958
4024
3921
4025
5002
5905
5859
5505
5346
5311
5284
5927
6331
6286
5803
5288
5407
6636
7099
6224
5528
5664
6067
5873
5529
5115
4278
2729
1629
1468
1439
702
-241
-1601
-3422
-4737
-4728
-4431
-4367
-4928
-6206
-7215
-7653
-6994
-5678
-4900
-4942
-5298
-5622
-5227
-3675
-2384
-1475
-1074
-1341
-1381
-828
315
1438
1791
1691
1366
939
1107
1512
1740
1718
982
261
-533
-1330
-1363
-1128
-1782
-2691
-3575
-4491
-4960
-4904
-4384
-4303
-4744
-5171
-5185
-4879
-4081
-2930
-2000
-1951
-1883
-1188
-282
635
1981
2643
2703
2907
2983
3761
4438
4708
4967
4533
4023
4136
4355
4470
4431
4084
3683
3126
2945
3298
3423
3288
3335
2989
2615
3139
3551
3532
3499
3914
4034
3575
3498
3469
3120
2936
2936
2455
1697
1531
1093
208
-674
-744
-1242
-2163
-2447
-2975
-3483
-4245
-4516
-4242
-4490
-5149
-4896
-4618
-5095
-4834
-4054
-3849
-3910
-3624
-2830
-2659
-2473
-1497
-1068
-1058
-854
-364
104
267
553
944
598
293
517
603
354
131
45
-353
-1001
-1267
-1209
-1679
-1882
-1870
-2233
-2593
-2640
-2423
-2189
-2025
-1679
-1558
-1530
-990
-397
255
584
632
818
705
793
1350
1669
1628
1761
1374
1517
1610
1440
1605
1436
1181
1223
1444
1483
1584
1481
1280
1474
1441
1505
1644
1673
1542
1431
1789
1866
2001
2220
2262
2083
2198
2420
2698
3073
2926
2671
2291
2059
2239
2690
2826
1931
1227
736
335
316
671
426
-416
-1501
-2223
-2142
-2071
-2079
-2129
-2848
-3773
-3991
-3651
-3182
-2766
-2862
-3092
-3389
-3485
-2722
-1732
-1504
-1360
-1449
-1663
-1748
-1409
-1021
-988
-945
-1145
-1336
-1247
-1052
-928
-905
-1152
-1218
-1125
-1010
-861
-691
-813
-1023
-965
-838
-654
-523
-502
-623
-551
-494
-266
-57
-53
-68
27
37
180
428
505
537
532
567
659
815
866
942
811
914
863
935
979
970
1041
943
923
1028
1095
1053
1130
1227
1207
1260
1346
1367
1392
1432
1577
1635
1674
1702
1714
1703
1777
1825
1847
1815
1773
1748
1715
1773
1732
1708
1592
1519
1231
1301
1281
979
896
649
434
290
151
0
-241
-460
-734
-824
-966
-1113
-1323
-1495
-1671
-1787
-1767
-1846
-1892
-1979
-2041
-2106
-2067
-2085
-2021
-1984
-1990
-1900
-1919
-1870
-1670
-1614
-1515
-1382
-1321
-1249
-1124
-1008
-961
-882
-809
-705
-658
-590
-581
-540
-582
-579
-473
-443
-528
-413
-456
-561
-412
-435
-396
-298
-338
-371
-254
-315
-203
10
26
118
170
207
283
475
655
754
779
826
830
913
1066
1120
1220
1266
1251
1326
1378
1346
1418
1436
1443
1505
1463
1507
1577
1438
1534
1538
1442
1433
1459
1339
1266
1238
1062
1130
955
893
861
703
601
541
550
433
381
355
207
115
161
112
28
9
14
-146
-127
-185
-206
-265
-314
-385
-437
-425
-459
-454
-469
-569
-686
-673
-719
-736
-788
-843
-1000
-1039
-1070
-1073
-1156
-1220
-1300
-1350
-1387
-1317
-1408
-1373
-1384
-1405
-1311
-1262
-1237
-1179
-1136
-1131
-959
-839
-809
-612
-528
-509
-393
-258
-159
-49
96
82
225
242
357
482
515
573
661
657
705
906
880
879
972
933
931
1065
1027
981
1030
1082
1025
1063
1066
1013
1003
926
846
924
804
799
805
765
699
631
638
482
589
549
582
552
439
479
437
534
464
539
598
412
438
459
435
463
505
476
414
368
301
286
227
129
117
-23
-103
-137
-241
-323
-412
-461
-496
-537
-541
-662
-672
-727
-769
-694
-689
-694
-638
-707
-710
-614
-557
-541
-477
-441
-468
-439
-431
-358
-284
-262
-258
-279
-243
-308
-247
-213
-222
-241
-297
-310
-347
-316
-267
-249
-345
-332
-362
-361
-253
-213
-185
-186
-169
-206
-167
-51
-45
64
39
50
74
24
87
102
105
106
157
93
63
83
61
52
51
91
137
79
102
132
86
137
193
233
270
254
281
292
288
401
424
451
491
456
429
452
368
332
392
309
203
149
64
-50
-85
-111
-238
-292
-391
-468
-509
-544
-563
-627
-558
-643
-655
-575
-599
-506
-441
-412
-408
-344
-316
-285
-209
-216
-210
-181
-150
-146
-144
-123
-189
-177
-236
-235
-259
-318
-339
-379
-427
-440
-427
-494
-547
-563
-571
-586
-516
-548
-575
-540
-592
-563
-506
-431
-370
-374
-420
-405
-372
-355
-238
-239
-285
-210
-217
-136
-158
-96
-104
-104
-54
-34
-46
-29
13
-107
19
5
-41
-48
-39
-66
-43
-31
-43
-86
-115
-82
-98
-111
-127
-129
-156
-176
-163
-148
-168
-176
-152
-157
-190
-182
-161
-139
-160
-128
-108
-134
-95
-63
-92
-47
-83
-83
-3
4
-34
36
18
1
65
24
-3
15
0
-22
10
20
-55
3
-24
-101
-68
-8
-49
9
31
-14
22
31
5
12
21
-26
-43
-96
-97
-92
-104
-145
-113
-160
-134
-120
-107
-120
-78
-68
-90
39
49
94
170
198
207
290
385
359
420
462
457
492
524
543
484
496
503
453
476
444
375
380
272
297
269
274
188
176
163
68
95
72
47
-3
-52
-23
-15
-37
-26
-22
-59
-111
-74
-103
-121
-95
-114
-118
-105
-159
-143
-78
-108
-132
-78
-111
-120
-81
-1
7
1
50
11
15
53
82
75
76
80
5
48
-12
-1
-9
-81
-57
-69
-124
-124
-138
-243
-229
-184
-234
-292
-241
-295
-288
-226
-252
-264
-198
-176
-138
-60
-13
-19
75
74
102
161
200
268
216
276
273
249
237
272
217
165
173
135
108
89
75
71
39
11
-14
12
-22
11
32
47
47
57
104
92
123
115
171
159
177
146
114
115
98
113
114
116
77
37
25
41
24
44
44
33
7
14
13
60
48
93
81
65
92
133
177
158
200
193
207
253
235
258
249
221
245
226
217
197
218
191
145
189
127
119
127
103
62
32
21
-6
6
23
28
4
31
26
37
8
72
56
4
37
32
-9
-52
-42
-113
-144
-167
-219
-258
-343
-335
-349
-403
-395
-466
-446
-471
-473
-466
-426
-478
-420
-398
-436
-338
-346
-311
-296
-267
-232
-207
-197
-164
-172
-135
-118
-170
-147
-195
-176
-199
-187
-200
-221
-216
-225
-297
-261
-268
-278
-264
-264
-272
-260
-220
-215
-169
-180
-108
-92
-53
14
24
69
86
94
157
158
171
201
217
226
284
264
261
277
218
269
277
278
290
263
239
208
211
193
212
159
149
165
157
120
115
159
88
94
113
97
43
53
51
15
27
-20
-34
-63
-69
-44
-61
-106
-174
-145
-164
-150
-114
-139
-138
-198
-130
-178
-140
-121
-141
-99
-140
-128
-86
-94
-76
-50
-79
-85
-79
-95
-60
-55
-71
-46
-48
-66
-5
-28
-39
12
-22
-33
-9
-31
-3
-29
-30
-26
-49
-3
-6
14
39
47
46
60
102
119
154
182
200
220
203
248
255
292
326
320
356
323
314
358
361
328
339
301
294
267
247
235
170
153
80
103
102
45
32
27
-28
-13
11
-27
-18
-17
-22
0
8
-3
20
7
-6
25
-8
25
39
13
0
-22
-30
-89
-106
-126
-122
-162
-194
-200
-243
-274
-267
-260
-268
-243
-240
-297
-269
-235
-244
-207
-158
-169
-150
-108
-85
-63
-75
-44
-36
-53
-38
-58
-88
-105
-130
-118
-115
-180
-136
-127
-151
-141
-124
-142
-129
-92
-78
-55
-25
8
47
60
61
75
94
106
96
134
150
134
102
117
101
137
128
136
100
58
42
8
27
28
42
47
68
27
60
83
120
148
184
194
178
201
203
234
263
281
228
235
244
188
204
197
132
152
135
80
78
49
24
9
-14
-35
-71
-27
-77
-101
-115
-80
-53
-70
-53
-79
-66
-91
-82
-84
-92
-33
-55
-58
-56
-41
-44
-62
-60
-106
-119
-160
-163
-173
-200
-213
-230
-263
-251
-251
-276
-253
-263
-235
-235
-225
-212
-219
-220
-236
-234
-229
-255
-230
-229
-238
-220
-226
-250
-227
-238
-232
-232
-236
-220
-229
-219
-214
-226
-202
-155
-143
-107
-60
-38
-35
0
15
11
41
54
106
76
70
82
89
128
103
155
108
59
84
65
93
56
37
46
5
-71
-60
-46
-51
-32
-42
-61
-106
-121
-57
-96
-79
-17
-25
-39
7
5
-13
12
-20
-9
-17
-4
4
4
5
10
-1
-46
-89
-64
-66
-22
16
-32
-102
-200
-350
-343
-142
89
131
77
-128
-359
-316
-289
-126
-9
-1
-155
-287
-345
-335
-377
-221
-493
-2616
-1499
-395
-739
397
-406
-1219
-1906
-861
-306
456
1165
499
-296
-694
-307
-137
823
1134
1159
867
516
204
227
521
801
783
759
547
115
310
111
259
380
482
636
488
285
138
-65
40
240
598
667
692
312
102
283
318
232
377
274
-223
216
306
301
350
594
246
-127
358
73
195
485
545
269
251
141
-222
-84
50
163
-20
38
148
27
-516
123
89
-154
214
441
530
469
1518
650
220
313
-1021
-1501
-71
896
531
702
278
-984
-1468
-815
-606
-258
541
-1256
-3467
-3118
-1369
-915
279
1104
-645
-1616
-1204
-1045
-819
893
1160
299
-176
-436
-423
-393
740
771
275
-694
-1430
-574
-462
-8
886
122
-770
-516
-233
-700
170
763
340
-69
25
-412
-637
56
380
438
347
260
-15
-157
121
570
867
909
791
484
236
-5
457
857
372
505
350
-165
55
573
485
-439
151
-93
-617
384
316
15
191
-254
-342
-32
338
261
230
464
-209
-34
363
269
566
687
76
44
415
329
150
950
640
-74
90
248
193
313
491
269
-24
-392
621
533
-228
772
212
-613
5
238
-286
144
589
-579
-561
255
-330
-171
808
507
-411
-37
66
-376
829
917
113
-70
-327
-347
-606
541
568
276
323
-571
-889
-557
-214
64
930
-36
-577
-445
-1133
-846
-50
693
189
472
-369
-1069
-611
-846
262
772
220
275
-101
-985
-725
-292
-7
112
508
402
-988
-348
38
-447
241
411
-56
-437
125
9
-339
249
357
-441
-164
390
-880
-627
596
-442
-726
1087
-185
-1140
789
-530
-718
725
-372
350
767
67
-24
-220
-159
-362
-15
1121
236
51
192
-844
-1272
-257
1163
1087
834
-22
-48
-1609
-1406
1979
697
833
2065
-1757
-2470
936
456
-1132
2233
1114
-2632
870
-277
-1769
913
1110
1118
834
-1051
-1521
-1592
815
2270
441
-71
-336
-1803
-1371
1125
1189
713
952
329
-1331
-2343
376
573
564
3312
-145
-1897
-936
-1565
-830
897
2908
-301
-1445
428
-3569
-1294
2029
179
1572
585
-1360
-1634
-684
-864
813
2412
-647
979
-2107
-2586
1595
-592
272
3095
-787
-2771
1330
-1166
-2489
3597
509
-1408
3126
-2049
-2833
1041
-2061
1730
3858
-1624
333
-392
-3953
1114
2694
-1558
2184
2621
-3620
-1520
972
-1069
-198
3563
-562
-1257
-127
-1573
-915
887
419
877
325
-829
-353
-1953
187
550
683
1226
13
-1330
-1023
721
-71
-1081
1792
-293
-401
493
-1362
-446
801
-441
1267
771
-1871
-1016
591
64
271
1692
136
-2826
185
1404
-1435
1235
2487
-3141
229
1126
-3613
2754
1442
-3688
3830
177
-4592
2306
689
-2400
416
1163
-222
-1263
1841
-631
-1993
873
-1353
697
587
186
744
-1104
118
-848
-810
2009
-713
392
2664
-2258
146
-200
-1626
98
2409
1163
-2250
2277
-2328
-1844
2901
-386
-1425
1374
1716
-3051
218
2602
-3615
-391
3925
-1740
-64
1646
-979
-1124
-353
1050
65
-455
768
-190
-62
-806
453
797
-847
635
991
-1615
394
1789
-1637
440
1532
-2626
747
1493
-2801
1237
314
-1528
453
769
-1602
-278
1305
-44
-1421
825
188
-1951
2522
-120
-1295
2202
-720
-1958
1003
-1258
-245
1653
711
-1162
986
-540
-2759
199
1761
-1640
1021
1387
-2051
-325
30
-1099
339
1305
1022
274
-564
-206
-1012
-921
2480
-489
-481
2851
-2184
-2062
2172
-1395
-1869
4689
-796
-1907
2434
-2313
34
1454
-700
2178
-1049
-244
2515
-1282
-888
342
-1344
-499
912
-3
-1044
60
384
-2496
329
932
-2652
1685
588
-2446
1519
-1549
350
1442
-840
1538
626
-3002
1485
510
-1881
3658
-267
-1278
907
-1610
-1779
952
434
495
1735
-824
-1118
-1146
-1142
-7
-833
3345
417
-1509
1656
-3489
-2387
3154
318
583
2221
-722
-1733
-905
132
232
4
2277
608
-756
-570
-828
-410
-121
-102
1697
2370
-3077
905
622
-3730
2328
1686
-1371
1696
1742
-2111
-274
846
-1908
1414
424
131
658
-311
327
-1525
628
-857
-618
2979
-87
-1092
1122
-529
-3163
1830
1062
-2230
3590
50
-4216
2527
452
-4256
2340
1662
-2106
2024
506
-2962
-46
528
-2549
1759
2778
-1863
265
1086
-1728
-1447
1751
-1091
293
2528
-1114
-289
63
-1392
565
-192
-2038
1262
2025
-1152
-531
-89
-2080
421
1109
2211
-1370
-243
1307
-2765
-479
3185
-1374
-1081
3981
-3592
-248
2383
-3331
461
2925
-2368
-32
1320
-1474
-1042
997
-74
1769
-252
811
649
-1936
1421
647
-1450
2328
-175
-525
1879
-2530
-102
1415
-322
-321
1903
-536
-3107
2456
-225
-1211
2378
-689
-2098
1606
-1356
-1508
1835
-1654
-320
1733
-1406
1453
870
-1369
-476
-166
-254
1950
451
-790
1611
-2477
-1576
2611
-518
-133
3694
-915
-1529
955
-697
-355
842
-326
616
-387
-145
-379
-507
-2133
466
241
26
480
-187
1130
-3474
290
829
-2162
2681
1281
-1683
2524
-1996
-235
429
-466
1186
768
411
1238
-307
-1695
995
-3412
972
3636
-1704
1875
683
-2783
-1220
173
476
-1305
1471
477
-2595
380
-1119
-1753
33
2231
-45
1136
1000
-2298
369
312
-1499
1376
607
-1194
1153
-344
-1221
-236
518
-218
713
159
-773
151
819
-1364
255
1022
-1816
-86
1492
-1453
-61
1271
-2153
-111
1893
-2522
-992
2480
-247
93
852
243
-1815
1213
627
-40
763
-536
399
-776
-415
448
-400
359
315
90
134
1014
-1503
-706
1674
-1663
111
905
-1951
-1607
2225
-1102
-224
3522
-1195
933
509
-1057
1261
574
577
1318
689
-363
784
175
-2571
987
1482
-2948
1186
619
-1688
-574
-87
-849
139
-799
-118
2163
-1886
4
2784
-3591
-606
3172
-2739
776
2017
-1817
2115
-224
-1117
609
-823
-996
2330
819
-1129
631
-988
770
-1594
-977
3036
-1172
-365
1604
-897
-1923
1665
-486
-1794
1010
399
630
-87
-730
673
-988
-2732
922
1761
-1605
678
767
-1077
-200
-285
-125
-294
-93
2545
1642
-1293
1461
-1288
-2491
-698
3089
-725
2006
2203
-3172
-150
-2353
-734
1147
809
947
1786
-2130
-1960
-118
-1744
482
1711
730
2046
-1078
-1084
-1013
-1213
-36
1129
2174
49
1267
-1515
-539
-1230
-1732
2239
-945
1425
1029
-2300
474
311
-2289
973
1062
-2458
3314
1367
-3437
520
-494
-2687
1148
1791
-532
694
-135
-2078
-157
-1033
-55
1335
795
-64
2168
-1822
-1090
906
-1166
229
1974
866
-2432
492
658
-2278
927
1093
-1364
-471
1916
109
-4501
3230
1210
-5227
2685
2436
-5697
2801
2425
-5030
1896
2768
-4590
1750
3563
-2303
1611
1733
-3012
-900
2325
-436
-549
2003
-730
-1523
616
-720
-977
-152
1510
-842
37
721
-610
-14
-164
-1327
1461
739
-578
2135
-733
-3110
348
1023
-1436
1575
2335
-2359
60
625
-1288
756
1089
767
-812
-408
1141
-2398
894
146
-2114
748
1187
-1201
482
-126
-1894
762
1198
249
782
-644
164
1104
-714
1546
-969
-1321
2073
-1505
20
2166
-1283
270
563
-2035
-207
2042
-29
-328
1181
-1325
-2178
1460
-376
-705
1064
99
-474
-302
544
-1358
-329
582
-1042
1128
1286
-84
-661
-1100
-1116
683
-298
1205
1191
-2732
1738
-217
-4365
3589
79
-2799
3002
1278
-1370
-43
975
-1324
-1380
1898
8
-2014
3337
-1065
-3006
2911
-904
-1411
2317
593
-1624
1768
1126
-2783
139
661
-147
26
618
268
-817
471
1198
-2170
-723
2251
-1527
614
2939
-3078
-799
2328
-3443
718
2898
-1775
-3
1512
-1147
-1394
1876
-506
-1001
1119
568
-1280
-142
1714
-1519
-1209
1854
-71
-902
1239
-669
-1897
3030
384
-1706
3111
-2722
-554
2264
-1722
26
2649
-1068
-882
-36
-1502
128
822
954
-31
1251
-835
-1963
1233
-325
172
1046
-174
258
-990
361
308
-965
79
5
-244
342
1165
-521
-405
-13
-403
20
812
1464
-116
850
-120
-1342
-632
151
1031
220
458
616
-1295
-617
867
-1166
-35
1605
93
-299
474
-517
-1933
915
1851
-1486
297
1592
-3299
-121
2649
-2241
144
1556
-2044
732
592
-1485
686
114
-1202
781
794
-190
897
-1014
978
-176
-904
1652
650
-1665
690
631
-2732
1484
498
-1724
1070
-1987
348
1550
-1883
143
1556
-2993
-354
3562
-2376
-606
1125
-1561
561
1242
-1059
879
-1406
-719
3285
-2540
635
2172
-3401
-47
3458
-3761
988
3311
-4498
961
2520
-3673
403
3450
-3040
-646
3116
-2333
-1647
1530
402
-1891
429
1547
-474
-408
1327
-1351
-753
673
840
1206
-350
519
-409
-300
-298
-71
532
-201
-498
136
-629
-819
328
77
-74
-557
-97
1096
-346
66
858
189
-645
986
526
-1224
528
-85
-1874
2368
-251
-1801
2741
-3536
-515
2545
-3165
1753
2629
-3364
87
2849
-3711
-173
3962
-3357
1711
1163
-1507
1052
-2112
-686
255
-1173
1780
1246
-1355
-758
1197
-1533
-300
1074
-428
1940
-1031
349
97
-1548
-2159
2255
607
-2060
3149
328
-2590
1200
-444
-2606
2068
-94
-302
2157
-1856
-962
-1090
-18
-98
-701
2291
-1012
135
355
-1184
-1171
862
881
24
1203
-778
41
15
-974
175
-344
-767
1336
-286
1594
-1016
-1453
867
-1428
25
1876
-845
-881
51
210
-1463
862
316
-1397
711
780
-417
-924
1277
-958
-606
1616
-453
-142
1249
-197
-1521
579
-443
-49
188
541
-794
-91
462
-400
-1358
1061
455
-2411
2773
-437
-1544
823
-946
295
498
947
519
128
-270
-870
1280
-226
-1744
723
1552
-1836
1204
1354
-2377
-858
1893
275
-1019
1752
248
-1350
1834
-501
-839
-36
-60
1065
-95
221
88
-814
-38
-57
-577
-286
302
1083
624
55
-31
-825
-1141
718
-822
482
1241
59
671
-978
-537
700
-206
1030
296
781
-996
-537
-19
-871
-1584
-964
963
-49
750
1137
-1552
-37
-381
-585
330
222
788
1071
280
-231
-806
-170
315
206
415
1906
315
-1157
671
-466
-2414
423
2440
-2306
729
1660
-3641
990
825
-2316
1108
1174
-806
661
1669
-1189
-582
1132
-1236
-274
937
-29
160
296
504
-1173
-122
409
-1181
1446
-15
-1162
1552
-656
-1172
-819
71
502
452
1799
795
-1710
381
-385
-736
2359
511
-478
1394
-1562
-1304
2420
-1632
-987
2123
-773
-1359
1593
-395
-1225
1086
-356
-858
986
-972
-465
1462
-344
-83
1235
-613
-1721
2609
787
-1043
2180
-386
-1597
439
192
-1594
936
744
-1151
1002
-162
-1110
1257
-747
381
2167
-1227
-15
543
-2277
761
450
-1544
1251
-648
164
-125
-631
1958
-899
-291
1876
-1822
-539
3360
-2061
-1025
3993
-3278
-489
1899
-1560
818
485
749
-1303
-1696
784
-996
-1161
1930
700
-1271
1548
-1170
-1529
449
489
-817
1275
1453
-2216
-525
505
-1299
1219
1677
-1151
1874
430
-3062
2079
-1309
-1003
3371
-1102
-364
1337
-1545
-700
404
-2274
1216
540
-2266
2080
-1946
-1796
998
-1365
776
1335
374
-408
517
-316
-114
1042
-1088
472
807
-449
491
1125
-858
-1433
1075
-642
-254
1392
-876
-361
-213
-2038
313
129
-736
1645
830
-1731
-15
-262
-952
876
354
1020
427
-904
1146
-1952
-595
783
808
-735
967
708
-1985
-254
1335
-1141
-1102
3329
-1095
-121
1723
-1849
302
-919
611
-66
-935
792
-246
-1238
-1395
1011
-739
-1026
1333
-60
-18
-221
282
-1033
-329
283
-940
1181
211
-352
369
-268
-1939
675
1470
-2471
2250
2519
-3375
13
2685
-3740
46
2981
-2462
149
1759
-1993
-969
427
-532
-347
173
507
85
-876
1259
-1018
-1452
1753
255
-830
1963
-734
-2269
2634
-1335
-1066
2458
-884
-857
1245
668
-854
-322
1486
-1533
-989
2184
-232
-1242
1758
-1609
-2118
1460
-1266
-38
1036
-799
-367
1003
-856
-179
461
-888
-605
1809
409
-1126
1583
-363
-1207
803
81
-206
1040
1313
-1280
-267
473
305
-973
260
1322
-2422
1164
1517
-2449
-135
24
-1699
300
1952
-566
212
706
-1128
481
456
-1957
1555
1773
-370
1271
312
-1084
-1892
1586
516
-926
2235
-575
-296
-1017
-1034
1170
-1528
759
2532
-2601
79
1429
-1844
281
525
85
5
-285
419
837
-639
-228
63
-2085
-157
1477
-517
628
-37
-249
526
-227
-1108
2259
-441
-991
3512
-1534
-1497
1497
-1284
-1109
1447
274
-1202
2035
-1062
-1600
1859
-1877
-752
3111
-1805
-686
2083
-1483
-239
641
-566
57
26
-274
1022
-438
-787
561
-381
-740
558
-314
-151
1630
-1145
1184
1268
-2714
1111
789
-2238
2215
1140
-2087
660
189
-1764
876
982
-1170
-563
1127
404
-1050
-364
40
-107
673
1900
-41
-1211
340
261
-305
624
532
375
765
648
-684
-525
1365
-1618
1663
291
-1952
959
-512
-1953
819
324
-1738
2205
-500
-541
1193
-461
245
783
351
-1456
1070
851
-1237
914
108
-1311
402
1492
-263
-249
647
-588
296
-419
934
-306
-2066
1809
310
-2402
1927
309
-2984
1115
767
-1466
1103
213
-1106
293
-122
-309
983
-1261
1108
586
-1544
1888
-1308
-260
365
-762
445
1223
-567
-1066
2503
-2466
-1120
2670
-488
-639
2176
-672
-2154
1096
-1013
-720
854
-306
-40
-237
-924
-392
471
-517
-316
1008
-184
-1187
677
1347
-2431
644
1593
-1650
765
755
806
-982
-144
637
-299
366
-137
-416
-224
48
-153
-510
118
-317
-36
591
-1115
210
1306
-1535
29
896
-900
439
560
-232
-672
-132
36
582
-372
51
348
659
-266
330
793
-2066
819
691
-714
845
-628
-1064
796
-335
-1585
1178
868
-586
-216
762
-1291
-1550
1918
-578
29
1312
-432
-775
787
328
-703
2218
-1474
-122
2194
-2260
750
929
-1601
-468
1486
-666
808
42
-1058
932
-1579
965
832
-922
486
487
-2039
731
723
-2134
1521
321
-1796
1195
-191
-683
1117
-600
-249
550
246
-877
555
1034
-1778
379
481
-1683
239
277
179
-235
-664
637
-1349
-11
1294
-57
-951
881
-135
-1764
717
114
-283
370
592
-562
-20
47
-604
424
-6
-355
63
1404
-1670
-394
1753
-2701
-189
2368
-1521
-551
1923
-1533
-1253
1011
-464
-300
684
258
781
-128
-627
-527
-544
988
37
1216
710
-2134
1100
-284
-1199
1627
-915
59
383
-431
-212
458
-394
-660
1597
-1828
688
1500
-1453
543
-152
-1410
-580
-237
417
756
270
-227
-561
-1402
602
649
114
1240
-310
-886
910
-319
-654
1602
-963
352
893
-159
-886
78
528
-1579
226
636
-389
-200
931
-626
-416
-206
-798
841
-679
-30
741
-262
144
-363
-83
-519
48
574
674
-115
-236
613
-1187
-158
49
216
773
641
-175
713
-1009
-1274
879
-481
40
1120
-419
-941
382
-1015
-601
740
-606
495
183
-1049
446
849
-1154
628
170
-622
941
80
206
183
-998
-31
34
-447
724
269
-995
1482
-2
-1140
511
15
-322
889
717
-608
549
-536
-267
104
-681
810
73
-772
332
-930
-1126
1577
-960
-893
1887
-1126
412
1243
-610
-501
1475
-382
-418
1817
-976
273
988
-48
-586
12
431
-299
84
-223
126
-239
-870
676
-831
-771
66
379
-245
-757
54
499
-183
-554
613
494
-809
-62
1072
-196
-890
392
5
-948
721
713
-1430
-375
684
-517
-591
1358
-273
-792
1986
-1426
460
570
-1767
622
1167
-829
129
1300
-2255
-711
1736
-942
-165
717
-983
-377
783
-493
324
-474
-312
1246
-1007
223
1123
-1344
-360
1546
-785
306
2025
-1388
-44
1184
-993
-271
1404
-919
-101
1156
-1648
-319
580
-647
-92
1745
-1324
-882
1788
-1080
169
1187
-132
-357
762
-134
-497
388
160
-338
411
75
-1318
650
314
-889
1153
-2
-1176
28
1079
-839
-113
1368
-758
-622
469
219
-1028
370
396
-90
-522
330
-330
-928
717
-693
889
397
-641
-148
515
-317
-470
1667
-610
-822
1260
-107
-617
606
-475
-428
721
-66
-6
151
-178
-1319
604
1011
-1644
1362
648
-1158
264
405
-738
485
393
-1220
1187
-309
-886
372
-306
-611
221
908
348
-776
435
365
-1238
496
-141
-872
730
-80
-335
-250
439
-516
348
-122
-1058
909
45
-364
426
502
-1497
339
1427
-1193
686
1370
-1677
-33
1859
-1585
-756
1774
-1371
-249
1452
-923
-803
314
-436
-31
61
234
124
-477
-93
-366
757
-542
-48
1170
-236
-132
323
501
-1115
540
1460
-1636
660
460
-1082
-224
-207
-446
-596
255
-811
544
45
-630
248
-333
-282
-38
958
-241
12
553
-349
-751
3
1130
-671
140
802
-925
-595
1264
-485
-521
866
-78
120
-545
149
283
-1051
-78
516
-697
-412
528
-453
-992
326
136
227
-714
553
593
-441
580
154
143
-224
428
75
228
-140
-363
744
-123
-726
11
-329
-579
228
598
-377
-442
-76
-99
-539
813
114
-811
985
-283
-282
950
-771
-35
414
-1207
724
734
-43
1119
-240
-541
443
293
98
1050
-99
-396
-85
-959
6
-33
-414
368
-284
54
65
-162
202
-415
-8
-470
106
1156
134
-719
718
-1134
-409
1215
-432
596
91
-592
-288
-264
338
-192
223
480
-295
591
-331
-461
18
207
-376
556
691
-1113
309
41
-494
-323
-244
230
-109
-383
266
-281
-468
398
-189
151
-845
-134
596
-276
483
440
-1193
33
618
-76
903
293
140
38
-832
-12
-59
-477
416
779
-495
-209
3
-1181
98
87
333
14
132
-217
-947
-25
244
-915
447
790
-1493
735
824
-1197
960
385
-402
377
322
-159
552
401
-357
203
-457
-659
138
108
178
219
-627
-854
87
-543
-139
169
-510
137
128
-310
161
218
-791
1124
418
-1309
965
670
-444
769
241
-712
201
421
369
531
-329
103
136
-362
91
-80
-104
-52
-105
180
-373
-116
-102
-481
510
-247
331
399
-648
49
411
-154
-141
550
-337
63
526
-412
-20
-545
136
451
157
418
-555
-213
299
86
-141
561
15
-1203
583
-293
-728
807
-975
-264
197
-806
432
-92
-494
199
1
-393
346
99
-330
282
-226
-41
145
-154
-121
-252
-149
-304
291
370
-355
-135
21
-360
-247
541
250
208
-252
141
-199
-941
654
-45
-181
662
-197
-658
-381
244
-342
-522
477
-162
-115
0
-278
-417
21
67
430
669
171
219
655
-121
-514
105
642
106
49
786
-527
-1103
339
-221
-913
370
292
-373
251
-108
-674
-165
-429
81
671
306
185
848
-841
-830
732
-461
-255
1307
-204
-609
-113
-551
-250
111
389
451
155
-204
-17
518
-120
175
814
-1011
84
1005
-827
338
592
-1469
-247
743
-298
461
293
-483
271
208
-426
268
465
-908
116
929
-493
-176
391
-991
-886
712
470
78
508
166
-548
-20
561
-122
458
537
-211
430
144
-976
181
-53
-686
579
-137
-234
-218
-273
-196
-553
-428
371
178
-299
365
-133
-310
412
-248
-356
136
631
-142
124
524
-1114
-357
284
-311
-32
793
-273
-530
378
-751
-624
830
264
-653
817
150
-1206
-75
659
-919
60
682
-475
116
195
-460
-690
-193
-33
170
400
-52
246
-355
-482
320
362
283
296
624
-252
-592
438
-205
-368
387
-371
109
80
-727
57
-402
-732
536
184
-736
187
107
-761
478
207
-49
608
-23
-3
100
-253
241
222
220
155
-470
-138
-5
-83
238
-40
-341
129
-93
-411
234
-174
-309
327
197
101
-400
141
-233
-654
237
336
-451
47
341
-746
-48
-31
-859
-161
398
-130
-29
209
-513
-539
-39
302
-57
132
552
-549
132
265
-707
-297
229
248
34
478
-11
-650
-328
488
-314
108
1076
-447
-62
580
-610
-501
441
-141
-56
700
-189
-277
-287
-192
-359
-49
423
-247
497
399
-518
-298
180
-295
367
337
-3
322
-44
-214
-76
-379
-124
-115
79
593
-442
-432
385
-855
-263
464
-119
95
115
191
-125
-325
-499
297
41
33
540
117
-636
-147
414
-494
150
572
73
184
54
90
-622
-125
728
67
356
136
-572
-13
-265
-746
708
411
-941
693
314
-1518
272
825
-744
228
694
-679
-179
440
19
271
181
145
56
-221
62
70
7
299
42
82
27
-446
218
112
-6
438
36
-147
196
16
-198
161
-265
-19
176
-501
352
-107
-298
258
-256
-132
197
52
124
188
-248
465
112
-365
478
-47
-169
444
232
-221
372
-83
-966
413
-11
-285
859
-330
-532
362
-524
-232
797
74
-40
442
27
-752
19
358
-313
47
576
-127
-345
323
-127
-570
255
-4
-58
264
-142
-70
47
-45
369
49
-312
313
-115
-300
401
255
-593
92
318
-565
31
217
-355
-76
3
-105
256
-138
-456
160
-25
-258
586
229
-27
167
-191
161
13
-190
404
35
-354
376
26
-402
93
-63
-318
319
361
-38
-31
125
-86
112
-8
-203
240
-204
72
385
-100
-309
-379
-197
-113
150
367
246
-553
-269
106
-385
308
361
-16
137
-75
-374
-24
-210
-236
325
118
-38
47
-64
-152
-176
159
21
244
180
-163
53
-403
-155
74
-117
19
423
43
-122
143
-283
-421
144
345
-195
96
352
-486
-626
321
-154
-564
685
169
-342
196
-127
-434
-96
116
-27
132
256
92
-386
-47
113
-596
284
444
-323
150
82
-552
-114
-94
-292
272
170
-198
-182
-184
-562
-245
341
-123
47
188
-185
-362
-11
-92
-109
57
105
-38
-182
-59
-138
-285
-127
28
-219
-42
-25
-223
-222
-219
7
-178
-101
126
-189
-18
40
-452
-106
-57
-572
322
176
-404
189
-14
-350
-118
90
-60
87
220
173
-324
-153
59
-335
14
163
-17
-233
-141
138
-94
-411
47
32
-544
275
304
-324
-195
-201
-244
-379
-76
172
92
-232
92
159
-271
-157
-263
311
-49
-77
538
-84
-586
-36
182
-362
13
419
2
-297
48
88
-401
-48
476
-392
6
446
-220
-67
100
-323
3
82
-3
426
62
-276
210
121
-479
172
390
-183
-10
352
71
-287
5
76
-144
-16
294
270
-47
-39
128
-110
-155
95
198
173
-60
106
253
-517
-171
548
-332
-101
626
-250
-294
288
-76
-142
238
141
203
16
-61
216
52
-113
76
236
-290
-110
252
-124
-207
-11
126
31
-166
215
18
-560
168
370
-490
-139
585
-292
-427
580
-175
-479
584
32
-173
299
-150
-263
386
-218
-292
461
-196
-416
481
-225
-741
372
-3
-485
334
177
-452
-75
216
-30
82
75
-48
20
-119
155
93
-69
-42
-162
-171
-189
204
77
-183
49
1
-142
-122
-33
88
-67
-122
241
-182
-436
27
35
-294
12
211
-419
-186
108
-292
-102
149
-45
-80
-166
-242
62
7
59
257
74
-157
-200
34
169
125
458
159
-218
-44
-63
-167
160
341
-139
25
194
-309
-254
149
35
4
225
-137
-91
187
11
112
225
120
-37
382
210
-295
312
198
-261
297
316
-196
37
314
130
-25
170
149
-193
41
254
-21
33
12
-98
-123
-71
84
110
1
54
141
-68
-42
6
22
161
353
79
52
107
-230
-23
169
-25
143
285
-232
-171
128
-392
-186
488
-82
-211
382
-130
-482
144
169
-218
271
371
-396
-128
160
-313
-196
341
-75
-201
-93
4
-847
-999
-466
-353
-56
211
296
-62
-332
-326
-52
278
-99
-71
162
-570
-664
-30
-134
-640
-94
54
-786
-570
-59
-431
-583
-353
-333
-534
-298
-87
85
-76
