61
52
33
23
18
14
30
40
34
7
-40
-70
-72
-73
-67
-51
-43
-55
-71
-101
-123
-110
-88
-69
-61
-66
-88
-107
-128
-134
-111
-64
-34
-23
-50
-90
-105
-103
-83
-63
-45
-29
-57
-78
-100
-132
-142
-137
-121
-101
-84
-84
-91
-92
-91
-89
-64
-15
6
24
20
-10
-32
-14
11
36
69
80
60
13
-31
-43
-20
25
52
56
23
-24
-54
-58
-40
-18
9
17
-9
-52
-78
-88
-64
-25
0
3
-18
-35
-70
-63
-60
-50
-19
-28
-31
-36
-41
-33
-39
-40
-18
-6
25
4
-41
-61
-75
-50
-19
-8
-18
-35
-37
-48
-44
-44
-58
-28
-16
-13
-5
-10
-13
6
25
37
36
41
57
45
34
28
28
65
64
67
68
7
-20
-7
33
69
68
43
0
-18
-13
0
23
42
42
30
13
-9
-1
0
-4
8
-5
-2
13
18
3
-29
-42
-43
-38
-1
22
-9
-22
-57
-86
-73
-68
-54
-58
-71
-89
-110
-112
-118
-93
-52
-41
-43
-65
-83
-93
-95
-92
-91
-87
-84
-83
-119
-144
-127
-91
-58
-49
-60
-98
-120
-108
-91
-67
-58
-59
-78
-89
-106
-121
-108
-84
-68
-101
-117
-142
-132
-121
-124
-98
-111
-74
-55
-95
-102
-136
-137
-82
-43
-24
-29
-55
-84
-104
-71
-20
5
25
-10
-61
-100
-106
-60
-44
-17
-17
-60
-63
-63
-62
-50
-47
-22
-37
-33
-14
-15
27
6
7
17
19
44
72
71
72
66
39
56
73
100
101
71
61
35
67
101
123
152
139
122
103
115
119
144
159
158
171
129
139
120
100
100
96
96
82
99
97
85
82
87
61
89
104
111
116
112
125
79
100
113
86
105
86
84
85
74
59
27
46
70
71
63
49
37
53
40
45
59
52
67
43
25
35
37
56
68
49
29
17
12
2
35
64
47
55
29
16
52
43
35
25
6
-1
-2
11
-1
4
40
13
-5
-11
-47
-34
-31
-51
-68
-107
-100
-84
-79
-68
-78
-96
-114
-134
-131
-153
-146
-148
-179
-178
-218
-209
-194
-191
-176
-196
-212
-214
-207
-155
-129
-124
-115
-124
-125
-137
-127
-87
-68
-43
-26
-41
-34
-50
-43
-27
-26
2
-7
-17
-46
-66
-58
-29
-6
0
18
0
-5
-13
-17
2
-6
12
14
-14
-4
-12
-12
26
27
35
37
20
44
19
18
36
11
30
13
-1
-7
-39
-26
-56
-76
-85
-82
-49
-43
-64
-99
-124
-107
-62
-39
-10
-28
-58
-71
-84
-62
-16
15
10
-12
-17
-43
-2
34
58
56
22
23
34
61
62
45
48
74
98
104
77
76
74
78
85
71
54
59
61
54
58
47
26
46
81
78
75
61
37
41
12
-21
20
48
65
87
45
4
-23
-47
-20
24
60
43
-1
-55
-98
-86
-59
-57
-38
-36
-59
-77
-119
-133
-146
-140
-95
-83
-94
-97
-113
-133
-143
-124
-74
-75
-64
-83
-145
-149
-170
-132
-114
-118
-94
-140
-152
-166
-207
-194
-155
-136
-141
-205
-212
-219
-184
-97
-120
-117
-101
-134
-117
-118
-87
-62
-50
-25
-50
-43
-31
-31
-13
-27
-27
-2
4
15
-26
-63
-42
-37
-14
-5
-13
-24
-25
8
-10
-3
-3
-36
8
-1
26
45
14
32
8
5
22
9
40
42
10
4
-29
-15
0
2
50
30
28
29
-18
31
18
55
82
27
62
22
32
89
41
85
65
34
78
81
101
82
30
28
14
65
129
96
124
88
51
101
101
153
123
80
103
54
92
114
126
129
89
69
54
79
137
143
124
117
89
109
84
77
107
79
123
112
92
95
46
71
80
47
24
23
35
36
-3
-55
-45
-32
52
75
50
0
-61
-43
-40
8
57
43
-12
-72
-116
-114
-70
-41
-68
-106
-163
-172
-193
-194
-164
-157
-138
-130
-146
-195
-233
-227
-187
-144
-127
-102
-117
-116
-128
-135
-76
-111
-57
-46
-45
-45
-122
-125
-155
-124
-65
-13
-41
-52
-97
-129
-107
-116
-46
-43
-22
-45
-110
-114
-110
-51
-54
-53
-65
-89
-85
-73
-81
-101
-118
-108
-64
-80
-65
-108
-104
-98
-116
-69
-139
-135
-141
-103
-72
-99
-92
-133
-133
-106
-96
-73
-67
-100
-117
-159
-161
-96
-63
45
-1
-41
-75
-134
-57
-13
53
65
-3
9
-23
12
95
87
136
135
96
89
73
104
162
152
172
115
82
143
117
143
127
90
137
121
142
144
79
103
98
100
195
186
218
199
107
120
77
126
171
119
111
32
-9
-1
43
67
110
48
58
14
-53
31
-62
16
16
-27
-3
-123
-91
-101
-74
-31
-53
-74
-132
-126
-127
-95
-89
-35
-67
-96
-75
-175
-106
-130
-76
-80
-123
-74
-145
-73
-156
-112
-67
-97
-4
-96
-75
-131
-129
-73
-82
-49
-121
-130
-172
-156
-167
-169
-115
-121
-66
-209
-183
-232
-186
-54
-98
-27
-192
-170
-157
-154
-51
-74
-3
-42
-61
-110
-117
-60
-15
84
-14
-10
-69
-15
47
12
51
-17
-15
-14
11
-32
-29
-59
-83
-44
-152
-65
-110
-79
-38
-144
-92
-118
-13
50
-15
-11
-59
-74
-18
-13
0
9
-10
25
-35
-33
17
21
73
41
35
43
5
107
87
55
64
-8
20
-6
-16
30
-43
20
-51
-104
-19
-8
58
62
-51
-21
-21
22
100
3
41
4
-31
85
-38
-16
-31
-57
69
1
33
62
-77
-12
-7
38
132
81
92
-44
-78
53
62
143
152
33
25
-37
37
140
121
222
147
113
111
97
168
150
207
212
165
184
132
128
146
172
241
260
233
203
116
146
196
175
198
53
4
-24
-51
1
-47
-21
-27
-42
-77
-85
-135
-77
-9
-54
-23
-110
-57
-101
-123
-74
-208
-138
-103
-200
-234
-389
-413
-338
-314
-232
-279
-385
-355
-454
-388
-350
-368
-223
-334
-329
-373
-501
-375
-401
-295
-177
-220
-161
-252
-294
-224
-232
-71
-17
-21
0
-100
-119
-88
-36
83
78
44
57
-61
-36
-27
-53
60
81
126
159
115
121
93
131
225
289
406
386
327
260
199
260
388
513
600
587
423
358
304
367
486
512
476
357
250
162
121
137
208
220
214
161
-5
-27
-123
-86
9
-31
97
-43
-70
-193
-294
-178
-162
-31
-91
-164
-252
-294
-315
-256
-238
-178
-158
-231
-212
-378
-333
-344
-344
-219
-385
-324
-471
-514
-411
-511
-354
-439
-406
-373
-441
-347
-382
-378
-310
-348
-315
-196
-236
-127
-191
-219
-109
-214
-14
-32
-51
14
-181
-53
-81
-8
171
103
197
121
145
233
283
342
379
343
351
423
358
473
420
485
555
456
571
466
631
640
646
696
500
641
706
788
788
730
640
640
693
734
764
614
728
550
518
542
434
585
406
455
399
262
348
236
190
120
27
-6
-51
-163
-224
-352
-477
-465
-586
-483
-573
-620
-718
-911
-961
-1065
-975
-1010
-1084
-1153
-1339
-1429
-1486
-1447
-1449
-1517
-1560
-1658
-1733
-1775
-1757
-1764
-1705
-1701
-1661
-1669
-1651
-1523
-1503
-1427
-1417
-1350
-1218
-1153
-984
-906
-829
-721
-583
-417
-250
-55
94
214
294
394
478
589
728
880
1050
1132
1142
1158
1169
1291
1453
1595
1697
1719
1739
1740
1812
1915
2098
2304
2413
2493
2516
2499
2563
2777
2983
3112
3107
3063
2983
2956
3011
3012
2932
2879
2749
2635
2423
2150
1882
1539
1352
1138
854
459
-37
-425
-785
-1034
-1282
-1647
-1962
-2279
-2562
-2809
-3025
-3269
-3399
-3481
-3525
-3597
-3670
-3665
-3732
-3658
-3631
-3554
-3427
-3370
-3213
-3204
-3150
-3065
-3008
-2921
-2814
-2685
-2604
-2555
-2524
-2491
-2483
-2353
-2191
-2026
-1855
-1790
-1680
-1603
-1435
-1182
-982
-725
-526
-320
-150
-48
191
444
682
983
1143
1298
1469
1596
1782
1905
2036
2220
2316
2446
2531
2564
2677
2740
2838
2920
2905
3030
3077
3088
3149
3142
3214
3272
3281
3350
3274
3297
3423
3384
3396
3347
3405
3568
3612
3740
3710
3642
3721
3465
3160
2718
2304
2146
1832
1557
936
95
-504
-1054
-1272
-1474
-1790
-2133
-2706
-3227
-3576
-3928
-3862
-3742
-3680
-3623
-3878
-3910
-4006
-3930
-3642
-3615
-3401
-3320
-3282
-3169
-3192
-3033
-2914
-2750
-2459
-2343
-2228
-2116
-2128
-2058
-2101
-2041
-1884
-1801
-1495
-1424
-1446
-1385
-1400
-1192
-1038
-768
-547
-451
-278
-278
-208
-96
131
478
756
930
928
866
834
988
1202
1436
1510
1460
1268
1069
1082
1046
1182
1146
1055
857
569
566
411
481
406
275
199
63
134
122
113
15
-27
-49
94
237
338
389
349
512
572
821
1136
1352
1651
1747
1892
2015
2246
2603
2838
3007
3079
3188
3291
3350
3470
3593
3742
3828
3887
3940
4044
4096
3995
3701
3422
3231
3158
3058
2507
1819
1268
842
563
185
-232
-852
-1359
-1614
-2084
-2408
-2698
-2965
-3091
-3295
-3415
-3563
-3722
-3617
-3658
-3743
-3806
-3862
-3704
-3719
-3724
-3711
-3847
-3694
-3568
-3481
-3379
-3380
-3263
-3252
-3229
-3199
-3237
-3013
-2862
-2771
-2683
-2691
-2549
-2362
-2154
-1901
-1810
-1543
-1280
-1110
-864
-797
-470
-167
133
486
599
781
899
1056
1299
1436
1646
1836
1814
1842
1764
1748
1855
1815
1945
1792
1564
1480
1169
1169
1017
994
1040
834
841
682
619
745
840
1023
1153
1263
1466
1599
1751
1933
2082
2331
2503
2688
2837
2939
3035
3083
3207
3374
3663
3871
3969
4008
4010
4142
4291
4333
4192
3703
3204
2823
2497
2412
2016
1404
648
-288
-690
-1114
-1171
-1278
-1756
-2281
-2987
-3403
-3558
-3487
-3249
-3191
-3323
-3440
-3656
-3716
-3601
-3538
-3296
-3324
-3247
-3242
-3400
-3244
-3289
-3110
-3030
-2964
-2769
-2764
-2679
-2723
-2815
-2828
-2794
-2661
-2471
-2362
-2211
-2168
-2138
-1973
-1900
-1527
-1312
-996
-692
-643
-359
-379
-194
99
387
890
1008
1127
1103
921
1133
1222
1395
1712
1652
1668
1408
1113
1179
936
1152
1189
992
985
515
387
197
-27
173
49
162
276
51
170
19
153
472
570
1034
1202
1378
1613
1593
1807
1969
2275
2796
2980
3162
3122
2901
3048
3184
3491
3783
3815
3932
3816
3856
3977
4132
4454
4637
4474
3979
3320
2787
2634
2607
2504
1948
1004
165
-590
-861
-925
-1014
-1325
-1926
-2634
-3267
-3618
-3549
-3329
-3238
-3248
-3501
-3766
-3853
-3848
-3643
-3635
-3570
-3528
-3632
-3590
-3632
-3584
-3552
-3485
-3338
-3276
-3168
-2999
-2967
-3005
-3066
-3116
-3020
-2812
-2493
-2283
-2205
-2129
-2076
-1877
-1633
-1226
-864
-580
-315
-221
-50
165
505
919
1158
1372
1346
1219
1318
1392
1642
1699
1602
1501
1193
1203
1181
1175
1203
977
788
462
286
290
227
210
112
-122
-244
-283
-152
37
117
288
277
360
504
705
1030
1280
1620
1709
1892
2064
2357
2644
2825
3043
3017
3103
3187
3345
3524
3612
3707
3741
3642
3762
3958
4146
4447
4388
4451
4196
3769
3346
2755
2725
2681
2534
2015
942
107
-515
-784
-715
-856
-1134
-1761
-2540
-3036
-3523
-3563
-3328
-3235
-3077
-3399
-3647
-3870
-4071
-3860
-3888
-3784
-3679
-3710
-3627
-3838
-3890
-3900
-3916
-3609
-3455
-3254
-3100
-3160
-3155
-3330
-3359
-3154
-2951
-2549
-2328
-2203
-2101
-2115
-1868
-1659
-1269
-789
-456
-94
-59
113
243
452
789
1029
1322
1459
1521
1473
1293
1216
1289
1368
1588
1576
1535
1284
909
806
632
741
789
670
475
-13
-231
-369
-374
-224
-195
-207
-279
-299
-172
-57
139
439
592
891
1004
1203
1445
1654
2024
2141
2225
2281
2341
2666
2789
2969
3015
2902
2989
3193
3448
3727
3800
3930
4069
4086
4350
4434
4583
4755
4512
4054
3190
2948
2957
2876
2733
1930
844
-55
-583
-702
-812
-867
-1125
-1870
-2602
-3190
-3634
-3522
-3299
-3004
-3133
-3564
-3765
-4068
-4012
-3940
-3801
-3661
-3673
-3505
-3570
-3685
-3695
-3670
-3535
-3445
-3274
-3059
-2972
-2913
-2973
-3164
-3200
-3106
-2750
-2385
-2186
-1964
-1969
-2028
-1918
-1703
-1219
-796
-341
-84
-165
-134
6
215
666
1038
1349
1467
1307
1364
1193
1244
1546
1631
1827
1625
1410
1201
860
855
797
608
576
274
168
-7
-278
-228
-515
-504
-365
-375
-97
-150
-37
5
-53
287
482
815
1149
1329
1514
1565
1624
1839
2002
2329
2665
2778
2758
2719
2739
2862
3067
3444
3692
3632
3691
3520
3501
3744
4025
4414
4361
4368
4287
4160
3750
3242
2950
2951
2972
2749
2127
927
73
-411
-537
-594
-773
-946
-1751
-2383
-2927
-3303
-3422
-3458
-3098
-3297
-3502
-3735
-3902
-3999
-4113
-3969
-4025
-3955
-3765
-3656
-3785
-3962
-3979
-3962
-3859
-3648
-3330
-3188
-3057
-3036
-3160
-3219
-3165
-2737
-2371
-2098
-1961
-1866
-1703
-1591
-1253
-1011
-672
-194
90
207
51
178
442
794
1160
1280
1332
1269
1337
1431
1410
1491
1458
1316
1096
881
785
799
712
587
205
-111
-157
-117
95
24
-46
-247
-470
-400
-360
-33
262
517
681
578
598
736
1044
1430
1657
1798
1820
1784
1880
1970
2153
2384
2582
2686
2695
2780
2911
3079
3272
3417
3631
3889
4202
4466
4568
4713
4800
5141
5195
4635
3897
3339
3383
3482
3305
2685
1309
236
-430
-618
-633
-705
-954
-1744
-2680
-3304
-3745
-3835
-3614
-3366
-3346
-3749
-3953
-4022
-4150
-4090
-4142
-4016
-3978
-3837
-3580
-3726
-3761
-3859
-3840
-3750
-3643
-3207
-2945
-2874
-2911
-3134
-3296
-3323
-2977
-2549
-2274
-2067
-1925
-1962
-2018
-1761
-1412
-955
-551
-243
-199
-307
-195
18
377
657
1000
1029
1052
1001
1022
1110
1057
1345
1268
1215
1095
873
839
528
541
458
287
260
125
90
-84
-209
-249
-256
-225
44
182
355
453
417
572
580
976
1348
1608
1882
1901
2040
1943
2001
2158
2394
2633
2825
3024
2993
3015
3064
3337
3326
3420
3683
3698
3977
3999
4220
4160
4035
4169
4189
4366
4492
4267
3608
2897
2657
2578
2277
1908
1203
278
-342
-865
-1027
-1232
-1545
-1784
-2590
-3057
-3545
-3772
-3759
-3873
-3701
-3938
-4149
-4169
-4214
-4094
-4137
-4168
-4109
-4225
-4084
-4001
-3956
-3860
-3919
-3863
-3864
-3758
-3379
-3167
-2966
-2963
-2992
-2956
-2926
-2527
-2231
-2026
-1709
-1604
-1334
-1162
-951
-530
-510
-305
-142
-7
372
543
859
807
653
742
777
1085
1351
1391
1367
969
792
756
676
839
803
733
597
259
263
108
118
239
108
142
15
39
210
109
339
382
502
748
799
1153
1233
1445
1653
1601
1818
1838
2012
2247
2250
2501
2539
2533
2676
2659
2964
3224
3351
3567
3382
3463
3656
3885
4279
4347
4563
4626
4656
4823
4704
4409
3752
3198
3162
3064
2900
2542
1599
509
-416
-930
-1192
-1337
-1201
-1572
-2304
-3082
-3620
-3887
-4111
-3976
-3842
-3976
-4071
-4163
-4233
-4410
-4405
-4338
-4367
-4398
-4251
-4110
-3991
-4002
-3987
-4034
-4191
-4022
-3727
-3417
-3226
-3073
-2972
-3092
-3114
-2954
-2797
-2578
-2130
-1778
-1432
-1358
-1342
-1230
-1395
-907
-494
63
478
421
557
195
306
612
879
1346
1340
1454
1278
1005
1032
938
928
997
963
1002
920
776
840
635
539
521
398
657
635
854
950
705
833
690
889
1149
1347
1838
1799
1887
1864
1730
1870
1978
2354
2535
2661
2785
2780
2732
2828
3005
3181
3374
3416
3751
3718
3671
3849
3786
4032
4067
4447
4724
4720
4926
4297
3431
2650
2557
2929
2895
2842
2006
701
-566
-1315
-1514
-1640
-1491
-1663
-2207
-3031
-3569
-3843
-4244
-4255
-4315
-4167
-4207
-4108
-3847
-4043
-4135
-4430
-4507
-4529
-4453
-3929
-3666
-3549
-3691
-3887
-4062
-4177
-3868
-3494
-3159
-3038
-2854
-2947
-3064
-3124
-2934
-2476
-2359
-1863
-1647
-1504
-1329
-1374
-1003
-949
-577
-120
53
327
481
768
733
630
743
876
1118
1387
1467
1399
1223
879
828
629
660
1043
1265
1486
1267
1025
847
600
721
974
1302
1608
1661
1671
1349
1054
1093
1314
1690
1995
2148
2317
2207
2110
1960
1785
1788
2053
2378
2674
2759
2979
3234
3201
3307
3248
3624
4617
5555
6725
7620
7085
6163
6738
7529
7296
6017
2474
-2008
-2628
-775
-1448
-2826
-2413
-2141
-3694
-5660
-6111
-5887
-3884
26
2013
249
-2357
-2192
-1996
-3314
-2911
-1098
-610
-858
-1126
-3200
-5943
-5975
-4168
-3916
-4095
-3674
-3367
-4196
-5386
-5845
-6254
-5651
-3780
-2827
-3074
-3372
-2950
-2916
-3489
-2883
-1894
-791
-222
-530
-1282
-2394
-2630
-2338
-1682
-696
9
348
-345
-987
-848
-177
829
1660
2001
1378
-131
-989
-955
-456
480
1223
1436
831
196
-103
-53
926
2212
3044
3032
2386
1498
790
407
902
1804
2544
2712
2544
1901
1177
1323
2404
3392
3977
4616
5063
4813
3973
3467
3262
3440
3446
3308
3296
3494
3186
2399
2705
3117
2948
2773
3642
5343
5877
6144
6312
6148
5453
4681
5677
6221
5124
1014
-4434
-5833
-3974
-2772
-3489
-3524
-3117
-4140
-4618
-4744
-4904
-2916
-21
1704
455
-1848
-3012
-3625
-3730
-3811
-3071
-2270
-2759
-3431
-5040
-6366
-5785
-4291
-3196
-3153
-2844
-3205
-4058
-4242
-4509
-4370
-3538
-2502
-2240
-2414
-2404
-2214
-2033
-1521
-1368
-1027
-553
-913
-1290
-1570
-1652
-1788
-2174
-2707
-2637
-1386
-149
-92
-136
-170
337
969
637
302
286
90
-561
-983
-760
-434
68
264
-252
-208
281
945
1601
1900
2332
2486
2228
1077
196
295
572
1177
1608
2003
2046
2057
2284
2177
2976
3986
4811
5273
4510
3893
3112
3220
3464
3071
2751
2871
3342
3403
3511
4539
4980
4621
4834
4551
3785
3427
4687
5911
5983
6167
6034
5498
5283
4566
4812
3658
-1274
-6032
-5710
-2724
-2747
-3391
-3010
-3935
-4452
-4603
-4789
-3796
-1636
610
896
-186
-1963
-3640
-3867
-4339
-4114
-3270
-3093
-3329
-4342
-5758
-6365
-5434
-3750
-3094
-2627
-2339
-2861
-3271
-3911
-4056
-4089
-3251
-2298
-1957
-2130
-2043
-1724
-1853
-1765
-1824
-1625
-1365
-794
-487
-749
-1676
-2842
-3426
-2719
-1754
-458
490
503
48
-593
-123
-63
159
540
461
410
-252
-1022
-1299
-1279
-411
-73
583
623
359
698
666
1565
2173
2294
2079
1245
551
156
522
917
1161
1551
2146
2572
2796
3397
4325
4780
4209
3767
3445
3410
3339
3034
2320
1921
2222
2582
2473
2118
3547
4921
5814
5134
4798
4931
6037
6685
6810
5685
5228
4670
4762
4892
5128
6256
3310
-3096
-8919
-7637
-3720
-2094
-1402
-1357
-1897
-2899
-4536
-5670
-5581
-2781
824
2273
1302
-2234
-4822
-5822
-5783
-4965
-3608
-1874
-1497
-3291
-5579
-7169
-6166
-4295
-2805
-1816
-1701
-2036
-3308
-4069
-4594
-4371
-3417
-1928
-1156
-1278
-1618
-1853
-1884
-1965
-1918
-1957
-1151
-769
-775
-1573
-2177
-3015
-2610
-1794
-1552
-145
160
1307
321
-270
-1038
-1255
-23
-359
-45
-247
-258
-237
-906
-907
-887
-222
772
1010
1218
991
769
1304
966
987
854
1016
1352
882
1151
1164
1945
2348
2422
3391
3970
4449
4131
3615
3554
3421
3387
2573
2143
2154
2211
2842
3120
3054
3328
4302
5684
6042
5945
6381
5354
5448
4666
5503
5809
5967
7464
6562
7175
5505
5021
1004
-5413
-8197
-7060
-2058
-563
-936
-1439
-3450
-4710
-5820
-5072
-3124
-926
2028
1871
344
-2825
-5683
-5722
-5362
-4001
-3047
-1990
-1995
-3968
-5679
-6897
-6082
-4053
-2416
-1284
-1675
-2343
-3342
-4322
-4742
-4817
-3909
-2712
-1540
-1173
-1557
-1581
-1658
-1670
-1563
-1149
-522
-541
-1339
-2863
-3410
-2955
-1817
-1043
-1044
-841
-932
-958
-1083
-1087
-196
1012
1840
1440
25
-1334
-2777
-2352
-796
522
1514
1332
899
-404
-1011
-962
43
1869
2555
2826
1875
577
-880
-1148
-162
771
2437
2888
3317
3191
2863
3348
3310
4130
4597
4894
5224
4075
3244
2426
2250
1960
2237
3592
3799
4500
4882
5598
5466
4904
3848
4577
5747
6663
6419
5441
5808
4796
5055
5272
6640
7503
3362
-4028
-8896
-6381
-2962
-2574
-1506
-1309
-1680
-2399
-5056
-6683
-5842
-2016
1054
2247
1581
-1938
-4252
-5442
-5966
-5450
-4304
-2021
-1749
-3249
-5188
-6588
-5977
-4604
-3123
-2411
-1865
-1717
-2717
-3940
-4805
-5184
-4449
-2941
-1757
-1346
-1051
-986
-1210
-1793
-2064
-1851
-783
-410
-1465
-1945
-3002
-2952
-3233
-2216
-1076
-47
938
-68
-786
-1738
-1281
-177
420
785
123
-484
-908
-1617
-1325
-918
355
863
654
185
-351
612
1100
1817
1796
1422
1035
288
-390
-728
-21
1267
2065
3047
3428
3304
3948
4026
3989
3865
4310
4628
4273
3720
2619
2597
1867
1124
1504
3071
4962
4842
5729
5916
6144
6306
5596
5785
5660
6740
6592
6252
5482
4876
5318
5345
5367
940
-5806
-7766
-4784
-1593
-824
-445
-1426
-2708
-3104
-5340
-6291
-4354
-1216
1255
1471
77
-3213
-5351
-5592
-5541
-4554
-3173
-1460
-1685
-3727
-5481
-6856
-6268
-4818
-3306
-2347
-2152
-1954
-3047
-4081
-4923
-5094
-3913
-2555
-1408
-827
-649
-892
-2045
-2627
-2839
-1918
-815
-203
-830
-1272
-1866
-2367
-3417
-3279
-1254
-34
1136
365
-182
-740
-688
-338
-919
-36
1123
1075
61
-1890
-1581
-1051
-200
726
1123
1557
906
492
-369
-258
410
657
1336
1760
1396
714
71
-276
-27
1316
3221
4610
5418
4969
4579
4251
3602
3731
2872
2623
2803
1909
1568
877
1843
3225
3893
4800
4653
5542
5282
6302
7050
6429
5991
5656
5783
5807
5055
4658
5625
7229
7396
5108
-1491
-7447
-7465
-4250
-1868
-446
650
-610
-2034
-4551
-7374
-7376
-4126
-98
2169
2420
342
-3057
-5260
-6238
-6109
-4831
-2757
-831
-1602
-3699
-5706
-6768
-6138
-4996
-3421
-2260
-1434
-1534
-3037
-4351
-5265
-5179
-4009
-2651
-1319
-640
-275
-901
-1980
-3051
-2904
-1695
-285
-153
-604
-1206
-2397
-2987
-3421
-2473
-965
320
649
30
-724
-1208
-1151
-657
-311
407
529
-167
-476
-866
-675
-306
326
1041
1013
942
229
89
594
805
1033
818
964
701
190
213
723
1441
2167
2866
3838
4094
4331
4333
3926
3996
3177
2717
2926
3271
3141
2971
3015
3421
2971
2555
3752
4886
5539
4741
5766
6502
6365
6560
5760
5976
5693
5227
5297
5084
6302
6259
3491
-2738
-7745
-6379
-4015
-1975
-831
-298
428
-799
-3732
-6951
-6744
-3132
-131
1854
1486
-258
-2597
-5259
-6494
-6906
-5289
-2300
-463
-1065
-3147
-4802
-5728
-5736
-4943
-4059
-2641
-1510
-1798
-3045
-4299
-5036
-5154
-4297
-3019
-1352
-202
12
-445
-1570
-2510
-2791
-1828
-782
-208
-190
-647
-1866
-2619
-3762
-3568
-1164
298
1213
157
-351
-1187
-1796
-1419
-1574
-174
650
835
636
-627
-1010
-1215
-309
566
820
1505
1324
1448
684
-68
132
291
1136
1007
985
1147
1182
1687
1668
2252
2790
3563
3987
4135
4541
4255
4069
3705
3196
2958
1776
1634
2712
3550
4182
3526
3685
3294
3838
5079
6253
7176
6885
6315
5507
5407
5441
5728
5679
6726
6293
6446
3321
-4276
-9068
-7578
-2817
-1173
-399
-242
-1237
-2110
-4550
-6432
-5240
-2174
720
959
717
-1313
-4312
-5719
-6205
-5619
-4624
-2493
-1038
-1884
-3530
-5079
-5471
-5112
-4641
-3624
-2665
-1958
-2280
-3465
-4717
-5383
-5091
-4166
-2707
-1215
-329
-301
-770
-1509
-2439
-2593
-1700
-884
-217
-687
-844
-1458
-2016
-2419
-2934
-2123
-1123
376
618
-34
-524
-902
-902
-1126
-1283
-845
-210
455
436
11
-357
-372
-26
146
93
652
1295
1388
894
-45
-217
-109
106
131
534
1217
1590
2088
2462
2970
3394
3739
4514
4612
4352
4044
3068
3478
3492
2568
2660
2005
1484
1749
3322
5117
5484
6513
5875
5889
5403
4576
6019
6798
7879
6545
5329
5184
5347
5624
4653
2465
-2418
-6505
-5411
-3329
-2598
-2231
-1394
-807
-1871
-3608
-5663
-5324
-2588
-370
559
308
-788
-2821
-4827
-5630
-5562
-4624
-3143
-1989
-2373
-3893
-4872
-5079
-4715
-4494
-3864
-3039
-2506
-2521
-3060
-3688
-4327
-4429
-4147
-3491
-2248
-930
-305
-433
-881
-1564
-2142
-2087
-1461
-1095
-719
-806
-1163
-1616
-1902
-2238
-2241
-1448
-700
-331
-600
-786
-694
-588
-798
-1265
-774
-86
329
346
-23
76
203
223
175
412
1272
1636
1542
771
27
-321
-497
-274
2
1000
1815
2369
2311
2293
2803
3424
4018
4337
4735
5086
4679
4242
3598
2873
2666
2312
2077
1855
2349
3499
3800
5232
6164
6101
6011
4940
6247
6431
7484
6798
6152
7771
7059
6527
4889
4616
273
-5599
-6545
-4422
-2290
-1453
-620
-706
-1719
-2871
-5418
-6236
-3383
-909
637
812
237
-2070
-4744
-5616
-5942
-5191
-3603
-1794
-1508
-2914
-4089
-5273
-5550
-5122
-4394
-3333
-2568
-2115
-2764
-3453
-4335
-4946
-4535
-3808
-2383
-1127
-300
-245
-797
-1568
-2911
-2553
-1675
-1546
-1029
-915
-858
-1369
-1957
-2247
-2047
-1061
-907
-1417
-1245
-804
-317
-978
-1609
-1184
-518
113
-144
-302
122
732
807
232
302
607
1450
1336
786
311
252
475
-110
-150
170
1042
1995
2147
2310
2584
3278
3841
4007
4464
4549
4749
4362
3480
2502
2075
2765
3037
2233
1980
2678
4332
5193
4525
4486
4853
6103
5745
5566
5982
6447
6736
5135
4738
4635
5202
5350
5477
4621
-461
-5489
-6426
-3697
-2376
-2355
-1207
-464
-1378
-3897
-6623
-6594
-4050
-963
506
707
217
-2312
-4609
-5915
-6105
-5351
-3782
-1765
-1958
-3444
-4735
-5373
-5244
-5168
-4311
-3127
-1987
-1891
-2792
-3586
-4349
-4586
-4390
-3569
-2342
-925
-408
-600
-1189
-1775
-2415
-2534
-2020
-1744
-1207
-1634
-2192
-2459
-2344
-1781
-1453
-915
-564
-536
-825
-1635
-1463
-521
474
1061
832
359
-151
-508
-837
-857
369
1546
2221
1872
1399
950
441
472
503
1126
1277
1413
1209
912
884
1193
2212
3267
4154
4588
4524
4252
3742
3123
3054
3288
3015
2864
2849
3366
3560
3776
3732
3784
4734
5672
6359
5401
4648
4922
5897
6267
5848
4657
5406
5980
6398
5693
4183
-369
-5490
-6093
-4095
-2058
-1639
-887
-932
-2010
-4323
-6573
-6658
-3959
-880
712
904
-25
-2033
-4520
-5968
-6136
-5069
-3196
-1815
-2023
-3328
-4595
-5468
-5548
-5074
-4138
-3107
-2328
-2233
-3024
-3800
-4560
-4777
-4595
-3460
-2152
-988
-453
-598
-1087
-1728
-2573
-3178
-2052
-1416
-731
-1515
-2187
-2355
-2185
-1439
-1635
-545
-374
-319
-637
-1123
-908
-563
195
645
650
570
-101
-175
-550
-360
437
1209
1889
1680
1628
1409
1237
1023
772
854
1367
1452
1290
1123
1450
1854
2477
3141
4113
4820
5255
4976
4475
4201
3244
2817
1927
1662
1961
3037
4203
5396
5377
4962
5070
4762
4731
5174
6944
7370
7589
7239
5549
4675
4017
4663
4781
5483
3580
-2218
-5276
-5079
-3298
-2855
-2156
-460
-863
-1915
-4444
-6473
-5501
-3348
-871
81
-36
-1184
-3153
-4183
-5236
-5201
-4084
-2943
-2191
-3089
-3996
-4895
-5288
-4865
-4609
-3827
-3025
-2511
-2740
-3408
-3912
-4437
-4258
-3436
-2689
-1616
-873
-586
-1126
-1878
-2593
-2891
-2206
-1311
-1153
-1558
-1708
-2495
-2730
-2156
-1219
-326
-411
-391
-1253
-1278
-1246
-888
283
882
1357
778
27
-706
-738
-368
372
1309
1776
1672
1308
796
579
739
1029
1392
1585
1651
1558
1323
1112
1361
2371
3060
3726
4394
4952
5238
4581
3530
2172
1390
1145
2003
4154
5261
4878
4147
3076
2897
2878
4089
5193
6014
6831
5657
5328
4565
4480
5069
5885
7067
6845
6247
5627
2646
-3233
-7461
-5770
-1354
-481
-1390
-3029
-3786
-4527
-5949
-5923
-4678
-1514
1014
1201
-328
-2895
-4561
-5280
-4853
-3536
-3127
-2264
-2172
-3445
-5553
-6778
-5756
-4216
-2964
-2246
-2060
-2521
-3619
-4830
-5219
-4933
-3973
-2747
-1462
-904
-1317
-1685
-1887
-1950
-2197
-1699
-1126
-1057
-1128
-2167
-2871
-3440
-3133
-2350
-1610
-840
-933
-1021
-1280
-1165
-750
-54
659
1335
1355
1069
464
-341
-349
-149
579
835
1186
1312
1250
1337
810
824
1067
1763
2210
2193
1738
1543
1512
1729
1903
2483
3442
3618
5018
4845
4492
3232
2773
3238
2529
2938
2856
3646
4385
5301
5534
4851
4648
4756
4659
4283
4497
5421
5863
6660
6154
5517
4423
4131
4929
5576
4152
-1931
-5267
-4846
-1972
-2097
-2641
-1961
-2809
-3781
-4999
-5381
-4882
-2618
-280
13
-1191
-2534
-4479
-4653
-4372
-3894
-3440
-2553
-2001
-3904
-5393
-6162
-5318
-4141
-3301
-2782
-2761
-2994
-3733
-4612
-4522
-4460
-3698
-2875
-2065
-1801
-1994
-1700
-1786
-1571
-1413
-1559
-1125
-848
-1490
-2052
-2956
-2119
-2760
-1938
-1785
-1067
-795
-1428
-1302
-1827
-512
-40
990
808
884
500
450
175
164
430
879
1593
1110
930
320
1111
1576
1771
1359
1340
1578
1213
887
1026
1717
2157
2774
2999
3373
3722
4456
4493
3990
3993
3466
3783
2797
3077
3113
4080
4889
4073
4697
4054
3905
3036
3800
5779
6601
7224
6190
5341
5072
4140
4547
4682
5932
6332
5944
744
-6367
-7438
-3367
-709
-1638
-1767
-2154
-3482
-5604
-6781
-6214
-2571
446
1166
-457
-2734
-5229
-5774
-4639
-3510
-2330
-1684
-1557
-3335
-5716
-7221
-6381
-3953
-2500
-2397
-2629
-3500
-4439
-5355
-4995
-3791
-2818
-1747
-2021
-2351
-2990
-2769
-2149
-1735
-876
-714
-273
-405
-1907
-3136
-3033
-1871
-1461
-1565
-911
-1386
-1651
-2517
-2418
-1459
-124
957
792
743
-123
-215
-124
400
1147
1782
1931
1329
463
-185
-213
585
1329
2003
2139
1707
1060
616
1036
1491
2671
3149
3601
3526
3239
3089
3340
3881
4198
4582
4365
3706
2007
2183
3071
4412
5496
5007
5079
4102
4986
4465
4555
5598
5924
6839
6114
5899
4357
4082
4814
6013
6231
6569
2108
-3971
-6767
-3545
-44
-1301
-1431
-3685
-5090
-6402
-6136
-4842
-2514
54
381
-1215
-3421
-5822
-5612
-3248
-1964
-1219
-2302
-3124
-4825
-5767
-6283
-5569
-3002
-1913
-2658
-4085
-5283
-5783
-5024
-3667
-2436
-2384
-2441
-3074
-3883
-3780
-3209
-1494
-498
-127
-986
-1615
-1780
-1669
-1914
-2023
-1178
-1146
-1165
-2058
-2064
-2440
-2242
-1425
-1145
-379
-135
124
-46
-210
-352
89
1015
1373
1164
910
916
840
1041
1102
1400
1906
1820
1516
732
772
970
1687
2634
2648
2667
2223
2177
2278
2442
3651
4767
5169
4938
3809
3412
3166
2741
4368
5141
6026
4958
3862
3879
3246
5317
5210
6477
6081
5588
5278
4804
5046
4946
6475
6769
6443
5784
3155
-2484
-5017
-2920
879
107
-2667
-5313
-7419
-6685
-6004
-3821
-2141
-1260
-1521
-3086
-4316
-5335
-4134
-1893
-881
-1290
-3068
-4938
-5219
-4578
-3971
-3809
-3058
-3147
-4675
-5733
-6157
-5279
-3844
-2749
-2617
-3855
-4735
-4662
-3736
-2376
-1884
-1333
-1341
-1592
-2146
-2169
-1696
-1006
-507
-584
-1236
-2749
-2534
-1923
-1147
-1096
-1684
-1668
-1858
-1049
-897
-706
146
324
433
-270
-585
-276
862
1708
1346
856
378
602
1486
1999
1630
1349
1573
1828
1709
1259
1290
1796
2863
3110
2579
2321
2651
3912
4327
4093
4279
4369
4777
4176
4196
4478
5232
5697
4519
3744
3757
4983
5810
5180
4533
3791
4580
5516
5659
5426
4874
4882
5556
5492
5540
5180
2166
-1935
-3301
161
1301
-574
-3632
-6963
-7969
-5976
-3026
-2491
-3190
-4001
-4864
-4853
-3968
-3516
-2671
-1840
-2002
-3473
-5073
-4756
-3631
-2441
-2590
-3510
-4374
-5297
-5178
-4648
-4253
-3880
-3600
-3952
-4492
-4532
-4094
-3400
-2566
-2039
-2471
-2796
-2298
-2266
-1648
-1130
-1123
-971
-1337
-1120
-2023
-2004
-1328
-718
20
-1084
-2016
-2210
-1042
101
240
-101
-731
-730
-91
193
404
636
923
1048
623
527
853
1709
2396
2279
1741
1298
1536
2434
2704
2453
2274
2643
3193
2934
2175
2363
3707
4890
4786
3812
3113
2717
4298
4848
4499
5370
6343
4383
3897
4743
3530
4838
7187
6180
3210
3355
4630
5798
5608
4427
4267
5605
6695
4686
4576
2774
-1190
-1919
1118
2431
-1426
-4084
-6173
-7761
-5625
-2441
-2377
-4699
-5897
-6299
-6064
-3923
-2055
-2642
-3424
-4097
-4737
-4707
-2968
-1411
-2243
-3288
-4550
-5100
-4527
-3304
-2954
-3698
-4601
-5289
-5157
-4254
-3612
-3529
-3314
-3550
-4010
-3768
-2667
-1914
-1667
-2305
-2539
-2179
-1299
-971
-1057
-758
-1293
-1032
-1056
-993
-987
-539
-139
-252
-88
-390
-297
68
475
263
85
263
475
747
620
587
752
1046
1270
1367
1802
1936
2155
2243
2285
2489
2796
2824
2890
2933
3396
3601
3748
3898
3408
3573
3915
4737
4626
4162
3982
4110
4472
4908
5552
4849
3896
3395
4501
6042
5785
5012
3609
3866
4240
5420
5725
5239
4862
4197
4664
4728
2631
-993
-1034
1980
1954
-1993
-5014
-6421
-6012
-3202
-1439
-3821
-7637
-7560
-5588
-3990
-2903
-3509
-5340
-6119
-4565
-3399
-3165
-2661
-2705
-3921
-4762
-4230
-3526
-2741
-2587
-3771
-5316
-5440
-4484
-3314
-2899
-3654
-5118
-5228
-4049
-3070
-2429
-2570
-3397
-4089
-3083
-1623
-1450
-1722
-1691
-1405
-1418
-1057
-556
-408
-303
-253
-554
-606
62
485
151
-178
-55
105
480
534
256
119
383
966
906
956
766
850
1438
1717
1687
1713
2181
2261
2226
2736
3040
2985
2919
3368
3962
4066
4234
3662
4090
4230
4275
4528
4021
4251
3966
4451
4264
4197
4369
4281
4211
4603
4531
5163
4834
5128
4765
4316
5167
5682
6645
5328
4688
4635
2870
810
1219
3835
2534
-3068
-5709
-4796
-3213
-2106
-2485
-5589
-9068
-7464
-3797
-2965
-4012
-5733
-6838
-6406
-4107
-2333
-3048
-3752
-4243
-4513
-3839
-2515
-1770
-2670
-3690
-4551
-4800
-3566
-2277
-2518
-4037
-5070
-4907
-3813
-2674
-2679
-4119
-5011
-4194
-2874
-2266
-2753
-3042
-2964
-1937
-961
-1009
-1017
-1031
-476
-387
99
489
412
478
480
309
494
968
1182
770
123
309
471
1076
967
572
411
682
1136
1004
1488
1620
1605
1434
1818
2341
2850
3054
2729
2985
3181
3716
3933
4381
4261
3705
4140
4635
5007
4191
3862
4215
4237
4577
4485
4298
3152
3468
4500
4735
4287
3529
3759
3868
4473
4795
4725
4651
4539
4082
4416
4578
2655
1032
2000
3168
283
-2732
-3478
-3284
-2812
-2276
-3261
-6657
-7415
-5055
-3664
-4209
-5416
-6553
-6810
-5054
-3088
-3543
-4946
-5074
-4775
-4009
-2634
-2274
-3304
-4168
-3916
-3700
-3272
-2553
-2741
-3668
-4115
-3736
-3304
-2871
-2690
-3520
-4349
-3755
-2660
-2587
-3336
-3116
-2803
-2292
-1411
-1185
-1556
-1681
-521
-9
136
101
14
185
840
1121
768
764
1032
1190
723
1031
1046
968
766
779
799
795
1471
1226
989
1057
1412
1802
2116
2397
1878
1876
2602
3391
3846
3520
3185
3240
4271
4818
4618
4345
4427
4138
4037
4298
4453
4606
3955
3761
2944
3500
3941
4257
3757
3078
3667
3664
3977
3777
4536
4802
4253
3912
3934
4707
3817
1918
1241
2582
2407
-1046
-3161
-2785
-2164
-2765
-3013
-4501
-6837
-6657
-4269
-3750
-5767
-6669
-6610
-5834
-4650
-3817
-4958
-5857
-4751
-4098
-3804
-3336
-3155
-3867
-4128
-3267
-3193
-3324
-3020
-2946
-3406
-3457
-2848
-2788
-3127
-3259
-3200
-3405
-2900
-2603
-3169
-3642
-3031
-2255
-2051
-1617
-1749
-1960
-1841
-349
469
79
-439
-421
405
1059
1512
938
447
663
1246
1569
1255
766
466
884
1414
1294
673
609
739
1392
1661
1376
1125
1337
2107
2032
2280
2543
2774
2768
3186
3321
3296
3987
4577
3766
3225
4185
4893
4910
3929
3872
3597
4286
4991
4295
3564
2839
3955
4714
4481
3574
3329
4353
4531
4394
4424
4619
4183
4124
4469
3372
1664
1719
3551
2218
-1020
-3158
-2603
-1283
-1516
-2946
-5623
-6663
-5377
-3608
-4024
-5700
-6857
-6663
-5338
-4178
-4081
-5449
-5504
-4716
-4124
-3763
-3475
-3591
-4104
-3986
-3519
-3147
-3220
-3064
-3338
-3587
-3192
-2640
-2630
-3201
-3129
-3033
-2705
-2687
-2605
-2886
-3270
-2677
-2152
-1544
-2141
-1963
-1721
-1251
-599
-348
86
-403
-91
405
878
1138
935
1037
1021
1156
1357
1385
1159
1056
1013
869
915
1120
1037
692
711
1097
1357
1097
1267
1477
1508
1834
2203
2397
2232
2619
3264
3574
3549
3732
3809
3923
3968
4630
4937
4248
3624
3401
4805
4689
4232
3209
3321
3905
4236
4490
3377
3119
3255
4372
4158
4065
3835
3914
4049
4070
3857
1985
2039
3175
3154
34
-2082
-1563
-923
-1280
-2162
-3406
-5735
-5576
-3704
-3098
-5073
-6378
-6036
-6029
-5054
-4244
-4483
-5850
-5823
-4581
-4071
-3829
-3753
-4193
-4787
-4003
-3047
-2930
-3516
-3555
-3425
-3188
-2397
-2306
-2807
-3286
-2767
-2212
-2078
-2171
-2841
-3182
-2464
-1253
-1543
-2451
-2038
-1118
-1076
-1172
-468
-23
-450
-319
453
605
722
868
964
705
937
1723
1514
1062
998
1147
1228
1072
1085
917
880
1068
1203
863
1054
1207
1279
1520
1695
1921
1487
1769
2370
2859
2847
2798
3109
3182
3670
4219
4349
3766
3794
4568
4807
4479
3833
4362
4249
4260
4060
3840
3809
3354
4195
3977
3684
3704
3781
3930
3726
4133
4091
3892
3851
2912
2057
2452
3330
1767
-841
-1670
-979
-915
-1562
-2585
-4366
-5519
-4605
-3390
-4250
-5512
-6189
-6067
-5647
-4853
-4594
-5563
-5854
-5209
-4524
-4314
-4179
-4235
-4652
-4364
-3578
-3234
-3673
-3692
-3366
-3054
-2973
-2766
-2827
-2985
-2631
-2205
-2401
-2976
-2470
-2230
-2128
-2483
-2106
-2024
-1851
-1188
-1378
-1312
-1384
-294
-43
-293
-57
50
608
693
902
857
935
1223
1335
1159
1227
1442
1267
1194
955
1047
1077
1272
1135
780
925
1208
1408
1168
1334
1531
1523
1592
1959
2198
2253
2393
2828
3041
3118
3595
3630
3686
3761
4025
4101
4132
4329
4151
4101
4162
4166
3811
3886
4005
4061
3907
3402
3869
4045
4211
3757
3403
3956
4139
4162
4029
3042
2142
2134
2814
2591
325
-1600
-1644
-821
-714
-2201
-3850
-4630
-4681
-4044
-3671
-4461
-6157
-6578
-5367
-4524
-5035
-5703
-5694
-5519
-5129
-4268
-4115
-4734
-4848
-4200
-3594
-3661
-3784
-3769
-3608
-3095
-2745
-2754
-3072
-2942
-2661
-2468
-2485
-2494
-2411
-2489
-2405
-2286
-1849
-1926
-2064
-1730
-1332
-1094
-1300
-815
-191
-244
-12
157
456
433
702
1363
1044
802
973
1325
1558
1223
1012
855
922
1313
1229
884
784
838
1158
1098
939
804
836
1425
1629
1505
1100
1329
1961
2451
2386
2365
2464
2604
3219
3617
3776
3546
3601
3729
4304
4451
4491
3899
3590
2857
3157
6297
5592
2131
2149
4450
2689
3393
6549
4665
1288
3242
5634
2671
3261
4726
2596
1770
3841
2189
-1537
721
1121
-1951
-1454
-173
-4042
-5205
-2141
-3457
-5364
-4412
-4721
-6428
-5363
-4845
-5174
-5891
-5858
-4811
-5587
-4967
-4544
-4859
-4724
-4268
-3759
-4040
-3968
-3762
-3407
-3291
-3048
-2660
-2893
-3105
-2705
-2224
-2576
-2740
-2203
-2049
-2442
-2283
-1893
-1763
-1866
-1763
-1623
-1300
-477
-819
-917
-617
-52
368
436
389
192
701
1307
1631
950
845
1155
1659
1707
1092
1241
1112
1209
1453
1429
1042
821
1033
1507
1237
823
1118
1495
1698
1372
1474
1722
2246
2507
2511
2475
2489
3285
3644
3888
3551
3365
3671
4127
4349
4160
3895
3918
4112
4094
4138
3695
3519
3956
3990
3890
3485
3681
4073
3481
3538
3498
3853
4034
3369
2746
2484
3090
3033
1286
235
272
-264
-908
-1037
-1393
-3202
-4232
-3293
-3081
-4265
-5183
-5037
-5345
-5821
-5087
-4908
-5669
-6077
-5364
-4741
-5033
-4878
-4548
-4596
-4309
-3962
-3991
-4133
-3957
-3303
-3242
-3273
-3034
-3105
-2941
-2675
-2444
-2519
-2665
-2334
-2440
-2597
-2069
-1618
-1817
-2132
-1877
-1513
-1100
-560
-817
-1583
-964
113
512
192
-292
74
461
1132
1473
946
551
859
1621
1488
1041
1072
1181
1288
1326
1378
1240
1029
1078
1359
1396
1266
1117
1207
1447
1610
1629
1683
1718
2199
2586
2568
2558
2894
3439
3683
3543
3531
3868
4216
4390
3923
4291
4049
3898
3914
4143
4160
3461
3653
3431
3883
3922
3609
3066
3012
4221
3887
3460
3083
3433
3428
2580
2994
3052
1729
429
397
217
-150
-1158
-1679
-2859
-3614
-2888
-3365
-4004
-5082
-5241
-4980
-5066
-5075
-5453
-5772
-5726
-5041
-4936
-5130
-5183
-4845
-4541
-4243
-4065
-4231
-4181
-4050
-3341
-3276
-3202
-3242
-3215
-2655
-2620
-2517
-2603
-2582
-2473
-2367
-2161
-1990
-2184
-2300
-1974
-1620
-1206
-1426
-1598
-1148
-696
-310
-423
-570
-134
210
493
688
567
631
756
1131
1428
1175
1137
1065
1207
1521
1460
1320
1195
1304
1422
1455
1276
1227
1292
1448
1472
1472
1723
1747
1865
1943
2302
2372
2479
2529
2718
3232
3281
3506
3205
3602
3753
3821
4044
3551
3568
3515
3975
3659
3454
3207
3413
3303
3401
3613
3259
3295
2925
3551
3410
3354
3383
3413
3477
2560
2452
2724
2774
1752
174
-167
-13
0
-570
-2039
-3224
-3382
-2964
-2702
-3911
-5012
-5272
-5130
-4458
-4781
-5174
-5617
-5758
-5094
-4715
-4694
-4893
-5004
-4642
-4200
-3993
-4038
-4170
-3816
-3446
-3137
-3071
-3234
-3086
-2802
-2321
-2337
-2468
-2397
-2418
-1995
-1827
-1778
-1941
-1965
-1643
-1420
-1102
-883
-993
-970
-545
-125
79
-53
301
482
512
768
999
1251
1099
1205
1437
1477
1566
1477
1446
1369
1562
1615
1379
1225
1301
1553
1449
1408
1304
1377
1748
2036
1734
1308
1947
2781
2778
2130
2323
2992
3367
3543
3470
3283
3164
3926
4404
4061
3316
3247
3731
4054
3841
3480
3163
3049
3545
3750
3736
2757
2644
3314
3827
3577
2686
2576
2771
3242
2791
1976
1641
1660
1265
257
73
-178
-966
-1694
-1822
-2310
-3264
-3475
-3342
-3780
-4716
-4681
-4723
-5024
-5080
-4973
-5098
-5577
-5256
-4949
-4908
-4907
-4751
-4716
-4659
-4305
-4150
-4080
-4081
-3716
-3526
-3541
-3300
-2974
-2878
-3044
-2816
-2412
-2295
-2443
-2411
-2132
-1894
-1773
-1750
-1786
-1576
-1250
-928
-752
-769
-658
-354
142
263
209
458
890
1065
1094
1199
1386
1400
1464
1696
1588
1491
1594
1774
1732
1408
1454
1643
1676
1655
1589
1789
1686
1652
1667
1954
2110
1973
2030
2264
2796
2842
2748
2679
3053
3372
3545
3566
3375
3369
3495
3926
3686
3252
3124
3268
3538
3253
2916
2689
2796
3200
3256
2691
2537
2811
3015
3190
2813
2571
2441
2796
2768
2116
1938
2181
1834
507
249
417
77
-811
-1558
-1728
-2554
-2829
-2623
-3197
-4207
-4586
-4125
-4183
-4849
-5103
-5032
-5138
-5173
-5085
-5066
-5185
-5066
-4598
-4591
-4600
-4481
-4227
-3991
-3875
-3624
-3607
-3403
-3211
-2975
-2822
-2871
-2677
-2512
-2320
-2341
-2404
-2145
-1951
-1837
-1897
-1816
-1405
-1269
-1128
-871
-702
-550
-294
96
202
287
629
722
866
1034
1172
1354
1351
1572
1576
1469
1566
1673
1769
1584
1400
1663
1785
1677
1529
1518
1859
1887
1854
1834
1897
2072
2245
2466
2508
2375
2347
2818
3054
3083
2988
2933
3325
3227
3231
3428
3315
3118
2988
3126
3332
3238
2975
2777
2894
3237
3223
3221
3032
2895
3056
3338
3433
2919
3047
3225
2673
2338
2603
2849
1632
317
581
972
203
-1031
-1552
-1846
-2397
-2555
-2532
-3665
-4591
-4287
-3823
-4326
-5209
-5052
-4889
-5072
-5016
-4844
-4992
-5049
-4584
-4277
-4422
-4470
-4025
-3814
-3880
-3597
-3311
-3342
-3396
-3013
-2744
-2789
-2859
-2689
-2578
-2648
-2450
-2441
-2475
-2416
-1995
-1840
-2024
-1896
-1475
-1007
-948
-788
-527
-324
36
436
649
602
749
1233
1575
1546
1444
1505
1749
1930
1906
1689
1501
1727
1998
1939
1506
1292
1507
1718
1674
1573
1475
1322
1718
2032
2146
1871
1691
2254
2605
2931
2873
2559
2605
2985
3475
3521
3012
2808
3185
3271
3511
3204
2937
2869
2717
3328
3005
2718
2512
2647
3048
2737
2773
2522
2603
2722
2946
2836
2469
2291
1973
2361
2463
2249
1049
160
459
583
284
-732
-1646
-2266
-2217
-2060
-2627
-3546
-4159
-3965
-4066
-4371
-4710
-4889
-4984
-4855
-4637
-4934
-5043
-4883
-4450
-4377
-4377
-4202
-4173
-4039
-3833
-3474
-3370
-3374
-3330
-3122
-2871
-2756
-2611
-2584
-2642
-2603
-2239
-2036
-2169
-2315
-1973
-1636
-1535
-1415
-1348
-1054
-867
-441
-165
-205
-4
331
718
741
783
1039
1178
1289
1421
1490
1389
1393
1507
1663
1555
1407
1400
1478
1625
1524
1479
1359
1318
1584
1720
1792
1617
1590
1798
2031
2279
2270
2323
2261
2683
3016
2936
2904
3080
3346
3128
3276
3390
3290
3132
3054
3264
3069
2938
2909
2934
2847
2571
2748
2847
2974
2675
2623
2688
2686
3106
2731
2627
2423
2328
2333
2055
2292
1821
920
305
275
471
-73
-909
-1704
-2111
-2262
-2287
-2774
-3584
-4114
-4184
-3925
-4258
-4628
-4975
-5059
-4789
-4795
-4766
-4970
-4921
-4610
-4458
-4339
-4325
-4252
-4069
-3842
-3625
-3491
-3425
-3354
-3215
-3056
-2877
-2754
-2759
-2728
-2537
-2314
-2188
-2096
-2063
-1880
-1714
-1427
-1232
-1150
-931
-805
-450
-175
7
219
294
485
689
985
1133
1089
1129
1292
1430
1464
1613
1529
1422
1416
1479
1643
1590
1541
1522
1400
1430
1518
1637
1576
1441
1436
1536
1719
1732
1851
1946
1897
2026
2247
2646
2625
2441
2673
2852
2997
2955
3097
3056
2878
2963
2999
2988
2905
2883
2742
2710
2750
2737
2871
2740
2849
2826
2536
2897
2915
2867
2898
2573
2613
2484
2363
2498
2008
1452
1151
758
590
286
-194
-576
-1266
-1591
-1732
-2086
-2391
-2864
-3090
-3339
-3596
-3619
-3855
-3984
-4168
-4280
-4204
-4303
-4299
-4210
-4278
-4302
-4235
-4182
-4072
-4022
-3936
-3828
-3815
-3753
-3577
-3441
-3349
-3180
-3111
-2984
-2819
-2747
-2517
-2397
-2339
-2101
-1987
-1824
-1564
-1426
-1168
-990
-841
-590
-430
-258
-18
108
260
455
545
795
917
974
1139
1140
1251
1373
1392
1458
1458
1477
1519
1510
1530
1546
1598
1621
1552
1597
1586
1588
1696
1681
1749
1819
1920
2122
2161
2222
2328
2299
2469
2702
2646
2736
2683
2618
2806
2773
2836
2880
2704
2728
2711
2575
2696
2640
2542
2630
2484
2526
2680
2576
2806
2815
2709
2856
2657
2661
2662
2559
2647
2385
2151
1982
1575
1432
1166
743
449
-37
-360
-761
-1234
-1452
-1905
-2216
-2542
-3007
-3178
-3485
-3689
-3784
-4072
-4231
-4436
-4563
-4495
-4530
-4494
-4490
-4580
-4513
-4411
-4303
-4183
-4126
-4021
-3903
-3762
-3618
-3442
-3280
-3152
-2932
-2833
-2724
-2568
-2473
-2266
-2099
-1956
-1728
-1679
-1519
-1316
-1208
-935
-762
-576
-376
-303
-105
81
293
533
652
810
949
1036
1227
1343
1433
1542
1549
1653
1665
1687
1742
1709
1744
1742
1733
1701
1656
1642
1659
1707
1739
1715
1708
1760
1878
1947
1978
2044
2068
2237
2324
2379
2503
2449
2550
2598
2506
2592
2610
2688
2763
2631
2650
2615
2593
2760
2721
2762
2747
2609
2701
2680
2747
2767
2547
2455
2361
2308
2423
2222
1911
1636
1212
1052
820
542
261
-283
-623
-928
-1323
-1536
-1904
-2295
-2571
-2866
-3100
-3291
-3496
-3666
-3850
-4009
-4149
-4254
-4307
-4343
-4316
-4371
-4410
-4398
-4389
-4307
-4219
-4148
-4047
-3974
-3842
-3700
-3606
-3451
-3287
-3178
-2997
-2846
-2742
-2551
-2367
-2204
-1998
-1845
-1681
-1506
-1329
-1122
-917
-652
-449
-261
-78
112
331
480
638
785
888
1007
1112
1216
1334
1375
1423
1428
1447
1456
1525
1588
1502
1526
1489
1429
1471
1452
1466
1465
1393
1423
1434
1466
1606
1580
1643
1775
1834
2014
2110
2177
2303
2391
2461
2500
2563
2602
2716
2732
2718
2764
2600
2595
2629
2553
2687
2673
2587
2632
2564
2589
2722
2705
2664
2637
2493
2434
2415
2344
2385
2259
1930
1691
1366
1102
1050
773
434
70
-417
-612
-814
-1159
-1407
-1838
-2226
-2396
-2672
-2888
-3064
-3360
-3580
-3735
-3915
-4056
-4086
-4176
-4232
-4264
-4383
-4378
-4338
-4330
-4209
-4133
-4103
-3952
-3868
-3688
-3509
-3483
-3323
-3153
-3026
-2816
-2667
-2587
-2373
-2190
-2039
-1806
-1699
-1568
-1322
-1179
-958
-735
-612
-365
-183
-49
186
327
519
732
803
918
1025
1095
1282
1376
1398
1445
1452
1526
1618
1615
1589
1573
1550
1591
1621
1605
1612
1585
1568
1625
1641
1686
1736
1744
1876
1957
2016
2138
2121
2210
2310
2381
2501
2500
2499
2444
2472
2567
2600
2643
2580
2508
2535
2538
2566
2624
2497
2485
2495
2457
2633
2589
2589
2631
2473
2568
2545
2438
2441
2218
2088
1907
1628
1446
1172
944
647
344
18
-332
-573
-926
-1225
-1523
-1949
-2220
-2480
-2710
-2891
-3161
-3390
-3567
-3757
-3839
-3923
-4089
-4156
-4197
-4243
-4201
-4209
-4187
-4119
-4111
-4024
-3889
-3818
-3684
-3536
-3478
-3340
-3238
-3083
-2851
-2740
-2588
-2448
-2339
-2162
-2042
-1849
-1675
-1566
-1379
-1234
-1027
-806
-647
-414
-272
-86
172
302
500
664
771
986
1044
1145
1311
1335
1482
1524
1487
1558
1510
1530
1580
1502
1529
1504
1442
1459
1365
1350
1366
1334
1346
1366
1399
1486
1547
1617
1662
1679
1769
1894
2044
2192
2261
2343
2453
2470
2599
2612
2582
2711
2646
2657
2646
2480
2588
2548
2481
2526
2355
2410
2423
2389
2494
2411
2307
2262
2167
2133
2124
2090
2041
1942
1766
1530
1368
1142
916
758
414
135
-119
-474
-640
-965
-1292
-1550
-1957
-2218
-2461
-2709
-2880
-3148
-3396
-3644
-3837
-3941
-4043
-4051
-4143
-4212
-4263
-4337
-4243
-4201
-4140
-4017
-4012
-3869
-3719
-3637
-3420
-3293
-3183
-2997
-2922
-2781
-2622
-2468
-2249
-2132
-2003
-1855
-1751
-1565
-1401
-1259
-1125
-981
-745
-567
-383
-224
-68
129
290
481
620
755
897
1000
1115
1163
1231
1305
1335
1384
1398
1394
1411
1410
1399
1428
1351
1323
1332
1268
1327
1280
1257
1310
1294
1383
1389
1406
1495
1548
1704
1765
1805
1928
1982
2133
2216
2275
2322
2283
2430
2406
2414
2502
2430
2478
2428
2340
2370
2377
2410
2430
2320
2251
2313
2378
2417
2450
2311
2236
2208
2114
2133
2071
1989
1871
1652
1397
1178
980
812
688
313
-55
-395
-762
-856
-1083
-1408
-1731
-2166
-2447
-2610
-2774
-2983
-3197
-3409
-3635
-3715
-3792
-3856
-3838
-3896
-3893
-3928
-3972
-3879
-3809
-3721
-3646
-3610
-3523
-3407
-3278
-3121
-3000
-2940
-2770
-2673
-2575
-2391
-2347
-2189
-2042
-1939
-1778
-1681
-1516
-1316
-1142
-959
-804
-609
-377
-184
-7
181
332
522
707
833
994
1103
1189
1305
1349
1394
1455
1465
1485
1454
1398
1382
1367
1398
1391
1281
1201
1134
1118
1154
1135
1141
1133
1123
1202
1250
1336
1425
1501
1637
1686
1806
1917
2014
2140
2154
2192
2240
2286
2392
2434
2366
2355
2230
2262
2395
2332
2469
2398
2294
2398
2301
2315
2285
2181
2254
2236
2204
2172
2095
2066
1992
1901
1771
1641
1590
1413
1242
1007
736
591
400
107
-138
-504
-827
-976
-1294
-1568
-1847
-2264
-2457
-2691
-2924
-2980
-3216
-3371
-3454
-3629
-3732
-3753
-3787
-3743
-3716
-3775
-3735
-3709
-3686
-3524
-3472
-3416
-3295
-3234
-3081
-2944
-2844
-2699
-2576
-2451
-2295
-2175
-2072
-1926
-1784
-1638
-1522
-1439
-1321
-1195
-1002
-822
-677
-503
-385
-166
24
175
357
463
627
758
864
988
1043
1126
1234
1293
1297
1303
1319
1329
1367
1376
1298
1251
1183
1150
1177
1127
1113
1074
999
1050
1044
1093
1156
1133
1205
1291
1408
1546
1625
1703
1831
1905
2024
2146
2176
2257
2326
2367
2429
2422
2442
2433
2432
2449
2371
2387
2328
2295
2381
2288
2358
2307
2247
2334
2258
2305
2296
2214
2149
2109
2004
1982
1915
1696
1592
1268
1053
933
615
452
123
-230
-477
-825
-1016
-1283
-1646
-1940
-2244
-2473
-2650
-2874
-3077
-3274
-3457
-3581
-3685
-3764
-3816
-3849
-3859
-3876
-3915
-3856
-3800
-3717
-3634
-3612
-3499
-3427
-3323
-3125
-3049
-2913
-2823
-2746
-2549
-2440
-2320
-2184
-2067
-1929
-1799
-1684
-1557
-1357
-1224
-1046
-896
-820
-599
-429
-240
-24
78
263
446
573
761
865
980
1095
1131
1198
1244
1266
1310
1311
1279
1251
1181
1156
1141
1122
1089
996
968
894
808
844
764
784
830
763
844
858
876
1031
1100
1206
1356
1393
1557
1723
1802
1965
1990
2072
2207
2210
2335
2349
2348
2378
2300
2319
2318
2340
2408
2333
2292
2231
2136
2209
2203
2261
2281
2176
2176
2130
2131
2128
2042
1911
1756
1626
1524
1447
1262
1056
804
557
372
123
-100
-374
-678
-930
-1167
-1414
-1681
-1944
-2238
-2453
-2604
-2781
-2941
-3136
-3304
-3423
-3548
-3603
-3641
-3676
-3661
-3675
-3649
-3627
-3604
-3502
-3421
-3347
-3269
-3198
-3082
-2965
-2821
-2708
-2599
-2482
-2371
-2233
-2121
-1996
-1854
-1705
-1555
-1456
-1378
-1258
-1136
-977
-772
-638
-507
-365
-235
-52
107
267
398
486
628
730
814
898
974
1023
1058
1054
1029
1033
1010
1038
1040
1007
974
923
951
923
941
951
911
950
903
913
933
927
1006
1056
1116
1182
1226
1306
1398
1540
1674
1807
1895
1919
2016
2074
2188
2323
2332
2332
2295
2233
2284
2314
2284
2336
2280
2244
2286
2221
2248
2267
2244
2298
2252
2197
2169
2094
2056
2016
1928
1832
1752
1656
1516
1359
1107
829
659
436
213
5
-353
-572
-810
-1088
-1204
-1491
-1762
-1979
-2286
-2440
-2557
-2715
-2811
-2939
-3106
-3167
-3225
-3246
-3181
-3243
-3279
-3295
-3352
-3267
-3201
-3145
-3031
-2995
-2951
-2838
-2742
-2622
-2518
-2452
-2358
-2277
-2158
-2040
-1915
-1797
-1722
-1641
-1541
-1400
-1250
-1133
-1046
-917
-816
-668
-478
-340
-150
-23
67
217
313
467
624
648
723
784
784
884
918
917
959
899
923
903
854
901
887
918
902
866
823
789
826
821
872
843
824
877
876
971
1024
1123
1238
1328
1470
1557
1697
1845
1928
2013
2056
2107
2224
2312
2347
2371
2343
2364
2423
2357
2331
2278
2178
2203
2152
2110
2105
1996
1971
2002
1954
2033
1952
1796
1786
1590
1593
1564
1384
1400
1196
1073
1026
798
688
458
224
54
-173
-398
-597
-802
-1046
-1241
-1511
-1724
-1891
-2160
-2287
-2479
-2698
-2758
-2964
-3029
-3089
-3199
-3180
-3247
-3248
-3249
-3266
-3225
-3222
-3131
-3080
-3035
-2925
-2844
-2677
-2549
-2470
-2398
-2316
-2229
-2104
-1974
-1904
-1774
-1700
-1633
-1555
-1498
-1386
-1273
-1143
-1026
-953
-894
-763
-585
-447
-313
-210
-79
50
157
301
362
473
594
667
768
794
863
923
914
964
938
921
978
986
990
946
903
914
927
936
937
942
909
901
934
912
979
1036
1098
1246
1316
1428
1523
1627
1731
1792
1892
1927
2074
2171
2225
2273
2221
2281
2267
2309
2367
2308
2326
2262
2261
2262
2214
2245
2201
2237
2218
2183
2162
2065
2026
1901
1785
1706
1585
1463
1309
1145
1042
927
825
651
401
128
-96
-271
-413
-540
-783
-1003
-1225
-1442
-1554
-1773
-1965
-2102
-2332
-2466
-2629
-2766
-2826
-2911
-2971
-3023
-3103
-3145
-3139
-3152
-3124
-3104
-3118
-3071
-3057
-2987
-2907
-2864
-2743
-2666
-2622
-2521
-2453
-2340
-2239
-2179
-2075
-1997
-1860
-1734
-1610
-1514
-1431
-1294
-1180
-1016
-855
-718
-583
-488
-326
-183
-44
116
233
326
387
499
581
711
806
822
880
851
903
972
999
1059
1014
999
970
966
1003
1017
1046
966
965
963
979
1088
1086
1120
1119
1121
1200
1222
1340
1450
1533
1696
1774
1865
1937
1973
2116
2182
2266
2375
2369
2421
2380
2377
2406
2370
2419
2325
2285
2199
2131
2180
2121
2168
2104
2038
2005
1908
1939
1882
1826
1746
1577
1479
1317
1237
1115
981
866
612
423
216
31
-103
-323
-522
-757
-982
-1125
-1301
-1438
-1640
-1786
-1963
-2162
-2299
-2485
-2553
-2651
-2755
-2822
-2961
-2982
-3022
-3053
-3040
-3095
-3066
-3080
-3067
-3039
-3045
-3001
-2949
-2851
-2760
-2711
-2641
-2597
-2521
-2429
-2331
-2193
-2074
-1939
-1840
-1730
-1641
-1510
-1352
-1206
-1036
-925
-785
-642
-508
-346
-235
-83
57
179
299
396
500
597
686
741
824
877
907
931
917
945
992
1087
1125
1088
1026
921
942
1014
1108
1151
1053
1015
1011
1102
1250
1283
1287
1262
1292
1398
1507
1630
1690
1766
1817
1859
1957
1974
2090
2137
2100
2142
2096
2152
2205
2175
2150
2078
2053
2075
2119
2088
2049
2022
1986
2032
1980
1932
1914
1849
1833
1772
1634
1488
1323
1173
1103
952
725
533
285
105
-49
-233
-409
-578
-745
-950
-1147
-1374
-1521
-1658
-1836
-1998
-2151
-2294
-2412
-2459
-2576
-2674
-2763
-2866
-2854
-2940
-2977
-2945
-3025
-3007
-2994
-3019
-2975
-2942
-2871
-2825
-2825
-2793
-2731
-2662
-2563
-2443
-2380
-2292
-2152
-2033
-1886
-1776
-1682
-1524
-1406
-1243
-1082
-955
-814
-669
-518
-369
-247
-106
53
171
287
365
439
563
664
786
837
843
903
923
966
967
970
1001
1030
1092
1048
1057
1040
1045
1138
1145
1191
1199
1175
1204
1174
1207
1310
1380
1473
1470
1413
1455
1500
1618
1714
1717
1797
1729
1801
1895
1887
2038
1965
2005
2011
1953
2076
2031
2053
2039
2020
2021
2002
2060
2008
1979
1907
1824
1825
1742
1713
1644
1440
1323
1156
1004
970
839
710
542
274
78
-115
-281
-391
-483
-648
-858
-1026
-1180
-1269
-1368
-1509
-1657
-1833
-1950
-2036
-2133
-2260
-2349
-2401
-2480
-2519
-2629
-2711
-2777
-2878
-2871
-2903
-2906
-2871
-2869
-2838
-2842
-2805
-2757
-2696
-2609
-2542
-2470
-2394
-2282
-2195
-2090
-1974
-1863
-1726
-1569
-1424
-1307
-1176
-1067
-924
-737
-588
-411
-272
-166
-42
58
191
301
421
527
592
672
718
772
833
844
892
914
925
979
1005
1075
1095
1079
1112
1100
1161
1233
1306
1342
1323
1340
1302
1364
1419
1483
1570
1568
1639
1639
1699
1807
1878
1980
1994
2057
2071
2123
2176
2158
2199
2157
2200
2214
2170
2201
2133
2136
2094
2032
2018
1914
1907
1880
1792
1708
1586
1512
1463
1352
1262
1135
974
831
675
544
383
222
89
-86
-274
-409
-535
-674
-819
-942
-1079
-1225
-1337
-1489
-1601
-1738
-1856
-1910
-2059
-2157
-2267
-2404
-2459
-2547
-2594
-2655
-2745
-2772
-2799
-2826
-2836
-2841
-2813
-2790
-2738
-2693
-2642
-2581
-2540
-2439
-2391
-2298
-2178
-2092
-1976
-1908
-1790
-1653
-1549
-1392
-1279
-1161
-1041
-909
-782
-696
-567
-461
-334
-203
-98
2
93
206
314
407
491
555
646
725
793
860
887
929
965
991
1014
1014
1058
1093
1098
1142
1115
1119
1177
1189
1276
1282
1279
1354
1389
1485
1530
1567
1618
1641
1719
1772
1872
1955
2033
2087
2053
2062
2082
2131
2209
2257
2272
2210
2176
2132
2135
2181
2141
2171
2059
1937
1904
1754
1792
1761
1638
1577
1325
1203
1112
1021
1015
804
633
432
251
186
-8
-110
-304
-500
-547
-763
-839
-970
-1158
-1205
-1410
-1509
-1598
-1740
-1770
-1924
-2066
-2172
-2289
-2306
-2372
-2403
-2468
-2561
-2590
-2668
-2687
-2699
-2703
-2681
-2690
-2678
-2660
-2636
-2583
-2509
-2467
-2390
-2308
-2224
-2098
-2035
-1944
-1845
-1755
-1591
-1460
-1344
-1209
-1124
-1014
-898
-808
-661
-535
-396
-290
-206
-109
-53
82
171
229
312
349
459
521
564
635
650
710
738
746
770
790
869
925
955
975
962
998
1020
1087
1165
1187
1277
1315
1340
1403
1456
1534
1598
1653
1672
1746
1801
1864
1950
1918
1978
1981
2020
2073
2045
2119
2053
2045
2025
1942
1992
1919
1943
1893
1770
1799
1662
1689
1652
1534
1482
1321
1286
1172
1047
931
746
643
480
328
184
5
-89
-230
-382
-542
-727
-848
-926
-1033
-1151
-1265
-1410
-1509
-1588
-1686
-1764
-1878
-1967
-2041
-2121
-2150
-2210
-2251
-2301
-2363
-2394
-2428
-2400
-2388
-2376
-2377
-2415
-2394
-2339
-2303
-2269
-2231
-2171
-2122
-2055
-1955
-1894
-1807
-1707
-1635
-1531
-1421
-1288
-1178
-1087
-956
-850
-740
-621
-496
-364
-265
-195
-121
-59
46
172
277
359
378
455
488
519
594
621
734
810
831
850
807
801
813
883
995
1040
1064
1015
963
1000
1094
1246
1309
1345
1385
1378
1466
1494
1540
1604
1629
1774
1805
1828
1888
1847
1888
1857
1859
1949
1918
1969
1975
1883
1841
1713
1741
1778
1750
1822
1724
1631
1540
1405
1380
1287
1250
1248
1107
963
796
663
609
517
406
286
101
-44
-114
-239
-350
-467
-609
-695
-852
-958
-1045
-1151
-1200
-1340
-1440
-1561
-1665
-1658
-1754
-1827
-1890
-1988
-2028
-2091
-2111
-2114
-2171
-2168
-2186
-2218
-2210
-2201
-2146
-2135
-2109
-2072
-2025
-1942
-1888
-1792
-1740
-1710
-1609
-1519
-1428
-1351
-1287
-1188
-1107
-978
-852
-773
-694
-627
-544
-510
-434
-341
-253
-148
-118
-35
3
68
177
230
316
339
392
455
457
522
587
639
695
763
820
836
860
894
908
933
1002
1086
1177
1219
1250
1294
1316
1403
1486
1565
1653
1669
1701
1693
1665
1710
1776
1839
1841
1832
1813
1821
1885
1898
1879
1830
1741
1731
1732
1715
1705
1661
1563
1483
1421
1336
1307
1223
1126
1000
863
806
746
620
469
341
228
168
109
4
-132
-288
-435
-544
-655
-721
-785
-857
-977
-1121
-1213
-1307
-1331
-1370
-1470
-1551
-1633
-1680
-1734
-1834
-1884
-1934
-1990
-1989
-2041
-2067
-2079
-2100
-2048
-2083
-2093
-2079
-2099
-1990
-1918
-1894
-1877
-1857
-1803
-1770
-1720
-1671
-1547
-1450
-1399
-1367
-1305
-1199
-1106
-1036
-948
-869
-772
-694
-595
-504
-434
-327
-242
-156
-96
-22
82
168
260
332
387
474
541
652
750
793
860
937
982
1015
1063
1078
1136
1214
1271
1337
1358
1371
1437
1468
1523
1587
1647
1710
1718
1768
1801
1850
1860
1828
1838
1805
1848
1870
1874
1891
1792
1731
1659
1588
1583
1532
1491
1380
1259
1186
1096
1058
993
908
776
615
535
463
395
274
129
11
-88
-137
-180
-222
-330
-431
-525
-680
-729
-811
-856
-862
-969
-1019
-1105
-1217
-1218
-1251
-1281
-1310
-1400
-1442
-1523
-1563
-1544
-1597
-1611
-1666
-1686
-1628
-1632
-1586
-1594
-1638
-1623
-1630
-1590
-1518
-1483
-1427
-1366
-1354
-1320
-1272
-1215
-1123
-1073
-1026
-981
-961
-881
-818
-767
-702
-659
-587
-531
-457
-385
-309
-275
-254
-214
-177
-85
-5
75
133
149
173
219
284
377
443
484
516
547
590
623
689
754
807
828
831
888
969
1077
1131
1151
1157
1114
1181
1265
1355
1442
1391
1376
1380
1347
1435
1488
1500
1525
1428
1394
1364
1336
1360
1278
1230
1175
1072
1089
1043
1008
961
826
784
701
638
676
617
537
452
315
250
148
73
99
2
-17
-95
-248
-288
-436
-430
-385
-489
-484
-641
-722
-710
-816
-760
-823
-926
-939
-1024
-961
-970
-1060
-1020
-1138
-1193
-1156
-1151
-1061
-1096
-1122
-1106
-1166
-1134
-1075
-1026
-979
-997
-996
-978
-979
-955
-890
-868
-868
-842
-850
-818
-781
-752
-707
-708
-690
-625
-563
-544
-530
-497
-484
-445
-398
-346
-317
-320
-309
-280
-237
-169
-64
10
30
20
25
37
73
132
235
288
285
291
276
296
326
389
463
473
497
529
526
577
625
670
729
750
777
842
868
886
963
961
974
1014
1015
1081
1099
1123
1144
1080
1069
1056
1033
1050
1011
994
983
906
866
826
749
720
663
610
599
501
482
415
312
328
251
240
188
96
86
-33
-93
-108
-154
-144
-216
-245
-265
-358
-389
-448
-465
-492
-525
-511
-548
-586
-628
-679
-709
-748
-772
-798
-816
-817
-859
-853
-877
-890
-879
-886
-864
-858
-821
-796
-817
-832
-876
-865
-812
-782
-725
-718
-706
-695
-711
-682
-646
-622
-579
-559
-573
-551
-571
-563
-532
-550
-488
-472
-471
-438
-463
-431
-389
-370
-298
-270
-260
-213
-202
-147
-66
-87
-42
15
39
123
137
151
242
237
279
290
284
359
353
429
465
462
550
528
538
570
565
624
641
683
723
706
696
681
697
737
732
757
795
790
775
776
781
791
783
755
710
679
688
701
691
648
609
526
471
411
430
420
394
371
253
204
152
81
143
126
91
43
-74
-34
-121
-136
-117
-170
-116
-195
-251
-230
-286
-254
-294
-362
-348
-379
-355
-383
-432
-396
-441
-466
-482
-535
-520
-533
-510
-524
-635
-646
-626
-625
-615
-621
-604
-586
-620
-607
-560
-521
-473
-506
-537
-505
-484
-451
-431
-420
-369
-381
-385
-371
-403
-374
-323
-303
-323
-393
-359
-330
-356
-345
-349
-317
-283
-297
-319
-319
-280
-238
-232
-235
-212
-181
-163
-128
-98
-68
-38
-25
38
62
76
150
137
207
271
243
320
283
325
387
325
382
396
442
460
391
393
352
367
413
407
471
444
436
458
406
447
425
432
512
447
467
479
444
509
433
392
383
368
418
402
363
383
353
299
264
244
228
261
263
248
217
117
149
176
163
175
151
155
80
-14
32
28
40
32
16
11
-37
-3
0
-28
-59
-64
-18
-39
-81
-111
-160
-150
-153
-195
-213
-210
-148
-166
-243
-280
-290
-290
-283
-245
-266
-313
-339
-346
-345
-380
-357
-335
-367
-370
-387
-400
-423
-432
-388
-421
-459
-434
-416
-392
-395
-400
-416
-443
-430
-417
-441
-426
-396
-421
-390
-354
-355
-336
-357
-329
-274
-314
-227
-164
-186
-126
-139
-137
-119
-114
-5
50
28
21
-16
40
137
123
159
230
245
290
272
288
372
343
407
482
451
472
443
468
488
467
541
541
529
555
486
457
457
486
531
504
512
508
457
418
381
397
435
447
419
374
314
284
315
343
354
365
368
389
331
241
238
197
207
242
219
232
179
100
52
-7
-11
19
-12
-40
-79
-119
-175
-236
-254
-232
-183
-169
-183
-225
-323
-300
-270
-293
-306
-352
-333
-338
-395
-398
-390
-365
-361
-430
-436
-440
-442
-447
-497
-479
-502
-567
-543
-594
-598
-575
-593
-471
-473
-533
-479
-477
-406
-361
-441
-355
-321
-309
-244
-321
-319
-271
-268
-197
-180
-168
-104
-109
-87
-97
-141
-78
-13
-13
-31
-59
-22
18
38
93
141
205
218
200
188
231
296
333
347
342
328
347
353
354
377
402
478
472
459
470
460
516
551
509
494
480
537
552
409
384
355
356
419
388
340
325
316
313
220
159
219
227
210
217
153
67
100
120
115
83
53
92
47
6
28
-5
-41
-56
-94
-137
-169
-170
-156
-181
-209
-221
-217
-168
-141
-216
-248
-224
-249
-234
-221
-259
-278
-351
-384
-362
-373
-320
-292
-352
-397
-422
-430
-399
-402
-406
-413
-438
-478
-528
-537
-454
-365
-358
-393
-422
-434
-404
-389
-351
-314
-291
-316
-380
-423
-372
-301
-285
-285
-437
-587
-570
-462
-311
-262
-369
-495
-649
-586
-395
-211
-60
0
-77
-261
-281
-49
238
222
230
270
206
175
218
311
263
321
439
334
324
339
302
374
460
515
492
477
564
519
462
578
680
678
657
625
583
587
664
679
670
691
655
554
506
527
503
469
499
442
314
288
261
220
217
268
250
170
170
167
150
158
134
100
109
118
73
13
40
75
56
99
83
55
52
50
37
-19
30
30
-40
-58
-93
-129
-185
-156
-122
-175
-220
-283
-308
-309
-299
-284
-301
-265
-266
-318
-333
-375
-371
-352
-278
-282
-392
-461
-469
-430
-368
-325
-364
-403
-398
-430
-440
-411
-327
-280
-316
-317
-413
-460
-395
-305
-266
-267
-240
-251
-281
-263
-232
-197
-108
-46
-96
-152
-127
-137
-90
-13
23
-4
14
68
61
34
112
230
276
252
233
218
309
362
337
332
367
392
334
326
349
354
327
367
358
332
368
416
368
299
290
366
371
341
319
314
341
321
285
244
302
377
388
309
238
261
278
279
291
212
227
232
239
183
153
223
256
215
142
54
52
95
110
42
-25
17
11
-7
-100
-97
-22
2
0
-99
-125
-91
-91
-127
-194
-159
-125
-170
-214
-275
-265
-272
-273
-304
-351
-347
-346
-323
-359
-382
-395
-421
-426
-482
-494
-496
-504
-472
-519
-512
-549
-547
-490
-475
-449
-463
-434
-473
-504
-495
-456
-375
-359
-417
-448
-535
-485
-442
-375
-325
-329
-278
-328
-279
-266
-175
-155
-161
-134
-125
-174
-155
-124
-30
-5
1
39
28
58
85
173
196
250
278
280
266
260
222
223
272
279
281
282
260
204
205
235
242
281
343
413
444
323
313
249
310
377
347
326
285
280
200
171
247
285
317
341
257
198
176
247
305
328
289
248
198
130
96
108
158
177
88
47
26
-24
-87
-68
12
-3
-24
-54
-74
-121
-116
-111
-101
-161
-214
-225
-248
-261
-354
-388
-369
-317
-344
-350
-307
-254
-259
-293
-328
-347
-319
-320
-314
-365
-348
-394
-373
-363
-371
-303
-327
-291
-339
-363
-307
-289
-254
-265
-218
-244
-281
-274
-285
-248
-171
-159
-135
-145
-141
-92
-78
-39
-32
33
-2
-7
-9
8
31
51
28
11
19
40
87
108
150
94
113
123
105
109
137
204
206
99
111
205
229
204
189
231
261
227
121
160
247
262
236
177
174
170
132
173
208
196
199
205
189
162
166
197
265
235
202
206
216
292
282
225
237
245
284
252
207
154
171
204
174
117
19
67
109
63
-25
-75
-53
-22
-26
-54
-105
-138
-137
-179
-179
-206
-177
-188
-267
-324
-343
-287
-262
-252
-261
-306
-342
-379
-396
-339
-311
-291
-324
-362
-373
-395
-378
-382
-386
-348
-345
-336
-363
-365
-358
-349
-362
-372
-344
-321
-314
-312
-281
-288
-247
-189
-142
-113
-106
-37
16
-5
-5
21
83
119
135
128
136
175
209
210
214
240
274
304
279
276
240
245
307
317
311
302
301
291
240
227
268
342
365
329
281
266
290
315
315
336
332
320
274
211
215
259
302
315
230
168
150
167
213
193
200
168
90
21
-5
33
84
93
50
-2
-27
-66
-107
-90
-54
14
18
-34
-81
-130
-96
-68
-45
-98
-158
-178
-187
-190
-214
-181
-137
-178
-233
-247
-272
-268
-276
-267
-275
-255
-253
-286
-319
-353
-331
-315
-311
-278
-311
-316
-327
-355
-346
-306
-271
-285
-316
-342
-358
-369
-357
-325
-310
-286
-289
-333
-341
-353
-325
-261
-229
-242
-273
-297
-297
-294
-268
-215
-176
-182
-208
-242
-249
-200
-151
-104
-96
-110
-110
-123
-125
-112
-86
-39
-1
-1
-17
13
52
74
110
143
165
181
190
186
212
250
259
275
256
218
232
269
300
298
294
313
299
275
271
283
299
329
336
336
343
317
302
292
300
309
306
295
294
275
238
248
267
269
269
262
277
257
214
214
211
205
190
159
125
89
90
76
63
52
-4
-45
-70
-75
-92
-114
-113
-135
-152
-178
-195
-223
-244
-228
-229
-260
-302
-315
-302
-333
-368
-368
-375
-348
-341
-349
-350
-339
-342
-380
-394
-386
-382
-380
-407
-418
-429
-431
-405
-400
-384
-375
-356
-357
-391
-376
-360
-342
-322
-327
-334
-322
-280
-239
-231
-237
-219
-181
-159
-150
-110
-63
-52
-69
-68
-69
-34
34
72
66
64
79
93
112
145
195
222
219
212
211
215
254
307
317
285
289
293
264
260
293
328
355
344
316
281
290
302
323
338
349
360
293
257
254
255
254
270
246
232
237
260
253
222
228
210
221
214
197
189
179
170
158
130
109
144
137
120
99
76
66
80
87
71
46
21
25
25
17
16
7
-30
-48
-46
-60
-49
-43
-50
-90
-111
-128
-133
-123
-147
-143
-170
-192
-206
-210
-222
-218
-200
-200
-241
-275
-267
-255
-226
-220
-241
-234
-227
-231
-237
-257
-252
-238
-230
-233
-212
-199
-194
-194
-202
-198
-178
-166
-161
-142
-115
-87
-97
-87
-53
-26
1
28
33
48
59
71
48
45
75
107
118
118
98
79
108
109
114
127
144
146
132
92
110
128
136
146
108
88
119
139
138
130
127
130
137
134
105
122
143
170
168
158
151
133
120
88
108
168
174
163
127
104
119
164
179
169
165
149
138
125
138
133
117
89
35
23
22
13
14
6
-17
-36
-43
-65
-74
-63
-67
-56
-55
-70
-79
-121
-136
-134
-128
-120
-123
-149
-174
-159
-130
-110
-121
-131
-126
-140
-165
-184
-184
-166
-167
-159
-161
-186
-165
-170
-185
-160
-154
-176
-183
-170
-184
-175
-149
-146
-153
-178
-175
-159
-161
-149
-132
-126
-113
-128
-134
-139
-112
-84
-82
-54
-54
-62
-39
-29
-25
0
38
56
50
37
32
39
56
74
69
91
81
78
72
72
87
96
118
157
158
103
74
80
100
132
151
150
151
148
125
112
123
158
179
168
156
131
100
95
112
136
165
177
161
124
118
139
134
145
142
110
91
62
32
32
27
2
-10
-45
-52
-56
-59
-72
-92
-107
-126
-136
-133
-127
-127
-120
-124
-158
-156
-167
-191
-196
-221
-235
-221
-235
-269
-290
-299
-293
-307
-316
-313
-315
-318
-321
-346
-358
-363
-343
-325
-321
-296
-275
-276
-282
-296
-275
-254
-244
-217
-220
-225
-229
-215
-188
-180
-166
-159
-152
-149
-150
-131
-134
-127
-126
-127
-114
-89
-69
-90
-92
-70
-57
-38
-18
-5
11
26
37
46
69
84
100
108
112
138
146
138
136
150
159
174
185
181
197
190
184
177
172
165
184
188
182
203
220
233
233
238
199
167
185
184
180
187
194
182
182
189
191
173
169
183
171
174
178
190
185
188
189
180
186
200
186
152
150
128
107
89
70
77
68
84
64
31
19
2
-11
-29
-19
-15
-34
-72
-102
-127
-120
-117
-120
-141
-147
-155
-166
-171
-162
-122
-102
-96
-105
-127
-139
-155
-160
-175
-186
-189
-206
-210
-212
-216
-212
-214
-240
-244
-226
-204
-192
-197
-202
-205
-206
-215
-240
-256
-233
-212
-185
-185
-184
-184
-168
-124
-106
-85
-55
-52
-54
-37
-19
-9
-8
-14
-20
4
20
29
31
49
52
59
63
59
79
91
98
103
123
140
175
179
165
161
169
181
195
201
197
216
246
240
238
248
254
253
252
255
259
256
248
234
211
197
200
202
190
161
140
130
137
139
127
117
131
118
102
107
85
64
57
52
48
57
46
35
20
17
9
21
22
17
21
11
6
4
-13
-21
-43
-49
-34
-38
-60
-77
-81
-73
-83
-103
-118
-114
-110
-125
-143
-186
-211
-230
-224
-222
-207
-211
-232
-246
-251
-260
-262
-253
-257
-231
-243
-255
-264
-281
-265
-269
-256
-247
-257
-263
-285
-275
-247
-239
-253
-260
-260
-277
-273
-263
-250
-254
-269
-252
-239
-216
-175
-158
-168
-154
-158
-149
-133
-121
-90
-65
-50
-52
-62
-59
-22
1
17
34
42
48
44
48
53
67
81
107
106
108
120
113
119
110
119
129
144
168
169
171
182
182
184
196
208
206
186
172
192
208
214
207
191
184
181
170
162
148
139
143
133
138
130
115
120
99
98
95
108
112
81
48
17
15
24
26
26
21
13
3
-7
-5
-9
-21
-26
-37
-71
-81
-83
-86
-79
-42
-42
-50
-61
-94
-95
-92
-107
-109
-115
-139
-152
-170
-172
-187
-189
-179
-207
-211
-208
-223
-223
-220
-217
-221
-233
-242
-258
-247
-234
-222
-213
-221
-217
-201
-178
-179
-157
-165
-187
-176
-167
-148
-125
-99
-107
-104
-91
-91
-72
-55
-43
-32
-15
-22
-20
-6
-10
-2
16
40
24
25
35
43
69
81
91
101
120
139
162
166
163
158
165
174
175
173
156
165
164
144
130
115
109
148
167
153
150
122
109
107
104
102
101
93
88
76
79
51
57
56
54
69
77
74
45
41
10
1
-13
-23
-40
-41
-40
-59
-65
-68
-66
-73
-87
-104
-110
-107
-111
-139
-131
-144
-160
-167
-169
-157
-153
-173
-179
-172
-171
-166
-156
-136
-155
-156
-155
-179
-173
-179
-174
-163
-146
-133
-145
-168
-194
-179
-159
-148
-137
-132
-127
-133
-141
-161
-164
-145
-124
-119
-109
-112
-105
-94
-84
-79
-60
-44
-47
-55
-57
-38
-30
-24
-5
23
21
29
29
42
40
46
91
102
116
122
126
110
101
117
107
103
94
99
95
102
107
113
120
124
123
109
118
135
138
129
122
141
126
119
127
138
147
142
146
133
145
148
154
121
98
96
95
109
106
88
66
60
57
59
63
49
45
40
13
0
6
-4
2
-7
-14
-21
-18
-19
-60
-83
-101
-98
-87
-88
-90
-105
-119
-151
-150
-151
-150
-149
-159
-162
-178
-181
-183
-200
-206
-204
-197
-203
-214
-211
-212
-205
-212
-221
-212
-204
-198
-211
-219
-202
-209
-208
-215
-210
-205
-177
-146
-145
-148
-145
-142
-132
-106
-108
-106
-94
-74
-74
-76
-62
-50
-33
-4
14
25
33
37
41
53
72
97
104
110
137
134
123
123
119
123
132
143
145
155
160
167
155
139
156
177
194
205
211
185
180
183
202
232
251
260
258
245
215
211
194
203
232
237
218
184
168
179
187
170
178
183
163
160
160
124
90
76
77
89
74
55
37
27
36
28
24
22
19
-4
-14
-32
-45
-48
-65
-55
-69
-78
-97
-106
-115
-121
-144
-161
-149
-145
-153
-156
-181
-218
-214
-202
-205
-221
-229
-222
-227
-223
-226
-237
-227
-205
-181
-188
-218
-229
-243
-256
-229
-218
-235
-230
-231
-243
-240
-234
-217
-206
-204
-208
-191
-194
-203
-184
-175
-189
-178
-166
-159
-152
-158
-158
-148
-121
-103
-101
-95
-91
-77
-56
-46
-46
-49
-38
-20
0
10
30
51
44
59
78
78
81
85
110
122
118
126
114
117
131
144
160
177
176
161
171
170
173
171
160
165
164
152
157
162
169
160
156
153
137
138
147
155
155
149
162
178
185
195
196
185
175
157
145
146
152
150
127
118
103
91
82
66
51
39
43
29
30
22
-3
-23
-42
-51
-66
-72
-104
-112
-107
-111
-112
-125
-124
-129
-129
-137
-152
-151
-143
-147
-143
-146
-166
-180
-185
-194
-202
-194
-175
-158
-144
-146
-153
-154
-160
-163
-164
-161
-163
-164
-170
-179
-168
-159
-151
-137
-136
-134
-119
-110
-110
-87
-58
-41
-31
-10
2
12
29
36
42
48
80
104
98
121
129
108
109
106
108
111
107
103
88
88
91
101
108
105
103
105
105
95
101
83
57
47
41
36
41
51
54
55
43
32
36
33
23
13
-4
-17
-1
10
21
16
30
37
31
30
28
35
28
28
31
40
54
62
62
38
33
22
15
15
26
38
16
6
0
-11
-13
-5
-5
-31
-47
-61
-45
-49
-63
-62
-76
-78
-93
-93
-91
-91
-84
-78
-84
-84
-95
-103
-93
-86
-98
-109
-103
-107
-98
-70
-62
-72
-89
-105
-90
-80
-86
-104
-112
-119
-129
-127
-131
-128
-126
-131
-129
-129
-132
-134
-125
-116
-119
-105
-111
-104
-99
-105
-106
-102
-85
-65
-56
-58
-44
-47
