36
-21
-7
-5
19
52
-6
33
-3
9
-24
-66
-121
-98
-43
-42
10
-79
-69
-113
-124
-129
-162
-82
-72
-31
-79
-100
-178
-135
-72
-45
-11
-69
-40
-72
-16
-31
-28
-45
-42
-21
-48
-46
-70
-49
-69
-47
-79
-101
-113
-82
-27
-57
-90
-141
-150
-154
-90
-141
-85
-96
-110
-71
-199
-184
-160
-76
-30
-40
-70
-86
-59
-69
-32
-82
-58
-15
3
-2
-46
-51
-37
42
34
18
33
2
69
60
-8
38
32
105
108
58
75
26
101
75
38
50
72
115
147
130
28
61
48
113
116
141
142
130
189
94
99
77
100
155
170
157
114
135
80
60
77
86
123
183
92
26
27
-23
25
6
-31
-48
-12
26
-2
-5
-89
-88
-86
-25
-1
-75
-16
-41
-91
-109
-199
-238
-134
-136
-113
-68
-191
-133
-135
-144
-119
-99
-13
-52
0
-112
-155
-176
-209
-127
-174
-108
-118
-121
-171
-202
-236
-217
-123
-161
-44
-170
-166
-178
-266
-206
-282
-200
-205
-193
-167
-215
-241
-249
-191
-243
-152
-149
-119
-77
-149
-153
-240
-181
-145
-98
4
-59
12
32
21
15
12
31
90
176
159
187
86
138
117
89
141
91
227
260
301
266
207
217
244
303
321
369
356
404
347
362
360
332
420
386
450
406
383
385
337
345
379
344
319
301
224
250
229
218
236
183
187
184
157
84
107
127
120
142
88
6
8
-28
-8
-1
-43
-11
-25
-62
-102
-78
-73
-99
-122
-158
-213
-197
-172
-240
-261
-286
-280
-285
-328
-357
-404
-392
-385
-384
-457
-495
-513
-509
-505
-579
-594
-627
-612
-577
-607
-628
-677
-650
-625
-657
-622
-610
-628
-588
-612
-661
-673
-669
-611
-577
-566
-550
-560
-530
-523
-505
-464
-411
-323
-262
-250
-251
-212
-133
-73
30
100
140
212
303
383
370
468
489
577
716
737
767
778
738
745
820
794
891
923
949
969
927
933
867
930
947
1015
1045
1064
1019
931
920
846
930
964
958
978
910
797
741
711
658
720
697
659
622
559
505
424
469
422
463
515
484
488
428
368
313
305
310
290
303
274
171
96
42
-58
-3
-52
-146
-133
-366
-636
-725
-859
-951
-945
-1068
-1362
-1492
-1623
-1769
-1751
-1802
-1760
-1735
-1762
-1811
-1869
-1882
-1882
-1760
-1686
-1718
-1710
-1630
-1624
-1628
-1556
-1526
-1491
-1406
-1273
-1271
-1232
-1131
-1166
-1121
-1133
-1157
-1103
-1039
-968
-896
-845
-869
-788
-703
-624
-494
-269
-155
-53
92
106
195
286
426
561
712
821
866
937
930
994
1085
1187
1247
1352
1401
1403
1435
1461
1426
1416
1462
1475
1560
1659
1657
1621
1621
1609
1709
1816
1896
1833
1883
1865
1847
1974
1887
1920
1984
1968
1947
1841
1796
1820
1759
1795
1748
1540
1624
1476
1397
1396
1242
1284
1253
1200
1134
1015
898
838
618
292
12
-317
-462
-495
-761
-1062
-1402
-1890
-2147
-2282
-2446
-2409
-2385
-2393
-2456
-2625
-2797
-2881
-2788
-2652
-2534
-2417
-2374
-2323
-2245
-2188
-2161
-2051
-1839
-1631
-1431
-1257
-1157
-1084
-1028
-1013
-1002
-986
-877
-737
-605
-487
-474
-440
-401
-347
-227
-85
40
219
325
344
306
216
264
267
329
339
192
26
-55
-140
-241
-252
-368
-439
-537
-612
-722
-803
-814
-877
-844
-955
-1048
-1089
-1054
-1009
-954
-853
-860
-741
-633
-550
-484
-331
-185
-55
94
188
266
397
631
755
905
1036
1141
1268
1398
1495
1635
1884
2031
2152
2215
2255
2262
2496
2641
2654
2745
2699
2733
2770
2829
2794
2846
2926
2979
3005
2913
2862
2721
2703
2649
2517
2475
2466
2365
2287
2230
1820
1770
1673
1502
1513
1305
948
427
8
-355
-581
-718
-1015
-1445
-1855
-2290
-2616
-2776
-2948
-2955
-2931
-2961
-3087
-3226
-3316
-3375
-3242
-3095
-3022
-2968
-2903
-2833
-2778
-2712
-2609
-2487
-2315
-2110
-1936
-1769
-1656
-1518
-1425
-1419
-1405
-1353
-1240
-1109
-922
-783
-724
-616
-528
-407
-266
-85
133
297
429
509
562
608
682
769
800
696
764
759
709
754
552
285
110
-56
-130
-111
-228
-375
-568
-836
-1083
-1261
-1286
-1282
-1158
-1106
-1178
-1303
-1356
-1346
-1310
-1097
-957
-836
-665
-610
-594
-522
-415
-269
-26
197
397
599
756
882
965
1116
1201
1402
1593
1690
1860
1943
2057
2122
2170
2258
2327
2453
2608
2674
2758
2828
2798
2933
2928
2987
3123
3169
3195
3249
3251
3226
3241
3183
3182
3128
3173
3102
2989
2896
2695
2590
2458
2309
2043
1816
1169
538
192
-198
-311
-510
-949
-1647
-2223
-2726
-3053
-3215
-3333
-3285
-3297
-3354
-3592
-3837
-4005
-4019
-3798
-3587
-3454
-3382
-3196
-3151
-3134
-3064
-3023
-2899
-2644
-2330
-2111
-1939
-1782
-1686
-1661
-1666
-1667
-1586
-1384
-1155
-932
-805
-785
-673
-533
-451
-297
-74
153
371
553
658
700
745
813
885
894
929
985
1032
993
863
819
647
583
512
326
119
-115
-337
-567
-726
-917
-1027
-1229
-1409
-1589
-1722
-1706
-1710
-1527
-1489
-1428
-1384
-1342
-1263
-1204
-995
-851
-689
-536
-433
-329
-166
-13
178
409
544
769
951
1107
1270
1426
1563
1662
1781
1859
1946
2065
2202
2325
2388
2437
2510
2571
2736
2844
2942
3082
3107
3150
3183
3175
3279
3484
3565
3575
3404
3225
3270
3238
3421
3436
3236
3100
2870
2696
2580
2468
2368
2311
1977
1486
688
-57
-235
-402
-429
-710
-1473
-2150
-2733
-3186
-3481
-3591
-3611
-3514
-3452
-3605
-3901
-4185
-4236
-4134
-3929
-3801
-3725
-3525
-3300
-3184
-3190
-3197
-3157
-2941
-2664
-2383
-2146
-1898
-1676
-1571
-1601
-1680
-1697
-1574
-1325
-1063
-870
-762
-642
-514
-446
-369
-227
14
269
491
663
758
838
907
957
952
936
984
1089
1176
1096
962
881
693
669
500
261
31
-216
-358
-502
-693
-910
-1117
-1383
-1543
-1712
-1806
-1698
-1655
-1469
-1451
-1489
-1415
-1412
-1283
-1175
-977
-783
-600
-429
-327
-226
-129
96
339
557
820
1015
1252
1422
1563
1694
1761
1906
2029
2164
2272
2328
2508
2569
2633
2686
2694
2781
2906
3082
3224
3413
3464
3611
3529
3514
3632
3640
3894
3809
3654
3546
3458
3439
3549
3422
3113
3016
2749
2620
2449
2269
2042
1677
977
189
-252
-630
-670
-784
-1286
-2115
-2786
-3288
-3740
-3838
-3887
-3848
-3729
-3685
-3880
-4182
-4382
-4401
-4163
-3961
-3871
-3755
-3527
-3338
-3219
-3138
-3144
-3130
-2903
-2602
-2374
-2109
-1812
-1565
-1470
-1467
-1559
-1608
-1475
-1226
-949
-741
-602
-443
-286
-238
-174
4
198
424
675
850
937
1039
1103
1056
1007
903
902
986
977
955
919
794
595
344
-13
-219
-321
-343
-353
-573
-874
-1126
-1374
-1571
-1686
-1748
-1681
-1555
-1427
-1404
-1441
-1448
-1357
-1229
-1074
-890
-705
-413
-238
-114
-40
39
188
442
763
977
1281
1519
1697
1804
1829
1933
2078
2286
2509
2686
2739
2795
2821
2720
2779
2847
3039
3225
3358
3424
3372
3474
3530
3693
3808
3771
3715
3645
3556
3467
3504
3527
3549
3527
3325
3060
2792
2680
2561
2466
2227
1716
872
206
-32
-292
-436
-677
-1397
-2257
-2906
-3549
-3985
-4084
-4094
-3993
-3924
-3999
-4241
-4460
-4571
-4591
-4432
-4293
-4191
-3939
-3600
-3430
-3327
-3245
-3213
-3181
-3015
-2749
-2434
-2101
-1786
-1535
-1450
-1488
-1533
-1488
-1400
-1267
-1014
-781
-624
-466
-312
-214
-114
60
214
366
612
866
1050
1176
1131
1091
972
846
893
832
874
863
700
401
-70
-319
-631
-549
-789
-1349
-1468
-1296
-1158
-1773
-2190
-2273
-2143
-2219
-2356
-2121
-1885
-1429
-1215
-1334
-1284
-998
-491
-178
317
680
888
888
945
936
898
1290
1766
2155
2326
2411
2348
2285
2324
2556
2926
3220
3393
3334
3753
3923
3518
3593
4114
4736
4958
5344
5707
5893
5986
5736
5137
4210
3722
4032
4459
4322
4489
4419
3706
2742
1634
1306
1791
1859
1274
-15
-3394
-6542
-6522
-4922
-4388
-3889
-2741
-2043
-1940
-3303
-5312
-5377
-3512
-1744
-675
-220
-814
-1717
-2679
-3912
-4737
-4713
-3979
-2761
-2078
-2536
-3567
-4348
-4487
-4295
-4083
-3566
-2209
-600
82
-266
-849
-1214
-1104
-652
-154
364
919
1308
1036
10
-1163
-1859
-1924
-1293
-495
-25
147
113
-2
-334
-647
-696
-50
652
944
830
-68
-927
-1324
-1987
-3227
-3345
-2834
-2738
-2308
-1902
-2242
-2469
-1811
-1718
-1423
-505
-181
-64
367
102
-943
-1182
-782
-540
58
581
391
306
427
142
-126
401
1176
1996
2798
2977
2759
2768
2862
3099
3674
4224
4696
4979
4729
4028
3513
3331
3387
3761
4482
4807
5012
4756
4475
4691
5315
6388
7003
6406
5181
3743
2720
3064
3302
3238
3893
5201
4516
2995
2415
1549
1300
1583
928
-2774
-7555
-8496
-5890
-3740
-3508
-2992
-2138
-1011
-1252
-4154
-5750
-3907
-1737
-774
-75
-1210
-3264
-3905
-4346
-5433
-5682
-4595
-3024
-1612
-1559
-3042
-4298
-4501
-4001
-3492
-3184
-2460
-1058
-43
-248
-1009
-1700
-1723
-1023
-267
64
306
456
205
-532
-1763
-2898
-3131
-2259
-1007
-235
56
159
111
96
-77
-211
49
674
848
454
-867
-2432
-2978
-2959
-2928
-2762
-2204
-2095
-1756
-1337
-1801
-1624
-989
-585
-609
-404
-682
-1289
-971
-1131
-1385
-1267
-745
-392
118
636
89
212
487
659
616
1032
1451
1788
2603
2510
2544
2752
3241
3532
4000
4313
4119
4270
4119
3618
3361
3121
3183
3589
4388
5122
5609
5677
5235
5048
5446
6044
6343
6320
5618
4399
3728
2882
2014
1930
2787
3660
4547
4999
3490
2607
2221
1823
766
-127
-3773
-8513
-7631
-4925
-4066
-3400
-2191
-2479
-1578
-1471
-4860
-5364
-2847
-1857
-1266
-284
-2314
-4139
-3743
-4707
-5602
-4749
-3761
-2571
-967
-1596
-3240
-3819
-4234
-4220
-3615
-3281
-2697
-1269
-506
-752
-1223
-1650
-1466
-688
-88
143
439
416
-96
-908
-2039
-2947
-3031
-2106
-1048
-309
242
39
-350
-319
-280
-521
-126
509
-41
-619
-1424
-2959
-3249
-2499
-2459
-2914
-1900
-1322
-1146
-184
-551
-1162
-814
-334
-1047
-1069
-679
-1267
-981
-691
-913
-1027
-183
425
500
910
769
800
1033
1190
922
1060
1626
2053
2487
2655
3051
3164
3718
4216
4090
4193
4354
4350
3739
3399
2903
2721
3639
4744
5173
5277
5480
5921
6210
5842
5487
5039
4862
4002
3358
3359
3382
3276
2646
3089
3716
4917
5455
4638
3799
2728
1430
241
-2312
-8487
-10739
-6818
-3612
-2506
-1239
-1451
-1660
-318
-3000
-5966
-4128
-2055
-1424
24
-602
-3689
-4433
-4614
-6028
-5946
-4597
-3398
-1313
-229
-1950
-3681
-4560
-5053
-4693
-3942
-3505
-2234
-451
106
-484
-1248
-1656
-1344
-586
-150
79
133
-137
-924
-2053
-3266
-3888
-3381
-1942
-573
48
208
296
443
172
-331
-411
-152
-426
-733
-1244
-2514
-2631
-2367
-2547
-2822
-1950
-1509
-843
356
-506
-1192
-972
-631
-1210
-963
-905
-1237
-390
-87
-350
-471
-16
84
390
794
629
840
1166
1415
1184
1330
1661
2017
2643
3055
3247
3488
4048
4232
4348
4208
3867
4000
3863
3339
3412
3698
3534
4563
5310
4864
5217
5692
5543
6033
6883
5845
4739
3915
2861
2765
2396
2636
3439
4921
5886
5956
4822
2876
2043
376
-586
-2433
-7760
-10007
-6209
-3203
-2623
-1224
-1393
-1313
200
-2234
-5243
-3537
-1929
-1875
-538
-1363
-3714
-4058
-4534
-5858
-5646
-4719
-3541
-1387
-722
-2012
-3213
-4134
-4588
-4287
-4094
-3551
-2150
-931
-268
-513
-1436
-1539
-1119
-1069
-868
-455
-445
-561
-990
-2245
-3236
-3501
-3252
-2266
-1346
-597
168
848
949
616
-170
-746
-587
-865
-1701
-2110
-2424
-2577
-2579
-3544
-3723
-2697
-1322
-386
302
301
66
239
-544
-1141
-1185
-897
-341
232
264
5
104
162
398
562
760
1122
1579
1733
1453
1335
1176
1745
2126
2467
3193
3833
4375
4523
4412
4069
3781
3957
3155
2963
3939
3829
4268
4613
4042
3976
5719
6131
6122
6913
6321
4581
3897
3703
2259
2789
4027
3657
3077
4534
3948
3388
5017
4123
2687
2752
1291
-1597
-4333
-10039
-11194
-5980
-2866
-1483
347
29
-512
-54
-4039
-6400
-3675
-2633
-1918
137
-875
-3323
-3465
-5054
-6648
-5661
-4601
-3117
-628
-266
-1865
-2646
-4074
-5314
-5137
-4830
-3839
-1588
16
306
200
-616
-1374
-1430
-1491
-1479
-833
-312
-461
-1167
-2275
-3263
-3667
-3820
-3192
-1699
-322
1029
1590
1300
567
-641
-1919
-2061
-2122
-2227
-1716
-1617
-1751
-2261
-2748
-3232
-2259
-1113
-798
80
308
248
-342
-895
-1618
-1882
-899
-365
420
1039
1042
722
534
341
-50
327
937
1665
2182
2394
2038
1991
2008
2060
2694
3462
4216
4701
4831
4354
4101
3420
3060
3288
3905
4948
5500
5238
4939
5306
5402
5415
5615
5692
5229
4702
4230
4762
4200
3465
3677
2723
2794
3777
4719
4552
5229
3786
1728
1854
-209
-5059
-10135
-10368
-6992
-2964
-728
46
167
5
-553
-4047
-5991
-4602
-3119
-1936
-282
-570
-2556
-3277
-4780
-6490
-6185
-4936
-3552
-1311
-480
-1849
-2706
-3730
-5034
-5353
-4868
-3950
-1816
155
473
297
-262
-1154
-1715
-1814
-1799
-1098
-348
-364
-771
-1646
-2542
-3460
-3798
-3007
-1807
-648
540
1021
909
540
-650
-2053
-2143
-2195
-2502
-2012
-2266
-2212
-1865
-2176
-2647
-1993
-1189
-692
208
50
-418
-430
-773
-1257
-1167
-746
-235
698
1034
808
721
499
523
768
976
1140
1812
2063
2016
2188
2143
2284
2918
3592
3739
4150
4411
4173
4037
3733
2943
3043
3841
4948
5238
5041
5652
6094
6283
5943
5534
5392
6457
5338
3092
3430
3304
2921
3876
3279
2646
5315
6342
5710
5830
3808
398
-271
-1444
-5812
-9569
-9237
-5759
-2324
-711
-597
-964
-473
-872
-3916
-5250
-3619
-2709
-2089
-977
-1803
-3207
-3465
-4529
-5675
-4763
-3806
-2944
-1290
-1262
-2769
-3500
-4249
-5271
-5128
-4556
-3610
-1606
33
250
166
-134
-677
-992
-1293
-1463
-1103
-721
-1051
-1644
-2361
-3232
-3663
-3098
-2405
-1484
-123
678
762
713
217
-991
-1546
-2189
-2948
-2690
-2309
-2370
-2159
-1504
-1619
-1304
-1024
-1132
-882
-931
-1232
-1269
-960
-1187
-982
-716
-530
178
516
482
758
1117
739
813
1093
1018
1280
1462
1427
1602
2271
2418
2775
3534
3814
4124
4225
4191
4251
4480
4160
3713
3518
3670
4674
5097
5392
6128
6734
7164
6763
6192
5536
4085
2784
3218
3896
3574
4132
3949
3801
5080
5436
5271
5189
4375
2503
1097
-451
-5166
-11237
-11090
-6272
-3535
-1516
262
-463
200
535
-4219
-6352
-3897
-3532
-2714
-140
-1099
-2705
-2371
-4402
-6358
-5025
-4209
-3557
-1222
-925
-2317
-2670
-3934
-5635
-5657
-5158
-4211
-1776
206
671
990
848
-43
-947
-1707
-2073
-1560
-1033
-1177
-1553
-2114
-2842
-3309
-3496
-3259
-2017
-637
497
1144
375
-701
-1242
-1707
-2305
-2332
-2205
-1910
-1781
-1919
-2465
-2437
-2041
-1708
-1193
-942
-456
-897
-862
-1211
-1429
-1156
-705
53
274
811
960
1005
898
785
742
995
1650
1773
2092
2316
2298
2186
2339
2386
2813
3948
4597
5268
5550
5452
4557
3928
3310
3449
4544
5307
5906
6252
6720
6415
6221
5330
4958
4228
3469
4153
4269
3867
3921
4365
4004
5261
6187
5725
6062
5002
1973
-178
-1482
-6821
-11488
-9744
-6075
-3062
-360
10
-1262
274
-777
-5167
-5272
-3506
-3224
-1231
418
-1593
-2581
-3052
-5562
-6280
-4866
-4396
-3067
-875
-1345
-2481
-3170
-4949
-6125
-5664
-4933
-3509
-1054
503
1063
1256
738
-208
-931
-1412
-1494
-1092
-894
-1085
-1726
-2560
-3403
-3713
-3932
-2991
-1136
95
1271
1745
1056
-144
-589
-1922
-3508
-3779
-3198
-2951
-2323
-1479
-1790
-1583
-1136
-1590
-2398
-1420
-1287
-1807
-1122
-1238
-1694
-1345
-730
-918
-252
678
924
1245
1515
1177
754
975
825
803
1149
1537
1962
2394
2881
3141
3337
3739
4222
4769
4986
4788
4796
4594
4660
4260
4397
4261
4968
6403
7041
7565
7595
7078
6292
6081
4492
3094
3220
3122
3297
4327
3895
4311
5557
5556
5976
5881
3490
951
-41
-4849
-10852
-10683
-7330
-3958
-947
-172
-1210
-71
-371
-4762
-6128
-4275
-3448
-1846
112
-1206
-2604
-3029
-5177
-6376
-5337
-4573
-3502
-1278
-922
-2106
-2967
-4582
-5946
-5761
-5174
-4199
-1908
-72
518
787
517
-432
-1064
-1209
-1197
-674
-439
-464
-966
-1769
-2776
-3679
-4007
-3210
-1827
-694
735
1385
999
-24
-860
-1984
-2877
-2754
-2643
-2071
-1513
-1579
-2232
-2452
-2125
-2177
-1776
-1375
-1189
-969
-1005
-1521
-2137
-2119
-1649
-1108
-350
258
406
745
890
590
440
734
1082
1314
1788
1729
1697
2086
2300
2466
2945
3665
3996
4587
4850
4814
4897
4991
4710
4583
4505
4543
5273
5759
6288
6365
7186
7564
7600
6791
5388
4934
3632
3411
3372
3169
3317
4034
4686
5496
6820
6009
4043
2185
-176
-1715
-3769
-9077
-10482
-6023
-2622
-1384
-727
-1782
-2057
-632
-3330
-6012
-3841
-2453
-2187
-567
-1465
-3926
-3980
-4741
-5971
-4679
-3571
-3280
-1645
-1145
-2931
-3933
-4840
-5855
-5300
-4326
-3411
-1563
-23
56
-3
-231
-769
-1016
-987
-749
-246
-267
-1165
-1686
-2311
-3025
-3238
-2968
-2561
-1210
169
169
235
-474
-1950
-2436
-1980
-2380
-2149
-1276
-1545
-1659
-1664
-2474
-2873
-2128
-2185
-2131
-1314
-1022
-1198
-1237
-1555
-2011
-1595
-1233
-730
-145
293
598
616
413
307
499
684
1483
2034
2237
2590
2566
2124
2017
2266
2392
3076
4035
4655
5159
5504
5059
4267
4036
4106
4930
5625
6119
6664
6976
7081
6870
6465
5861
5610
4892
4739
4857
3696
2991
3797
4726
5434
6279
5677
5873
6125
4177
1666
-14
-3944
-10086
-10074
-6364
-3301
-1077
-674
-2042
-1269
-688
-5070
-6745
-4068
-2422
-1159
402
-1137
-3154
-3399
-5323
-6513
-5075
-3856
-2887
-953
-977
-3082
-4485
-5821
-6608
-5928
-4800
-3429
-1242
295
434
100
-498
-1129
-1297
-944
-468
46
210
-503
-1736
-2838
-3739
-4113
-3319
-2185
-1423
137
1062
816
274
-529
-1661
-2035
-1506
-2255
-2318
-2004
-2559
-2771
-2456
-2910
-3124
-2054
-1655
-1665
-1255
-1821
-2574
-2054
-2079
-2073
-1240
-535
-171
326
334
-149
48
185
315
716
1086
1268
1381
1461
1166
1462
1855
2394
3205
3866
4449
4713
5170
4901
4752
4692
4296
4347
4859
5435
5403
6013
6182
5956
6388
6698
6983
7512
7748
6121
4700
4558
3808
3581
4127
4353
4894
6517
6584
4797
3472
1452
-456
-291
-2048
-7985
-9504
-5482
-2513
-1507
-1690
-3443
-2746
-138
-3129
-5916
-3324
-1578
-1378
-429
-1970
-4562
-4227
-4681
-5867
-4543
-3383
-3356
-1876
-1568
-3866
-5103
-5309
-5241
-4067
-2985
-2617
-1456
-178
-318
-916
-1190
-1196
-671
17
199
1
-404
-1044
-1893
-2800
-3282
-2983
-2000
-726
-153
-451
-415
-448
-1267
-1641
-2286
-2511
-1225
-718
-1508
-2281
-2492
-3138
-2515
-2325
-2747
-1624
-1023
-1231
-1899
-2558
-3229
-2819
-1882
-1680
-1088
-485
-227
-306
-614
-967
-793
-10
708
1115
1499
1671
1727
1518
1378
1379
1957
2886
3565
3992
4072
4262
4306
4429
4309
4106
4557
4997
5344
6013
6057
6017
6195
6385
5841
6077
6453
6920
7272
6018
4947
3508
3112
3738
4056
4303
5620
6302
5412
5676
4014
1577
832
97
-2189
-5789
-7403
-5651
-1844
-991
-2772
-3921
-3185
-1881
-3485
-5148
-3636
-1149
-684
-1133
-2444
-4286
-4452
-4460
-4658
-3659
-2469
-2565
-2290
-2464
-4604
-5905
-5728
-5008
-3648
-2556
-2513
-1936
-1001
-1428
-1920
-1543
-937
62
946
836
313
-320
-1398
-2356
-2873
-3002
-2363
-1554
-974
-625
-648
-990
-1140
-1090
-1142
-713
-681
-1215
-1970
-2152
-2599
-2824
-2513
-3066
-3284
-2710
-2403
-2666
-2189
-2006
-2244
-1597
-1720
-2186
-1640
-1082
-977
-784
-543
-650
-289
108
-26
289
696
933
1086
1227
1190
1395
1775
1907
2399
2827
3173
3934
4456
4764
5010
5152
5043
5149
5242
4775
5409
5889
5937
6220
6479
6428
6431
6935
6110
6090
5954
5483
4929
4043
3328
3565
5396
6630
7427
6662
4394
2184
172
-484
-1891
-5501
-6781
-3404
-744
-1634
-3668
-5634
-4829
-2348
-3202
-4421
-1886
-101
-808
-1548
-3490
-5248
-4276
-3256
-3086
-2059
-1881
-2997
-3221
-3991
-5867
-6255
-5246
-3867
-2399
-2172
-2773
-2620
-2247
-2170
-1797
-1064
-81
958
1124
483
-426
-1316
-1665
-1614
-1739
-1718
-1349
-1126
-1050
-1246
-1784
-2043
-1284
-658
-448
-505
-741
-1159
-943
-1452
-2924
-3318
-2811
-1914
-1644
-1867
-2866
-2698
-2144
-2628
-2917
-2710
-1987
-1384
-1053
-1674
-2051
-1639
-1299
-852
-507
-260
263
757
710
308
183
369
1123
1552
1626
1988
2420
2533
2664
2620
2793
3890
4702
4938
4737
4645
4573
4814
5118
5035
5734
6274
6698
6251
5901
6229
6675
6825
5781
4839
4289
4540
4627
4175
4618
5820
6061
5130
4644
3849
2892
1911
559
-834
-3753
-6260
-4931
-1577
-1372
-3259
-4467
-4435
-2739
-3019
-4479
-3082
-773
-783
-1614
-2448
-3971
-3987
-3006
-2562
-1917
-1803
-2895
-3499
-3776
-5159
-5781
-5013
-3746
-2545
-2439
-3185
-3282
-2605
-2194
-1449
-541
43
629
718
127
-536
-887
-1008
-654
-504
-951
-1215
-1215
-1342
-1484
-1748
-1711
-1201
-893
-1110
-1302
-1510
-1732
-1506
-1571
-1821
-2119
-2242
-2169
-2030
-2287
-2689
-2570
-2143
-1859
-2070
-2415
-2374
-2116
-2023
-2049
-2034
-1721
-1086
-635
-629
-580
-348
48
563
895
1023
1092
1459
1631
1619
1747
1892
2505
2815
3118
3114
3199
3653
4167
4588
4426
4697
4943
5196
4918
5064
5366
5942
6755
6724
6390
5795
5744
5790
5976
5383
4931
5677
6123
5018
3911
4146
5803
7058
5030
2384
1102
-259
-4808
-6742
-2981
306
319
-3041
-6106
-6150
-4205
-4379
-4135
-864
457
-899
-2638
-4126
-5058
-3845
-1908
-584
-58
-1539
-3651
-4868
-5160
-5198
-4717
-3551
-2353
-2303
-3836
-4829
-4524
-3454
-1781
-403
-9
-44
-328
-1077
-1108
-442
31
617
853
37
-1076
-1620
-1795
-1240
-376
-155
-401
-1209
-1640
-2003
-1843
-1245
-653
-272
-715
-1217
-2329
-2845
-2673
-2339
-1766
-1727
-2099
-2878
-3011
-3030
-2878
-2298
-1957
-1618
-1734
-1959
-2490
-2423
-1701
-954
-137
-209
-306
-324
-141
98
279
835
1386
1885
1776
1394
1409
1722
2330
3118
3525
3497
3500
3951
4403
4636
4958
5349
5683
5620
5574
5209
5658
6386
6615
6503
6627
6535
5652
5348
4962
4924
5495
6091
5093
4501
5170
5126
4293
3505
2572
2075
954
-3851
-5990
-2258
753
-1511
-4834
-6124
-5477
-3173
-3368
-4025
-2311
-1225
-2463
-3611
-3791
-3928
-2607
-921
-596
-1635
-3265
-4269
-3995
-3361
-3499
-3691
-3551
-3275
-3550
-4611
-4604
-3230
-1905
-1146
-968
-1456
-1740
-1114
-452
86
548
534
367
225
-183
-633
-487
-41
387
177
-622
-1342
-1988
-1564
-999
-877
-1013
-1007
-1503
-1900
-1565
-1855
-1910
-1742
-1706
-1986
-2106
-2692
-3132
-2377
-2173
-2095
-2181
-2140
-2373
-2442
-2100
-2252
-1713
-1510
-1295
-1167
-945
-761
-745
-53
406
385
543
831
1282
1522
1805
1632
1796
2494
2560
2750
3119
3479
3912
4314
4446
4138
4421
5053
5262
5533
5544
5208
5429
6282
6967
6579
6091
5872
5593
5897
5610
5011
4952
5374
5153
4524
4974
4646
3956
3338
2298
1323
-1993
-4741
-2626
1231
97
-4534
-6959
-6389
-3179
-1878
-3331
-3216
-2467
-3538
-4277
-3552
-3444
-2442
-817
-1112
-2560
-3915
-4578
-3532
-1863
-2355
-3692
-4225
-4265
-3814
-3642
-3581
-2890
-2238
-2218
-2293
-2451
-2274
-973
188
285
-116
-573
-556
241
826
650
607
487
172
-80
-547
-872
-983
-570
-538
-1024
-1440
-1513
-1269
-1184
-1626
-2148
-1786
-1516
-2101
-2624
-2655
-2381
-1859
-2016
-2715
-2771
-2259
-2189
-2105
-2135
-2521
-2346
-2080
-2013
-1766
-1241
-986
-748
-425
-630
-387
265
826
1133
1169
728
614
2252
2499
2407
2090
2146
2445
3521
4114
3944
4385
3798
4191
4611
5274
4943
5389
5594
6033
6383
6046
5967
6413
6792
5732
5931
5678
5977
6147
5646
4721
4984
5655
4553
4122
3375
2692
1724
-2318
-4760
-1186
2184
-1189
-5982
-7509
-6081
-2342
-1749
-3685
-3848
-3752
-4788
-3878
-2656
-2861
-1319
-754
-1955
-3514
-4314
-3808
-2128
-1194
-2848
-4429
-5014
-4552
-3190
-2643
-3050
-3228
-3310
-3267
-2641
-2370
-1828
-649
-258
-781
-1156
-977
-112
1134
1429
873
343
56
341
813
588
-38
-395
-871
-800
-846
-984
-1029
-561
-1018
-1992
-1906
-1870
-1482
-1635
-2137
-2952
-2443
-1937
-2447
-2117
-2151
-2415
-2358
-2136
-2616
-2564
-1849
-1966
-1706
-1616
-1955
-1851
-996
-688
-756
-307
-285
190
650
691
829
1324
1705
1367
1814
2329
2634
2850
3169
3647
3678
3608
3687
4398
4915
5057
5049
5120
5219
5988
6415
6327
6157
5900
6134
6318
6239
5877
5716
5919
5501
5252
5014
5624
5663
4318
2809
2377
1807
-1714
-2701
195
1463
-2365
-6699
-7239
-4192
-1041
-2230
-4603
-5198
-5088
-4364
-2447
-1883
-2737
-2572
-2453
-2899
-3034
-2894
-2415
-1778
-2442
-4029
-4775
-4207
-2848
-1980
-2727
-4059
-4405
-3644
-2397
-1674
-1906
-2234
-2061
-1638
-1012
-515
-208
404
768
416
248
742
1191
1551
1503
633
-384
-419
2
93
-122
-628
-950
-1115
-1239
-1524
-1513
-1247
-1265
-1892
-2924
-3192
-2431
-1415
-1446
-2471
-3589
-3450
-2384
-1653
-1630
-2356
-2943
-2675
-1830
-1543
-1445
-1337
-1315
-1128
-991
-891
-417
467
750
493
290
433
955
1843
2269
2067
2037
2269
2924
3672
3954
3745
3513
3808
4518
5421
5661
4992
4801
5332
6195
6570
6414
5845
6114
6717
6518
6237
5912
5569
5429
5593
5106
4965
4911
3864
2958
2706
2383
252
-2053
-1445
898
-253
-4808
-6872
-4952
-2073
-1536
-3521
-5597
-5726
-4554
-2970
-1963
-2590
-3589
-3457
-2847
-2564
-2516
-2783
-2902
-2796
-3251
-3941
-3826
-3045
-2356
-2589
-3603
-4159
-3399
-2385
-1629
-1797
-2364
-2745
-1702
-1373
-283
495
-968
-40
337
572
1266
1173
1144
1223
953
523
-48
579
597
-60
-538
-944
-583
-509
-860
-1541
-1959
-1512
-1436
-1813
-2676
-2970
-2127
-1592
-2038
-3064
-3178
-2597
-1910
-1931
-2621
-2687
-2219
-1783
-1673
-1751
-1827
-1610
-1148
-1059
-966
-546
-150
12
-33
-20
255
909
1403
1638
1869
1921
2162
2643
3113
3384
3509
3384
3483
4201
4628
4626
4389
4413
5075
5710
5842
5608
5483
5788
6623
6756
6432
6068
5523
5223
5599
5935
5884
5636
4397
3171
3284
3982
4069
1218
-2767
-1933
1866
892
-4174
-6922
-5501
-2205
-882
-3343
-5897
-6313
-5357
-2973
-1357
-2806
-4687
-4350
-3151
-1919
-1741
-2961
-3526
-3134
-3133
-3254
-3232
-3263
-2740
-2603
-3448
-3744
-3302
-2745
-1961
-1901
-2849
-3094
-2184
-1118
-393
-600
-1266
-1067
63
1086
1499
1113
559
714
1160
1215
830
417
250
352
-59
-340
-122
-157
-563
-1174
-1915
-2111
-1336
-1166
-2127
-2898
-2815
-2282
-1700
-2012
-2820
-3094
-2671
-2235
-1911
-1859
-2378
-2570
-2224
-1748
-1590
-1378
-1332
-1214
-943
-654
-524
-302
21
91
232
554
1016
1518
2010
1936
1822
2109
2659
3176
3415
3392
3165
3533
4044
4813
5107
4621
4354
4981
5949
6406
6219
5402
5348
5726
6443
6871
6170
4885
4690
5638
6065
5743
4996
4312
3703
3468
3556
3356
854
-1573
-442
1233
-972
-4752
-5637
-3583
-1583
-2338
-4711
-6045
-5597
-4190
-2330
-2149
-4020
-4993
-4166
-2599
-1652
-2154
-3402
-3697
-3043
-2701
-2670
-2914
-3187
-2929
-2849
-2984
-2833
-2776
-2798
-2511
-2397
-2653
-2485
-1808
-1237
-1033
-1212
-1131
-371
459
804
697
438
553
1146
1454
1206
530
131
262
582
620
129
-545
-845
-813
-872
-995
-1183
-1683
-1985
-2135
-2481
-2464
-2038
-2148
-2650
-2827
-2907
-2474
-2019
-2193
-2733
-2688
-2334
-1835
-1306
-1438
-1685
-1383
-998
-785
-580
-441
-439
-184
153
361
765
1111
1223
1500
1758
1981
2325
2818
3083
2920
3143
3484
3882
3924
4213
4312
4627
5036
5346
5521
5543
5702
5847
5986
6071
6275
6051
5641
5344
5259
5345
5124
4792
4572
4400
3774
3619
3636
3047
2026
-133
-1459
76
1547
-1278
-5083
-5517
-3221
-1121
-1834
-4595
-6380
-5728
-4019
-2096
-1994
-4120
-5341
-4211
-2473
-1537
-2002
-3488
-3990
-3285
-2636
-2375
-2550
-3121
-3243
-3069
-2929
-2496
-2256
-2492
-2615
-2609
-2650
-2031
-1244
-1082
-1265
-1450
-1199
-357
419
584
391
220
432
1129
1381
994
434
11
115
311
281
-43
-476
-964
-1154
-970
-934
-1137
-1884
-2635
-2530
-1687
-1511
-2116
-2809
-3006
-2339
-1870
-2122
-2746
-2911
-2461
-1807
-1372
-1513
-1777
-1848
-1604
-1071
-677
-479
-735
-762
-469
147
593
617
559
614
1144
1747
2174
2239
2099
2257
2718
3226
3371
3280
3390
3752
4089
4443
4777
4788
4618
4809
5224
5583
5942
5631
5289
5295
5579
5539
5435
5436
4960
4609
4355
4735
4891
4806
3919
3317
3079
2790
1764
-169
25
1346
17
-3909
-5286
-3143
-920
-1575
-4473
-6303
-5711
-3975
-2432
-2204
-4163
-5595
-4413
-2268
-1457
-2169
-3651
-4254
-3133
-2081
-2059
-2666
-3289
-3312
-2653
-2228
-2186
-2409
-2886
-2865
-2277
-1921
-1830
-1709
-1836
-1971
-1701
-1158
-601
-283
-332
-310
62
551
1046
1049
459
-81
31
365
690
451
-300
-527
-454
-479
-805
-1059
-1361
-1207
-1390
-1792
-2220
-2413
-2087
-2096
-2541
-3309
-3150
-2824
-2333
-2299
-2694
-2769
-2357
-1668
-1310
-1111
-1441
-1326
-869
-363
-16
-76
-332
-330
361
849
1031
1044
1023
1303
1821
2229
2287
2447
2648
2815
3114
3406
3684
3947
4039
3991
4263
4774
4981
5048
5087
5183
5464
5835
5901
5799
5831
5294
5232
5706
5746
4849
4184
4360
4896
4889
3563
2890
3509
3685
2583
605
-1301
-635
1653
314
-3959
-5641
-3763
-1294
-1409
-4224
-6473
-5790
-3885
-2395
-2168
-4167
-5575
-4247
-2215
-1524
-2305
-3766
-4163
-2907
-2083
-2349
-2869
-3373
-3184
-2541
-2325
-2293
-2261
-2491
-2506
-2168
-2207
-2058
-1638
-1763
-1964
-1812
-1357
-681
-157
-309
-527
-226
283
680
652
256
96
71
-122
-30
262
25
-819
-1234
-970
-499
-746
-1624
-2352
-2338
-1865
-1697
-1933
-2464
-2817
-2656
-2147
-2006
-2302
-2558
-2370
-1790
-1396
-1449
-1610
-1285
-850
-657
-713
-740
-523
-137
30
50
233
475
726
941
1034
1181
1557
1949
2115
2216
2312
2687
3070
3251
3291
3394
3770
4037
4444
4414
4517
4428
4860
5138
5225
5327
5190
4994
5220
5856
5343
4851
4600
4755
4918
4768
4309
3977
4210
4046
3523
3304
2986
2518
1093
-433
-37
1178
-493
-3761
-4254
-2576
-1374
-2328
-4479
-5578
-4894
-3622
-2725
-2865
-4354
-4940
-3663
-2282
-2076
-2850
-3892
-3906
-2788
-2224
-2523
-2938
-3064
-2768
-2286
-2146
-2260
-2497
-2713
-2507
-2135
-2107
-2172
-2138
-2205
-2114
-1782
-1413
-1124
-1001
-944
-674
-180
151
191
-104
-256
-63
277
262
128
-122
-117
176
-106
-814
-1245
-935
-729
-859
-1818
-2446
-2262
-1774
-1641
-2190
-2886
-3039
-2438
-1981
-1959
-2244
-2398
-2089
-1447
-1142
-1125
-1153
-967
-698
-377
-260
-230
-12
34
137
331
698
1053
1175
1147
1202
1700
2215
2405
2415
2285
2580
3069
3639
3594
3341
3541
4098
4494
4443
4435
4486
4865
5095
5044
4964
5129
5279
5178
5053
4939
5157
5210
4749
4399
4707
4727
4612
4554
4097
3818
3468
3158
1754
274
713
1945
116
-3953
-4456
-1976
-438
-2115
-4901
-5934
-4893
-3151
-2409
-2954
-4960
-5674
-3832
-1957
-1936
-3186
-4254
-4049
-2547
-1790
-2374
-3130
-3407
-3038
-2313
-2002
-2294
-2852
-3290
-2981
-2348
-2244
-2562
-2703
-2821
-2693
-2132
-1694
-1504
-1514
-1561
-1320
-686
-60
215
-14
-339
-123
451
560
434
23
-367
-38
415
-25
-835
-1066
-1024
-752
-956
-1558
-2124
-2245
-1838
-1692
-2043
-2827
-2955
-2371
-1828
-1807
-2223
-2333
-1923
-1015
-644
-734
-966
-847
-365
52
209
130
44
138
435
804
1088
1059
1084
1328
1770
2055
2202
2254
2328
2718
2929
3219
3382
3393
3494
3841
4233
4093
4148
4257
4667
4986
4983
4721
4576
5214
5354
5182
4614
4645
4993
5156
4821
4325
4538
4626
4766
4477
4143
3722
3716
2952
942
685
2287
1617
-2575
-4601
-2630
-72
-775
-4021
-5904
-5456
-3795
-2574
-2486
-4468
-5966
-4631
-2386
-1618
-2712
-4113
-4372
-3124
-2029
-2153
-2969
-3557
-3287
-2563
-2178
-2278
-2770
-3383
-3259
-2609
-2430
-2755
-3001
-3209
-3238
-2792
-2324
-2145
-2180
-2119
-1671
-926
-373
-227
-334
-406
-224
246
526
410
57
-18
-50
292
644
39
-889
-1023
-446
-398
-480
-1397
-1897
-1727
-1407
-1296
-1763
-2239
-2858
-2282
-1613
-1531
-1804
-2161
-1920
-1227
-437
-626
-1035
-857
-610
37
240
-4
-100
85
553
912
1180
948
945
1382
1671
1970
2169
2223
2181
2352
2727
3058
3335
3297
3147
3332
3812
4059
4347
4235
3973
4097
4803
5013
4823
4812
4580
4965
5270
5084
4729
4616
4675
4523
4904
4676
4221
4239
3980
4024
3615
3417
2723
1264
391
1249
1966
-1181
-3925
-3219
-1059
-803
-2991
-4845
-5166
-3979
-3040
-2662
-3609
-5229
-4910
-3129
-2263
-2801
-3763
-4362
-3758
-2687
-2553
-3229
-3588
-3529
-3103
-2720
-2778
-2966
-3425
-3597
-3191
-2810
-2929
-3087
-3037
-3052
-2815
-2388
-2042
-1827
-1737
-1570
-1124
-605
-272
-161
-235
-167
105
437
543
274
24
244
643
197
-197
-135
-163
-671
-1031
-1083
-984
-907
-1455
-1735
-1764
-1616
-1574
-1595
-1884
-2040
-1500
-1246
-1137
-1158
-1089
-944
-490
-273
-544
-458
-258
10
107
279
303
418
687
824
1079
1131
1166
1314
1639
1855
2000
2202
2155
2348
2685
2881
2955
3052
3155
3270
3750
3961
4035
4043
3859
4205
4738
4957
4493
4420
4570
5067
4942
4353
4363
4649
4655
4047
4133
4375
4589
4168
3666
3587
3604
3458
2886
1524
229
1042
1821
-65
-2886
-3116
-1472
-680
-2192
-4297
-4724
-4156
-3283
-2850
-3546
-5017
-4924
-3479
-2810
-3092
-3873
-4345
-4015
-3274
-3054
-3365
-3844
-3957
-3541
-3159
-3064
-3089
-3384
-3682
-3346
-2926
-2848
-2982
-3185
-3271
-2961
-2416
-2114
-2060
-2037
-1732
-1174
-699
-446
-347
-353
-162
251
575
496
264
265
499
687
503
484
139
-200
-255
30
-142
-588
-981
-1184
-786
-962
-1304
-1616
-1594
-1425
-1344
-1138
-1367
-1204
-1149
-846
-550
-513
-547
-690
-143
-78
35
-58
10
306
466
660
538
775
870
1034
1270
1376
1485
1682
1976
2010
2170
2418
2623
2818
2776
2942
3350
3530
3650
3875
4098
3997
4278
4648
4893
4830
4460
4495
5033
5597
5094
4502
4204
4520
5008
4852
4171
3398
3559
3915
4087
3635
2643
2157
2250
1832
799
436
526
-500
-2445
-2730
-1785
-1412
-2787
-4349
-4532
-4116
-3552
-3490
-3918
-4929
-5022
-3872
-3317
-3800
-4571
-4597
-4118
-3608
-3473
-3836
-4209
-4095
-3575
-3218
-3304
-3517
-3598
-3536
-3158
-2868
-2827
-2921
-2958
-2812
-2574
-2166
-1887
-1789
-1632
-1290
-805
-430
-269
-83
94
278
511
746
756
602
692
994
936
679
397
375
254
91
-119
-495
-579
-734
-599
-695
-892
-1261
-1230
-1050
-1094
-975
-1218
-1199
-1001
-700
-658
-733
-612
-662
-436
-238
-180
-199
-199
-100
96
388
443
448
490
661
1013
1408
1441
1335
1486
1876
2195
2406
2328
2293
2687
3094
3351
3317
3258
3398
3937
4244
4278
4268
4278
4427
4409
4853
5151
4788
4058
4197
4941
5048
4466
3871
4130
4231
4139
4006
3923
3547
3268
3272
3009
2650
1966
871
368
782
369
-1727
-3101
-2466
-1573
-2245
-4104
-4924
-4635
-4315
-4037
-4121
-4937
-5531
-4767
-3845
-4004
-4509
-4674
-4453
-4160
-3988
-3938
-4136
-4169
-3757
-3376
-3422
-3573
-3416
-3299
-3222
-3012
-2916
-2852
-2794
-2731
-2630
-2420
-2042
-1747
-1619
-1448
-1031
-550
-198
-9
114
378
684
867
881
841
930
1205
1210
1160
936
632
626
833
750
224
-259
-345
58
-75
-625
-1202
-1108
-776
-788
-995
-1515
-1455
-1067
-703
-735
-1062
-995
-730
-321
-277
-456
-510
-415
-3
284
316
113
72
476
900
1105
1072
971
1217
1611
1941
2062
2104
2272
2436
2802
3043
3225
3317
3259
3510
3932
4261
4215
4016
4248
4623
4731
4678
4763
4692
4436
4385
4820
4789
4202
3598
3887
4430
4358
3567
2916
3159
3339
3497
2824
2007
1790
1630
895
-128
-198
-224
-1453
-3021
-3203
-2444
-2450
-3673
-4664
-4820
-4679
-4317
-4143
-4683
-5526
-5283
-4275
-3931
-4453
-4962
-4746
-4338
-4012
-3807
-3948
-4164
-4007
-3424
-3106
-3208
-3205
-3089
-2954
-2773
-2576
-2376
-2360
-2325
-2106
-1845
-1615
-1381
-1118
-931
-699
-285
67
314
497
614
851
1053
1117
1049
1183
1289
1240
1221
1140
944
813
758
598
489
173
-8
-122
-271
-497
-817
-926
-1086
-1084
-1092
-1355
-1444
-1349
-1149
-936
-984
-1162
-1132
-845
-391
-366
-507
-608
-464
-5
234
322
170
286
644
1029
1219
1145
1256
1482
1789
2060
2147
2210
2291
2541
2845
2918
3056
3183
3371
3579
3671
3918
4032
4116
4069
3984
4237
4343
4356
4279
4154
4124
4143
4209
4124
3850
3532
3513
3617
3496
3086
2864
2889
2726
2532
2302
1994
1436
973
428
-161
-452
-1017
-2174
-3092
-3022
-2722
-3052
-4160
-4923
-4993
-4889
-4644
-4460
-4838
-5515
-5324
-4507
-4150
-4336
-4562
-4495
-4348
-4062
-3651
-3551
-3745
-3658
-3166
-2873
-2879
-2753
-2635
-2617
-2493
-2249
-2070
-2074
-2049
-1884
-1736
-1558
-1238
-872
-692
-590
-301
59
333
567
742
751
728
959
1217
1339
1412
1208
1045
972
1087
1159
897
532
369
403
319
294
127
-124
-379
-366
-288
-515
-605
-695
-618
-611
-672
-579
-552
-399
-342
-234
-271
-288
3
136
171
170
331
477
594
689
793
984
1053
1201
1362
1494
1657
1819
1959
2062
2204
2358
2464
2531
2677
2854
2974
2991
3064
3127
3183
3229
3219
3222
3152
3140
3215
3246
3194
3129
3008
2897
2847
2739
2640
2489
2319
2213
2107
2003
1881
1678
1516
1421
1145
952
736
492
251
-139
-454
-898
-1390
-1773
-2180
-2523
-2841
-3062
-3257
-3554
-3777
-3896
-3961
-4066
-4135
-4112
-4128
-4040
-3913
-3899
-3901
-3862
-3729
-3619
-3522
-3339
-3230
-3112
-2901
-2640
-2453
-2421
-2276
-2066
-1926
-1804
-1686
-1534
-1380
-1230
-1057
-943
-801
-636
-443
-269
-119
67
272
446
576
697
817
882
903
911
882
917
888
890
886
728
651
508
399
379
189
191
147
49
49
-104
-79
-123
-137
-108
-188
-124
-161
-150
-115
-162
-72
-58
-56
-22
-15
96
163
223
317
386
549
642
750
857
955
1164
1261
1398
1456
1540
1695
1768
1922
1960
2041
2128
2184
2334
2360
2464
2494
2505
2577
2570
2667
2687
2722
2647
2616
2629
2582
2691
2605
2629
2560
2450
2415
2285
2315
2147
2118
1949
1761
1681
1476
1423
1259
1083
883
595
333
119
-132
-415
-829
-1263
-1662
-2028
-2254
-2565
-2812
-3087
-3268
-3352
-3528
-3681
-3829
-3786
-3751
-3754
-3756
-3794
-3761
-3689
-3555
-3449
-3394
-3338
-3171
-3006
-2876
-2711
-2533
-2365
-2207
-2005
-1865
-1738
-1584
-1427
-1235
-1140
-1034
-882
-740
-572
-383
-188
-19
92
257
433
544
660
736
820
859
933
983
947
948
943
930
862
786
693
662
534
428
319
190
197
111
115
-31
-151
-185
-289
-230
-299
-304
-317
-327
-277
-264
-200
-270
-207
-140
-50
8
12
109
122
272
343
467
564
633
821
879
1036
1110
1214
1346
1378
1537
1593
1756
1816
1912
1998
2019
2167
2160
2312
2278
2340
2308
2327
2424
2332
2507
2445
2621
2579
2537
2559
2395
2541
2336
2398
2263
2090
2092
1806
1819
1585
1499
1330
1200
1139
899
813
550
397
119
-78
-316
-615
-984
-1453
-1705
-2046
-2217
-2477
-2710
-2928
-3162
-3161
-3296
-3356
-3433
-3426
-3386
-3435
-3382
-3427
-3414
-3332
-3200
-3067
-3048
-2962
-2787
-2610
-2426
-2286
-2120
-1978
-1858
-1669
-1551
-1471
-1391
-1254
-1087
-963
-880
-787
-626
-434
-238
-66
66
209
373
544
699
764
821
843
852
951
933
988
975
948
945
818
800
709
638
515
436
397
285
172
-29
-87
-209
-253
-300
-424
-460
-566
-497
-524
-512
-471
-452
-351
-372
-333
-279
-227
-178
-128
-58
1
73
185
269
342
465
572
737
840
926
1021
1100
1214
1291
1424
1502
1611
1690
1783
1901
2011
2081
2079
2161
2181
2306
2364
2374
2380
2357
2472
2493
2493
2436
2354
2323
2212
2216
2141
2084
1963
1820
1703
1552
1585
1447
1313
1147
984
955
801
701
485
281
117
-45
-243
-572
-859
-1229
-1461
-1745
-1972
-2148
-2425
-2578
-2744
-2841
-2971
-3050
-3070
-3134
-3111
-3124
-3083
-3052
-3019
-2927
-2846
-2742
-2698
-2578
-2441
-2317
-2159
-2041
-1897
-1772
-1626
-1470
-1334
-1206
-1128
-1018
-865
-720
-617
-546
-443
-309
-164
-41
55
179
272
392
507
559
648
640
669
709
654
711
601
564
549
385
379
134
118
73
50
98
-131
-225
-460
-434
-409
-438
-438
-568
-530
-598
-557
-631
-638
-511
-478
-338
-377
-347
-307
-246
-105
-105
-47
-6
147
309
406
498
582
740
887
1026
1146
1240
1364
1502
1617
1716
1768
1858
1982
2034
2116
2098
2147
2182
2245
2349
2318
2372
2355
2397
2442
2414
2425
2426
2377
2383
2306
2201
2144
1909
1836
1736
1667
1666
1507
1441
1265
1112
1022
943
830
647
453
234
96
-101
-284
-537
-831
-1090
-1362
-1616
-1902
-2045
-2187
-2279
-2401
-2580
-2657
-2762
-2745
-2788
-2795
-2819
-2842
-2780
-2785
-2690
-2589
-2522
-2454
-2375
-2220
-2084
-1987
-1881
-1767
-1607
-1460
-1355
-1262
-1200
-1112
-971
-857
-750
-695
-643
-551
-466
-338
-242
-175
-75
25
140
189
243
258
285
290
259
246
224
245
179
118
93
13
-17
-46
-102
-132
-206
-234
-239
-361
-450
-512
-543
-554
-601
-615
-679
-679
-660
-629
-606
-562
-462
-409
-276
-205
-88
-22
39
167
218
351
436
595
711
802
956
1061
1193
1250
1358
1445
1552
1685
1724
1805
1822
1925
1973
1961
2045
1980
2062
2044
2079
2173
2194
2313
2280
2324
2291
2274
2284
2257
2255
2193
2119
2005
1919
1783
1686
1600
1532
1533
1437
1395
1232
1115
1000
989
957
786
649
361
224
69
-78
-236
-509
-704
-993
-1185
-1426
-1617
-1722
-1886
-1987
-2156
-2266
-2386
-2459
-2513
-2539
-2513
-2566
-2577
-2581
-2515
-2426
-2343
-2269
-2238
-2154
-2074
-1986
-1922
-1863
-1759
-1686
-1611
-1563
-1515
-1428
-1376
-1299
-1224
-1156
-1088
-1022
-927
-876
-754
-668
-578
-479
-440
-303
-210
-121
-55
-63
-38
-16
3
-7
-12
-102
-118
-201
-233
-167
-315
-259
-374
-387
-382
-501
-427
-526
-419
-460
-488
-486
-544
-426
-440
-362
-376
-286
-197
-145
10
86
204
297
404
514
589
668
735
823
902
979
1024
1090
1171
1265
1369
1404
1502
1622
1721
1825
1829
1894
1960
2032
2143
2117
2133
2153
2185
2278
2302
2312
2334
2310
2369
2439
2437
2448
2292
2293
2234
2189
2197
2002
2005
1814
1755
1724
1575
1566
1425
1426
1335
1204
1080
908
792
605
425
233
-29
-262
-479
-759
-1034
-1311
-1514
-1662
-1818
-1980
-2182
-2294
-2364
-2426
-2498
-2617
-2656
-2660
-2658
-2657
-2685
-2697
-2633
-2567
-2483
-2433
-2406
-2318
-2240
-2122
-2059
-2017
-1925
-1879
-1805
-1765
-1710
-1622
-1577
-1503
-1373
-1266
-1229
-1127
-977
-884
-763
-641
-504
-384
-323
-233
-171
-133
-114
-38
-57
-11
-10
-79
-50
-121
-63
-101
-139
-181
-246
-263
-338
-366
-446
-442
-468
-448
-430
-504
-469
-474
-418
-349
-317
-258
-193
-113
-32
66
113
213
293
404
513
538
648
688
793
909
977
1074
1128
1243
1358
1481
1600
1685
1762
1825
1911
1966
2039
2135
2166
2192
2201
2222
2345
2401
2434
2432
2378
2502
2540
2596
2578
2426
2490
2373
2445
2404
2171
2186
1946
2047
1904
1744
1703
1551
1744
1600
1587
1402
1285
1318
1134
1099
719
540
328
114
-32
-399
-605
-975
-1215
-1472
-1732
-1852
-2085
-2193
-2412
-2566
-2713
-2851
-2857
-2994
-3001
-3060
-3096
-3053
-3089
-2994
-2997
-2925
-2803
-2752
-2606
-2561
-2469
-2383
-2310
-2183
-2109
-2032
-1992
-1932
-1822
-1713
-1579
-1473
-1387
-1267
-1132
-998
-875
-766
-668
-551
-436
-315
-220
-169
-96
-14
20
62
63
80
126
78
78
-8
-30
-53
-61
-67
-199
-220
-302
-274
-276
-303
-338
-402
-333
-359
-314
-328
-305
-222
-179
-86
-87
-10
75
197
320
410
528
581
716
821
927
1035
1088
1201
1258
1373
1448
1529
1636
1686
1803
1863
1956
2040
2091
2185
2194
2256
2308
2335
2385
2348
2390
2395
2435
2469
2451
2492
2445
2499
2446
2393
2358
2233
2250
2162
2090
1977
1821
1724
1631
1556
1441
1358
1184
1099
973
838
783
610
515
301
113
-81
-305
-490
-707
-889
-1122
-1325
-1543
-1775
-1950
-2108
-2204
-2338
-2476
-2586
-2717
-2767
-2838
-2850
-2928
-2892
-2983
-2840
-2987
-2261
-2744
-3650
-2325
-2269
-2865
-2455
-1863
-2299
-2323
-1877
-1962
-2054
-1717
-1597
-1585
-1451
-1351
-1237
-1150
-1059
-985
-871
-781
-673
-550
-498
-425
-339
-262
-182
-192
-193
-155
-156
-107
-61
-77
-85
-92
-104
-83
-102
-75
-78
-56
-10
-26
2
-68
-23
12
45
58
44
121
124
187
198
276
384
431
591
614
670
755
891
979
1049
1126
1132
1265
1351
1456
1491
1541
1652
1723
1907
1923
1963
1979
2014
2121
2094
2171
2164
2201
2277
2263
2283
2270
2265
2311
2341
2311
2293
2253
2201
2144
2081
2000
1927
1804
1746
1641
1481
1410
1232
1193
1095
986
950
776
721
534
423
285
143
60
-70
-179
-386
-549
-719
-856
-943
-1120
-1220
-1400
-1582
-1722
-1903
-2046
-2184
-2298
-2386
-2489
-2570
-2648
-2718
-2765
-2749
-2719
-2736
-2720
-2715
-2659
-2601
-2548
-2477
-2446
-2376
-2274
-2188
-2088
-1980
-1879
-1775
-1665
-1557
-1466
-1358
-1243
-1122
-1024
-958
-912
-861
-770
-696
-602
-539
-450
-384
-337
-302
-276
-221
-217
-113
-49
-17
-6
-39
44
37
51
75
90
178
228
267
227
230
235
277
306
312
342
348
417
441
468
470
513
621
708
807
814
900
979
1041
1169
1200
1331
1367
1410
1525
1529
1645
1654
1737
1844
1834
1911
1908
1938
1968
2013
2049
2035
2066
2041
2065
1992
1970
1985
1990
1980
1901
1839
1786
1784
1748
1638
1423
1331
1266
1234
1171
1008
911
783
790
761
676
587
513
537
463
396
220
101
38
-9
-41
-218
-387
-570
-704
-833
-966
-1132
-1344
-1499
-1654
-1783
-1952
-2106
-2208
-2305
-2378
-2483
-2577
-2619
-2613
-2573
-2562
-2580
-2567
-2532
-2437
-2361
-2294
-2238
-2206
-2121
-2050
-1985
-1919
-1850
-1762
-1680
-1577
-1530
-1466
-1391
-1297
-1189
-1129
-1044
-998
-939
-856
-775
-684
-621
-526
-443
-378
-329
-257
-193
-102
-15
58
114
138
211
251
306
341
375
429
431
476
464
465
490
495
563
587
610
619
637
660
658
694
735
773
828
844
881
954
1028
1091
1089
1135
1194
1282
1371
1390
1462
1515
1611
1682
1726
1765
1752
1803
1831
1893
1897
1865
1876
1826
1816
1790
1754
1701
1659
1651
1634
1621
1533
1445
1394
1310
1294
1179
1075
978
869
859
710
629
553
464
489
374
329
250
160
177
95
114
-22
-129
-136
-288
-278
-396
-472
-520
-655
-669
-898
-997
-1135
-1265
-1336
-1543
-1628
-1804
-1900
-1980
-2123
-2154
-2285
-2308
-2346
-2364
-2323
-2326
-2276
-2277
-2226
-2148
-2109
-2048
-2008
-1941
-1865
-1795
-1733
-1662
-1577
-1464
-1363
-1293
-1231
-1188
-1122
-1044
-959
-930
-875
-825
-769
-677
-650
-553
-504
-417
-327
-259
-161
-150
-45
46
109
208
221
314
350
406
476
484
565
595
609
652
632
665
655
652
683
648
689
660
682
682
665
718
713
801
806
859
924
925
1011
1026
1107
1142
1201
1300
1317
1410
1412
1522
1623
1652
1737
1654
1681
1685
1690
1775
1695
1690
1627
1568
1577
1516
1547
1470
1451
1431
1331
1304
1173
1088
994
896
871
801
723
624
514
431
346
255
207
129
90
98
-55
-128
-244
-320
-324
-436
-441
-547
-593
-623
-686
-653
-717
-678
-709
-756
-779
-882
-912
-991
-1058
-1123
-1256
-1337
-1429
-1503
-1574
-1629
-1672
-1726
-1747
-1765
-1802
-1807
-1815
-1798
-1798
-1806
-1790
-1782
-1719
-1679
-1631
-1575
-1537
-1458
-1406
-1355
-1279
-1202
-1139
-1084
-1025
-994
-977
-935
-910
-880
-831
-777
-711
-649
-590
-518
-478
-398
-348
-287
-208
-163
-68
8
96
170
222
320
402
505
592
645
724
761
873
909
943
971
979
1044
1050
1084
1087
1075
1123
1113
1148
1145
1155
1213
1225
1296
1315
1325
1314
1319
1358
1406
1439
1450
1457
1457
1510
1546
1577
1579
1536
1544
1505
1500
1471
1421
1388
1323
1312
1264
1199
1143
1066
1012
958
887
802
736
655
597
520
467
367
260
196
84
45
19
-42
-61
-137
-216
-242
-313
-355
-360
-429
-463
-553
-634
-686
-763
-807
-904
-986
-1064
-1160
-1245
-1356
-1442
-1521
-1582
-1635
-1735
-1776
-1827
-1867
-1848
-1872
-1871
-1863
-1860
-1814
-1791
-1737
-1675
-1628
-1570
-1519
-1454
-1403
-1334
-1267
-1197
-1111
-1068
-1045
-1013
-988
-943
-876
-810
-753
-710
-691
-651
-611
-536
-468
-406
-330
-277
-183
-140
-61
-6
50
143
167
241
292
336
411
438
500
540
552
601
610
637
664
674
705
731
758
773
782
796
796
813
830
856
882
902
956
997
1034
1039
1075
1116
1158
1201
1224
1266
1259
1292
1300
1293
1352
1360
1407
1400
1368
1370
1339
1358
1317
1302
1276
1237
1223
1150
1092
1021
967
938
832
790
698
608
578
496
445
345
268
215
135
85
-29
-112
-167
-261
-335
-410
-472
-508
-513
-535
-599
-639
-636
-652
-641
-657
-650
-654
-644
-628
-647
-660
-679
-721
-744
-781
-835
-875
-901
-955
-1016
-1080
-1151
-1188
-1223
-1257
-1296
-1325
-1342
-1365
-1381
-1402
-1404
-1376
-1361
-1330
-1295
-1263
-1234
-1196
-1153
-1134
-1085
-1028
-974
-937
-890
-855
-799
-738
-708
-677
-645
-597
-561
-513
-466
-422
-346
-305
-265
-224
-174
-111
-29
50
91
146
204
256
337
404
456
530
607
667
699
720
739
773
807
809
835
860
858
885
890
894
902
914
951
939
982
1003
1002
1042
1053
1066
1067
1091
1118
1126
1119
1143
1141
1126
1128
1148
1183
1120
1104
1076
1039
1066
1039
1028
958
903
892
828
783
739
655
597
584
557
522
465
423
388
280
204
141
127
112
123
64
-31
-85
-137
-166
-200
-200
-217
-284
-321
-353
-395
-453
-493
-511
-525
-554
-642
-707
-766
-837
-905
-977
-1026
-1049
-1131
-1165
-1210
-1266
-1318
-1363
-1362
-1398
-1409
-1389
-1377
-1372
-1386
-1365
-1358
-1330
-1283
-1251
-1196
-1159
-1153
-1112
-1054
-1010
-955
-901
-856
-860
-818
-751
-721
-674
-641
-636
-598
-553
-509
-469
-406
-339
-295
-231
-200
-152
-81
-26
31
102
175
219
251
338
378
398
486
534
585
621
679
707
730
790
781
826
857
862
874
856
864
840
872
896
859
882
877
862
877
884
932
942
946
942
892
922
955
989
1034
995
978
961
964
938
908
954
930
921
935
887
840
816
782
708
682
670
641
596
570
518
432
407
339
295
202
149
136
101
77
-37
-87
-131
-195
-181
-257
-260
-293
-344
-348
-429
-459
-482
-522
-524
-550
-562
-575
-593
-627
-707
-759
-782
-787
-797
-839
-871
-908
-952
-983
-1047
-1088
-1103
-1092
-1091
-1100
-1113
-1146
-1142
-1137
-1137
-1152
-1130
-1100
-1068
-1039
-1030
-1006
-982
-967
-946
-916
-870
-815
-771
-743
-720
-699
-671
-619
-577
-535
-473
-431
-397
-359
-300
-252
-223
-148
-97
-52
29
84
142
195
248
288
344
403
473
524
552
597
645
709
725
745
784
808
841
865
881
885
898
934
922
944
966
941
943
959
989
998
978
989
972
952
996
966
956
986
954
941
896
862
859
870
876
821
773
744
721
717
728
687
599
570
523
471
417
391
368
318
295
166
83
60
56
68
9
-37
-51
-110
-97
-177
-268
-282
-323
-292
-333
-391
-389
-454
-450
-499
-567
-553
-587
-524
-564
-613
-657
-715
-690
-736
-771
-741
-768
-757
-768
-813
-854
-874
-846
-855
-886
-868
-894
-888
-875
-908
-944
-974
-941
-943
-933
-918
-925
-888
-836
-831
-831
-800
-762
-728
-694
-654
-646
-624
-569
-541
-515
-477
-432
-392
-337
-291
-281
-243
-209
-162
-136
-86
-22
25
62
99
130
159
186
249
295
329
391
434
491
523
578
632
662
730
771
799
852
884
924
934
959
969
944
964
980
965
987
980
969
912
875
870
831
835
828
779
759
737
683
614
575
564
554
572
565
513
480
449
410
405
398
416
393
373
359
295
255
252
187
179
188
150
106
86
52
-9
-29
-40
-119
-153
-161
-184
-213
-248
-241
-307
-341
-325
-361
-382
-389
-394
-413
-449
-440
-486
-529
-517
-526
-535
-562
-544
-582
-606
-571
-610
-662
-648
-671
-689
-694
-681
-695
-709
-689
-717
-766
-780
-780
-773
-762
-734
-729
-754
-710
-684
-712
-722
-713
-704
-689
-643
-604
-617
-580
-534
-549
-540
-480
-447
-407
-333
-297
-282
-229
-150
-154
-131
-76
-39
-3
60
120
137
185
246
250
225
261
322
351
402
471
456
469
523
526
522
545
574
597
641
721
733
737
750
736
717
722
756
730
715
757
773
749
719
691
669
635
647
623
576
575
614
595
521
447
407
362
346
370
350
316
331
333
277
250
232
192
175
196
185
154
148
157
96
5
3
-12
-51
-27
-20
-64
-82
-62
-63
-146
-179
-198
-221
-220
-224
-246
-277
-265
-267
-315
-323
-324
-301
-293
-309
-335
-361
-363
-354
-372
-417
-453
-472
-451
-462
-460
-461
-478
-456
-444
-455
-467
-477
-456
-482
-526
-508
-483
-467
-465
-481
-507
-526
-513
-496
-533
-514
-478
-456
-438
-417
-427
-448
-402
-370
-375
-385
-333
-276
-246
-231
-218
-222
-213
-178
-126
-92
-64
-28
17
25
19
32
64
113
175
189
182
243
285
295
281
286
325
366
383
411
437
467
463
477
524
519
517
531
573
575
538
530
564
590
556
498
493
517
502
470
424
388
383
413
405
363
340
291
262
260
271
238
212
235
229
185
148
142
124
117
119
96
63
50
24
10
18
23
-14
-46
-8
-46
-98
-97
-85
-75
-95
-120
-169
-196
-139
-141
-179
-193
-191
-237
-229
-197
-231
-239
-235
-247
-284
-305
-293
-289
-302
-263
-246
-293
-310
-277
-297
-296
-273
-274
-266
-244
-224
-257
-309
-282
-238
-257
-253
-248
-260
-272
-310
-332
-320
-306
-339
-372
-359
-344
-366
-396
-388
-347
-344
-356
-381
-362
-316
-290
-303
-296
-284
-238
-206
-211
-188
-158
-116
-112
-81
-28
15
35
40
49
73
114
150
157
151
189
241
240
210
201
243
280
284
261
294
335
316
290
295
322
344
352
333
331
337
331
314
305
344
368
338
315
307
314
319
285
278
259
276
259
210
177
157
205
230
186
128
129
153
140
89
87
93
82
71
37
27
39
49
20
-14
-11
5
11
1
12
29
23
0
-22
-47
-30
-26
-53
-71
-43
-25
-97
-129
-137
-135
-132
-165
-184
-198
-178
-167
-222
-224
-228
-274
-269
-286
-299
-283
-239
-235
-288
-295
-252
-248
-243
-226
-235
-219
-191
-182
-231
-247
-200
-187
-191
-236
-250
-227
-202
-200
-230
-231
-214
-219
-235
-233
-256
-222
-209
-241
-228
-212
-187
-190
-180
-176
-156
-102
-63
-65
-44
1
2
10
2
29
61
113
157
127
125
167
179
167
166
204
221
207
216
224
204
189
156
151
207
227
215
196
196
197
177
148
111
126
181
193
151
130
140
154
154
125
135
174
204
194
157
164
177
180
154
