-69
-48
-53
-44
-35
-18
-6
-50
-68
-70
-74
-17
-33
-48
-51
-59
-29
-49
-18
-25
3
12
-8
2
-62
-27
-29
-1
10
-22
-16
-74
-51
-65
-30
-13
-8
29
-24
-8
-77
-60
-50
-45
-19
-41
-23
-78
-75
-81
-75
-17
8
47
70
57
43
32
71
63
119
159
127
148
95
71
26
42
74
96
136
68
39
14
-13
-4
17
10
23
-8
-26
-110
-107
-105
-140
-40
-79
-30
-66
-49
-50
-116
-10
-72
44
35
39
21
-30
13
-25
93
101
97
89
45
32
-11
13
-6
30
19
6
-43
-83
-94
-123
-91
-119
-125
-129
-147
-132
-189
-155
-202
-169
-141
-159
-114
-156
-120
-163
-137
-117
-123
-77
-89
-80
-85
-84
-94
-69
-53
-21
-23
-1
2
-14
15
-16
55
33
95
79
42
55
2
68
30
52
47
38
41
27
33
22
32
39
42
21
50
45
70
72
58
97
88
123
149
113
136
105
161
155
142
198
133
223
144
152
101
48
141
53
158
21
13
-47
-42
11
-61
21
-113
-40
-116
-116
-144
-166
-51
-118
-14
-128
-120
-100
-102
-51
-81
-18
-37
1
-30
-49
-85
-71
-36
-26
-15
-86
-41
-80
-44
-57
-75
-46
-109
-53
-102
-105
-128
-136
-90
-153
-157
-158
-161
-132
-188
-211
-244
-265
-205
-235
-192
-227
-246
-208
-238
-201
-256
-199
-219
-174
-183
-234
-200
-233
-114
-169
-108
-133
-126
-39
-70
28
-54
44
28
77
146
86
191
123
205
168
184
246
218
333
285
355
320
341
395
375
449
382
452
423
438
426
395
423
350
474
390
444
376
336
373
297
392
289
343
275
232
244
155
201
137
153
150
125
135
89
83
83
52
105
43
107
81
25
8
-76
-39
-69
2
-69
-98
-173
-213
-192
-228
-217
-339
-290
-403
-320
-400
-462
-487
-585
-493
-602
-536
-629
-629
-621
-700
-710
-809
-776
-782
-774
-805
-874
-921
-935
-924
-920
-917
-925
-920
-909
-911
-922
-893
-851
-782
-735
-714
-702
-679
-610
-555
-475
-401
-306
-222
-128
-68
-2
91
193
309
348
428
507
590
711
769
856
901
975
1091
1156
1242
1253
1322
1354
1368
1465
1449
1569
1588
1617
1633
1554
1617
1542
1630
1576
1556
1549
1432
1449
1278
1282
1193
1205
1146
1005
943
755
780
686
685
594
518
476
378
342
216
187
126
138
101
-9
-183
-488
-662
-742
-793
-855
-993
-1243
-1467
-1589
-1705
-1778
-1771
-1790
-1808
-1831
-1943
-2024
-2016
-1969
-1848
-1720
-1698
-1724
-1706
-1670
-1624
-1554
-1448
-1298
-1168
-1041
-957
-926
-896
-819
-725
-640
-549
-486
-433
-368
-327
-310
-295
-228
-151
-96
-18
-43
-20
-26
-80
-137
-218
-178
-214
-180
-218
-307
-329
-402
-380
-414
-370
-384
-336
-281
-333
-283
-293
-248
-237
-191
-163
-167
-70
-53
-58
-38
-14
103
232
361
438
514
628
693
819
934
1031
1191
1362
1510
1612
1727
1867
2001
2164
2278
2383
2576
2662
2779
2826
2864
2908
2981
3103
3060
3107
2996
2955
2823
2707
2635
2500
2485
2286
2187
1928
1700
1445
1026
695
292
73
-191
-456
-878
-1327
-1696
-2011
-2124
-2283
-2412
-2543
-2639
-2793
-2980
-3072
-3092
-2957
-2797
-2679
-2667
-2691
-2701
-2672
-2587
-2479
-2341
-2187
-1982
-1850
-1775
-1733
-1687
-1589
-1438
-1287
-1185
-1066
-982
-910
-829
-782
-700
-548
-348
-161
14
131
214
287
350
426
522
662
754
845
885
836
776
680
642
569
552
433
319
144
-55
-188
-395
-455
-639
-688
-782
-881
-966
-1103
-1102
-1204
-1108
-1105
-1008
-926
-894
-793
-793
-672
-671
-500
-361
-231
-30
64
184
263
446
563
729
915
1034
1198
1266
1393
1452
1591
1712
1830
1965
2064
2220
2275
2391
2383
2460
2508
2667
2798
2873
2928
2841
2914
2922
3066
3071
3063
3007
2903
2855
2706
2692
2521
2458
2296
2103
1863
1395
979
547
282
20
-223
-592
-1086
-1498
-1909
-2157
-2366
-2499
-2610
-2699
-2808
-3015
-3140
-3238
-3212
-3088
-2956
-2890
-2851
-2810
-2775
-2730
-2707
-2608
-2468
-2268
-2072
-1924
-1825
-1769
-1698
-1632
-1539
-1446
-1317
-1152
-1012
-919
-877
-845
-762
-605
-408
-211
-29
110
221
306
331
395
486
602
733
831
808
753
671
621
576
528
439
276
150
-37
-150
-332
-470
-642
-792
-907
-1069
-1118
-1228
-1229
-1290
-1276
-1279
-1291
-1208
-1160
-997
-947
-838
-769
-671
-548
-456
-268
-129
71
225
412
540
720
871
1081
1300
1460
1666
1759
1927
2057
2223
2383
2502
2624
2688
2806
2911
3017
3093
3204
3312
3380
3415
3428
3460
3603
3682
3701
3578
3397
3331
3193
3194
3110
3030
2814
2508
2045
1421
955
615
483
237
-120
-719
-1355
-1877
-2325
-2551
-2698
-2766
-2847
-2973
-3241
-3469
-3638
-3759
-3695
-3503
-3308
-3225
-3164
-3141
-3096
-3058
-3035
-2939
-2773
-2508
-2217
-2021
-1944
-1908
-1869
-1830
-1755
-1657
-1464
-1197
-1002
-903
-896
-878
-792
-609
-395
-177
69
257
415
491
512
549
635
753
882
943
977
1007
946
885
730
579
471
304
220
26
-104
-253
-548
-795
-1097
-1277
-1423
-1479
-1523
-1536
-1586
-1670
-1698
-1714
-1601
-1559
-1353
-1195
-1065
-907
-880
-751
-656
-440
-233
-29
223
432
661
858
1030
1190
1416
1637
1883
2081
2240
2386
2514
2605
2708
2777
2885
3035
3154
3364
3433
3566
3607
3649
3708
3755
3946
4019
4062
3987
3829
3709
3659
3553
3465
3340
3142
2907
2703
2440
2124
1632
981
591
320
57
-274
-704
-1329
-1926
-2400
-2877
-3089
-3201
-3280
-3316
-3431
-3660
-3866
-4002
-4039
-3940
-3738
-3572
-3500
-3353
-3288
-3259
-3282
-3256
-3108
-2913
-2617
-2396
-2187
-2000
-1906
-1809
-1777
-1737
-1612
-1409
-1131
-929
-766
-655
-600
-505
-418
-283
-67
179
427
619
722
784
795
859
868
890
974
964
1008
914
813
659
470
350
146
-13
-230
-406
-533
-699
-897
-1175
-1375
-1597
-1724
-1826
-1883
-1899
-1869
-1780
-1746
-1684
-1650
-1523
-1364
-1215
-1024
-799
-558
-381
-174
-27
132
330
552
833
1073
1379
1605
1828
1965
2110
2295
2426
2674
2809
2968
3089
3196
3280
3287
3337
3396
3497
3671
3877
3965
3996
4063
4013
4147
4051
4449
4490
3771
3943
3760
3799
4001
3760
3692
3111
2709
2182
1413
1106
820
551
310
-242
-923
-1748
-2438
-2931
-3290
-3414
-3566
-3625
-3751
-3966
-4286
-4474
-4514
-4503
-4341
-4167
-4021
-3899
-3710
-3558
-3457
-3402
-3341
-3225
-3039
-2813
-2570
-2252
-2028
-1874
-1818
-1811
-1837
-1788
-1610
-1386
-1125
-927
-737
-615
-555
-506
-400
-207
5
236
480
719
868
935
929
820
881
815
915
947
894
1011
846
724
371
124
-50
-293
-525
-754
-879
-1039
-1151
-1448
-1655
-1920
-2050
-2097
-2112
-1996
-1925
-1673
-1606
-1518
-1519
-1375
-1157
-935
-641
-428
-64
164
386
549
670
864
1195
1554
1812
2065
2333
2563
2618
2679
2763
2943
3193
3250
3425
3387
3073
3290
3993
4346
4320
4479
4803
5184
5347
5355
5309
5522
5523
5398
5163
5217
5638
5077
3956
3197
3464
3561
2567
713
-2114
-4324
-4234
-2969
-2954
-3817
-4011
-3222
-2707
-4010
-5966
-5676
-3395
-1665
-917
-996
-1469
-1707
-1758
-2465
-3668
-3828
-2806
-1701
-1778
-2987
-4094
-4849
-5134
-4925
-4705
-4355
-3402
-2036
-1393
-1828
-2462
-2489
-1707
-798
-99
516
928
1232
1264
582
-485
-949
-499
45
326
289
69
-111
-405
-1041
-1386
-1116
-441
319
566
200
-269
-302
-509
-800
-999
-1285
-1168
-1270
-2067
-3085
-3758
-3769
-3671
-3246
-2619
-1796
-1026
-945
-920
-838
-882
-317
79
500
662
606
511
-125
-243
-378
-66
674
1183
1741
1920
2170
2421
2526
2821
3263
3881
4342
4563
4838
4474
4289
4434
4551
4928
5165
5370
4896
4804
4913
4352
4538
4854
4994
5250
5727
5033
4205
4267
4243
4539
4689
4697
5175
5768
4731
3650
2625
1106
-1574
-6816
-9647
-6932
-3430
-3148
-3703
-4170
-4011
-2854
-4089
-5660
-3497
-314
1187
1798
479
-1959
-3130
-3810
-4471
-4425
-4231
-3573
-2334
-2646
-4515
-5873
-6459
-5599
-3816
-3017
-2350
-1005
-412
-604
-820
-1701
-1835
-628
423
841
1053
480
-320
-794
-1778
-2717
-2805
-2309
-1675
-1037
-1087
-1400
-1331
-947
-660
-419
201
849
1652
1633
623
-1072
-1880
-1948
-2314
-2545
-3153
-3426
-3700
-3543
-3905
-3686
-2602
-1608
-452
161
372
14
12
-162
-542
-646
-534
-119
151
114
-429
-759
-548
-148
289
860
1510
1851
2309
2433
2507
2658
3165
3664
4291
4894
5021
5027
4545
4409
3825
3731
4175
4308
4068
4108
4491
4282
4496
4581
4623
4953
5434
5468
5313
5670
5299
5510
5885
5242
3930
3525
4241
4798
5045
4096
3358
1754
-3613
-10286
-11501
-7455
-3986
-2438
-1593
-1176
-354
-1334
-5099
-6335
-3502
-915
1174
2346
1247
-928
-3164
-5268
-6564
-6697
-6226
-3636
-1186
-1110
-2630
-4395
-5749
-5372
-4862
-4340
-2318
30
920
606
-128
-1771
-2770
-2324
-1576
-740
328
560
288
-474
-2150
-3857
-4389
-3649
-2422
-1115
-100
477
678
103
-605
-559
-320
625
1391
1328
500
-383
-1467
-2459
-2979
-3942
-3997
-4061
-3979
-3909
-3608
-3141
-2270
-1331
-678
242
410
482
198
107
-203
-426
-483
-712
-495
-480
-353
-285
-49
278
669
1181
1553
2133
2520
3128
3322
3468
3621
3799
4327
4740
4975
4939
5429
4991
4879
4881
4417
4268
4394
4186
3986
4366
3862
4286
4754
5237
5895
6059
6242
5876
6092
5967
5455
3729
2765
3691
5084
5476
3636
1836
582
-2239
-8742
-12341
-9267
-4540
-1933
-745
-817
-686
160
-3175
-6017
-4242
-1990
-89
2079
1756
-577
-2327
-4761
-6564
-6777
-6894
-5557
-2187
-747
-1728
-2884
-4529
-5150
-4633
-4571
-3641
-1047
741
1222
1077
-336
-1834
-2383
-2462
-1973
-1002
-290
245
229
-1002
-2696
-4033
-4344
-3468
-2145
-833
461
1295
1198
765
22
-595
-734
-578
-491
-639
-1022
-1763
-2522
-3573
-4841
-5750
-5168
-3806
-2425
-1229
-372
225
470
52
-911
-1111
-676
-322
96
221
-24
-202
-397
-850
-1169
-693
32
1214
1892
1972
1919
2160
2319
2328
2467
2860
3976
4462
4850
4986
5055
5140
4910
4106
4066
4759
4698
4254
3883
3648
3803
4500
4436
4447
4652
5248
6372
6314
6018
5836
5967
5649
5133
3302
2018
3752
4834
4848
4298
3344
2086
470
-5403
-11068
-9779
-6096
-3547
-1805
-757
-531
825
-1117
-5548
-5495
-3526
-2222
51
1325
29
-675
-2231
-5211
-6572
-7141
-7101
-4498
-1720
-1633
-2010
-2522
-3702
-4265
-4809
-5056
-3307
-778
526
1033
763
-392
-1389
-2262
-2900
-2581
-1688
-732
81
-42
-1209
-2464
-3421
-3793
-3407
-2593
-1294
-28
893
1282
847
171
-581
-1398
-1702
-1533
-1802
-1805
-1787
-2885
-4034
-4839
-5088
-4259
-2747
-1710
-530
828
938
378
-395
-982
-1108
-780
-552
-193
361
305
180
-186
-494
-249
265
991
1885
2394
2508
2920
2896
2640
2821
3119
3710
4439
4986
4950
5124
5150
4604
4454
4362
4648
4922
4694
4630
4915
5093
4803
4779
4843
5218
6111
5518
5023
5372
5246
5032
4845
3998
2965
3500
3533
4116
5815
5257
3503
1951
-2944
-9767
-10807
-8619
-6543
-3167
-1028
-523
1476
953
-4396
-6293
-4658
-4022
-2082
233
408
723
255
-3146
-5807
-6698
-7542
-6451
-3582
-2133
-1657
-1394
-2203
-3383
-4596
-5832
-5402
-3144
-1075
232
1033
1100
401
-840
-2300
-3027
-2634
-1855
-820
87
-5
-960
-2072
-3187
-3882
-3883
-3228
-1977
-603
1054
1369
1077
330
-1149
-2173
-2327
-2482
-3052
-2514
-2726
-3055
-3018
-3660
-3844
-2999
-1954
-1296
-288
254
173
153
-243
-784
-895
-658
-475
-90
190
269
487
684
958
934
1053
1405
2006
2571
2768
2939
2825
3194
3686
4127
4408
4699
5078
4875
4743
4252
4073
4420
5036
4842
4814
5281
5862
6205
5919
5560
5094
5548
5305
5834
5331
4600
5175
5101
4924
3830
3388
3197
4798
5753
5242
4845
2940
-800
-7421
-11311
-9934
-7305
-5392
-2511
-509
744
1959
-1845
-5604
-4635
-3944
-3944
-1316
174
-94
580
-1305
-4575
-5659
-6926
-7843
-5401
-3305
-3048
-1931
-1556
-2678
-3661
-5171
-6082
-4436
-2559
-1416
169
1117
1049
501
-1061
-2409
-2538
-2492
-2116
-1087
-588
-831
-1016
-1882
-3010
-3475
-3655
-3443
-2033
-452
572
1340
934
-156
-1230
-2304
-3241
-3776
-3730
-2958
-2303
-2444
-2596
-2664
-2858
-2539
-2216
-1810
-569
286
521
593
466
-139
-744
-911
-998
-477
217
887
1473
1814
1781
1583
1679
1709
2036
2525
3248
3632
3830
3972
3880
4089
4018
4157
4203
4411
4709
5195
5008
4638
4948
4734
5761
6380
5773
5795
6862
6934
6159
6302
4700
4030
4708
3921
2806
3335
3646
2680
3374
3457
3306
5142
5488
3278
1781
-102
-5800
-9830
-8859
-7218
-5275
-2297
-1629
-1159
1010
-1394
-5808
-5247
-4168
-4310
-2268
-910
-1177
-139
-863
-3906
-4941
-5439
-6431
-5168
-3215
-2737
-1997
-1500
-2351
-3188
-4322
-5494
-4883
-3251
-2109
-902
260
666
557
-394
-1696
-2100
-1938
-1810
-1320
-848
-807
-1030
-1823
-2766
-3348
-3743
-3709
-2742
-1804
-1314
-653
-502
-902
-1342
-2023
-2868
-2732
-2305
-2288
-1718
-1383
-1750
-2171
-2191
-2305
-2291
-1837
-1535
-759
119
521
337
92
-55
-515
-638
-436
152
916
1826
2522
2564
2661
2630
2422
2402
2747
3089
3597
4333
4460
4194
3919
3861
4007
4536
4916
5178
5637
5906
5696
5036
4921
5592
6258
6422
6235
6220
6154
5753
4995
3943
4066
4737
4600
4093
3761
3238
3219
4094
4321
5337
6005
4426
892
-5419
-10268
-9533
-8010
-7544
-4452
-1728
-6
2077
-968
-5554
-4783
-4254
-5314
-2984
-1199
-904
1083
288
-3192
-4252
-5454
-7406
-5982
-4449
-4287
-2371
-1206
-2063
-2635
-4139
-5765
-5028
-4047
-3377
-1236
778
1416
1600
491
-1105
-1624
-2196
-2789
-2155
-1271
-974
-673
-1296
-2281
-2880
-3455
-3636
-2996
-2052
-1114
86
338
118
-480
-1893
-3126
-3736
-3986
-3533
-2419
-1952
-1721
-1296
-1618
-2330
-2591
-2615
-2144
-1084
-191
214
712
819
104
-585
-903
-696
-284
533
1495
2162
2777
2963
2731
2378
2214
2208
2448
3299
4006
4337
4695
5002
4703
4313
4566
4948
5190
5720
5972
5825
6283
6249
5516
5327
5729
5271
5412
6317
5815
5886
6236
5773
5615
5231
3365
2368
3134
3269
4184
5771
6196
5581
3376
-2411
-8985
-10401
-8987
-8161
-5536
-2322
-752
1549
1247
-3862
-5850
-4852
-5442
-4355
-1682
-835
555
1556
-1202
-3959
-5112
-7015
-7412
-5684
-4671
-3357
-1503
-1388
-2180
-3298
-5154
-5747
-4798
-3843
-2244
-46
1339
1978
1650
88
-1216
-1862
-2516
-2654
-1996
-1324
-842
-696
-1281
-2251
-3082
-3697
-3661
-2971
-2203
-941
183
551
242
-795
-2406
-3372
-3771
-4092
-3212
-2039
-1363
-893
-904
-1712
-2392
-2800
-3184
-2685
-1686
-647
25
483
587
196
-350
-747
-644
-229
853
1766
2408
2953
3133
2722
2178
2045
2010
2318
2867
3420
3979
4705
5171
4665
4637
5012
4773
4797
5065
4883
5209
6282
6266
6169
6721
6427
6146
6510
6026
4979
4847
5521
5452
5438
4975
3645
3309
3510
3177
3312
5097
6035
5673
4186
-477
-6884
-9483
-8406
-8142
-6792
-3609
-1683
599
1663
-2668
-5751
-4418
-4863
-5294
-3064
-1681
-475
1297
-404
-3360
-4101
-5625
-7209
-6293
-5186
-4256
-2241
-1392
-2026
-2699
-4108
-5301
-4854
-4171
-3279
-1254
490
1486
1742
755
-392
-1001
-1818
-2508
-2152
-1521
-995
-676
-1010
-1689
-2362
-3045
-3519
-3166
-2194
-1313
-516
-60
-276
-952
-1846
-2821
-3855
-4041
-3626
-2933
-1974
-1331
-1231
-1415
-1539
-2418
-2997
-2621
-2155
-1256
-216
245
338
406
-341
-1139
-1178
-936
-146
1090
2085
2779
3270
3153
2661
2209
1947
2066
2684
3232
3953
4644
5189
5198
4714
4695
4556
4672
5038
5662
6037
6612
6628
5838
5996
5818
5450
5643
5783
6243
6738
6886
5592
5263
4799
3248
2619
2235
3066
4441
5969
6178
5533
3850
180
-4608
-9415
-9657
-7670
-6052
-3354
-1010
-347
381
-978
-5442
-6280
-5074
-5108
-3456
-1019
-506
302
442
-2611
-4568
-5250
-6706
-6451
-4709
-3917
-2781
-1430
-2005
-2840
-3761
-5211
-5248
-4085
-3050
-1504
332
1253
1579
1067
-303
-1375
-1793
-2247
-2077
-1408
-974
-633
-799
-1633
-2571
-3078
-3587
-3451
-2577
-1666
-702
27
-280
-1234
-1959
-3064
-3676
-3700
-3513
-2681
-1665
-1232
-1444
-1559
-2103
-2672
-2956
-2994
-2394
-1247
-288
-36
79
-95
-476
-793
-958
-763
89
1210
1969
2666
2904
2854
2763
2414
2081
2208
2723
3315
4145
4699
4834
4919
4766
4538
4476
4312
4543
5387
6083
6540
6797
6608
6620
6435
5491
5247
6036
6346
6274
6308
6079
5453
4718
3660
1853
1419
2845
3330
4401
6919
6381
3526
2195
-1570
-7702
-8701
-7807
-7472
-3566
-627
-1596
-204
674
-4135
-6400
-5205
-6014
-4537
-1379
-1304
-406
1135
-1501
-4083
-4527
-6198
-6720
-4969
-4068
-2929
-1283
-1696
-2590
-3223
-4852
-5620
-4718
-3702
-2186
-302
626
1290
1241
-145
-1294
-1786
-2094
-1869
-1211
-683
-92
-90
-1091
-2182
-3086
-3731
-3706
-2992
-2226
-1259
-538
-574
-868
-1685
-2788
-3418
-3377
-3241
-2579
-1801
-1539
-1208
-1582
-2400
-2863
-2921
-2880
-2371
-1476
-783
32
261
-192
-660
-965
-1204
-979
-262
603
1883
2830
3167
3156
2986
2555
2263
2321
2345
2980
3615
3991
4440
4709
4599
4395
4740
4756
5066
5641
5929
6433
7022
7055
6310
6138
6125
5618
5509
5631
5432
5470
5720
4876
4060
4189
3547
2962
3143
3709
4589
6136
6566
4605
2294
-868
-5515
-8185
-7377
-6449
-5024
-2106
-1341
-1310
-679
-3432
-6481
-5478
-4944
-4856
-2306
-1004
-907
290
-836
-3684
-4237
-4850
-5966
-4880
-3790
-3437
-2216
-2037
-3375
-4062
-4964
-5838
-4962
-3685
-2415
-506
848
1204
1280
441
-827
-1229
-1344
-1423
-952
-450
-338
-468
-1282
-2363
-3081
-3545
-3566
-2897
-1947
-976
-409
-779
-1499
-2115
-3000
-3542
-3399
-2986
-2191
-1404
-1282
-1618
-1934
-2601
-3171
-3135
-2834
-2189
-1324
-672
-443
-441
-759
-1134
-1280
-1145
-594
211
1137
1912
2426
2534
2490
2344
2204
2227
2554
2938
3303
3763
3926
4022
3951
3946
4113
4770
5061
5181
5543
5770
6288
6238
5893
5963
6341
5913
5639
6109
6060
6626
6333
5129
5047
5490
4683
4100
4135
3175
3701
4625
4399
5435
5835
3612
358
-4631
-8841
-7624
-6017
-6128
-3472
-1379
-844
388
-2745
-6960
-5539
-4412
-4997
-2604
-874
-726
926
-329
-3837
-4369
-4988
-6417
-5060
-3752
-3614
-2099
-1850
-3289
-3920
-5070
-6218
-5164
-3815
-2763
-608
918
1281
1265
88
-1324
-1503
-1571
-1704
-929
-258
-32
-143
-1089
-2492
-2909
-3348
-3886
-2878
-1945
-1046
83
113
-854
-1523
-2497
-3934
-3530
-2982
-2445
-1086
-633
-939
-1526
-2346
-3257
-3590
-3413
-2908
-1734
-574
-101
-209
-701
-1139
-1432
-1688
-1305
-270
969
1888
2416
2520
2241
2077
1551
1281
1851
2529
3120
3648
4008
3953
4029
3960
3637
4075
4711
4998
5424
5874
5840
5883
6316
6061
6034
6576
6250
5836
6092
6338
6172
5640
5014
4489
4505
4065
3014
2386
2981
4382
4416
4848
5510
4820
3332
870
-3956
-8049
-6778
-5121
-4591
-2514
-1769
-2004
-836
-2722
-7203
-6558
-4463
-3954
-1955
-666
-961
-54
-524
-3797
-5006
-4859
-5125
-3882
-2554
-2578
-2191
-2146
-3684
-4697
-5535
-6098
-4922
-3188
-1938
-648
253
325
217
-625
-1618
-1491
-792
-169
415
627
329
-333
-1489
-2882
-3551
-3454
-3021
-2190
-1466
-1128
-1143
-1488
-2303
-2849
-3086
-3139
-2547
-1959
-1535
-1318
-1398
-1911
-2367
-2715
-2865
-2588
-2313
-1871
-1558
-1294
-1388
-1542
-1662
-1683
-1414
-1212
-547
121
863
1360
1721
1994
2110
2327
2204
2353
2583
2952
3117
3129
3322
3432
3893
4134
4109
4328
4730
4892
5353
5831
5604
5611
5945
6003
6233
6328
5677
5738
6417
6826
6122
5368
5083
4530
4314
3760
3506
3110
3682
4133
4072
5357
5594
4132
2260
-53
-4943
-7434
-5501
-4769
-3657
-1814
-2355
-2524
-1323
-4936
-7716
-5263
-3981
-2949
-655
-561
-1194
-131
-2156
-5038
-4533
-4379
-4274
-2415
-1847
-2603
-2288
-3317
-5048
-5194
-5546
-5456
-3464
-1753
-1051
-162
-245
-734
-783
-1408
-1718
-704
356
850
1146
575
-433
-1130
-2246
-3260
-3040
-2403
-1784
-989
-797
-1120
-1344
-2154
-3271
-3688
-3419
-2737
-1823
-1331
-1341
-1385
-1830
-2516
-3174
-3476
-3071
-2408
-1711
-1432
-1398
-1548
-1824
-2069
-2354
-2241
-1578
-732
-42
437
676
946
1276
1449
1510
1704
2235
2624
2941
2973
2847
2997
3170
3385
3543
3919
4410
4893
5007
5024
5345
5218
5188
5463
5655
5904
6524
6724
6764
6821
5892
5353
5736
5182
4677
4866
4794
4835
4512
3310
2713
3391
3574
4217
5734
5460
3949
1088
-4368
-7421
-5760
-4421
-3898
-2329
-1958
-1874
-1424
-4965
-8195
-6133
-4141
-2760
-515
-435
-855
-310
-2428
-4981
-4744
-4532
-3777
-1483
-1192
-2197
-2424
-3969
-5549
-5505
-5883
-5424
-2957
-1313
-821
-447
-1080
-1640
-1458
-1749
-1487
32
1161
1615
1541
320
-999
-1780
-2540
-2907
-2378
-1613
-1014
-823
-1114
-1688
-2353
-2558
-2802
-2863
-2424
-1888
-1671
-1515
-1560
-2314
-2585
-2593
-2629
-2408
-2127
-1745
-1489
-1447
-1834
-2336
-2471
-2386
-2039
-1565
-1005
-541
-312
-156
131
420
783
1344
1812
2329
2472
2229
2020
1906
1934
2277
2875
3445
4107
4470
4361
4170
3960
4112
4542
5095
5458
5857
6107
6008
5797
5272
5263
5731
5980
6146
6118
6042
5645
5020
4106
3537
3771
4073
4416
4217
4145
4883
5736
5452
3160
953
-1676
-5034
-5670
-3670
-2620
-2480
-2448
-3767
-4178
-4307
-6640
-6735
-3517
-1376
-533
-526
-1639
-2122
-2442
-3782
-3839
-2648
-2026
-1140
-1065
-2813
-3963
-4690
-5866
-5396
-4164
-4064
-3167
-1808
-1961
-2367
-2403
-2579
-1792
-529
-97
455
1049
828
329
-479
-1407
-1443
-1106
-1199
-826
-709
-1548
-1979
-2138
-2670
-2621
-2034
-1802
-1386
-1230
-2198
-2807
-2676
-2485
-2276
-2019
-1862
-1595
-1690
-2463
-2921
-2978
-2675
-2059
-1687
-1505
-1387
-1468
-1948
-1971
-1837
-1602
-628
365
1058
1300
1278
1220
1331
1501
1504
1904
2521
2802
2987
3045
3038
3383
3622
3773
3951
4145
4354
4953
5497
5531
5428
5253
5463
6029
6495
6047
5625
6190
6647
6438
5487
5056
4973
5118
4873
3378
3037
3666
3649
3365
3621
4753
5188
3970
1782
-385
-3502
-5729
-4029
-1744
-1287
-1852
-3792
-5250
-4494
-5206
-6822
-4835
-1638
-347
-780
-2290
-3634
-3822
-3491
-2936
-2031
-1315
-783
-1180
-2890
-4070
-4792
-5530
-4501
-2655
-2529
-2910
-2798
-3211
-3262
-2762
-2626
-1753
-86
677
477
-44
-645
-636
-451
-505
-192
73
-126
-252
-931
-2188
-2497
-2206
-2035
-1602
-1558
-2004
-2028
-2071
-2835
-3089
-2621
-1927
-1022
-967
-1674
-2165
-2370
-2545
-2453
-2215
-1954
-1412
-1192
-1687
-2200
-2526
-2378
-1941
-1552
-1081
-593
-144
230
472
438
753
1357
1650
1862
2099
1994
2127
2659
2775
3042
3335
3679
3689
3724
3876
3805
4208
4571
5065
5184
5204
5248
5231
5656
5870
5863
5717
6205
6579
6190
5188
4458
4419
4840
4800
3610
2820
2684
3009
3178
3141
3374
3684
3351
2325
1085
187
-904
-2993
-3732
-2167
-980
-2241
-4039
-5190
-5187
-4016
-4108
-4569
-3278
-1959
-2333
-3152
-3579
-3708
-3140
-2024
-1433
-1411
-1757
-2555
-3169
-3332
-3230
-3409
-3420
-2814
-2381
-2826
-3402
-3418
-2943
-2148
-1516
-1206
-1076
-842
-758
-830
-796
-487
-159
7
141
-45
-604
-1091
-1202
-1404
-1519
-1744
-2191
-2396
-2449
-2559
-2850
-2626
-2188
-1825
-1759
-2113
-2206
-2083
-1803
-1769
-1772
-1657
-1457
-1228
-1356
-1656
-1854
-1783
-1708
-1705
-1678
-1565
-1292
-881
-638
-618
-274
228
571
892
1210
1451
1800
2249
2332
2336
2636
3098
3299
3634
3658
3527
3520
3764
3956
4085
4559
4766
4884
5130
5285
4989
4864
5546
6072
6373
6233
5544
5372
5736
5905
4848
3818
3880
3882
3649
3484
3351
3077
3674
4096
2534
1193
806
693
-662
-2771
-3351
-1927
-1134
-2559
-4565
-5609
-4661
-3165
-3389
-3736
-2876
-2685
-3434
-3341
-3115
-3207
-2336
-1332
-1380
-1674
-2329
-3436
-3580
-2717
-2369
-2872
-3308
-3264
-3110
-3261
-3304
-2993
-2600
-2024
-1462
-1638
-1926
-1620
-1199
-811
-338
-292
-599
-506
-140
-11
-148
-394
-599
-799
-1135
-1587
-1891
-2061
-1940
-1816
-2012
-2135
-2228
-2352
-2338
-2092
-2039
-2133
-2018
-2074
-1900
-1794
-1780
-1632
-1606
-1704
-2026
-2005
-1850
-1571
-1301
-1438
-1349
-878
-518
-487
-410
-160
202
851
1288
1282
1385
1658
2005
2338
2642
2760
2816
3183
3488
3528
3541
3494
3868
4353
4669
4622
4565
4742
4839
5075
4987
5257
5676
5972
5780
5124
4838
4975
5444
5469
5233
4382
3635
3444
3543
3844
4153
4627
4421
3256
1436
728
1076
-201
-2207
-2003
-577
-1459
-3747
-5580
-5910
-3878
-2188
-3177
-4101
-3713
-3838
-4060
-3116
-2413
-2325
-1874
-1569
-1928
-2309
-2678
-2877
-2487
-1890
-2100
-3345
-4195
-3698
-2993
-2823
-2700
-2742
-3075
-2852
-2297
-2177
-2006
-1471
-1029
-879
-818
-869
-970
-519
329
609
94
-327
-518
-724
-824
-945
-1376
-1620
-1409
-1526
-1918
-2102
-2165
-2019
-1973
-2273
-2580
-2360
-2014
-1933
-2025
-2324
-2240
-1841
-1683
-1716
-1650
-1501
-1535
-1400
-1321
-1313
-1091
-757
-584
-549
-406
-282
-57
243
492
651
884
1290
1594
1767
1939
2263
2529
2759
2931
2989
3144
3404
3774
4179
4435
4446
4217
4323
4641
5197
5476
5284
5139
5364
5681
5631
5213
4888
5309
5904
5505
4291
3624
3904
4507
4772
4280
3569
3173
3015
2973
2970
2054
828
-491
-2094
-2140
-880
-1172
-3193
-4489
-4942
-4272
-2969
-2968
-4003
-4089
-3668
-3823
-3434
-2794
-2565
-2230
-1782
-1918
-2510
-2899
-2779
-2257
-2007
-2286
-3017
-3705
-3503
-2643
-2370
-2690
-2954
-3171
-3133
-2518
-1963
-1945
-1959
-1743
-1522
-1394
-1163
-887
-562
-236
-21
-261
-739
-686
-419
-420
-562
-852
-1293
-1490
-1304
-1140
-1232
-1400
-1659
-2008
-2164
-2135
-1993
-2034
-2208
-2375
-2276
-2087
-1861
-1590
-1686
-1763
-1740
-1549
-1302
-1007
-767
-823
-861
-814
-651
-383
68
225
102
218
576
874
1026
1290
1525
1705
1959
2199
2389
2740
3106
3241
3388
3573
3765
3956
4160
4303
4286
4394
4790
5213
5167
4951
4934
5060
5174
5273
5258
4798
4624
4886
4577
4441
4379
3946
3506
3828
3855
3672
3900
3622
2661
1950
1866
1666
408
-1466
-1975
-666
-901
-2846
-4334
-4638
-3799
-2724
-3069
-4257
-4483
-4197
-3880
-2854
-2218
-2713
-3111
-2686
-2232
-2098
-2222
-2469
-2376
-2254
-2426
-2854
-3217
-3005
-2445
-2378
-2809
-3165
-3356
-3147
-2386
-1986
-2353
-2724
-2535
-2015
-1477
-1213
-1188
-1171
-913
-579
-428
-374
-257
-131
-215
-479
-924
-1019
-719
-609
-719
-1123
-1675
-1964
-1788
-1832
-1945
-1780
-2105
-2569
-2511
-1994
-1824
-1654
-1591
-1851
-1706
-1263
-1073
-1106
-888
-837
-922
-590
-284
-199
-170
15
52
104
211
273
558
983
1259
1248
1249
1430
1863
2479
2809
2835
2801
2923
3219
3604
3945
3984
3989
4129
4398
4721
4854
4714
4418
4677
5287
5246
4797
4544
4574
5017
5329
4734
4005
3940
3824
4045
4371
3875
3210
3425
3812
3280
2671
2309
1856
1932
881
-1182
-1511
-225
-820
-2734
-3708
-4069
-3498
-2530
-2815
-4091
-4665
-4442
-3930
-2856
-2507
-3004
-3340
-3045
-2436
-2215
-2454
-2737
-2741
-2740
-2731
-2737
-2949
-2889
-2604
-2702
-3046
-3243
-3214
-2913
-2480
-2420
-2764
-2987
-2782
-2248
-1772
-1649
-1689
-1624
-1242
-647
-289
-337
-444
-409
-330
-518
-538
-344
-461
-626
-711
-978
-1334
-1183
-1415
-1883
-1715
-1547
-1724
-1913
-1745
-1843
-1538
-1072
-1286
-1529
-1514
-1318
-1090
-558
-612
-958
-839
-471
-106
17
60
-94
33
483
723
744
684
804
1029
1533
1774
1664
1776
2177
2450
2515
2605
2689
2964
3596
3940
3770
3541
3580
3898
4348
4762
4616
4167
3890
4390
5039
5219
4798
4099
4063
4466
5052
5024
4211
3379
3472
3942
3925
3611
3383
3586
2905
2424
2261
2096
1908
1051
-654
-1724
-498
-187
-1398
-3082
-3912
-3937
-3048
-2436
-3309
-4322
-4600
-3917
-2994
-2485
-2961
-3618
-3545
-3030
-2559
-2591
-2715
-2819
-2954
-3069
-2992
-2976
-3061
-2905
-2787
-2940
-3187
-3176
-2982
-2704
-2612
-2949
-3268
-3044
-2395
-1840
-1757
-1852
-1769
-1368
-910
-621
-602
-623
-527
-378
-161
-62
-74
-220
-470
-694
-729
-681
-672
-826
-1135
-1256
-1277
-1324
-1406
-1409
-1417
-1352
-1286
-1231
-1079
-1059
-897
-773
-628
-695
-719
-433
-153
145
123
147
122
177
305
518
683
597
623
718
1065
1450
1509
1389
1558
1981
2327
2509
2554
2668
2913
3273
3323
3359
3570
3739
3717
3805
4088
4122
4237
4160
4216
4352
4488
4455
4328
4335
4076
4006
4368
4647
4358
3731
3354
3316
3747
3970
3613
2891
2152
2080
2472
2424
1057
-861
-1023
10
-408
-2170
-3349
-3432
-2749
-2055
-2628
-3954
-4682
-4268
-3369
-2657
-2988
-4000
-4143
-3357
-2564
-2535
-3147
-3716
-3664
-3223
-2888
-2884
-3195
-3416
-3367
-3230
-3277
-3415
-3507
-3319
-3011
-2949
-3073
-3070
-2776
-2438
-2226
-2206
-2180
-1892
-1310
-729
-587
-602
-463
-236
-53
109
67
-88
98
195
76
-46
-149
-418
-586
-532
-686
-849
-952
-1048
-989
-729
-763
-988
-929
-826
-862
-848
-588
-504
-318
-179
-252
-219
47
217
51
160
226
342
568
686
718
788
1132
1187
1347
1523
1568
1779
1992
2249
2265
2438
2525
2740
3158
3238
3030
3154
3671
3866
3977
3990
3872
4048
4145
3893
4023
4562
4615
4267
4020
3877
3965
4091
3710
3061
2861
2862
3061
3471
3430
2445
1645
1934
2347
2401
1986
753
-99
-496
-443
17
58
-1720
-3531
-3469
-2673
-2103
-2526
-3693
-4629
-4461
-3597
-3124
-3129
-3974
-4506
-4154
-3401
-2966
-3052
-3418
-3830
-3784
-3463
-3110
-2958
-3052
-3150
-3106
-2884
-2742
-2677
-2741
-2756
-2735
-2729
-2573
-2244
-1960
-1947
-1940
-1811
-1451
-1061
-864
-859
-734
-396
-123
-110
-99
-13
68
-62
-284
-170
-7
-9
-259
-489
-567
-422
-295
-510
-686
-881
-855
-572
-290
-282
-492
-541
-494
-258
-24
-27
-145
-176
-17
272
480
360
136
172
419
683
779
803
825
893
1038
1195
1359
1544
1688
1792
1914
2131
2379
2605
2799
2721
2802
3122
3328
3362
3371
3543
3701
3871
4075
4208
4247
4019
3861
4021
4337
4312
3898
3628
3557
3859
3891
3325
2890
2951
3384
3192
2537
2311
2532
2540
2119
1352
375
-335
-230
453
-81
-2114
-3497
-3075
-2036
-1827
-2948
-4504
-5108
-4369
-3247
-2948
-3713
-4726
-4856
-3947
-3144
-3181
-3790
-4291
-4175
-3532
-3023
-3144
-3571
-3753
-3553
-3227
-3052
-3076
-3152
-3089
-2890
-2734
-2680
-2585
-2440
-2355
-2249
-1999
-1604
-1262
-1018
-792
-684
-549
-333
2
198
185
264
283
288
460
739
527
193
-5
-134
50
318
313
-248
-586
-522
-226
102
-80
-518
-813
-573
-238
106
130
-351
-610
-427
88
473
590
165
-211
84
596
957
794
454
142
506
1162
1501
1395
1016
1055
1452
2110
2204
2010
1911
1890
2347
2800
3135
2953
2845
2948
3206
3732
3837
3741
3576
3692
3734
3982
4475
4432
3753
3228
3561
4137
4108
3650
3117
3019
3197
3300
3233
2875
2206
2072
2307
2261
1805
1051
522
231
-287
-680
-805
-1285
-2461
-2977
-2954
-2960
-2985
-3499
-4114
-4470
-4200
-3928
-3808
-3872
-4301
-4323
-4094
-3734
-3603
-3758
-3942
-4077
-3795
-3453
-3281
-3369
-3442
-3349
-3173
-2936
-2788
-2795
-2809
-2665
-2450
-2200
-2032
-1916
-1862
-1725
-1492
-1248
-940
-703
-519
-476
-334
3
213
301
239
129
232
432
550
495
339
166
214
240
84
37
22
17
-108
-183
-100
-137
-83
-153
-281
-308
-113
120
95
-13
-34
59
239
297
185
96
221
455
644
673
451
488
760
929
1011
982
1018
1086
1413
1775
1864
1727
1842
2211
2597
2662
2607
2675
2954
3348
3486
3341
3171
3402
3846
3993
3766
3416
3558
4000
4270
3985
3512
3475
3620
3775
3658
3138
3039
3139
3199
3078
2682
2305
2045
2021
1858
1351
727
170
-436
-908
-841
-1091
-2249
-3188
-3407
-3132
-2997
-3467
-4164
-4520
-4279
-3928
-3813
-3982
-4470
-4516
-4110
-3613
-3488
-3725
-3913
-3887
-3610
-3294
-3266
-3438
-3489
-3223
-2933
-2720
-2650
-2771
-2826
-2651
-2356
-2178
-2149
-2027
-1849
-1640
-1391
-1141
-920
-801
-574
-332
-143
107
391
505
430
433
492
686
795
693
346
217
417
455
336
-4
-182
-96
-34
-94
-277
-239
-281
-209
-143
-184
-320
-311
-159
-112
20
60
53
143
325
463
419
454
473
539
550
582
686
840
995
952
1077
1257
1477
1624
1744
1882
1813
2052
2364
2595
2547
2514
2694
3047
3223
3073
3073
3364
3712
3755
3589
3636
3792
3923
3808
3763
3575
3605
3617
3459
3261
2942
2841
2804
2801
2627
2152
2050
1994
1883
1389
1077
750
204
32
-547
-1147
-1347
-1312
-2024
-3055
-3341
-3408
-3189
-3312
-3928
-4379
-4366
-4003
-3836
-3765
-4141
-4442
-4209
-3722
-3524
-3658
-3773
-3767
-3538
-3219
-3056
-3183
-3210
-2937
-2668
-2479
-2444
-2425
-2414
-2239
-2071
-2023
-1926
-1825
-1575
-1400
-1256
-1076
-881
-646
-435
-318
-234
78
363
498
489
398
610
789
702
545
507
514
530
540
374
234
244
257
106
-19
-84
6
-28
-221
-267
-223
12
73
-51
-193
-150
113
255
289
6
9
262
578
628
477
488
489
870
1086
1061
1011
956
1184
1360
1610
1642
1626
1768
1949
2230
2298
2433
2568
2752
2844
2790
3004
3228
3423
3268
3210
3336
3550
3771
3547
3336
3214
3510
3563
3252
2919
2839
3055
2973
2739
2341
2141
2127
2102
2078
1555
1215
904
782
485
173
-267
-1208
-1652
-1405
-1402
-2428
-3401
-3506
-3251
-3030
-3533
-4073
-4393
-4253
-3838
-3563
-3747
-4304
-4242
-3789
-3401
-3386
-3569
-3649
-3557
-3168
-2939
-2957
-3068
-2990
-2778
-2638
-2442
-2325
-2304
-2267
-2079
-1921
-1739
-1619
-1511
-1379
-1216
-951
-681
-474
-367
-165
0
137
426
652
650
569
642
826
1019
915
593
536
657
668
589
328
103
96
110
156
81
-173
-398
-333
-29
86
-190
-438
-402
-62
234
294
100
-70
164
455
671
688
516
464
574
888
903
961
884
862
1229
1251
1381
1395
1465
1585
1679
1964
1961
2097
2181
2299
2529
2644
2841
2826
2939
2971
2914
3148
3294
3382
3275
3088
3140
3252
3337
3117
2818
2786
2724
2800
2617
2428
2349
2309
2086
1830
1777
1711
1497
1054
603
386
170
-101
-851
-1478
-1506
-1414
-2251
-3123
-3302
-3136
-2986
-3434
-4015
-4224
-4063
-3790
-3675
-3717
-4132
-4105
-3634
-3291
-3291
-3492
-3504
-3364
-3057
-2824
-2816
-2872
-2779
-2506
-2328
-2239
-2183
-2212
-2188
-1987
-1776
-1644
-1648
-1638
-1458
-1286
-1027
-777
-625
-563
-431
-95
159
402
543
586
523
548
805
1009
970
643
501
756
933
720
421
276
297
344
255
124
70
25
66
64
9
-32
-69
34
76
94
125
158
214
197
318
449
488
501
517
619
733
779
857
937
999
1006
995
1126
1254
1407
1514
1476
1588
1779
2021
2138
2058
2081
2196
2573
2777
2763
2762
2601
2943
3241
3201
2844
2613
2844
3140
3262
2713
2526
2618
2690
2779
2450
2188
2007
2108
2158
1881
1620
1428
1227
1043
850
492
166
-125
-592
-1164
-1319
-1336
-2014
-2754
-3047
-2947
-2820
-3190
-3756
-3948
-3772
-3641
-3549
-3565
-3866
-3896
-3572
-3181
-3077
-3208
-3242
-3124
-2874
-2639
-2576
-2662
-2656
-2411
-2234
-2168
-2125
-2135
-2093
-1953
-1807
-1704
-1688
-1626
-1410
-1181
-1015
-875
-707
-526
-273
1
123
240
475
712
923
837
766
907
1061
943
816
787
726
675
656
693
499
305
205
190
309
194
49
-158
-110
-3
49
84
-154
-217
-17
288
337
199
131
207
545
763
626
378
478
735
874
1001
797
738
912
1143
1235
1172
1163
1201
1466
1639
1735
1752
1897
2142
2082
2213
2158
2252
2491
2534
2640
2520
2676
2760
2927
2959
2599
2565
2639
2783
2601
2314
2308
2197
2110
2051
1993
1828
1626
1446
1513
1484
1088
760
620
505
89
-131
-451
-1163
-1586
-1449
-1609
-2476
-3048
-3084
-2853
-2890
-3464
-3754
-3744
-3520
-3300
-3255
-3502
-3792
-3545
-3094
-2925
-3035
-3140
-3072
-2871
-2568
-2418
-2532
-2589
-2345
-2077
-1998
-1944
-1887
-1839
-1741
-1547
-1423
-1412
-1360
-1174
-971
-865
-654
-371
-250
-128
14
281
466
598
710
793
837
720
945
1114
963
790
618
618
717
865
610
330
283
279
392
248
154
34
-20
57
71
162
57
-74
-30
103
137
74
152
148
252
370
401
381
514
566
449
511
676
829
857
825
822
958
1092
1144
1231
1243
1307
1386
1632
1839
1730
1822
1993
2145
2214
2138
2164
2323
2482
2490
2364
2369
2499
2504
2381
2434
2424
2346
2310
2145
2176
2146
2034
2073
1923
1680
1532
1680
1668
1169
776
592
587
353
-49
-573
-1243
-1418
-1161
-1494
-2428
-3032
-2998
-2684
-2718
-3205
-3614
-3699
-3492
-3154
-2987
-3349
-3639
-3383
-2974
-2800
-2886
-2946
-2947
-2757
-2472
-2334
-2386
-2443
-2216
-2004
-1991
-1904
-1827
-1731
-1636
-1533
-1400
-1282
-1111
-947
-822
-769
-581
-200
34
103
233
390
597
882
985
936
934
956
1182
1266
1110
934
894
915
833
736
556
476
413
291
203
84
78
-13
-42
-87
-179
-131
-145
-84
-80
-147
-39
48
26
57
63
121
158
313
362
277
288
360
576
626
556
578
720
913
1049
1138
1090
1092
1308
1565
1591
1427
1462
1718
1888
1988
1863
1788
1975
2167
2284
2158
2063
2108
2316
2331
2102
2049
2198
2277
2113
2006
1890
1912
2004
1979
1898
1643
1483
1540
1674
1518
1000
728
682
636
358
-110
-456
-820
-1207
-1353
-1361
-1808
-2571
-2825
-2691
-2518
-2683
-3175
-3386
-3380
-3232
-3025
-2976
-3182
-3351
-3128
-2821
-2689
-2679
-2680
-2620
-2521
-2334
-2133
-2089
-2065
-1944
-1831
-1732
-1610
-1516
-1443
-1335
-1199
-1048
-874
-792
-689
-529
-407
-197
30
163
264
421
581
647
792
833
876
897
906
950
902
848
829
844
736
634
567
520
498
384
344
212
132
80
61
46
-70
9
-76
-167
-176
-70
-21
-56
-135
-137
9
112
132
106
65
139
323
429
376
384
443
552
638
730
858
878
964
1078
1226
1328
1349
1496
1520
1591
1683
1676
1795
1809
1891
1918
1934
1933
2027
2129
2109
2101
1993
1934
2014
2056
1994
1762
1657
1766
1715
1517
1514
1485
1378
1203
1177
1251
1112
720
402
390
326
49
-248
-624
-1137
-1386
-1325
-1464
-2012
-2553
-2699
-2506
-2392
-2614
-2887
-3034
-3029
-2811
-2646
-2727
-2916
-2899
-2660
-2494
-2461
-2434
-2378
-2274
-2116
-1952
-1878
-1814
-1638
-1498
-1429
-1385
-1309
-1146
-1016
-939
-877
-836
-732
-531
-325
-262
-258
-136
93
266
299
385
525
581
677
780
743
665
675
798
771
678
459
443
591
495
432
332
173
94
107
132
16
-146
-173
-187
-176
-137
-174
-169
-219
-193
-103
-54
-13
9
98
116
101
158
311
360
376
416
431
502
621
714
748
784
829
894
979
1069
1122
1165
1259
1294
1421
1473
1431
1498
1560
1635
1683
1692
1705
1699
1746
1848
1905
1829
1774
1774
1750
1836
1816
1759
1684
1566
1569
1534
1462
1416
1304
1223
1098
994
907
692
518
344
75
-113
-329
-590
-913
-1151
-1288
-1562
-1824
-2036
-2128
-2169
-2368
-2470
-2507
-2562
-2586
-2561
-2501
-2528
-2489
-2401
-2336
-2300
-2279
-2153
-2045
-1985
-1885
-1797
-1700
-1608
-1480
-1355
-1306
-1248
-1153
-1039
-950
-895
-825
-744
-658
-526
-415
-337
-245
-122
30
112
219
325
405
508
508
589
645
598
613
621
611
598
525
506
429
363
342
261
236
146
60
37
-19
-35
-97
-141
-203
-217
-219
-224
-210
-289
-233
-248
-211
-110
-109
-23
-36
36
111
154
211
206
314
357
483
573
606
681
662
787
848
959
1069
1104
1191
1220
1348
1396
1447
1492
1478
1608
1627
1707
1718
1693
1708
1681
1783
1736
1735
1701
1628
1683
1633
1636
1575
1500
1486
1419
1401
1318
1281
1213
1126
1063
912
775
622
487
362
172
-35
-278
-517
-761
-978
-1188
-1381
-1548
-1699
-1851
-2018
-2123
-2187
-2223
-2268
-2320
-2339
-2360
-2337
-2268
-2220
-2185
-2135
-2069
-2017
-1950
-1856
-1761
-1650
-1540
-1455
-1383
-1308
-1201
-1101
-1019
-944
-874
-794
-716
-647
-565
-484
-410
-325
-237
-130
-61
25
123
191
272
321
374
367
353
347
346
374
340
348
278
242
252
194
207
122
82
34
-23
-32
-91
-77
-117
-121
-141
-182
-185
-222
-186
-215
-183
-157
-150
-102
-104
-22
-11
63
84
104
191
202
330
352
442
550
596
729
785
873
961
1038
1153
1239
1333
1390
1418
1481
1540
1626
1688
1697
1727
1727
1780
1835
1825
1821
1763
1741
1735
1706
1679
1611
1538
1519
1496
1457
1406
1374
1320
1269
1204
1084
934
783
631
515
373
178
-43
-254
-498
-747
-940
-1155
-1316
-1456
-1609
-1732
-1876
-1970
-2029
-2088
-2135
-2163
-2188
-2206
-2184
-2152
-2113
-2068
-2025
-1976
-1906
-1847
-1787
-1680
-1589
-1511
-1420
-1358
-1305
-1245
-1170
-1087
-1006
-937
-871
-780
-699
-626
-554
-487
-428
-313
-209
-114
7
87
183
238
266
320
337
358
408
396
370
357
329
328
282
224
194
134
109
67
8
-29
-125
-174
-187
-259
-267
-294
-314
-318
-367
-360
-376
-359
-302
-261
-213
-173
-128
-86
1
44
138
232
248
352
383
503
612
696
820
814
880
929
1006
1119
1195
1304
1374
1424
1448
1473
1526
1595
1673
1701
1734
1703
1691
1725
1725
1742
1725
1660
1608
1540
1470
1450
1375
1348
1283
1191
1153
1065
1054
999
971
916
811
737
608
542
423
313
184
37
-109
-277
-424
-637
-804
-971
-1139
-1259
-1406
-1531
-1658
-1750
-1812
-1885
-1948
-2018
-2050
-2083
-2093
-2084
-2064
-2005
-1965
-1897
-1830
-1765
-1680
-1597
-1511
-1426
-1336
-1251
-1163
-1092
-1012
-941
-847
-759
-715
-664
-608
-521
-437
-372
-306
-268
-201
-155
-105
-26
16
50
91
91
102
101
52
68
18
16
36
11
26
-40
-51
-83
-91
-82
-143
-131
-153
-139
-130
-158
-169
-223
-196
-162
-153
-132
-132
-88
-50
-1
86
115
178
241
285
375
438
484
579
600
643
732
740
882
916
1020
1150
1132
1249
1253
1323
1402
1431
1536
1591
1646
1665
1665
1680
1694
1704
1668
1640
1577
1535
1510
1449
1393
1379
1331
1311
1249
1154
1147
1099
1101
1098
1037
975
923
876
840
790
675
574
431
298
162
-3
-144
-363
-538
-727
-913
-1048
-1223
-1353
-1512
-1666
-1762
-1844
-1905
-1958
-1995
-2035
-2057
-2036
-2032
-2010
-1993
-1952
-1874
-1825
-1779
-1727
-1649
-1575
-1488
-1380
-1303
-1246
-1190
-1128
-1068
-992
-933
-873
-817
-769
-698
-624
-557
-478
-417
-339
-256
-182
-126
-95
-91
-104
-32
-9
27
40
8
21
-63
-16
-14
-50
-2
-62
-28
-94
-149
-136
-186
-125
-161
-159
-190
-247
-192
-224
-158
-154
-149
-87
-79
13
55
107
151
186
269
319
396
460
539
613
686
776
840
896
959
1027
1091
1144
1205
1287
1368
1455
1490
1558
1597
1655
1724
1708
1757
1727
1755
1808
1768
1781
1736
1690
1613
1559
1516
1499
1492
1421
1395
1319
1228
1222
1143
1118
1086
1020
1042
940
882
785
627
518
339
233
70
-87
-222
-443
-624
-857
-1042
-1232
-1393
-1553
-1708
-1820
-1942
-1996
-2032
-2125
-2182
-2211
-2237
-2233
-2230
-2195
-2129
-2046
-1956
-1893
-1839
-1778
-1706
-1597
-1483
-1393
-1313
-1239
-1152
-1069
-1006
-932
-868
-801
-727
-665
-604
-546
-471
-406
-358
-319
-268
-213
-169
-139
-89
-90
-76
-60
-78
-40
-47
-51
-72
-116
-99
-92
-99
-75
-91
-108
-122
-148
-133
-139
-128
-104
-115
-86
-104
-70
-50
-22
19
48
99
120
181
225
293
363
412
463
499
551
614
667
688
740
773
849
925
947
1004
1020
1117
1204
1270
1378
1389
1479
1536
1569
1621
1602
1644
1670
1725
1731
1706
1680
1615
1633
1602
1597
1547
1466
1470
1417
1427
1367
1287
1254
1114
1109
1017
974
946
848
862
766
716
630
486
404
224
149
-1
-156
-295
-549
-724
-949
-1110
-1226
-1386
-1484
-1652
-1768
-1846
-1916
-1937
-2010
-2037
-2063
-2089
-2086
-2092
-2054
-2020
-1972
-1924
-1906
-1853
-1816
-1730
-1628
-1537
-1452
-1385
-1305
-1239
-1185
-1128
-1089
-1041
-999
-918
-859
-812
-741
-684
-590
-516
-469
-418
-372
-335
-274
-231
-206
-169
-151
-133
-101
-103
-64
-59
-38
-11
-16
16
10
36
55
50
62
57
69
78
100
135
132
131
127
161
175
229
285
317
370
390
431
478
503
570
614
664
685
715
802
831
915
958
997
1078
1119
1221
1283
1361
1410
1464
1535
1550
1636
1636
1656
1655
1659
1655
1651
1614
1589
1585
1530
1566
1480
1409
1377
1285
1292
1233
1219
1114
1045
992
911
905
816
771
735
663
649
546
493
411
292
216
50
-64
-202
-339
-442
-653
-815
-1023
-1169
-1262
-1380
-1461
-1584
-1659
-1733
-1790
-1820
-1893
-1922
-1946
-1938
-1908
-1920
-1913
-1910
-1857
-1795
-1758
-1714
-1690
-1630
-1563
-1485
-1416
-1375
-1321
-1278
-1229
-1179
-1145
-1088
-1038
-977
-927
-891
-813
-746
-681
-583
-523
-466
-397
-376
-310
-296
-231
-164
-132
-72
-92
-68
-33
-13
34
44
67
73
98
112
108
115
113
131
137
141
137
141
183
191
223
260
256
308
316
371
426
455
541
534
627
652
682
765
775
894
921
995
1027
1011
1114
1152
1272
1298
1304
1354
1357
1502
1547
1599
1624
1563
1609
1626
1644
1678
1633
1635
1610
1553
1491
1413
1361
1335
1294
1251
1172
1054
1024
944
922
865
783
728
645
581
547
518
478
435
373
257
152
30
-61
-132
-246
-383
-564
-771
-917
-1048
-1165
-1295
-1433
-1538
-1668
-1736
-1817
-1904
-1960
-1991
-2007
-2038
-2069
-2070
-2039
-1999
-1949
-1907
-1878
-1834
-1763
-1667
-1573
-1510
-1430
-1344
-1263
-1190
-1143
-1096
-1025
-965
-918
-856
-808
-736
-651
-586
-515
-484
-437
-394
-365
-313
-280
-238
-196
-176
-149
-141
-107
-83
-61
-35
-19
16
42
82
107
140
149
143
173
170
189
206
209
249
234
272
274
296
366
395
449
458
506
559
605
623
645
691
748
819
835
903
954
1024
1103
1140
1155
1157
1229
1272
1347
1397
1408
1489
1497
1565
1565
1545
1556
1549
1603
1608
1571
1533
1466
1416
1393
1335
1277
1185
1129
1102
1023
977
866
807
768
709
694
598
541
473
437
407
332
290
203
138
37
-87
-168
-297
-378
-497
-652
-821
-1011
-1136
-1259
-1344
-1440
-1561
-1657
-1743
-1800
-1840
-1879
-1901
-1929
-1931
-1932
-1934
-1921
-1902
-1849
-1797
-1762
-1722
-1680
-1619
-1541
-1463
-1381
-1325
-1247
-1192
-1134
-1086
-1049
-978
-917
-853
-788
-750
-666
-599
-519
-457
-432
-352
-316
-233
-188
-164
-99
-90
-29
-14
-11
35
41
94
96
117
138
136
175
177
193
176
172
204
205
239
227
231
273
278
339
339
362
412
417
527
535
584
644
655
770
769
847
905
943
1062
1070
1170
1204
1252
1344
1333
1426
1423
1481
1543
1525
1596
1525
1546
1528
1501
1528
1484
1476
1409
1357
1290
1244
1192
1167
1095
1039
960
879
862
782
765
717
655
625
513
480
431
411
416
356
320
236
192
144
95
22
-112
-201
-317
-439
-561
-723
-863
-1012
-1133
-1256
-1389
-1501
-1597
-1678
-1744
-1807
-1870
-1923
-1928
-1933
-1933
-1921
-1920
-1895
-1851
-1794
-1733
-1688
-1640
-1580
-1495
-1389
-1315
-1232
-1175
-1119
-1042
-981
-906
-851
-806
-752
-703
-628
-569
-506
-445
-411
-387
-371
-372
-313
-275
-215
-139
-149
-117
-127
-106
-36
-42
38
52
84
139
110
171
173
216
268
264
289
258
281
307
317
343
344
367
399
429
467
508
538
596
627
682
716
731
804
834
926
973
1004
1058
1033
1132
1151
1218
1290
1293
1363
1357
1389
1391
1401
1462
1459
1430
1354
1329
1355
1367
1320
1251
1168
1130
1117
1076
1035
892
872
859
793
771
630
608
556
496
474
354
338
291
268
268
138
81
27
-19
15
-56
-104
-201
-312
-378
-519
-589
-686
-795
-860
-999
-1082
-1209
-1290
-1336
-1442
-1486
-1569
-1625
-1639
-1681
-1692
-1700
-1720
-1732
-1736
-1715
-1717
-1694
-1635
-1599
-1546
-1497
-1451
-1408
-1347
-1280
-1243
-1186
-1143
-1101
-1051
-1003
-951
-911
-871
-821
-758
-700
-635
-581
-500
-460
-399
-317
-274
-188
-128
-56
2
34
110
144
216
273
319
375
414
466
514
557
598
631
664
677
685
714
735
772
790
798
807
824
876
903
934
944
944
1015
1027
1079
1085
1100
1168
1180
1231
1187
1211
1263
1259
1310
1241
1238
1223
1239
1289
1260
1253
1165
1132
1090
1083
1121
1095
1101
1008
921
872
810
842
786
735
679
606
589
561
496
446
366
353
306
238
169
118
141
80
-4
-107
-237
-321
-401
-503
-619
-771
-867
-1009
-1157
-1273
-1392
-1462
-1546
-1607
-1692
-1794
-1832
-1847
-1826
-1827
-1841
-1833
-1825
-1764
-1699
-1635
-1585
-1532
-1444
-1378
-1327
-1266
-1194
-1103
-1016
-952
-901
-868
-811
-742
-702
-679
-703
-685
-646
-583
-518
-510
-472
-442
-369
-308
-278
-233
-208
-129
-80
-27
12
35
110
152
205
210
224
270
290
348
365
385
405
413
456
436
460
476
485
540
500
502
512
516
574
587
640
664
680
736
760
822
875
904
967
1015
1066
1080
1121
1165
1197
1214
1231
1223
1223
1232
1182
1179
1164
1187
1232
1214
1177
1098
1080
1083
1073
1048
972
944
891
864
807
706
665
594
587
585
507
444
399
365
355
297
249
178
153
120
61
-19
-59
-130
-207
-265
-394
-463
-544
-609
-681
-806
-884
-983
-1024
-1091
-1181
-1263
-1354
-1391
-1421
-1425
-1454
-1491
-1473
-1477
-1487
-1494
-1505
-1474
-1446
-1397
-1373
-1371
-1343
-1317
-1268
-1224
-1213
-1179
-1145
-1095
-1052
-1017
-986
-955
-908
-881
-851
-810
-754
-689
-622
-553
-503
-468
-405
-333
-260
-198
-138
-49
5
66
140
192
265
293
336
388
414
468
503
559
562
596
631
631
637
641
655
664
685
696
713
724
737
768
793
821
822
853
911
940
983
982
995
1005
1057
1076
1078
1098
1095
1119
1129
1114
1068
1051
1082
1105
1104
1074
1007
972
942
932
923
894
838
795
762
747
726
685
640
579
528
502
499
473
442
431
371
344
308
223
180
135
99
75
-1
-64
-161
-229
-272
-349
-421
-536
-617
-675
-766
-848
-946
-1015
-1084
-1163
-1232
-1316
-1379
-1408
-1424
-1436
-1463
-1489
-1519
-1529
-1520
-1507
-1486
-1454
-1421
-1393
-1381
-1367
-1349
-1308
-1270
-1228
-1183
-1154
-1100
-1049
-1007
-965
-927
-883
-848
-801
-744
-693
-630
-564
-488
-415
-364
-317
-249
-184
-92
-29
55
125
165
237
273
327
386
425
475
503
545
589
614
651
652
674
707
727
737
748
750
753
736
743
753
772
799
785
792
804
811
837
840
880
891
928
967
951
972
950
969
1006
1006
1031
1008
1038
1045
1030
1078
1026
1025
1001
942
979
896
911
881
800
811
677
645
581
508
559
476
460
391
303
364
280
294
214
147
187
83
95
3
-54
-41
-119
-99
-196
-248
-246
-333
-323
-448
-531
-580
-661
-683
-802
-882
-958
-1035
-1056
-1141
-1174
-1227
-1276
-1282
-1341
-1370
-1405
-1413
-1401
-1418
-1413
-1434
-1440
-1431
-1428
-1404
-1394
-1358
-1307
-1270
-1233
-1202
-1163
-1103
-1058
-1011
-1000
-968
-897
-829
-752
-721
-681
-603
-542
-437
-361
-298
-219
-149
-50
-14
45
111
179
276
321
378
402
438
502
529
592
622
646
672
676
696
692
716
730
736
742
739
745
756
767
772
778
773
785
808
817
854
855
887
893
885
904
915
969
998
1012
1007
994
975
982
987
978
986
954
953
913
873
875
816
806
696
668
675
636
597
551
522
463
346
371
336
322
320
243
237
225
176
149
125
117
115
58
36
-39
-77
-119
-132
-158
-212
-270
-325
-380
-443
-509
-556
-619
-680
-745
-827
-902
-974
-1028
-1058
-1113
-1142
-1181
-1210
-1208
-1243
-1248
-1279
-1290
-1298
-1304
-1291
-1282
-1256
-1244
-1237
-1230
-1228
-1199
-1160
-1108
-1065
-1040
-1006
-981
-951
-914
-876
-823
-779
-720
-654
-604
-546
-511
-466
-402
-337
-253
-187
-132
-89
-50
23
72
147
219
266
340
381
445
495
533
593
621
668
678
716
762
756
761
752
766
783
801
794
804
797
809
804
788
802
798
808
824
796
797
814
850
894
888
860
843
861
936
968
964
953
901
907
894
885
893
854
848
799
784
749
696
709
634
607
563
503
491
431
411
328
261
236
178
214
135
115
85
44
81
-20
-26
-69
-120
-79
-144
-161
-199
-286
-285
-351
-354
-389
-455
-443
-516
-537
-573
-636
-643
-720
-729
-785
-860
-875
-962
-973
-1035
-1100
-1112
-1161
-1144
-1170
-1199
-1204
-1250
-1259
-1288
-1288
-1276
-1275
-1256
-1250
-1226
-1201
-1171
-1108
-1084
-1048
-1006
-959
-870
-826
-755
-706
-654
-572
-518
-426
-357
-311
-238
-193
-127
-82
-19
62
118
182
232
278
335
380
416
435
459
498
525
553
569
568
583
597
611
615
619
635
649
672
663
660
668
672
717
746
752
765
776
770
773
764
776
808
828
869
866
889
886
880
895
888
877
856
861
843
810
786
742
716
705
677
649
621
554
534
506
466
444
376
363
313
264
239
197
194
194
159
119
99
91
59
56
12
-19
-50
-67
-92
-159
-225
-289
-311
-317
-339
-364
-408
-449
-481
-519
-551
-586
-605
-636
-678
-716
-761
-793
-807
-819
-842
-887
-901
-915
-911
-910
-901
-914
-931
-930
-934
-931
-938
-930
-910
-881
-882
-877
-865
-846
-799
-770
-723
-710
-694
-656
-635
-599
-586
-563
-534
-505
-457
-422
-387
-356
-316
-283
-255
-222
-193
-145
-101
-46
-10
22
63
108
150
175
218
261
302
342
362
381
402
445
477
493
502
508
530
555
577
587
585
589
598
600
616
619
643
668
657
643
613
618
673
697
715
715
703
736
732
733
730
711
726
714
706
659
603
600
583
608
611
594
572
542
505
445
424
411
394
368
319
259
211
182
180
181
164
111
101
69
90
143
132
141
63
13
-14
-35
-15
-46
-77
-103
-150
-170
-224
-247
-260
-274
-255
-286
-329
-371
-426
-455
-517
-557
-583
-605
-595
-619
-637
-679
-731
-728
-733
-728
-725
-737
-722
-724
-749
-769
-784
-768
-757
-741
-724
-729
-712
-701
-679
-670
-663
-639
-641
-618
-606
-594
-560
-544
-520
-507
-489
-449
-411
-370
-332
-302
-283
-251
-225
-187
-155
-126
-75
-33
0
15
35
72
106
136
168
188
205
232
249
280
300
321
356
382
370
374
389
395
415
448
457
456
457
459
448
419
418
429
467
489
486
487
488
504
504
502
502
511
535
528
504
480
474
466
466
462
443
460
482
484
480
465
450
419
393
399
362
408
427
428
399
306
260
210
234
265
239
256
216
180
118
23
6
-10
7
2
-58
-95
-145
-134
-153
-203
-248
-252
-228
-218
-211
-251
-275
-303
-320
-351
-353
-317
-287
-259
-256
-284
-328
-348
-343
-354
-336
-334
-331
-313
-333
-348
-367
-383
-379
-404
-395
-393
-390
-362
-374
-404
-442
-473
-477
-488
-479
-458
-464
-460
-496
-507
-503
-494
-459
-428
-407
-375
-329
-301
-300
-324
-329
-298
-246
-183
-154
-125
-109
-93
-103
-104
-86
-45
26
47
47
41
36
68
73
71
59
52
72
89
89
100
97
91
100
88
94
114
156
203
218
216
228
243
278
299
302
319
313
355
396
410
411
413
415
399
390
370
396
419
453
462
425
408
360
341
332
305
316
312
297
302
278
273
249
209
180
168
206
278
290
264
218
160
135
114
127
128
129
123
85
-40
14
120
88
-22
-88
-85
-44
-18
-103
-64
-66
-85
-150
-245
-271
-241
-219
-173
-160
-165
-211
-300
-314
-321
-320
-283
-271
-263
-253
-250
-276
-311
-310
-303
-279
-228
-192
-129
-98
-118
-152
-180
-189
-181
-149
-107
-66
-41
-23
-66
-116
-165
-201
-175
-141
-93
-71
-63
-104
-149
-157
-172
-160
-163
-140
-91
-54
-50
-72
-118
-150
-137
-158
-151
-134
-116
-76
-78
-102
-133
-152
-162
-189
-174
-147
-116
-83
-97
-132
-159
-177
-157
-136
-99
-44
1
56
61
44
35
36
77
98
140
157
181
210
208
203
174
175
186
216
230
243
265
270
268
231
190
154
169
170
176
175
153
151
135
121
78
53
52
85
100
