156
136
115
107
-32
-89
-156
-151
-181
-116
-115
-141
-160
-183
-216
-323
-311
-374
-377
-287
-302
-353
-356
-506
-502
-588
-555
-514
-470
-407
-521
-575
-608
-688
-617
-490
-441
-357
-372
-445
-521
-561
-415
-371
-231
-214
-293
-269
-266
-272
-200
-247
-259
-255
-269
-237
-259
-233
-224
-241
-160
-185
-216
-222
-221
-194
-107
-111
-90
-157
-64
-33
136
231
351
353
320
299
256
281
381
440
502
529
454
501
521
618
739
752
756
726
683
768
830
862
1000
960
1015
1043
1000
1082
1163
1053
1126
1045
995
1010
917
992
984
893
904
830
773
689
509
449
399
248
268
220
157
78
37
-45
2
-74
-180
-180
-225
-245
-277
-370
-396
-446
-415
-305
-339
-271
-360
-399
-389
-514
-558
-549
-572
-559
-609
-657
-672
-828
-845
-928
-879
-882
-951
-1002
-1109
-1234
-1294
-1261
-1245
-1122
-1170
-1188
-1228
-1266
-1235
-1250
-1290
-1254
-1216
-1143
-1047
-1150
-1060
-1070
-1044
-926
-954
-909
-820
-835
-689
-614
-619
-488
-555
-375
-297
-255
-94
-34
46
180
184
256
366
399
612
716
874
996
1030
1062
1127
1191
1399
1563
1573
1709
1711
1804
1995
2093
2174
2264
2237
2380
2390
2465
2634
2629
2796
2784
2624
2657
2610
2598
2764
2806
2772
2565
2333
2226
2191
2232
2143
1983
1826
1602
1347
1229
1019
775
552
447
138
-85
-299
-508
-603
-693
-902
-1046
-1206
-1317
-1444
-1478
-1501
-1675
-1829
-1877
-2104
-2165
-2220
-2375
-2342
-2426
-2691
-2828
-2998
-3140
-3189
-3250
-3284
-3467
-3575
-3646
-3797
-3826
-3807
-3906
-3840
-3862
-3967
-3976
-3947
-3888
-3744
-3571
-3475
-3378
-3216
-3020
-2858
-2623
-2407
-2257
-2003
-1760
-1562
-1272
-986
-785
-521
-345
-155
22
260
467
674
873
1043
1178
1377
1585
1756
2009
2268
2514
2701
2870
3019
3227
3412
3514
3629
3817
3937
4075
4211
4343
4405
4429
4531
4622
4772
4936
5023
5131
5231
5224
5260
5289
5293
5330
5403
5456
5389
5273
5157
5032
5032
5037
4994
4844
4594
4243
3941
3754
3594
3270
2935
2523
2099
1774
1515
1202
907
483
-66
-602
-1103
-1641
-2160
-2707
-3169
-3661
-4149
-4744
-5374
-5868
-6364
-6816
-7210
-7624
-8085
-8551
-8987
-9317
-9630
-9817
-9973
-10014
-9999
-10028
-10001
-9941
-9838
-9700
-9509
-9251
-8950
-8576
-8168
-7744
-7307
-6917
-6452
-5937
-5443
-4898
-4386
-3821
-3246
-2704
-2121
-1599
-1075
-555
-48
507
1047
1535
2045
2450
2812
3155
3520
3903
4278
4641
4991
5291
5567
5777
5945
6132
6268
6452
6662
6815
6899
6934
6912
6960
7048
7169
7243
7254
7220
7240
7236
7344
7362
7343
7273
7177
7200
7228
7123
7027
6874
6814
6748
6539
6557
6509
6559
6460
6095
5744
5304
4879
4695
4337
4065
3630
3020
2441
1740
1074
450
-179
-833
-1672
-2517
-3219
-3957
-4625
-5331
-5972
-6577
-7103
-7494
-7793
-7996
-8333
-8678
-9004
-9277
-9482
-9563
-9518
-9437
-9329
-9198
-9170
-9189
-9214
-9263
-9142
-8948
-8744
-8515
-8358
-8211
-8084
-7920
-7681
-7398
-7058
-6649
-6348
-5961
-5619
-5316
-4896
-4564
-4186
-3686
-3207
-2647
-2125
-1676
-1162
-778
-311
174
604
1151
1601
2044
2492
2798
3083
3333
3543
3825
4074
4322
4544
4653
4765
4809
4834
4897
4958
5018
5121
5178
5199
5233
5169
5108
5095
5151
5251
5393
5496
5599
5638
5709
5797
5876
6065
6178
6277
6477
6631
6789
6973
6997
7058
7090
7151
7296
7491
7705
7918
7900
7714
7436
7009
6803
6657
6433
6208
5783
5175
4575
3817
3090
2368
1564
790
-108
-916
-1654
-2532
-3398
-4315
-5216
-5955
-6613
-7162
-7553
-7923
-8331
-8802
-9257
-9701
-10044
-10261
-10315
-10261
-10181
-10070
-10087
-10231
-10275
-10300
-10264
-10021
-9820
-9533
-9216
-9053
-8844
-8581
-8370
-7992
-7626
-7186
-6652
-6280
-5811
-5343
-4992
-4499
-4095
-3625
-3011
-2461
-1816
-1250
-687
-181
244
722
1192
1593
2140
2571
3006
3385
3629
3952
4203
4426
4648
4805
4982
5147
5222
5349
5399
5394
5407
5371
5337
5322
5275
5300
5323
5294
5278
5213
5166
5140
5149
5225
5328
5382
5518
5546
5627
5823
5872
6070
6270
6392
6603
6678
6616
6761
6849
6974
7152
7232
7484
7654
7524
7400
7098
6803
6581
6269
6071
5849
5357
4809
4148
3401
2713
1955
1302
563
-396
-1181
-1999
-2830
-3647
-4620
-5454
-6192
-6896
-7378
-7768
-8140
-8493
-8991
-9446
-9852
-10259
-10478
-10594
-10535
-10474
-10376
-10341
-10309
-10459
-10601
-10478
-10414
-10098
-9783
-9598
-9223
-9061
-8973
-8554
-8414
-7943
-7487
-7101
-6432
-6017
-5651
-5002
-4797
-4243
-3730
-3267
-2520
-1974
-1364
-668
-248
297
720
1091
1625
1995
2423
2986
3298
3696
3974
4129
4348
4492
4590
4851
4959
5104
5251
5272
5319
5273
5174
5205
5191
5214
5324
5284
5294
5192
5120
5103
5143
5122
5223
5280
5392
5462
5566
5609
5664
5755
5999
6225
6411
6631
6718
6812
6861
6857
7074
7427
7686
8035
8126
8175
8114
7855
7683
7524
7215
7053
6797
6404
5918
5098
4316
3525
2644
1697
758
-16
-747
-1598
-2549
-3513
-4558
-5532
-6472
-7182
-7712
-8159
-8553
-8958
-9357
-9841
-10332
-10752
-11014
-11095
-11090
-10954
-10811
-10761
-10774
-10765
-10686
-10584
-10439
-10251
-9919
-9469
-9067
-8642
-8314
-8038
-7689
-7401
-7002
-6482
-5993
-5372
-4835
-4383
-3885
-3525
-3044
-2566
-2080
-1404
-815
-152
468
940
1397
1780
2088
2541
2922
3315
3767
4046
4350
4547
4644
4749
4837
4850
5005
5061
5146
5207
5162
5129
5047
4903
4886
4828
4881
4902
4878
4895
4777
4704
4654
4639
4677
4715
4839
4955
5177
5282
5333
5445
5578
5745
6065
6129
6372
6437
6375
6480
6550
6862
7210
7429
7744
7787
7581
7502
7263
7282
7256
7115
6911
6531
6050
5539
4815
4250
3634
2820
1988
1066
218
-561
-1307
-2220
-3123
-4164
-5086
-5954
-6670
-7199
-7622
-8012
-8433
-8919
-9402
-9890
-10285
-10525
-10685
-10743
-10653
-10646
-10562
-10558
-10578
-10598
-10600
-10462
-10370
-10048
-9647
-9331
-8946
-8631
-8494
-8082
-7900
-7534
-7002
-6556
-5930
-5304
-4960
-4359
-4056
-3653
-3089
-2626
-1923
-1273
-649
14
518
964
1446
1729
2164
2498
2864
3337
3683
4031
4324
4443
4559
4604
4632
4719
4864
4967
5124
5231
5239
5260
5182
5073
4989
4980
4997
5143
5236
5340
5388
5361
5267
5198
5155
5341
5580
5861
6129
6322
6444
6605
6721
6747
6793
6850
7192
7380
7498
7756
8072
8483
8808
8805
8672
8446
8111
7815
7210
6853
6830
6579
6067
5241
4061
2963
1727
333
-911
-1727
-1916
-2426
-3306
-4180
-4912
-5900
-6976
-8078
-8520
-8535
-8221
-8084
-8204
-8343
-8420
-9210
-10627
-11448
-11273
-10653
-10174
-9745
-9990
-10563
-10852
-11096
-11947
-12348
-12232
-11444
-10293
-9199
-8664
-8820
-8991
-8775
-8717
-8488
-7372
-5966
-4614
-3561
-3305
-3270
-3204
-3099
-2346
-1720
-721
599
1187
1493
1723
1599
1478
1508
2172
2775
3308
4014
4326
4215
4835
4011
2798
3681
5163
5950
6015
6560
6470
6657
7379
7132
7464
8108
8192
7738
7526
7593
7151
6265
6054
6553
6871
7705
8137
7996
8033
9105
10395
10675
11095
11240
11639
11671
10767
9403
8699
9671
10522
10559
11002
11859
12406
11003
7996
6110
4788
2998
1164
-201
-585
-230
-963
-3609
-6259
-7918
-9299
-10333
-9746
-7529
-5729
-5312
-5490
-5325
-5936
-7357
-7788
-7598
-6641
-5326
-5531
-7142
-8455
-9772
-11805
-13047
-13269
-13259
-12812
-12019
-11852
-11986
-12421
-12927
-13098
-12399
-11087
-9878
-9318
-8611
-7844
-7142
-6801
-6895
-6917
-6725
-5990
-4824
-4602
-4608
-4240
-3777
-3516
-3079
-2677
-2574
-1704
-780
-484
-367
313
372
766
775
628
634
639
623
504
950
1763
2552
3241
3383
3283
3672
3868
4437
5462
6244
6556
7239
7224
6691
6652
6167
5756
6448
7045
7756
8235
8097
8014
7749
8885
10269
11027
11179
10975
11309
12252
12767
12081
11212
11833
12387
12146
10780
10031
9717
8799
8388
9619
11256
13595
14600
13152
10346
7905
5747
3329
629
-687
-298
-348
-1326
-3378
-7004
-10889
-12610
-11571
-9210
-7244
-6102
-5188
-4127
-4316
-6148
-8403
-9486
-8654
-6981
-6417
-7502
-8823
-10076
-11750
-13291
-14518
-14856
-13497
-11500
-10298
-9962
-10192
-10712
-10667
-10543
-11289
-10981
-8908
-8082
-7418
-6936
-7555
-7565
-6922
-7198
-7123
-6320
-5291
-3690
-2863
-3765
-4770
-3839
-3724
-2698
-2226
-1995
-731
294
196
100
-554
-1560
-1797
-1244
-1046
285
1682
2190
2364
2003
1859
1721
2359
2451
3725
4942
5872
6348
6469
6210
5701
5461
5431
5496
6059
6835
7111
7379
7684
7168
7353
7776
8465
10217
11689
11526
11873
11364
10493
10472
10133
10722
11824
13169
12144
10448
8697
8034
8221
8856
10647
12852
14986
17286
16251
11693
7151
5089
3436
1505
29
-871
-471
204
-1553
-5677
-9409
-11519
-11249
-8851
-6380
-4758
-3620
-3043
-3202
-5065
-7597
-9701
-10148
-8890
-7263
-7186
-8442
-9824
-11088
-12458
-13696
-14407
-13363
-10813
-8801
-8118
-8426
-9084
-9757
-9964
-11492
-12179
-10331
-8423
-7130
-7659
-8251
-8108
-7875
-8497
-7740
-6581
-4734
-2215
-1448
-2219
-2747
-3253
-3618
-3648
-3962
-2893
-1107
-544
-837
-728
-1462
-1589
-1770
-1942
-1408
-306
886
1886
2324
2053
1466
1389
1495
1822
2794
4122
5271
6345
7026
6697
6394
5562
4307
4363
4697
5368
6782
7346
7662
8262
7950
7838
7734
8663
9841
11429
11051
10161
10818
10471
10482
10561
11757
11175
11504
11666
10862
8683
8343
8335
8915
10109
11192
12972
14328
13998
11637
9681
7106
5325
4044
2530
1557
2422
1941
-301
-2056
-4117
-7386
-10615
-12421
-11428
-7506
-4585
-4770
-4919
-4692
-5959
-7489
-8688
-10223
-9358
-6689
-5945
-7454
-8386
-9925
-11822
-12902
-13762
-13544
-11332
-9480
-8888
-8189
-8578
-9967
-10312
-10290
-11960
-11503
-8825
-7031
-7427
-6936
-7385
-7873
-7597
-7446
-6841
-4972
-3159
-1887
-1278
-3019
-4234
-3788
-4533
-4921
-3084
-1969
-845
112
-260
-2189
-2094
-1862
-1343
-312
1037
1432
2189
2698
1596
915
911
1121
1846
3732
4660
5570
6971
7274
6264
5709
4737
4452
5065
5425
5558
6576
7277
7022
6749
6277
6549
7579
9165
9898
9744
10439
10792
9921
10684
11249
9720
11246
12819
11141
10649
9854
8810
9715
10136
7976
9793
10636
10311
12778
14843
14956
15040
12367
7653
3361
-844
-3259
-3747
-3746
-3614
-3016
-4468
-6738
-9631
-10633
-9437
-7301
-5318
-3016
-1442
-880
-1934
-4782
-8206
-10585
-11732
-11732
-11340
-10989
-10431
-10156
-10734
-11562
-12282
-12644
-11849
-10178
-8561
-7162
-6198
-6611
-7668
-10036
-12544
-12514
-11149
-9931
-8987
-7487
-5847
-5552
-6622
-6716
-6382
-5905
-4233
-2689
-2595
-1743
-2011
-2943
-4281
-5691
-5607
-4091
-3196
-2133
-150
957
1390
1287
501
-402
228
924
1912
2980
3386
3111
2838
2166
1554
2469
4005
5025
6366
7630
6814
5860
4664
3604
3900
5305
6374
7836
8514
8035
7619
7383
5981
5888
7538
8816
10872
12297
13035
11214
9938
8546
8263
8116
9049
11007
11539
12349
11519
10291
8733
8074
7103
8866
11808
14424
16446
15946
11533
6951
4038
22
-2933
-3909
-2329
-528
896
-597
-2947
-5907
-9957
-12547
-11419
-8750
-6096
-3010
-1549
-1469
-2846
-5992
-10150
-12663
-13441
-12034
-9634
-8245
-7828
-7827
-8808
-11219
-13263
-14187
-13271
-11180
-8633
-6941
-5781
-5883
-7861
-11144
-12913
-12717
-11347
-8809
-6966
-5357
-3657
-4358
-6635
-7316
-8309
-8209
-5296
-3290
-2121
-678
-1535
-3210
-4364
-6213
-5900
-3683
-2508
-658
1807
2177
1371
552
-1348
-2007
-996
334
1714
3418
4017
3599
3153
2285
1227
1941
3764
5030
6315
7709
7187
6175
5551
4046
3600
4408
5812
6706
8161
9021
8716
8033
6972
7156
8192
9865
11386
12466
13628
13153
10147
7181
5927
5135
7072
9439
9975
11434
12803
12231
11401
9968
7749
9921
13196
15708
17378
15516
10359
5263
228
-4358
-6426
-7462
-5806
-2563
-738
-172
-924
-4359
-7497
-8723
-8405
-6698
-4489
-3173
-1931
-1566
-3791
-7363
-11259
-14254
-15191
-13660
-11384
-9009
-7045
-6335
-6647
-8090
-10353
-12182
-12405
-11377
-9485
-7948
-6981
-7193
-8567
-11526
-12911
-12237
-10683
-8762
-6794
-4612
-2312
-2566
-5346
-6702
-8032
-8108
-5800
-4463
-4388
-2544
-2486
-3069
-2784
-4500
-5432
-2885
-1544
-441
1872
1793
769
1136
-382
-1941
-1413
-1121
-363
2062
3550
3451
4085
4131
3532
3832
4887
5305
6131
7647
7361
6426
6069
4961
4149
4669
5417
5861
7221
8633
8639
9279
9555
9821
9903
10991
11314
11129
10772
9535
8291
9069
8611
7472
9282
10065
9554
10962
12070
10482
12446
13285
13064
15146
15893
13831
13173
10706
4794
1424
-2172
-6396
-6248
-4396
-4666
-3408
-3951
-6717
-6936
-5339
-6282
-6405
-4744
-3950
-2385
-1194
-3308
-7048
-9122
-11190
-12553
-12615
-12481
-12450
-10402
-8388
-8113
-8485
-9153
-10330
-10373
-9343
-9334
-8768
-7961
-8157
-8446
-8312
-11082
-13023
-11184
-9157
-7267
-5801
-5921
-5091
-3341
-4183
-5715
-6492
-7157
-5763
-3580
-3416
-4072
-4149
-3801
-3074
-3427
-4032
-3549
-1784
211
1319
1418
1349
872
-82
29
-895
-1387
-231
1368
2040
3348
3357
2721
3228
4156
4553
5607
6116
6112
6737
6704
5413
4748
4819
4429
5653
6542
6555
6742
7811
8835
9121
9511
10087
10541
10629
11648
11203
11265
11619
11420
11813
10736
9471
8962
8612
6960
8215
10328
12101
15373
17535
18601
19944
17438
13542
9152
2062
-4252
-6003
-6802
-7218
-6958
-8468
-8272
-6407
-6463
-7196
-6740
-5577
-2851
-162
364
-396
-2055
-4801
-7572
-10797
-14549
-16468
-16294
-14994
-13153
-11388
-10356
-9429
-8853
-8884
-8636
-8336
-7899
-7032
-6399
-6448
-7129
-8727
-11704
-13347
-12251
-10608
-8698
-5439
-3296
-3757
-3129
-3483
-5492
-6236
-6762
-6533
-2980
-1912
-2934
-1547
-2199
-4684
-3259
-3908
-5425
-2068
562
1023
3044
2675
619
954
185
-1978
-1693
-1133
-147
1361
2091
2002
2564
2884
3160
4012
4470
5480
6879
7088
6963
6128
4802
4208
4368
4126
4924
6309
7022
8220
8368
7973
8888
10192
10377
12557
13874
12747
11937
11300
9769
8957
8773
7690
9367
12063
13196
12037
10311
9000
9359
12396
14371
15887
17060
16644
13421
9362
3144
-3540
-5999
-5243
-5122
-3902
-2864
-4910
-6394
-6302
-7428
-8454
-7756
-6822
-4111
-632
-394
-2475
-4392
-7572
-10789
-12261
-14048
-15230
-13580
-10852
-9075
-8090
-8818
-10377
-10784
-10796
-11416
-10786
-9381
-8321
-6992
-7127
-9699
-11637
-11934
-11668
-10100
-7633
-7363
-6237
-3920
-3699
-4548
-5713
-7166
-6049
-3864
-4281
-3842
-2850
-3650
-2923
-2111
-4301
-4991
-2961
-1889
-546
1281
807
842
1949
868
-123
235
-327
149
1984
2160
1982
2767
2762
2932
4287
4750
5492
6554
7459
7515
7037
5475
4364
3707
4425
5764
6191
7359
8412
9205
9236
9291
8333
9186
11558
12030
12272
12371
12260
11416
12179
11218
9840
10085
11055
9745
9541
8131
6778
9225
12118
13649
16639
18487
15518
12334
7141
445
-4066
-5340
-5717
-3236
-1223
-904
-1274
-3978
-8039
-10119
-10064
-9783
-7579
-4324
-978
304
-882
-4293
-8063
-11810
-14156
-14803
-14217
-12171
-9468
-7372
-6780
-7963
-10598
-12036
-12750
-12707
-11313
-9016
-7436
-6127
-6128
-8102
-10452
-13635
-14165
-11897
-8864
-6543
-4153
-3359
-2062
-2788
-5877
-7433
-7816
-7398
-4529
-2456
-2729
-1373
-1684
-2653
-3649
-5424
-6056
-2868
-613
728
2445
2645
1803
980
-718
-2267
-1884
-824
1439
3147
4304
3945
3890
3338
3128
3261
3812
4893
6247
7774
7619
6707
6029
5759
5641
5521
5753
6681
7766
9403
9520
9269
9944
10336
10762
11683
11988
11088
11037
10933
10604
11333
11455
10538
8884
8294
8673
9563
10733
11788
13368
15353
17731
17762
15408
11528
7474
3574
-200
-3892
-5887
-5183
-4831
-6660
-8493
-8834
-8196
-6802
-6084
-6048
-4391
-1675
-533
-982
-3367
-6828
-8772
-9844
-11986
-13773
-13883
-13222
-11811
-10490
-10377
-10679
-10339
-10121
-9640
-8741
-8240
-8199
-7515
-7502
-8262
-9862
-11916
-12337
-11085
-9496
-7996
-6559
-6244
-5401
-4597
-5393
-6217
-6241
-5462
-3533
-2479
-2816
-2828
-2879
-3615
-3731
-3570
-3505
-2279
-1166
-38
1174
870
341
-220
-630
-515
-15
-65
1206
2025
2346
3555
3430
2307
3143
4112
4169
5119
5790
5913
6880
6991
5955
5443
5137
5135
5297
5980
6227
7119
8558
9729
10139
10007
10465
10951
11512
11462
10729
10827
11478
11360
9249
8365
8918
9667
10056
10752
10357
11475
13179
14280
14309
15313
15482
12952
9633
5689
2141
-1630
-3429
-4257
-2827
-2361
-3996
-6185
-7180
-7658
-7029
-6349
-6738
-5414
-2663
-1309
-2305
-4439
-7609
-9310
-10152
-11214
-12276
-11800
-11048
-10116
-9273
-9689
-10877
-11573
-11476
-10967
-9953
-9203
-8604
-8071
-7782
-8990
-11344
-12680
-12111
-10346
-8264
-6549
-6335
-6284
-5252
-4543
-5594
-6583
-6962
-5651
-3411
-2845
-3461
-3398
-4190
-4459
-3302
-4041
-4150
-1834
59
899
1797
824
112
545
233
57
606
1109
1698
2849
2883
2374
2106
2782
3656
4471
5309
6126
6700
6921
6492
5608
5253
5578
6098
6596
6573
5944
6071
6256
6622
7337
9375
10688
11479
12030
10934
10851
11006
11491
11943
11977
10282
9685
9715
8734
9377
9152
9409
11556
13257
13978
16734
17067
15634
13383
8422
2862
14
-2973
-4118
-3141
-4130
-5631
-6808
-9093
-10160
-8566
-8002
-6962
-4290
-1831
-599
-631
-3203
-6571
-8661
-10170
-11228
-11535
-11668
-11647
-10908
-10737
-11207
-12096
-12416
-11738
-10270
-8710
-7266
-6989
-7000
-7366
-8435
-10122
-11108
-12832
-12060
-8893
-6882
-6351
-6475
-7369
-6951
-4955
-6109
-6172
-4418
-2763
-1533
-823
-3444
-4569
-4479
-5084
-4263
-2645
-2595
-1332
672
573
473
409
-188
109
1691
1676
1863
2251
2250
1939
2166
1810
1704
2778
3732
4764
5875
6381
6070
6212
5947
5697
5410
5331
5753
6668
7537
7451
7168
7274
7775
8641
8892
9756
10969
11499
12588
11799
9368
7967
8975
8803
10726
12351
11657
12016
10783
7812
7162
8455
10113
14191
17260
17953
17395
13175
7096
2224
-2155
-4322
-3836
-2043
-548
-1511
-5981
-9606
-10716
-10568
-9828
-8560
-5411
-1080
837
-587
-3727
-7276
-9837
-10842
-10860
-10101
-8828
-8709
-9177
-9904
-11610
-13715
-14352
-13423
-11018
-8335
-6853
-6596
-6936
-8310
-9716
-11265
-12278
-11033
-8333
-6422
-5438
-4875
-5465
-7139
-7847
-7558
-6157
-5022
-4218
-2754
-1761
-2343
-4065
-4703
-4920
-3949
-3105
-2230
-948
436
-267
-732
-1094
-1192
-1079
-198
808
2223
2751
2080
1849
1539
1381
1338
2501
3721
5033
5586
5958
5405
4838
4343
4714
5262
6236
6634
7010
7267
6659
5950
5387
6230
8071
9539
9802
9573
9687
10310
11295
11762
11468
11071
10998
10975
11072
11444
10973
9987
9311
9024
8747
10240
12076
14885
17469
16552
12069
7627
4076
933
-805
-1939
-959
-14
-1524
-5972
-9658
-11541
-11010
-9391
-7469
-5108
-2576
-1464
-2528
-4867
-7441
-8744
-8817
-7754
-7300
-7157
-8070
-9605
-11303
-12458
-13270
-13120
-11871
-10278
-8806
-8166
-8439
-9365
-9907
-9981
-9453
-9020
-8433
-8455
-8464
-7193
-7252
-8123
-8646
-7671
-5296
-3363
-4218
-5388
-4338
-3772
-3100
-3104
-3298
-2363
-987
-1076
-1842
-2731
-2949
-2024
-868
38
410
789
1308
1216
745
882
1035
2440
3350
2976
2527
2510
2328
2580
3347
3688
4733
5072
5335
5370
5170
5167
5896
6802
7698
7185
6817
6413
5839
5966
6653
8200
9857
11093
10575
10254
9708
9835
12098
12741
12285
12206
12382
11574
10434
8456
6318
7395
9769
12402
14756
16434
15577
12833
9090
5741
4965
4560
3135
2003
1880
-912
-6306
-11639
-13326
-10749
-7202
-6557
-6814
-5936
-5399
-6127
-7173
-7561
-7002
-5120
-4190
-4411
-5984
-8588
-11102
-11565
-11284
-11074
-10636
-10338
-10522
-10970
-11773
-12355
-11624
-10420
-9018
-7869
-7211
-8473
-9493
-9201
-8189
-7777
-7355
-6178
-5877
-5434
-5476
-5993
-6591
-6240
-5088
-3039
-1788
-2433
-2699
-2556
-2705
-2247
-1720
-1768
-846
301
495
-212
-977
-1532
-575
423
907
1063
1754
2170
1824
1707
1655
2250
3100
3839
4214
4812
4559
4238
4622
4898
4758
4996
5440
6220
6604
6181
5748
6084
7079
7672
8828
9370
9621
10087
11442
12096
12204
11326
10048
10262
10977
10783
11392
11959
11656
10454
8130
8072
10406
13629
15597
17324
14656
10337
6697
5213
4230
3572
2720
2252
835
-4309
-10208
-12768
-10312
-7503
-6373
-7643
-7660
-6837
-7267
-8883
-8405
-6726
-5060
-3864
-4580
-6574
-8902
-10477
-10697
-9321
-8935
-9287
-9929
-10793
-12046
-12999
-12942
-11663
-10063
-9272
-8715
-8193
-8564
-10071
-10776
-9318
-6887
-5305
-5651
-6541
-7462
-6942
-6175
-5270
-4652
-3932
-3256
-2600
-2594
-3192
-3200
-2233
-722
357
380
-899
-1797
-1521
-298
309
563
496
836
941
997
584
784
1331
1833
2571
2646
2578
2443
2834
3471
4237
4616
4579
5065
5453
5596
5336
5821
5982
6332
6761
7319
7057
7328
7784
9210
10015
9444
9761
10389
12186
11742
11272
9825
11404
12990
13358
11693
10286
10157
10083
10630
11379
12517
13484
14731
13887
10539
6200
5024
6426
7125
5506
2812
-311
-4877
-9068
-10512
-7175
-4165
-5253
-9770
-12211
-10637
-8531
-7943
-7448
-6183
-5731
-6177
-7055
-7695
-8510
-8680
-7763
-6713
-7341
-9358
-11350
-11855
-11461
-11296
-11135
-10886
-10836
-11483
-11259
-10462
-9754
-10206
-10632
-9294
-7187
-6317
-7084
-6949
-6042
-5080
-5234
-5723
-4600
-3352
-3383
-3966
-3710
-3612
-3203
-2222
-1080
-534
-784
-894
-337
369
342
544
679
1359
1578
1190
478
636
1164
1635
1736
1673
1496
1518
2405
2898
2825
2562
3263
3996
4704
5045
5008
5321
5757
5890
6104
6609
6997
7079
7292
7978
8598
9187
9639
10566
10524
11005
11325
12576
13600
14400
13058
11577
11607
12848
12889
11112
10200
11169
12754
12708
13024
11995
10070
7585
8237
8660
7299
4194
2203
997
-1199
-5797
-8261
-6456
-3344
-4847
-9437
-12803
-11900
-9223
-7171
-6602
-7169
-8497
-9380
-8491
-6987
-6767
-8071
-7961
-7790
-7093
-8514
-9115
-10261
-9865
-10735
-10502
-11229
-11392
-11883
-11233
-10507
-10095
-11024
-12176
-11219
-9020
-7220
-7305
-7512
-7720
-6407
-5603
-4748
-4751
-3970
-3780
-3136
-2952
-3236
-3198
-2151
-421
48
-487
-1932
-2121
-813
1230
1974
990
-273
-422
756
1629
1788
1367
1337
1369
1817
2019
2258
2576
3357
3403
3384
3497
3809
4607
5561
5972
5530
5191
5224
6119
6693
6749
6708
6950
7746
8368
8627
8930
9415
10242
11705
12677
11474
10801
11319
13273
14264
14041
11651
10267
10085
11681
12878
13790
13157
12353
10941
9362
9083
9172
9092
7359
5149
1892
-50
-1161
-2662
-4965
-5951
-5452
-5676
-8360
-12009
-12321
-9083
-6470
-6981
-9061
-10766
-10806
-9138
-6640
-5603
-6533
-8468
-9402
-8615
-7703
-7661
-8261
-9002
-10076
-10778
-11192
-11121
-10741
-10626
-10927
-10945
-11389
-12335
-11592
-9072
-7584
-8634
-10109
-9895
-7867
-5770
-4465
-4220
-5093
-5663
-3952
-1814
-1180
-1752
-1697
-999
-334
-317
-291
47
707
710
252
342
881
1102
1185
1461
1415
1232
1118
1468
1911
1895
1870
2265
2481
2418
2569
3259
3681
3964
4113
4445
4969
5622
6037
5971
6521
6486
6593
6661
7726
8457
8826
8627
7946
8811
10332
12393
12233
11325
10093
11456
13827
13993
11904
10024
10650
12349
13108
12319
11463
11910
12282
11532
10400
10026
9206
7470
6044
5399
3936
797
-2696
-4219
-3849
-3167
-4263
-8312
-12181
-11993
-8395
-6784
-8439
-11013
-12130
-11609
-9556
-7380
-7133
-8569
-9774
-9239
-7993
-7393
-7412
-7629
-8442
-9388
-10056
-10027
-9671
-9593
-10169
-10607
-10893
-11472
-11055
-10685
-10415
-10367
-9820
-9772
-9936
-9492
-7726
-5877
-5398
-5717
-5779
-4957
-3256
-1247
-608
-1438
-2227
-1272
582
1855
1801
879
-123
160
1298
2673
2745
1604
429
470
1491
2227
2397
1905
1263
849
1401
2286
2756
2857
2674
2754
2985
3569
4362
5015
5081
5071
5026
5115
5712
6890
7902
7545
6395
6347
8245
9874
10461
9810
9343
9449
11075
12721
12733
11265
10575
10770
12027
13133
12893
11173
10651
11890
13163
12942
11131
9820
9109
9118
8905
8116
5787
3406
1819
967
-654
-2852
-4066
-3787
-4396
-7835
-11262
-10994
-8182
-7498
-9410
-11718
-12382
-11338
-9154
-7500
-7931
-10017
-11099
-9782
-7710
-6882
-7546
-8872
-9742
-9751
-9217
-8761
-8850
-9469
-10467
-10969
-10402
-10100
-10635
-10473
-9463
-9559
-10848
-11091
-9371
-7153
-6518
-7006
-7531
-7160
-5395
-2923
-2048
-3013
-3459
-2090
-143
841
909
787
847
1094
1585
2227
2682
2515
2168
1953
2122
2182
2306
2173
2322
2187
1648
1371
1644
2241
2452
2356
2080
2183
2876
3973
4282
3845
3573
4115
5525
6343
6121
5563
5666
6484
7484
8108
7934
7154
7923
9655
10861
9530
8913
10262
11562
11516
10617
11422
11810
12547
11588
10455
9906
12278
14125
13624
10253
7827
8986
12180
12606
8864
3944
2674
4787
4741
961
-2590
-2921
-2878
-4424
-7200
-8943
-9050
-8304
-8290
-9404
-11308
-12429
-11300
-8896
-8301
-9803
-11471
-11231
-9105
-7534
-7647
-8737
-9569
-9679
-8676
-7830
-8352
-9557
-10052
-9730
-9489
-9458
-9995
-10248
-9703
-9294
-10066
-10336
-9159
-7589
-7229
-8153
-8958
-7398
-4963
-3941
-4830
-5946
-4928
-2255
-394
-601
-1234
-1500
-293
1786
2885
1781
872
1647
2941
3013
2238
2104
2574
2918
2619
2354
2036
1983
2349
2714
1936
1393
1753
2638
3007
2900
2603
2798
3523
4407
4676
4693
4703
5217
5772
6409
6704
6626
6451
5449
6795
10334
11569
9309
9049
8828
7987
10994
14160
12038
9707
10908
10880
10614
11945
11170
10185
11893
13149
11110
8756
8529
10095
11901
9760
5294
3117
4907
5871
3618
-206
-2667
-3223
-2097
-2424
-5546
-9253
-10189
-7981
-6739
-8686
-11682
-12385
-11127
-9491
-8956
-9851
-11349
-11168
-9346
-8170
-8472
-9080
-9469
-9215
-8662
-8477
-9314
-9615
-8352
-8272
-9061
-9558
-9859
-9592
-9844
-9865
-8853
-7824
-9014
-9589
-8827
-8248
-7560
-6185
-4840
-5418
-6758
-5802
-2744
-1437
-1806
-2157
-1693
-828
910
2096
1981
1218
1127
2028
3247
3681
3093
2794
2474
2416
2841
3313
3003
2181
1500
1460
2169
2862
2687
2174
1605
1723
2668
3499
3757
3253
3171
3578
4635
5443
5426
5169
5089
5976
7051
7913
7724
7311
8043
8931
10022
10572
10199
9131
9650
12167
12802
11240
9449
10048
11889
12442
11110
10243
10870
11248
10868
10145
9869
9665
8961
7632
6799
5716
4538
3226
1612
-651
-1669
-1323
-2733
-6202
-8361
-7692
-6504
-7387
-9941
-11596
-11624
-10696
-9632
-9482
-11024
-12084
-11465
-9448
-9182
-9630
-9503
-10196
-9417
-8528
-8526
-9186
-9300
-9153
-9000
-8640
-9220
-9664
-9373
-8527
-9204
-10433
-9472
-7994
-7673
-8324
-8643
-8155
-7028
-5807
-4902
-5133
-5740
-4794
-2784
-1708
-1388
-1297
-1085
-251
1020
2069
2020
1724
1855
2893
3641
3367
2834
2761
3242
3429
3500
3082
2749
2682
2794
2881
2959
2431
2211
2229
2576
2882
3024
2897
2908
3224
3459
3994
4380
4685
4554
4832
5459
6122
6770
7191
7244
7391
7827
8787
9988
9649
9251
10014
11108
10680
10023
10528
11619
12127
11084
10448
10631
11629
12224
11709
10266
9077
9473
9438
8526
7173
5988
4626
3237
2021
400
-1046
-1538
-1776
-3856
-7568
-9188
-7136
-5691
-7809
-11169
-12262
-11232
-9648
-8793
-9502
-11474
-12630
-10951
-8355
-7827
-9337
-10695
-10428
-9186
-8021
-7843
-8694
-9610
-9583
-8939
-8386
-8680
-9428
-9559
-9121
-9294
-9744
-9430
-8653
-8125
-8432
-8708
-8271
-6942
-5866
-5320
-5492
-5187
-4021
-2522
-1666
-1633
-1584
-701
675
1627
1664
1496
2050
2978
3655
3680
3326
2973
3436
3749
3535
2933
3035
3109
2968
2461
2293
2275
2553
2391
2187
2167
2292
2558
2875
3001
3022
3433
3877
4124
4373
4913
5534
5914
6269
6846
7662
8180
8292
8153
9110
10170
11184
10752
9896
9699
10534
12001
11969
11377
9364
9656
11192
12323
11468
9982
9180
9178
9913
10178
8688
6350
4737
5099
5932
4203
1434
-610
-1047
-1202
-1569
-2711
-5171
-7518
-8126
-6949
-6313
-8302
-10796
-11349
-10200
-9304
-9194
-9920
-10890
-11067
-10456
-9411
-8933
-9492
-10072
-9971
-9011
-10630
-10701
-6880
-8868
-10073
-8162
-11395
-11640
-7516
-7742
-9290
-10274
-10642
-8760
-7635
-7404
-7830
-8707
-6826
-4828
-4916
-5668
-5510
-3809
-1831
-1496
-2074
-2006
-1084
798
2073
1569
898
1705
3115
3652
3253
3072
3019
3453
4006
3643
3212
2982
3072
3094
2902
2514
2552
2749
2458
2198
2444
2612
2918
2901
2975
3128
3387
3812
4098
4522
4906
5154
5220
6044
6608
7111
7226
7562
8119
8707
8925
9534
10279
10003
9755
9925
10583
10897
10720
10721
10347
10182
10374
11043
11395
10494
9038
9275
10215
9896
8066
6582
6286
6238
4907
2941
1752
548
-489
-809
-1719
-4368
-6782
-6838
-5712
-6530
-9137
-10840
-10499
-9943
-9905
-10089
-10841
-11815
-11526
-10183
-9505
-9968
-10613
-10468
-9732
-9255
-9201
-9115
-9189
-9174
-9010
-8756
-9075
-8935
-8584
-8446
-9323
-9401
-8611
-7827
-7612
-7853
-8030
-7793
-6922
-5648
-4926
-5552
-5661
-4540
-3105
-2520
-2349
-2281
-1490
-389
547
977
1295
1608
1995
2486
3330
3779
3631
3134
3270
4101
4559
4008
3475
3076
3033
3466
3583
3271
2439
2165
2692
3307
3056
2371
2393
3079
3640
3693
3662
3893
4302
4658
5165
5696
5896
6041
6855
7435
7514
7855
8715
9145
9182
8959
9683
10343
10495
10304
10190
10073
10414
11078
10938
10224
10166
10570
10470
10097
9772
9484
8246
7329
6780
6671
5497
3729
1943
1014
694
-92
-1913
-3689
-4743
-5565
-6480
-6899
-7386
-8824
-10289
-10659
-9862
-9670
-10178
-10948
-11165
-10929
-10456
-9762
-9589
-10161
-10672
-10213
-9154
-8687
-9229
-9736
-9625
-9029
-9102
-9391
-8832
-8318
-8928
-10147
-9634
-8082
-7294
-8073
-8925
-8648
-7398
-5906
-5295
-5956
-6657
-5668
-3540
-2190
-2545
-2956
-2099
-559
674
965
909
1363
2102
2697
3301
3628
3882
3771
3729
3828
4012
4021
4043
3783
3306
3223
3436
3567
3162
2542
2297
2568
2843
2973
2679
2415
2596
3169
3686
3717
3427
3751
4443
5304
5487
5611
5994
6290
6768
7349
8243
8202
8443
8467
8942
9849
10359
10221
9609
9415
10524
11284
10652
9863
9781
10197
10996
10835
9273
8006
8718
9681
8885
6007
4611
4947
4988
3494
1796
519
-931
-2052
-1902
-2425
-4805
-7173
-7542
-6419
-6824
-8950
-10237
-10013
-9722
-9595
-9963
-10539
-10849
-10592
-9965
-9551
-9912
-10345
-10021
-9511
-9341
-9515
-9507
-9149
-8942
-9203
-9850
-9370
-8392
-8478
-9409
-9594
-8814
-8112
-7855
-7738
-7705
-7867
-7739
-6371
-4994
-5159
-5677
-5079
-3663
-2500
-2072
-1840
-1575
-866
321
1225
1784
1681
1916
2882
3616
3691
3623
3673
3921
4147
4133
4126
4021
3663
3401
3290
3197
3044
3099
2911
2336
2123
2655
3099
2968
2498
2433
3284
3863
4336
4129
4103
4459
5502
6411
6523
6065
6233
7463
8237
8573
8443
8579
8491
9245
9861
10702
10147
9297
8827
9792
11084
10794
9416
8406
9427
10128
9586
8713
8729
7929
6977
6552
6562
5671
4145
2819
2224
1251
127
-419
-1474
-3244
-4987
-5349
-5349
-5928
-7298
-8731
-9460
-9289
-9129
-9072
-9585
-10492
-10844
-10243
-9493
-9480
-9924
-10329
-10068
-9670
-9292
-9021
-9207
-9573
-9489
-8952
-8878
-9266
-8907
-8192
-8641
-9556
-9228
-7665
-7142
-7791
-8384
-7777
-7310
-6368
-4718
-4728
-6468
-6602
-3933
-1594
-1771
-3273
-2939
-1301
312
1415
1655
857
560
1894
3826
4342
3384
2769
3188
4081
4645
4478
4043
3296
2916
3503
4262
3953
3066
2264
2373
2963
3303
3236
2782
2347
2477
3577
4094
3842
3392
3744
4409
4767
5173
5378
5630
5676
6132
7114
7881
7765
7794
8290
8710
9355
9922
9927
9524
9072
9941
10604
10695
9998
9883
9797
9803
9892
9884
9608
8611
7720
7260
7159
6416
5509
3883
2616
1476
1006
370
-909
-2584
-4305
-5394
-5688
-5875
-6686
-8218
-9483
-9607
-9382
-9247
-9568
-10101
-10795
-10764
-10046
-9428
-9538
-9914
-9988
-9718
-9354
-8874
-8593
-8844
-9209
-9057
-8504
-8503
-8437
-8172
-8419
-9161
-8956
-7927
-7198
-7531
-8562
-8406
-6910
-6029
-6306
-6633
-6396
-5316
-3957
-3376
-3308
-3101
-2276
-841
146
32
106
1227
2325
2886
2850
3043
3491
4168
4526
4339
4148
4194
4429
4469
4040
3410
3520
3510
3267
2818
2543
2452
2589
2596
2524
2348
2316
2678
3015
3122
3041
3181
3797
4198
4280
4687
4929
5307
5836
6703
6954
7205
7122
7797
8658
9268
9122
8833
8716
9647
10745
10516
9162
8714
9743
10821
10694
9004
8200
8674
9184
8655
7304
6043
5642
5541
4858
3561
2161
923
237
-250
-1184
-2502
-4137
-5291
-5546
-5553
-6398
-7796
-8568
-8933
-9006
-8909
-9153
-9573
-10063
-10355
-9870
-9445
-9583
-9714
-9748
-9750
-9501
-9102
-8881
-8820
-9046
-9139
-8980
-8903
-8649
-8292
-8439
-8983
-9052
-8383
-7721
-7535
-7633
-7769
-7596
-7003
-6017
-5249
-5247
-5394
-4866
-3615
-2621
-2117
-1694
-1341
-631
396
1194
1896
2145
2346
3019
3630
3967
4243
4390
4384
4464
4597
4663
4562
4326
4088
3848
3690
3408
3342
3336
3037
2624
2698
2758
2947
3063
2786
2829
3195
3468
3896
3869
3871
4166
4793
5150
5422
5572
5948
6664
7263
7383
7222
7716
8219
8779
8808
8484
8191
8385
8880
9263
8991
8237
8103
8341
8361
8235
8147
7671
6875
6117
5777
5580
4910
4117
3286
2339
1367
642
227
-569
-1672
-2789
-4017
-4825
-5170
-5420
-6124
-7210
-8089
-8418
-8389
-8388
-8635
-9082
-9639
-9772
-9419
-9194
-9146
-9288
-9397
-9370
-9167
-8824
-8611
-8547
-8590
-8583
-8632
-8534
-8160
-7856
-7964
-8058
-7894
-7500
-6966
-6576
-6355
-6295
-6159
-5681
-4881
-4349
-4158
-3900
-3357
-2777
-2169
-1512
-980
-555
-119
451
1080
1554
1882
2318
2683
2911
3142
3420
3611
3709
3785
3819
3764
3738
3796
3757
3652
3516
3346
3263
3055
2844
2804
2672
2641
2606
2527
2612
2609
2617
2760
2845
2961
3093
3312
3670
3953
4232
4503
4797
5100
5413
5796
6050
6367
6602
6857
7169
7226
7359
7519
7567
7762
7845
7922
8037
7939
7962
7871
7770
7594
7244
6929
6487
6004
5595
5029
4480
3864
3236
2648
1915
1153
294
-469
-1226
-2119
-2888
-3684
-4413
-4991
-5590
-6110
-6649
-7147
-7470
-7747
-8086
-8470
-8746
-8891
-8992
-9092
-9221
-9290
-9269
-9224
-9135
-9099
-9055
-9038
-8972
-8807
-8679
-8629
-8538
-8351
-8083
-7842
-7653
-7446
-7157
-6841
-6513
-6127
-5779
-5424
-4978
-4419
-3864
-3369
-2856
-2267
-1709
-1096
-571
-48
468
896
1404
1907
2333
2668
2992
3293
3574
3861
4083
4229
4323
4336
4363
4379
4315
4226
4158
4024
3838
3724
3647
3489
3356
3234
3143
3100
3055
3080
3122
3152
3235
3355
3548
3692
3797
4030
4305
4529
4841
5038
5302
5538
5758
6019
6221
6423
6573
6716
6781
6899
6882
7024
7144
7137
7250
7148
7121
7046
6897
6718
6457
6121
5854
5452
5021
4567
4024
3587
2963
2358
1728
894
97
-693
-1456
-2193
-2938
-3624
-4247
-4880
-5450
-5952
-6408
-6888
-7342
-7745
-8130
-8453
-8728
-8913
-9067
-9205
-9296
-9379
-9387
-9365
-9329
-9220
-9152
-9099
-9030
-8969
-8853
-8722
-8543
-8279
-8058
-7798
-7514
-7201
-6870
-6563
-6230
-5852
-5420
-5032
-4532
-4024
-3541
-3027
-2501
-2015
-1420
-931
-512
-10
497
1034
1537
2033
2412
2728
3089
3436
3704
3960
4107
4250
4379
4381
4365
4342
4266
4146
4064
3927
3818
3670
3529
3429
3280
3088
3004
2967
2934
2921
2876
2921
3017
3042
3213
3309
3391
3595
3840
4138
4412
4546
4827
5129
5418
5767
6020
6208
6330
6488
6634
6783
6832
6902
7020
7086
7198
7290
7322
7285
7158
6995
6749
6466
6111
5751
5363
4907
4411
3898
3363
2787
2188
1537
831
39
-731
-1497
-2258
-2914
-3610
-4216
-4799
-5421
-5886
-6344
-6794
-7159
-7593
-8040
-8383
-8696
-8912
-9052
-9216
-9306
-9341
-9341
-9311
-9334
-9340
-9271
-9198
-9131
-9016
-8927
-8781
-8551
-8362
-8073
-7819
-7614
-7274
-6936
-6611
-6185
-5816
-5411
-4974
-4580
-4048
-3560
-3037
-2424
-1904
-1349
-810
-302
251
753
1213
1711
2135
2525
2943
3313
3621
3864
4051
4219
4309
4391
4436
4420
4380
4314
4231
4178
4084
3967
3844
3678
3596
3454
3335
3227
3095
3059
3007
3028
3103
3095
3146
3260
3356
3530
3641
3829
4103
4308
4542
4725
4910
5196
5544
5829
6079
6208
6273
6464
6579
6661
6684
6653
6627
6709
6773
6840
6816
6654
6498
6211
5924
5569
5146
4759
4360
3909
3494
2985
2420
1887
1301
698
49
-695
-1417
-2161
-2929
-3566
-4136
-4661
-5198
-5752
-6276
-6703
-7076
-7375
-7713
-8083
-8410
-8692
-8865
-9017
-9125
-9164
-9146
-9129
-9107
-9093
-9049
-8957
-8872
-8825
-8736
-8629
-8432
-8171
-7956
-7705
-7447
-7234
-6908
-6594
-6298
-5913
-5538
-5117
-4681
-4259
-3799
-3281
-2744
-2214
-1706
-1206
-733
-205
329
822
1263
1653
2082
2487
2908
3261
3502
3743
3921
4057
4188
4244
4231
4255
4180
4121
4067
3932
3843
3717
3577
3475
3331
3196
3107
2988
2942
2918
2886
2961
3011
3039
3133
3259
3401
3619
3761
3979
4241
4421
4654
4894
5122
5394
5566
5689
5908
6049
6208
6338
6399
6444
6493
6503
6538
6612
6651
6715
6696
6624
6432
6191
5942
5691
5449
5171
4767
4319
3860
3411
2955
2489
1922
1267
596
-113
-799
-1480
-2184
-2827
-3388
-4001
-4571
-5124
-5715
-6177
-6571
-6965
-7355
-7770
-8171
-8454
-8692
-8833
-8918
-8989
-9018
-9018
-8981
-8924
-8904
-8816
-8686
-8629
-8579
-8459
-8388
-8187
-7926
-7729
-7456
-7271
-7071
-6735
-6457
-6132
-5743
-5414
-4975
-4552
-4146
-3640
-3180
-2685
-2144
-1694
-1190
-723
-264
305
800
1211
1685
2113
2496
2893
3144
3378
3608
3750
3928
4032
4056
4094
4053
4072
4028
3919
3860
3716
3599
3527
3379
3257
3174
3090
3095
3102
3130
3193
3293
3380
3454
3595
3717
3862
4000
4108
4279
4454
4700
4920
5131
5386
5505
5680
5769
5719
5862
5968
6056
6248
6109
6015
6035
5978
6148
6219
6123
6123
6010
5869
5779
5497
5301
5036
4716
4498
4120
3707
3379
2915
2536
2063
1365
767
93
-574
-1099
-1802
-2550
-3196
-3874
-4389
-4912
-5490
-5952
-6427
-6848
-7171
-7547
-7936
-8231
-8487
-8634
-8789
-8909
-8954
-8947
-8906
-8857
-8785
-8703
-8624
-8491
-8347
-8260
-8146
-8041
-7829
-7559
-7362
-7137
-6949
-6746
-6384
-6070
-5731
-5373
-5098
-4647
-4216
-3758
-3233
-2806
-2284
-1762
-1322
-809
-382
58
568
1035
1500
1874
2176
2490
2789
3087
3345
3510
3660
3762
3859
3934
3935
3958
3943
3926
3856
3735
3650
3530
3453
3393
3304
3221
3115
3046
3064
3079
3124
3174
3214
3317
3400
3495
3578
3670
3819
3946
4123
4280
4460
4668
4832
4989
5115
5200
5323
5418
5522
5625
5629
5690
5716
5745
5760
5789
5808
5854
5841
5854
5860
5685
5564
5371
5159
4994
4659
4301
3952
3456
3104
2697
2185
1710
1071
476
-62
-681
-1248
-1907
-2638
-3241
-3891
-4409
-4910
-5424
-5827
-6260
-6650
-6994
-7337
-7636
-7845
-8058
-8218
-8375
-8505
-8565
-8554
-8521
-8479
-8419
-8375
-8269
-8151
-8084
-8070
-7979
-7856
-7647
-7421
-7262
-7103
-6885
-6667
-6312
-5925
-5653
-5326
-5020
-4638
-4198
-3781
-3312
-2858
-2372
-1848
-1405
-933
-484
-15
529
999
1396
1735
2077
2411
2744
3069
3277
3462
3653
3751
3849
3904
3885
3914
3871
3821
3773
3652
3591
3501
3396
3329
3208
3116
3071
3011
3015
3045
3072
3127
3208
3252
3357
3436
3510
3683
3815
3958
4135
4246
4412
4560
4623
4794
4917
5133
5307
5403
5445
5410
5442
5419
5502
5555
5524
5526
5444
5436
5496
5546
5667
5600
5424
5246
4936
4773
4571
4230
4012
3599
3215
2877
2336
1884
1370
859
349
-342
-990
-1741
-2490
-3057
-3615
-4099
-4615
-5195
-5685
-6149
-6556
-6889
-7262
-7587
-7915
-8204
-8429
-8642
-8725
-8747
-8698
-8627
-8594
-8548
-8489
-8378
-8248
-8115
-8038
-7945
-7754
-7594
-7337
-7091
-6883
-6619
-6425
-6151
-5756
-5491
-5146
-4815
-4509
-4062
-3718
-3257
-2759
-2361
-1823
-1355
-981
-514
-134
333
843
1199
1626
1954
2238
2613
2885
3170
3446
3563
3741
3846
3846
3935
3935
3945
4006
3926
3871
3803
3641
3569
3449
3339
3289
3179
3132
3107
3043
3057
3064
3112
3213
3273
3375
3429
3513
3620
3761
3883
4001
4123
4241
4370
4499
4648
4797
4962
5091
5207
5265
5270
5258
5264
5285
5273
5277
5287
5248
5284
5222
5168
5097
4949
4846
4622
4402
4161
3857
3603
3283
2893
2532
2172
1818
1428
943
413
-91
-581
-1046
-1559
-2101
-2683
-3200
-3686
-4146
-4575
-5002
-5332
-5668
-5976
-6284
-6570
-6819
-7008
-7156
-7264
-7400
-7519
-7588
-7609
-7572
-7526
-7466
-7387
-7282
-7197
-7093
-7069
-7012
-6899
-6771
-6568
-6413
-6305
-6147
-6027
-5832
-5506
-5283
-4978
-4692
-4452
-4096
-3803
-3437
-2977
-2606
-2131
-1690
-1334
-870
-517
-95
362
701
1097
1445
1717
2031
2274
2533
2782
2982
3177
3325
3379
3389
3387
3401
3442
3406
3348
3272
3209
3103
3038
2931
2826
2807
2764
2770
2743
2692
2708
2786
2879
3020
3110
3261
3386
3533
3711
3815
3983
4150
4321
4537
4683
4795
4927
5035
5220
5333
5425
5420
5352
5399
5399
5392
5441
5329
5311
5290
5203
5250
5232
5177
5060
4818
4576
4328
4127
3955
3651
3362
2985
2560
2237
1846
1381
893
339
-161
-695
-1236
-1763
-2328
-2844
-3385
-3876
-4320
-4781
-5206
-5594
-5943
-6286
-6588
-6826
-7060
-7265
-7450
-7606
-7696
-7748
-7761
-7705
-7677
-7623
-7553
-7475
-7360
-7275
-7142
-7075
-7007
-6869
-6680
-6437
-6244
-6131
-5949
-5805
-5562
-5210
-5009
-4691
-4430
-4159
-3805
-3523
-3072
-2673
-2264
-1748
-1364
-978
-542
-134
351
789
1145
1507
1823
2095
2374
2648
2876
3074
3256
3389
3458
3476
3446
3465
3445
3436
3347
3268
3197
3036
2951
2821
2707
2612
2540
2503
2476
2428
2416
2418
2486
2565
2669
2830
2911
3063
3200
3358
3537
3659
3895
4093
4279
4435
4505
4648
4786
4909
5105
5180
5189
5248
5216
5274
5245
5157
5125
4998
4957
4930
4857
4810
4607
4403
4279
4074
3871
3663
3399
3128
2845
2514
2175
1793
1425
1103
729
280
-200
-661
-1060
-1486
-1940
-2367
-2887
-3391
-3810
-4236
-4594
-4943
-5266
-5545
-5860
-6171
-6453
-6693
-6884
-7061
-7190
-7305
-7443
-7522
-7590
-7626
-7624
-7617
-7536
-7437
-7344
-7274
-7155
-6989
-6820
-6610
-6400
-6200
-5992
-5745
-5434
-5093
-4768
-4426
-4079
-3725
-3342
-2961
-2542
-2152
-1774
-1366
-951
-534
-151
221
604
937
1287
1607
1890
2169
2376
2606
2790
2908
3018
3082
3170
3232
3232
3263
3252
3221
3212
3140
3084
3023
2916
2855
2749
2642
2569
2505
2497
2507
2491
2555
2569
2596
2668
2708
2800
2897
2930
3033
3147
3211
3386
3506
3680
3865
3993
4094
4217
4277
4413
4560
4621
4717
4643
4617
4672
4682
4806
4855
4795
4795
4702
4724
4809
4729
4619
4471
4265
4116
3925
3695
3456
3106
2813
2507
2161
1806
1372
953
535
68
-350
-780
-1255
-1734
-2245
-2730
-3148
-3584
-3979
-4359
-4716
-5070
-5426
-5718
-6006
-6287
-6521
-6693
-6899
-7053
-7209
-7321
-7378
-7432
-7441
-7417
-7380
-7346
-7288
-7216
-7124
-7038
-6873
-6705
-6534
-6327
-6153
-5950
-5714
-5453
-5137
-4795
-4450
-4098
-3780
-3455
-3112
-2727
-2268
-1849
-1463
-1069
-727
-363
41
389
773
1106
1406
1699
1954
2183
2400
2588
2750
2899
2970
3027
3052
3051
3067
3060
3036
3045
2983
2912
2880
2796
2761
2733
2655
2641
2593
2527
2510
2470
2500
2570
2621
2689
2750
2808
2954
3103
3273
3398
3480
3560
3621
3731
3838
3973
4106
4246
4410
4505
4639
4723
4773
4828
4840
4826
4797
4748
4752
4825
4869
4906
4884
4892
4806
4699
4587
4370
4186
3981
3743
3470
3135
2748
2428
2081
1724
1331
868
432
-77
-521
-939
-1441
-1921
-2359
-2794
-3183
-3572
-3980
-4346
-4674
-4988
-5267
-5548
-5861
-6119
-6317
-6464
-6598
-6732
-6839
-6939
-6995
-7028
-7072
-7083
-7054
-7023
-6940
-6839
-6793
-6691
-6555
-6423
-6271
-6110
-5990
-5828
-5620
-5395
-5111
-4840
-4552
-4250
-3929
-3631
-3319
-2975
-2622
-2252
-1889
-1526
-1196
-853
-499
-133
240
589
871
1153
1399
1633
1849
2064
2256
2411
2560
2616
2668
2700
2710
2720
2718
2673
2634
2600
2552
2520
2476
2456
2434
2422
2413
2383
2373
2369
2384
2437
2488
2560
2658
2752
2844
2901
2987
3118
3262
3458
3600
3725
3911
4044
4208
4368
4428
4547
4586
4687
4736
4727
4742
4688
4689
4684
4615
4546
4559
4478
4498
4479
4372
4340
4222
4131
3945
3759
3557
3377
3231
3026
2772
2461
2157
1803
1494
1157
709
282
-137
-533
-914
-1257
-1667
-2068
-2427
-2854
-3203
-3577
-3960
-4289
-4585
-4870
-5185
-5448
-5676
-5899
-6076
-6217
-6373
-6496
-6560
-6648
-6680
-6689
-6711
-6692
-6628
-6568
-6505
-6400
-6330
-6216
-6079
-5941
-5802
-5664
-5508
-5334
-5091
-4832
-4610
-4363
-4088
-3839
-3560
-3282
-3015
-2717
-2425
-2119
-1809
-1514
-1175
-863
-539
-202
52
345
620
864
1135
1371
1562
1777
1930
2076
2200
2316
2429
2512
2566
2568
2575
2583
2611
2614
2633
2622
2606
2608
2620
2646
2685
2720
2745
2780
2816
2853
2910
3017
3111
3217
3333
3411
3503
3606
3706
3773
3885
3948
4059
4159
4217
4303
4307
4393
4453
4554
4668
4649
4568
4478
4389
4371
4442
4399
4326
4231
4103
4065
4007
3965
3904
3755
3582
3323
3090
2922
2694
2480
2251
1917
1608
1297
950
605
246
-137
-487
-845
-1189
-1547
-1878
-2202
-2537
-2853
-3156
-3482
-3789
-4017
-4282
-4507
-4722
-4959
-5130
-5273
-5397
-5488
-5590
-5715
-5816
-5888
-5932
-5974
-5994
-5957
-5936
-5871
-5808
-5790
-5721
-5630
-5528
-5373
-5264
-5180
-5080
-4939
-4734
-4526
-4302
-4092
-3887
-3665
-3431
-3204
-2966
-2724
-2497
-2214
-1940
-1698
-1427
-1155
-882
-584
-334
-117
109
319
558
786
999
1193
1364
1543
1720
1830
1928
2035
2113
2247
2320
2350
2339
2327
2352
2436
2505
2549
2571
2563
2582
2590
2617
2628
2644
2656
2691
2742
2777
2830
2854
2927
3028
3123
3251
3358
3425
3553
3650
3745
3883
3996
4136
4218
4245
4249
4286
4300
4415
4439
4390
4325
4193
4152
4103
4027
3954
3863
3764
3739
3645
3519
3446
3320
3209
3100
2861
2683
2518
2306
2210
1972
1696
1435
1101
901
623
268
-93
-501
-868
-1111
-1393
-1680
-1957
-2335
-2626
-2953
-3243
-3505
-3808
-4086
-4342
-4593
-4821
-5011
-5165
-5277
-5390
-5507
-5625
-5733
-5821
-5848
-5864
-5846
-5852
-5824
-5767
-5697
-5602
-5518
-5396
-5257
-5129
-5049
-4910
-4789
-4632
-4443
-4249
-4038
-3845
-3625
-3419
-3206
-2976
-2753
-2525
-2285
-2067
-1849
-1583
-1338
-1073
-808
-551
-321
-109
149
366
602
836
1030
1236
1427
1575
1743
1882
1989
2133
2233
2313
2357
2373
2428
2453
2498
2547
2542
2538
2563
2546
2559
2578
2568
2603
2584
2575
2612
2654
2746
2802
2845
2873
2902
2990
3127
3225
3266
3311
3343
3459
3562
3623
3693
3745
3824
3900
3967
4030
4033
4001
3971
3889
3845
3765
3690
3617
3486
3339
3251
3113
3045
3005
2884
2850
2690
2564
2435
2219
2044
1945
1803
1643
1374
1032
783
527
367
155
-199
-541
-898
-1224
-1436
-1743
-2067
-2346
-2631
-2881
-3159
-3449
-3705
-3921
-4091
-4246
-4444
-4642
-4797
-4919
-4985
-5070
-5156
-5205
-5256
-5278
-5225
-5206
-5186
-5107
-5042
-4946
-4862
-4765
-4658
-4535
-4399
-4263
-4145
-4021
-3886
-3752
-3566
-3422
-3267
-3065
-2883
-2703
-2529
-2378
-2196
-1979
-1764
-1565
-1390
-1224
-1048
-840
-640
-474
-324
-153
29
221
418
543
679
858
1017
1170
1314
1437
1541
1665
1741
1768
1804
1852
1909
1962
1999
2001
1993
2001
2021
2036
2065
2084
2109
2126
2137
2102
2106
2153
2182
2269
2365
2438
2505
2583
2615
2683
2764
2830
2952
3037
3099
3161
3161
3228
3294
3362
3493
3507
3536
3551
3542
3548
3497
3398
3282
3211
3107
3026
2882
2734
2617
2551
2502
2340
2207
2048
1968
1927
1770
1554
1293
1112
1019
959
802
501
198
-66
-244
-416
-595
-836
-1109
-1361
-1638
-1927
-2181
-2379
-2560
-2696
-2908
-3198
-3422
-3595
-3714
-3794
-3926
-4094
-4237
-4321
-4374
-4416
-4460
-4471
-4476
-4421
-4380
-4402
-4351
-4279
-4185
-4044
-3921
-3867
-3760
-3632
-3525
-3400
-3282
-3164
-3022
-2833
-2693
-2588
-2482
-2352
-2188
-2002
-1850
-1763
-1635
-1495
-1343
-1204
-1070
-963
-832
-652
-500
-381
-282
-194
-60
133
298
425
565
677
788
900
999
1071
1151
1237
1286
1327
1350
1367
1390
1442
1487
1487
1525
1568
1599
1654
1687
1683
1715
1760
1802
1867
1935
2003
2100
2215
2260
2307
2355
2406
2509
2611
2757
2816
2847
2911
2933
2997
3084
3093
3124
3159
3123
3142
3088
3057
3011
2965
2987
2918
2830
2739
2595
2508
2416
2294
2195
2092
1957
1865
1790
1641
1527
1441
1373
1279
1155
1019
827
655
528
359
216
47
-129
-236
-348
-531
-713
-904
-1105
-1269
-1406
-1557
-1740
-1915
-2071
-2247
-2393
-2525
-2677
-2739
-2818
-2959
-3056
-3184
-3294
-3343
-3358
-3385
-3400
-3377
-3366
-3349
-3322
-3294
-3283
-3190
-3097
-3021
-2932
-2885
-2865
-2777
-2652
-2565
-2455
-2367
-2257
-2154
-2061
-1986
-1912
-1819
-1727
-1627
-1536
-1446
-1406
-1324
-1225
-1154
-1069
-971
-887
-787
-691
-634
-539
-422
-297
-173
-55
35
109
208
325
430
538
672
755
814
884
899
961
1037
1099
1161
1179
1202
1228
1281
1349
1397
1451
1491
1515
1543
1585
1595
1635
1681
1742
1823
1868
1869
1869
1919
2006
2116
2184
2213
2218
2253
2354
2448
2518
2529
2536
2603
2681
2734
2735
2693
2660
2637
2644
2596
2493
2405
2345
2234
2174
2107
2022
1940
1766
1634
1483
1342
1245
1154
1073
967
843
699
539
371
277
154
46
-46
-195
-339
-439
-522
-588
-713
-886
-1042
-1167
-1293
-1345
-1446
-1554
-1703
-1861
-1924
-2016
-2068
-2101
-2203
-2297
-2391
-2513
-2580
-2598
-2627
-2611
-2607
-2644
-2672
-2685
-2694
-2707
-2687
-2635
-2595
-2569
-2512
-2481
-2457
-2368
-2310
-2220
-2105
-2061
-2006
-1928
-1866
-1793
-1715
-1648
-1571
-1479
-1374
-1288
-1213
-1145
-1105
-1060
-961
-881
-767
-666
-613
-558
-509
-440
-367
-248
-131
-16
71
120
141
184
252
328
432
522
572
638
717
802
877
940
998
1036
1098
1153
1240
1298
1347
1360
1377
1387
1415
1508
1613
1685
1707
1698
1683
1704
1745
1808
1883
1954
1975
1976
1954
1934
1978
2066
2151
2148
2114
2038
2004
2019
2082
2116
2074
2015
1933
1867
1767
1686
1584
1528
1478
1379
1285
1170
1093
1025
965
892
794
709
648
585
507
420
306
232
160
106
77
-12
-148
-268
-414
-491
-546
-599
-693
-827
-945
-1042
-1094
-1170
-1270
-1412
-1520
-1607
-1679
-1740
-1828
-1913
-1957
-1993
-2021
-2053
-2117
-2187
-2185
-2169
-2182
-2194
-2192
-2161
-2137
-2069
-2018
-1996
-1967
-1928
-1913
-1894
-1861
-1820
-1750
-1669
-1612
-1600
-1593
-1585
-1539
-1469
-1420
-1381
-1352
-1323
-1317
-1308
-1282
-1246
-1160
-1072
-1012
-948
-900
-830
-753
-637
-529
-422
-299
-184
-81
-16
64
156
289
418
515
588
637
689
777
891
980
1054
1117
1166
1233
1273
1328
1403
1459
1545
1607
1651
1673
1698
1795
1886
1960
2002
2025
2050
2096
2152
2225
2271
2290
2309
2269
2261
2271
2255
2341
2357
2312
2197
2087
1993
2001
2009
1954
1851
1649
1502
1429
1391
1371
1300
1138
961
758
645
597
545
484
361
171
33
-113
-192
-205
-248
-308
-410
-571
-726
-809
-837
-816
-851
-917
-1028
-1161
-1250
-1309
-1340
-1383
-1457
-1532
-1601
-1684
-1774
-1832
-1874
-1870
-1860
-1865
-1897
-1962
-1995
-2012
-1984
-1966
-1945
-1925
-1879
-1820
-1777
-1720
-1706
-1683
-1652
-1611
-1544
-1515
-1448
-1377
-1318
-1268
-1222
-1179
-1115
-1045
-992
-933
-889
-852
-817
-784
-726
-673
-595
-506
-447
-410
-381
-328
-269
-204
-159
-138
-100
-66
22
120
188
253
311
362
424
487
549
632
726
800
853
863
896
965
1063
1184
1263
1320
1355
1404
1461
1543
1608
1648
1698
1737
1765
1811
1833
1868
1887
1909
1941
1955
1980
1992
1968
1915
1877
1825
1818
1837
1808
1766
1686
1580
1530
1483
1417
1338
1289
1210
1117
990
901
777
666
617
555
500
377
247
125
31
-35
-98
-134
-227
-343
-429
-508
-566
-631
-671
-734
-808
-873
-944
-983
-1034
-1083
-1123
-1169
-1201
-1261
-1291
-1338
-1397
-1437
-1458
-1480
-1521
-1530
-1530
-1512
-1490
-1490
-1507
-1516
-1503
-1471
-1395
-1355
-1340
-1312
-1264
-1217
-1196
-1153
-1105
-1046
-979
-918
-905
-890
-856
-813
-755
-715
-710
-684
-630
-594
-578
-551
-543
-537
-506
-487
-468
-467
-437
-388
-341
-310
-297
-271
-196
-131
-91
-21
23
57
124
189
219
275
330
403
473
535
590
625
692
737
768
835
909
933
990
1011
1029
1081
1113
1149
1200
1250
1279
1312
1324
1336
1317
1340
1354
1334
1363
1377
1368
1402
1390
1347
1347
1326
1319
1312
1294
1245
1190
1129
1067
994
951
927
886
840
779
635
561
495
443
410
338
243
193
152
95
22
-62
-113
-176
-216
-256
-308
-374
-397
-447
-479
-536
-624
-652
-681
-731
-774
-823
-866
-887
-882
-883
-909
-946
-955
-966
-990
-1006
-1054
-1081
-1073
-1057
-1005
-975
-981
-981
-965
-946
-921
-893
-889
-863
-850
-844
-825
-805
-764
-743
-697
-656
-653
-625
-591
-565
-536
-500
-485
-496
-509
-466
-415
-400
-363
-338
-309
-286
-278
-266
-218
-182
-152
-141
-131
-122
-94
-62
-35
-32
-5
17
38
102
148
209
239
260
261
252
275
318
371
422
450
462
487
526
539
579
640
687
738
766
741
722
736
773
833
888
907
927
946
952
956
954
955
940
951
945
929
903
902
884
850
835
799
764
730
674
639
576
519
463
420
385
355
330
286
222
148
87
24
-24
-66
-107
-128
-149
-200
-269
-340
-357
-357
-353
-372
-434
-475
-505
-496
-494
-524
-562
-591
-586
-604
-632
-641
-648
-629
-600
-615
-635
-659
-635
-585
-567
-572
-602
-612
-621
-619
-611
-601
-599
-590
-562
-553
-541
-525
-487
-462
-426
-417
-400
-372
-355
-328
-330
-328
-346
-334
-299
-283
-267
-263
-275
-278
-289
-289
-240
-213
-184
-146
-122
-132
-143
-120
-74
-13
28
77
85
89
124
141
154
195
253
302
330
327
341
385
447
492
527
531
532
535
569
597
608
586
584
584
563
562
546
596
629
644
630
565
495
493
526
532
523
500
482
475
432
381
339
295
317
330
311
253
187
163
174
162
142
120
101
97
85
71
46
-6
-20
-48
-108
-158
-184
-170
-147
-131
-173
-263
-362
-408
-380
-318
-251
-251
-279
-338
-367
-380
-350
-293
-257
-235
-250
-295
-334
-340
-342
-304
-265
-263
-266
-266
-271
-284
-298
-306
-314
-311
-331
-342
-356
-350
-332
-325
-339
-393
-442
-429
-399
-385
-367
-391
-417
-434
-453
-462
-442
-417
-376
-325
-315
-332
-348
-350
-316
-283
-249
-220
-208
-169
-156
-148
-169
-124
-84
-39
22
45
78
89
132
173
189
190
192
209
231
271
265
287
291
296
329
346
380
383
376
376
388
410
419
420
407
397
377
410
458
467
459
407
355
290
260
239
217
223
212
207
162
117
42
33
58
55
40
-6
-57
-98
-103
-116
-129
-131
-117
-124
-137
-150
-183
-199
-184
-200
-218
-185
-170
-167
-150
-147
-167
-171
-172
-169
-179
-174
-188
-162
-136
-137
-142
-145
-158
-178
-157
-149
-161
-138
-141
-158
-162
-171
-180
-166
-142
-147
-172
-181
-190
-213
-206
-214
-218
-201
-211
-227
-240
-256
-290
-279
-271
-294
-309
-303
-300
-321
-339
-346
-348
-325
-316
-348
-368
-336
-322
-291
