16
19
12
47
69
94
60
44
57
45
56
43
19
32
47
64
28
-37
-58
-86
-35
-21
-31
-53
-71
-56
-83
-55
-98
-80
-65
-38
-34
-73
-84
-89
-57
-30
-12
-14
-8
22
46
91
95
82
92
91
95
111
94
75
40
37
45
28
15
-15
-25
-6
-22
-14
-53
-44
-47
-36
-36
-69
-70
-89
-101
-68
-73
-67
-98
-84
-106
-90
-94
-92
-52
-53
-36
-60
-102
-125
-108
-67
-62
-68
-92
-124
-114
-111
-72
-64
-54
-64
-45
-36
-33
-46
-56
-44
-27
-20
2
24
28
27
50
39
54
55
77
93
107
112
77
66
30
36
49
43
39
7
24
34
30
38
4
5
26
45
67
50
41
-4
8
17
34
58
49
55
35
8
14
41
96
115
91
64
5
28
22
66
69
39
12
-23
2
-52
-14
9
-5
17
-37
-75
-92
-64
-4
-9
20
-25
-39
-25
23
25
32
32
29
2
31
41
40
11
22
-30
-42
-38
-13
-33
-4
-34
-61
-108
-88
-126
-107
-63
-86
-134
-172
-227
-248
-203
-181
-192
-186
-201
-227
-214
-208
-225
-212
-176
-180
-172
-210
-210
-198
-143
-151
-134
-128
-118
-81
-54
-38
-40
-29
-16
8
33
11
-8
-22
-25
22
32
47
3
-8
-31
-12
-34
-28
16
3
20
-4
-10
-20
-19
18
34
54
41
108
150
165
195
147
150
175
247
250
290
293
264
333
295
235
205
302
365
422
412
324
268
252
322
338
307
302
264
270
268
236
137
141
198
249
280
222
153
136
182
200
174
106
70
101
147
129
45
-41
-90
-49
-11
-54
-88
-176
-175
-176
-204
-274
-350
-337
-299
-273
-334
-415
-481
-484
-435
-454
-469
-527
-559
-506
-491
-555
-623
-646
-633
-594
-579
-632
-699
-712
-673
-663
-638
-690
-669
-624
-576
-576
-595
-607
-580
-492
-439
-429
-449
-429
-374
-301
-263
-259
-233
-169
-82
-25
-5
-26
-1
81
113
142
155
187
258
331
351
308
309
349
456
550
607
573
593
695
755
763
768
771
829
969
1100
1059
1008
996
988
1037
1128
1173
1197
1310
1308
1185
1096
1012
1013
1144
1271
1206
1056
971
869
850
826
813
741
711
716
660
549
457
351
293
293
261
158
133
137
91
32
-75
-233
-333
-330
-311
-348
-435
-600
-791
-910
-1030
-1130
-1205
-1278
-1368
-1430
-1531
-1663
-1750
-1799
-1819
-1795
-1788
-1815
-1829
-1822
-1828
-1803
-1779
-1755
-1733
-1680
-1611
-1583
-1555
-1533
-1504
-1470
-1432
-1404
-1366
-1277
-1205
-1184
-1178
-1188
-1171
-1097
-994
-900
-806
-715
-639
-561
-477
-380
-267
-118
9
128
241
328
417
512
621
701
807
899
1003
1107
1183
1251
1314
1382
1482
1558
1632
1727
1786
1808
1856
1903
1938
1991
2064
2129
2166
2210
2255
2287
2374
2456
2455
2482
2511
2573
2610
2642
2570
2498
2489
2498
2453
2420
2360
2261
2181
2087
1847
1644
1467
1211
897
483
78
-224
-417
-643
-965
-1428
-1899
-2173
-2288
-2392
-2473
-2619
-2757
-2828
-2862
-2999
-3095
-3129
-3049
-2907
-2783
-2773
-2805
-2762
-2646
-2532
-2475
-2395
-2261
-2084
-1859
-1729
-1676
-1686
-1638
-1520
-1425
-1325
-1237
-1072
-890
-722
-630
-562
-513
-390
-174
25
139
248
303
362
417
289
317
279
319
441
450
365
249
204
111
99
82
-2
51
75
108
6
-88
-223
-308
-240
-210
-158
-180
-143
-121
-138
-182
-206
-163
-8
182
300
319
326
309
385
468
589
683
852
1005
1136
1245
1229
1311
1436
1574
1752
1915
2006
2109
2200
2210
2209
2277
2404
2489
2570
2553
2426
2461
2531
2598
2570
2581
2509
2460
2463
2425
2314
2211
2149
2000
1843
1663
1327
1053
823
438
9
-240
-514
-758
-906
-1233
-1681
-1960
-2168
-2381
-2398
-2459
-2606
-2666
-2694
-2798
-2922
-2993
-3027
-2968
-2828
-2749
-2720
-2699
-2624
-2529
-2490
-2466
-2410
-2328
-2179
-2000
-1885
-1822
-1784
-1746
-1691
-1600
-1534
-1393
-1188
-1013
-800
-667
-587
-506
-355
-235
-32
14
2
134
105
195
168
149
72
89
133
64
94
73
51
101
119
102
9
40
-31
-2
-10
6
-66
-52
-36
-4
11
-18
53
77
209
310
386
490
576
700
799
883
932
1005
1158
1307
1407
1502
1652
1784
1956
2039
2190
2261
2420
2616
2688
2780
2791
2839
2885
2999
2991
2916
2934
2922
2925
2970
3008
2935
2863
2776
2643
2506
2332
2183
1976
1727
1407
923
370
-14
-260
-555
-834
-1144
-1593
-1942
-2191
-2459
-2652
-2682
-2788
-2865
-2896
-2964
-3086
-3130
-3140
-3158
-3132
-3066
-3004
-2902
-2809
-2720
-2658
-2646
-2632
-2577
-2499
-2359
-2229
-2138
-2067
-2018
-1962
-1931
-1856
-1751
-1584
-1374
-1161
-953
-791
-637
-460
-291
-176
-39
31
185
281
273
312
354
411
425
387
312
270
342
304
262
247
200
148
98
-25
-190
-236
-214
-239
-340
-391
-432
-396
-301
-268
-278
-275
-88
113
286
520
712
897
1050
1152
1250
1439
1743
1944
2104
2229
2339
2421
2540
2610
2706
2919
3246
3453
3508
3513
3546
3542
3367
3038
2906
3146
3411
3394
3341
3236
3304
3397
3141
2635
2216
1916
1636
1416
733
-799
-1592
-985
-686
-1519
-2519
-2834
-2380
-1823
-2073
-3167
-3730
-2974
-2531
-2597
-2031
-1617
-1738
-2099
-2266
-2265
-2346
-2369
-2372
-2069
-1889
-2298
-3087
-3823
-3515
-2839
-2976
-3259
-3098
-2314
-1810
-2046
-2409
-2418
-1777
-1108
-642
-531
-750
-592
-270
-401
-761
-895
-644
-362
28
-427
-1519
-1515
-795
-485
-650
-872
-722
-273
373
96
-600
-177
328
490
432
51
-354
-486
-130
-268
-831
-737
-606
-335
-139
-333
-669
-738
-110
385
504
802
1004
1401
1844
1926
1644
1677
2246
2881
3178
3073
2567
2086
2342
2871
3395
3671
3855
4029
4050
4120
4229
4541
5349
5421
4788
4064
3576
3617
3894
4046
3929
3943
4270
4250
3654
2589
1446
965
793
661
-48
-2082
-4550
-4796
-3288
-2559
-2982
-3120
-3168
-2646
-2098
-3050
-4115
-3116
-1473
-1053
-1188
-1684
-2672
-2990
-2665
-2621
-2930
-2961
-2690
-2415
-2520
-3246
-4003
-4167
-3450
-2503
-2079
-2059
-1778
-1280
-964
-894
-922
-903
-357
333
516
-31
-773
-1203
-1277
-1410
-1533
-1822
-1964
-1410
-1344
-1774
-1801
-1449
-1176
-869
-673
-1042
-1133
-653
-735
-963
-888
-862
-880
-531
-472
-866
-980
-752
-928
-992
-865
-1080
-996
-725
-511
-429
-113
90
182
508
782
898
1258
1773
2038
1967
1899
1812
1832
2160
2471
2632
2816
2741
2430
2831
3335
3273
3345
4012
4343
4520
4668
4664
4375
4999
5724
5871
5444
4956
4207
3456
3355
3204
2884
3376
4074
4333
4299
3858
2361
700
28
-58
-727
-3373
-5195
-3983
-1967
-1889
-2764
-3724
-3798
-2510
-2064
-3091
-3002
-1640
-1165
-1239
-1452
-2665
-3628
-3249
-2383
-2178
-2456
-2789
-2794
-2665
-3049
-3870
-4474
-4046
-2935
-2268
-2268
-2195
-2035
-1781
-1289
-912
-865
-626
-49
340
243
-268
-796
-1036
-1182
-1357
-1696
-2224
-2486
-1531
-1123
-1691
-1813
-1542
-1289
-1040
-801
-1327
-1020
49
-64
-995
-1304
-1062
-1116
-1035
-944
-1184
-1280
-896
-729
-1500
-1492
-1045
-811
-484
61
-128
-511
64
469
304
644
1323
1528
1941
2418
2175
1774
1908
1935
2035
2368
2643
2579
2628
3199
3535
3580
3848
4381
4777
5158
5146
4670
5208
5950
5873
4988
4705
5100
5112
4787
3731
3340
3216
3279
3614
3947
5070
5446
4077
1740
119
-1015
-3112
-5522
-5458
-2906
-996
-995
-2224
-3809
-4155
-3497
-3630
-3815
-1954
-430
-206
-533
-1776
-3734
-4605
-4094
-3167
-2432
-2120
-2127
-2124
-2705
-3966
-5157
-5497
-4564
-3028
-2174
-1813
-1464
-1517
-1710
-1569
-1532
-1399
-389
617
917
765
-45
-1135
-1716
-2051
-2329
-1965
-2329
-2472
-1562
-1786
-2023
-1509
-1445
-1382
-344
-273
-1007
-388
-293
-1193
-1401
-1343
-1406
-1015
-673
-926
-979
-1009
-931
-1097
-1381
-1206
-814
-725
-352
23
-273
-418
134
386
687
1509
1840
1820
2152
2126
1774
1852
2255
2318
2631
2947
2861
2869
2714
2950
3239
3907
4573
5042
5496
5557
5431
5513
5780
5858
5383
5160
4739
4165
4034
3671
3308
3252
3755
4369
5007
5556
5574
4177
1850
215
-274
-2292
-5690
-6126
-3656
-1682
-1100
-2094
-3841
-3595
-2299
-3318
-4406
-2737
-1121
-658
-574
-1631
-3382
-4096
-4074
-3452
-2870
-2777
-2481
-1890
-2222
-3310
-4549
-5549
-4992
-3453
-2972
-2652
-1728
-1321
-1236
-1008
-1289
-1467
-622
214
611
704
164
-734
-1412
-2231
-3244
-3385
-2829
-2299
-1472
-1137
-1527
-1448
-1235
-1422
-1364
-837
-592
-520
-212
-663
-1426
-1557
-1400
-1322
-1154
-798
-467
-533
-569
-937
-1432
-1512
-1102
-744
-588
-129
6
-168
123
403
667
1017
1623
2110
2219
2167
1901
1617
1506
1789
1807
2041
2886
3457
3627
3907
3974
3847
4333
5058
5036
4809
5181
5393
4954
5196
5493
5510
5765
6043
4754
3823
3683
3007
2897
4068
5157
5634
6439
5857
3286
839
-557
-1960
-5011
-6467
-4636
-2319
-1202
-1532
-3219
-4495
-3465
-3497
-4686
-3513
-1177
-342
-219
-701
-2488
-3878
-4269
-3982
-3243
-2680
-2214
-1622
-1843
-3102
-4446
-5731
-5879
-4495
-3427
-2852
-1690
-901
-1099
-1156
-1454
-1895
-1322
-376
146
489
379
-412
-1327
-2352
-3491
-3669
-3091
-2268
-2167
-2237
-1866
-1502
-1271
-1358
-1596
-1241
-251
70
-418
-629
-998
-1441
-1322
-1093
-1210
-926
-567
-604
-741
-1170
-1523
-1611
-1068
-546
-192
90
244
353
166
243
655
1073
1692
2246
2770
2734
2665
2414
2337
2482
2517
2664
2855
3208
3821
3794
3888
4468
5096
5291
5511
6122
6353
6144
5626
4893
4558
4739
4564
3691
3960
4243
4169
4316
3964
3983
4739
5167
5270
4685
2157
-257
-621
-3691
-7382
-6350
-3894
-2583
-991
-1688
-3757
-2994
-2712
-5151
-5041
-2784
-1624
-402
-30
-1577
-2623
-3395
-4501
-4085
-3427
-3391
-1975
-963
-2122
-3174
-4242
-5731
-5422
-4328
-4117
-2790
-817
-448
-427
-404
-1174
-1457
-865
-569
-46
491
79
-613
-1695
-3111
-4182
-4217
-3527
-2703
-1636
-942
-684
-586
-1153
-1584
-1436
-785
-439
-370
-140
-265
-644
-1179
-1626
-1649
-1482
-965
-853
-897
-959
-1095
-1304
-1417
-1338
-1100
-336
291
452
728
945
1134
1331
1331
1550
2127
2508
2355
2158
1999
2060
2207
2539
2693
3077
3507
3967
4505
4893
4972
4884
5473
5923
5821
5523
5759
6182
6369
5884
5081
4486
4377
4032
3612
3321
3620
4340
5327
5761
5867
4611
1963
-34
-588
-2646
-6237
-6218
-3517
-1914
-1473
-2140
-3926
-3739
-2729
-4390
-5312
-3039
-1386
-891
-632
-1664
-3262
-3700
-4164
-4242
-3582
-3212
-2487
-1382
-1942
-3507
-4474
-5334
-5366
-4312
-3797
-3083
-1285
-386
-694
-806
-1141
-1558
-1103
-554
-345
138
207
-709
-1670
-2827
-3958
-3936
-3414
-2935
-1851
-1048
-938
-812
-1213
-1667
-1382
-979
-887
-571
-236
-396
-729
-1385
-1955
-1778
-1596
-1324
-812
-490
-437
-368
-630
-1074
-988
-758
-372
323
805
976
1234
1506
1545
1625
1828
2289
2902
3156
3061
2806
2246
2087
2543
3061
3426
3840
4242
4626
5469
5559
5478
5718
6015
6343
6227
6068
5297
5216
4866
4501
4510
3962
3618
3823
4359
4930
5568
5935
5556
4908
2371
-320
-2398
-6109
-7979
-5523
-2918
-1986
-797
-1676
-3019
-2618
-3945
-6465
-4881
-2277
-1332
-197
-238
-1974
-2707
-3787
-5311
-4865
-3839
-3285
-1607
-1004
-2506
-3590
-4604
-5919
-5698
-4864
-4290
-2311
-329
-172
-289
-371
-1142
-1356
-1059
-1005
-414
407
163
-855
-2134
-3128
-3983
-3451
-3488
-3820
-1832
-576
-224
178
-622
-1287
-506
-347
-1534
-1252
-575
-1109
-882
-1096
-1896
-1689
-1200
-1472
-1325
-1062
-970
-780
-642
-990
-981
-632
-221
348
617
831
1346
1846
2000
2122
2272
2321
2531
2720
2788
2726
2577
2619
2669
2751
3275
3964
4718
5161
5622
5679
5441
5916
5959
6429
6477
6448
6487
5079
4477
4027
4147
4065
3945
4181
4648
5839
6273
5629
4814
2647
570
-1486
-4980
-7880
-5962
-3169
-2261
-1299
-1492
-2689
-2191
-2967
-5988
-5278
-2401
-1486
-670
-303
-1761
-2721
-3261
-5008
-5196
-4099
-3607
-2309
-1261
-2364
-3550
-4133
-5312
-5663
-5089
-4695
-3132
-1047
-423
-498
-337
-793
-1227
-1041
-962
-653
67
135
-680
-1669
-2820
-3790
-4285
-4196
-3205
-1944
-989
-194
101
-250
-795
-1244
-1652
-1475
-924
-708
-671
-612
-774
-1295
-1819
-2021
-1833
-1443
-744
-302
-275
-442
-787
-1188
-1375
-998
-326
397
1249
1784
1990
2113
2043
1932
2126
2427
2824
3126
3264
3179
2912
2748
2504
3068
3846
4607
5678
6321
6364
6272
5716
5020
4854
4976
5341
6011
6304
6405
5931
4716
3406
3037
3427
4497
6219
6835
6917
6527
3318
-604
-2517
-6481
-9521
-6368
-3067
-2273
-59
-562
-3299
-2928
-3911
-7665
-5839
-2081
-1233
460
1291
-1185
-2397
-3364
-6010
-5868
-4074
-3564
-1720
-327
-2017
-3426
-4344
-6378
-6760
-5634
-4916
-2817
-227
264
49
48
-925
-1647
-1331
-1221
-533
594
684
-130
-1358
-3122
-4426
-4837
-4636
-3476
-1952
-825
39
326
-151
-1030
-1560
-1615
-1404
-803
-458
-372
-378
-464
-1128
-1927
-2095
-1801
-1452
-962
-703
-577
-479
-779
-1249
-1262
-827
-97
507
1104
1614
2045
2221
2126
2177
2485
2753
2878
3114
3103
2901
2612
2596
2718
3302
3864
4430
4981
5694
5689
5715
5871
5997
5815
5701
5632
5981
5796
4887
4291
4132
4001
4033
4352
5000
6047
6220
6049
5856
4462
865
-1618
-4246
-6977
-6336
-4088
-3314
-1509
-650
-2530
-3120
-3139
-5882
-6118
-3434
-2355
-1157
172
-1039
-2132
-2431
-4531
-5461
-4179
-3718
-2908
-1394
-1962
-3067
-3651
-5295
-6282
-5641
-5268
-4088
-1787
-712
-416
53
-428
-1079
-972
-1111
-875
94
271
-147
-594
-2129
-3568
-3766
-4210
-3418
-2806
-2642
-1189
-192
-355
-792
-1358
-1698
-1273
-1144
-1888
-1217
-494
-747
-574
-1059
-1675
-1475
-1069
-1236
-903
-572
-763
-493
-390
-867
-763
-419
94
861
1330
1499
2179
2643
2678
2803
2964
3005
3216
3387
3202
3020
3035
2901
2843
3376
3844
4596
5509
6010
6389
6314
5521
5038
4987
5484
6044
6212
6585
6112
5648
5007
3836
3820
4627
5749
6675
7306
7005
4306
1005
-2647
-8153
-9812
-6274
-3660
-2449
69
-137
-1516
-1513
-4987
-8554
-5616
-2632
-1829
494
1160
-708
-1284
-3274
-6668
-6485
-5035
-4427
-2048
-827
-2284
-2964
-4037
-6506
-7222
-6603
-5678
-2952
-351
105
416
450
-819
-1760
-2038
-2089
-1041
291
489
173
-953
-2830
-4135
-5039
-5163
-3963
-2382
-820
319
723
59
-514
-1204
-2133
-2141
-1659
-1041
-434
-189
-437
-1051
-1642
-2252
-2399
-1919
-1347
-569
-194
-82
-488
-1066
-1259
-1052
-598
281
1377
2243
2792
3082
2770
2562
2536
2411
2512
2966
3284
3336
3577
3559
3471
3408
3827
4739
5329
5360
5088
5116
6021
6694
5975
4925
5938
6737
6601
5965
5250
4612
4495
3846
3324
4612
6450
6875
6862
6529
3633
252
-3963
-8512
-8463
-4678
-3217
-1663
286
-649
-2229
-2900
-6384
-7844
-4582
-2430
-1092
1065
647
-1330
-2027
-4302
-6547
-5699
-4362
-3304
-1250
-1166
-2551
-3351
-5002
-7102
-7055
-6171
-4667
-2024
-345
-137
227
-308
-1713
-2202
-2200
-1805
-338
750
472
63
-1279
-3366
-4945
-5316
-4706
-3352
-1712
-605
9
374
-677
-2011
-2690
-2503
-1927
-1157
-405
-175
-208
-604
-1498
-2296
-2331
-1867
-1248
-539
-92
-352
-721
-1050
-1448
-1562
-870
134
1108
1908
2425
2410
2527
2387
2192
2478
3066
3467
3673
3541
3327
3318
3361
3178
3611
4431
4905
5533
5754
5489
5522
5833
5971
6705
7121
6323
6338
5802
5113
4885
3951
3751
5174
5987
5873
6225
5955
5879
4835
1071
-1626
-3914
-7334
-6210
-3445
-3501
-2146
-335
-2469
-2827
-2860
-6554
-6444
-2586
-2490
-1891
258
-1116
-2279
-2155
-4687
-5600
-3657
-3535
-3162
-1464
-2286
-3522
-3651
-5381
-6491
-5595
-5106
-3937
-1630
-946
-816
-72
-738
-1691
-1524
-1601
-1324
-195
-42
-537
-818
-2154
-3869
-4816
-4839
-4097
-2932
-1996
-1196
-369
-256
-908
-1673
-2114
-1645
-1169
-917
-479
-227
-325
-616
-1188
-2150
-2318
-2088
-1822
-1265
-745
-768
-759
-884
-1113
-1230
-819
-140
696
1600
2260
2587
2680
2634
2513
2399
2480
2797
2912
2968
2983
2977
2712
3188
3643
4203
5275
5771
5717
5784
6149
5710
5714
6901
7035
6821
7436
5107
4299
4916
4578
4382
5561
5944
5630
6396
5880
4563
4666
2516
-108
-767
-3776
-6626
-4839
-2896
-3152
-1662
-1862
-3422
-2377
-3277
-6606
-5136
-2587
-2676
-1626
-805
-2173
-2322
-2523
-4547
-4554
-3238
-3452
-2785
-2065
-3285
-3994
-4375
-5602
-5941
-5312
-4729
-3176
-1535
-1145
-799
-305
-794
-1251
-1256
-1259
-834
-197
-301
-863
-1800
-3095
-4017
-4469
-4122
-3275
-2604
-1605
-911
-965
-1219
-1384
-1848
-1957
-1684
-1475
-1090
-729
-955
-1071
-1128
-1518
-1690
-1590
-1431
-1050
-779
-1053
-1187
-1224
-1331
-1080
-561
-208
687
1540
1993
2416
2584
2478
2684
2875
2847
2876
2936
3002
3129
3161
3152
3131
3354
4126
4576
4482
5114
5932
6259
6335
5984
5231
5980
6447
6221
6288
6333
5528
5233
4901
3753
3974
4915
5261
6161
6726
5805
5777
3337
-124
-3272
-6801
-7598
-3698
-2335
-2298
-454
-933
-2981
-3103
-5955
-8055
-4319
-1914
-1945
-29
227
-1900
-2270
-3901
-6161
-4869
-3194
-2996
-1457
-1253
-2990
-3900
-5229
-7136
-6913
-5696
-4396
-2092
-536
-540
-191
-536
-1777
-2020
-1776
-1355
-44
605
211
-313
-1364
-3136
-4140
-4519
-4295
-2551
-1066
-1382
-2286
-1539
-2106
-2569
-2061
-2339
-1854
16
-256
-1797
-1591
-894
-1797
-1466
-1162
-1544
-894
-380
-1272
-1989
-1481
-1433
-1365
-869
-428
246
1014
1305
1182
1163
1738
2411
2680
2738
3352
3714
3480
3034
2662
2459
2845
3594
3683
4234
5148
5623
5452
5279
4978
5159
5589
6600
6894
7012
6905
6725
6174
5365
4541
4304
4711
5362
5706
5535
5311
5675
5451
4923
3440
551
-2164
-5322
-6636
-4853
-3140
-2801
-1508
-1281
-2428
-3196
-4954
-6874
-4789
-2466
-1762
-557
146
-1278
-2034
-3307
-5169
-4896
-3599
-3153
-2154
-1698
-2888
-3825
-4826
-6380
-6617
-5705
-4575
-2765
-1171
-755
-488
-455
-1344
-1912
-1722
-1332
-528
244
142
-368
-1103
-2535
-3822
-4571
-4719
-3679
-2356
-1770
-981
-722
-1241
-1592
-1842
-2349
-1919
-1068
-965
-740
-274
-736
-1306
-1652
-2154
-2234
-1702
-1394
-1339
-1038
-1039
-1269
-1371
-1431
-1070
-420
236
896
1527
2042
2297
2331
2171
2137
2451
2690
2860
3148
3164
2829
2888
2921
3130
3458
3764
4603
5653
6235
6157
6123
6055
6267
6395
5944
6354
7053
7068
6771
5355
4053
4127
4117
3899
4260
4913
5838
6735
5845
4795
2866
197
-2140
-5066
-6315
-3692
-1787
-2137
-1423
-1964
-3858
-4079
-5310
-7097
-4395
-1461
-1251
-303
-41
-2283
-3016
-3676
-5430
-4647
-2671
-2375
-1416
-1180
-3157
-4407
-5079
-6575
-6541
-5206
-4130
-2386
-909
-1184
-1347
-1290
-2115
-2297
-1561
-914
89
943
446
-353
-1149
-2422
-3601
-4133
-3936
-3571
-2376
-1159
-1310
-1497
-1622
-2221
-2770
-2634
-2458
-2052
-830
-336
-755
-779
-1016
-1734
-2021
-1667
-1511
-1096
-604
-723
-1050
-1292
-1420
-1408
-1122
-605
89
654
1069
1411
1440
1623
2189
2319
2418
2854
3160
2986
2783
2717
2769
3169
3625
3719
4235
5144
5736
5184
5097
5576
5896
6761
7292
7013
6855
6997
5854
5736
5785
4928
4176
4844
4671
4462
4541
4104
4860
5988
5906
4291
2162
-872
-4871
-6758
-4831
-3270
-2436
-1538
-1549
-2733
-3269
-5367
-7292
-5152
-2443
-1658
-315
111
-1575
-2702
-3844
-5559
-5027
-3420
-2565
-1260
-768
-2332
-3636
-4778
-6431
-6714
-5616
-4370
-2518
-953
-956
-1184
-1354
-2208
-2541
-1771
-834
334
1266
997
198
-777
-2131
-3521
-4044
-3898
-2847
-2121
-1690
-1029
-1198
-1846
-2253
-3010
-3039
-1941
-1355
-1336
-658
-492
-1198
-1365
-1843
-2366
-1881
-1205
-1120
-789
-642
-970
-1353
-1532
-1832
-1563
-959
-355
169
460
751
1223
1442
1660
2000
2420
2710
3063
3199
2714
2678
2707
2584
2900
3613
4087
4360
4807
5230
5237
5589
5585
5450
6067
7024
6825
6161
6350
6232
6951
6758
4623
3559
4362
4616
5370
5367
5049
5853
6787
5486
3179
612
-1169
-3685
-5545
-4478
-2439
-2096
-1765
-2306
-4208
-4308
-4212
-5771
-4501
-1493
-1055
-829
-716
-2680
-3978
-3944
-4798
-4212
-2439
-1950
-1661
-1514
-3553
-5167
-5625
-6341
-6087
-4501
-3639
-2539
-1251
-1549
-2264
-2016
-1997
-1666
-490
176
617
1053
424
-657
-1473
-2350
-2565
-2144
-2819
-2986
-1947
-1975
-2101
-1703
-2369
-2575
-1551
-1875
-2706
-1670
-1263
-1590
-1182
-1210
-1794
-1502
-1417
-1825
-1486
-917
-982
-1023
-1301
-1573
-1631
-1486
-1400
-1111
-864
-460
188
564
899
1542
1966
2253
2572
2549
2364
2591
2680
2418
2714
3133
3349
3749
3961
4020
4112
4653
4798
5116
5570
6091
6126
6080
6597
6390
6018
6199
6126
5879
5638
5507
4991
4677
4837
4897
5376
5531
5965
6046
5637
3000
388
-1976
-5405
-6023
-3166
-2244
-2271
-1442
-2916
-4486
-3910
-5442
-6688
-3398
-1055
-1218
-814
-1566
-3453
-3435
-4112
-4727
-3028
-1847
-1804
-1271
-2638
-5029
-5475
-6038
-6759
-5227
-3944
-3472
-1915
-1419
-2596
-2555
-2040
-2070
-1081
69
397
917
897
-115
-1004
-1616
-2101
-1653
-1505
-1669
-2209
-2145
-2358
-2775
-2149
-2047
-1983
-1351
-1337
-2047
-1896
-1455
-1742
-1452
-605
-875
-873
-662
-899
-1428
-1308
-1422
-1464
-1577
-1817
-2124
-2045
-1707
-1433
-1249
-962
-176
557
762
1219
1724
1949
2059
2199
2003
2000
2338
2609
2704
2997
3071
3062
3294
3620
3889
4565
5406
5628
5354
5618
6008
6172
5623
5330
5476
6668
7027
6433
5658
5974
5386
4169
4302
4345
4419
5367
5796
5471
6282
5428
1904
-9
-311
-3380
-4476
-2374
-1459
-1774
-1876
-4242
-5876
-5017
-5123
-5593
-3488
-1610
-1324
-1406
-2702
-3808
-3708
-3930
-3282
-1665
-1726
-2113
-1800
-3376
-5412
-5431
-5614
-5547
-3867
-3135
-3561
-2864
-2678
-3472
-3192
-2355
-1687
-551
329
420
329
12
-518
-709
-943
-1123
-782
-733
-1495
-2093
-2532
-2651
-2383
-2312
-2318
-2149
-2101
-2190
-2319
-2473
-2103
-1520
-1306
-1081
-734
-1058
-1314
-1119
-1256
-1500
-1095
-942
-1233
-1437
-1599
-1874
-1699
-1209
-819
-542
34
644
688
662
862
1161
1527
2146
2662
2728
2915
3272
3045
2854
2896
3252
3751
4200
4418
4442
4937
5508
5472
5259
5283
5544
6161
6421
6507
6653
6349
6322
6020
5101
4449
4645
4792
5057
5518
5209
4590
4465
4526
4462
2958
909
62
-1715
-4465
-3893
-2502
-2995
-3240
-3670
-5557
-5210
-3859
-4782
-4719
-2207
-1546
-2371
-2666
-3083
-3770
-3387
-2492
-2082
-2393
-2303
-2256
-3343
-4579
-4703
-4930
-4945
-3822
-3537
-4235
-3758
-3155
-3420
-3045
-2041
-1567
-900
-114
-97
-292
-298
-286
-288
-362
-565
-541
-908
-1073
-1610
-2907
-2507
-1910
-1932
-1980
-1820
-1885
-1963
-2092
-2452
-2305
-927
-855
-1148
-952
-849
-1209
-1140
-1071
-1110
-1009
-657
-1082
-1567
-1610
-1698
-1736
-1283
-812
-891
-666
-155
-75
34
587
1245
1683
2142
2432
2333
2506
2881
3066
3032
3133
3370
3421
3854
4188
4215
4405
4964
5256
5457
5700
5744
5518
5539
5526
5516
5975
6305
6280
5480
5048
4615
4745
4706
4789
4802
4797
4997
4934
4824
3780
2010
584
615
-1166
-4068
-3830
-1845
-2202
-3399
-4560
-6017
-5431
-3345
-3935
-4798
-2958
-2145
-3348
-3298
-2945
-3747
-3004
-1242
-1351
-2613
-2802
-2955
-3604
-3810
-3798
-4405
-4433
-3662
-3621
-4419
-4294
-3546
-3074
-2503
-1633
-1533
-1504
-845
-357
-519
-430
-79
35
-63
-124
-525
-889
-1188
-1913
-1435
-1273
-1957
-2092
-1831
-2120
-1987
-1940
-2561
-2495
-1084
-1247
-2069
-1298
-650
-1025
-718
-478
-1126
-1108
-328
-739
-1561
-1171
-1135
-1573
-1428
-1241
-1555
-1039
-201
-316
-418
447
1042
1263
1460
1639
1885
2559
2968
2943
3128
3342
3508
3548
3430
3538
3825
4286
4444
4704
4707
5060
5583
5322
4809
5096
6304
6699
6276
5575
4731
5054
5866
5504
4621
4904
5638
4913
4199
3824
3887
5049
5147
2197
140
-118
-2538
-4263
-1949
-933
-2848
-3560
-5101
-7328
-5350
-3170
-4512
-4047
-1924
-3426
-4882
-3534
-3367
-3515
-1442
-685
-2404
-3302
-3301
-3740
-3505
-2899
-3146
-3903
-4172
-4232
-4578
-4671
-3725
-2722
-2534
-2399
-2168
-2443
-2164
-1118
-430
-308
79
154
-149
-221
38
-80
52
-389
-1273
-1100
-1113
-1569
-1832
-1618
-1830
-1733
-1771
-2583
-2775
-1679
-1502
-1738
-1130
-846
-1310
-971
-608
-1128
-990
-258
-539
-1165
-995
-1228
-1510
-1046
-641
-960
-838
-442
-441
-197
582
959
1068
1462
1710
1843
2218
2787
3006
3261
3404
3315
3390
3714
3949
4095
4253
4598
4485
4727
5313
5601
5228
5111
5562
5443
5279
6143
5962
5371
5574
4982
4335
4845
5741
4804
4778
5157
4571
4278
4752
2715
419
769
127
-2983
-2702
-1066
-2756
-4376
-4471
-6338
-6387
-3609
-3624
-5324
-4178
-3615
-4923
-3933
-2291
-2950
-2866
-1611
-2074
-3312
-3162
-2702
-2823
-2774
-2871
-3758
-4610
-4267
-3593
-3571
-3470
-3055
-3282
-3531
-2883
-2382
-2267
-1494
-666
-593
-599
-281
-125
159
464
307
-25
-16
148
-172
-483
-579
-950
-1509
-1427
-1589
-1865
-1734
-1672
-2191
-1867
-1273
-1353
-1223
-743
-983
-1058
-383
-337
-734
-574
-505
-978
-908
-713
-1124
-1267
-860
-869
-1054
-876
-552
-376
15
283
270
461
1221
1682
1727
2037
2313
2448
2865
3164
3057
3064
3291
3474
3607
3772
3823
4122
4504
4805
4573
4493
4928
5528
6077
5808
5142
4960
5239
5405
5163
5250
5241
5026
4660
4288
4306
4774
5349
5050
2959
936
1230
1637
-807
-2036
-1179
-1750
-3509
-4238
-5831
-6238
-3356
-2309
-4565
-5244
-4815
-5297
-4177
-2047
-2648
-3867
-3138
-2644
-3124
-3085
-2616
-2784
-3060
-2989
-3474
-4338
-4124
-3006
-2810
-3499
-3924
-4250
-4100
-2868
-1752
-1880
-2129
-1872
-1565
-1231
-677
-264
-4
248
481
385
125
148
92
207
267
-291
-982
-1279
-1436
-1133
-756
-1007
-1791
-2014
-2117
-1894
-1156
-722
-1389
-1714
-1481
-1272
-938
-392
-606
-930
-939
-966
-1168
-916
-379
-268
-406
-614
-746
-602
118
762
919
1002
1229
1381
1634
2126
2483
2553
2666
2813
2927
3177
3477
3855
4100
4167
4054
4234
4921
5124
4980
5168
5127
5500
5599
5155
4874
5138
5360
5030
5102
4766
4627
4333
4463
4354
4274
4284
4612
3687
1618
1140
1479
-571
-1455
-61
-1288
-4130
-4397
-4675
-5307
-3195
-2595
-5478
-6260
-4952
-5015
-4316
-2465
-2996
-4388
-3681
-2943
-3106
-2878
-2261
-2365
-3125
-3527
-3386
-3355
-3190
-2494
-2736
-3940
-4165
-3480
-3020
-2339
-1833
-2331
-2925
-2518
-1747
-1189
-665
-374
-403
-495
-431
295
886
830
653
317
-222
-262
205
245
-102
-321
-949
-1670
-1556
-866
-758
-1138
-1467
-1848
-1880
-1189
-586
-734
-1073
-1267
-1510
-1424
-794
-515
-741
-866
-950
-1140
-769
-146
87
162
121
39
234
941
1464
1490
1568
1367
1376
1969
2458
2500
2592
2625
2491
2788
3305
3511
3802
4118
3812
3859
4337
4572
4690
5206
5023
4573
4823
5242
5178
5126
4633
4015
4198
4686
4741
4289
3803
3658
3851
4002
3581
2655
1761
1974
1598
-617
-1678
-744
-1190
-2972
-3619
-4347
-4756
-3441
-2960
-4810
-5527
-4982
-4644
-3870
-2878
-3597
-4332
-3586
-2908
-2969
-3013
-3009
-3161
-3258
-3148
-3064
-3131
-3068
-2580
-2590
-3338
-3445
-2964
-2573
-2283
-2162
-2527
-2659
-1931
-1255
-1179
-1169
-1065
-810
-305
350
633
352
427
772
435
-42
78
323
350
162
-255
-754
-469
-250
-626
-1180
-1225
-1125
-1048
-1048
-1276
-1526
-1338
-1031
-1086
-1452
-1528
-1348
-1122
-864
-842
-946
-798
-432
-303
-254
-53
171
454
702
771
724
832
1293
1523
1576
1518
1687
2097
2532
2670
2611
2814
3223
3531
3604
3578
3523
4232
4983
4931
4314
4088
4119
4992
5707
4991
3910
4094
4527
4776
5032
4473
3509
3528
4288
4144
4088
4200
3020
1934
2570
2663
358
-931
-299
-532
-1915
-2741
-3691
-4292
-3072
-2461
-4293
-5549
-5086
-4472
-3828
-3206
-4002
-5083
-4337
-3154
-3058
-3445
-3475
-3405
-3417
-3141
-3006
-3232
-3236
-2738
-2636
-3242
-3297
-2762
-2457
-2271
-2227
-2639
-2804
-2144
-1576
-1563
-1521
-1348
-1112
-583
-119
-26
71
260
356
503
651
679
569
578
520
437
326
445
343
-110
-241
-293
-422
-447
-401
-752
-949
-758
-687
-863
-858
-998
-1139
-1000
-698
-825
-703
-489
-445
-335
-129
-85
-3
400
616
458
461
577
825
1249
1509
1527
1337
1573
1809
2128
2359
2378
2428
2707
3137
3189
3489
3778
3674
3704
3933
4102
4411
4614
4465
4106
4211
4332
4354
4452
4144
3659
3658
4023
4015
3859
3851
3568
3083
2485
2473
2814
2085
-200
-1222
-270
-125
-1752
-2863
-3690
-3887
-2958
-2723
-4228
-5237
-4784
-4264
-3807
-3444
-4049
-4305
-4401
-4369
-2919
-1908
-3159
-4439
-3983
-3199
-2313
-2162
-3304
-3515
-2732
-2709
-2652
-2217
-2579
-2926
-2335
-2289
-2699
-2239
-1730
-1729
-1536
-1520
-1459
-791
-181
62
224
45
-195
348
952
892
748
598
330
505
853
884
682
262
-245
-217
75
100
16
-255
-713
-875
-557
-521
-712
-807
-1040
-1229
-990
-541
-566
-620
-543
-537
-390
52
210
89
19
263
606
1087
1190
1032
961
1157
1556
1909
2078
1942
2123
2481
2792
3089
3107
3053
3222
3521
3730
4063
4150
4045
3916
4121
4289
4461
4126
3755
3730
4321
4341
3747
3210
3249
3893
4432
3959
2766
2102
2626
3098
2472
452
-1021
-489
367
-563
-2430
-3477
-3601
-2862
-2368
-3542
-5024
-5112
-4262
-3719
-3742
-4201
-4694
-4170
-3436
-3419
-3772
-3725
-3464
-3246
-3097
-3122
-3724
-3070
-1825
-2483
-3334
-3267
-2732
-2065
-1925
-2393
-2756
-2611
-1816
-1477
-1808
-1766
-1615
-1215
-597
-281
-164
-289
-8
386
566
611
698
568
600
1013
1045
641
353
557
533
350
121
-83
-142
24
-62
-432
-704
-556
-672
-781
-840
-994
-1005
-792
-585
-871
-928
-654
-353
-117
-210
-316
-197
323
723
550
464
569
909
1272
1451
1417
1453
1891
2113
2253
2495
2689
2752
2948
3280
3245
3432
3643
3722
3736
3841
3750
3785
4172
4237
3759
3478
3519
3727
3960
4047
3391
2949
3207
3604
3691
3562
2615
1859
2340
2990
2390
641
-859
-721
405
-270
-2242
-3209
-3219
-2782
-2399
-3198
-4745
-4979
-3918
-3456
-3675
-4093
-4570
-4151
-3354
-3220
-3575
-3600
-3322
-3201
-3028
-3023
-3058
-2743
-2451
-2379
-2606
-2628
-2266
-1921
-1934
-2184
-2339
-2174
-1802
-1509
-1569
-1775
-1594
-1188
-799
-605
-445
-354
-202
224
474
463
385
365
433
539
562
440
372
511
446
318
108
23
82
71
-147
-486
-471
-388
-419
-528
-789
-997
-964
-659
-649
-783
-715
-620
-413
-117
-132
-207
-107
241
333
469
537
576
684
1069
1411
1365
1261
1527
1875
2301
2455
2402
2592
2849
3035
3125
3189
3250
3544
3752
3681
3666
3916
4005
3916
3722
3641
3712
3848
3746
3340
3348
3672
3737
3491
3321
3069
2528
2657
2936
2413
1274
132
-115
361
330
-1340
-2837
-2974
-2480
-2153
-2595
-3964
-4761
-4261
-3420
-3408
-3822
-4273
-4258
-3595
-3159
-3291
-3496
-3493
-3372
-3145
-2929
-2889
-2805
-2581
-2469
-2529
-2533
-2302
-2032
-2007
-2211
-2291
-2217
-1975
-1789
-1850
-2006
-1932
-1504
-1128
-822
-657
-510
-383
7
328
306
227
417
571
765
684
471
396
731
758
277
-2
76
237
227
-70
-536
-690
-497
-400
-600
-792
-922
-912
-782
-641
-792
-746
-609
-412
-427
-348
-220
6
287
360
266
389
658
906
1034
1186
1234
1478
1891
2126
2153
2209
2469
2723
3019
3078
3147
3330
3624
3615
3459
3608
3734
3821
3707
3595
3528
3753
3826
3652
3418
3145
3214
3467
3556
3191
3106
3072
2705
2457
2508
2286
1228
176
-13
327
170
-1239
-2507
-2773
-2416
-2161
-2792
-3945
-4577
-4194
-3449
-3342
-3815
-4351
-4300
-3702
-3265
-3263
-3463
-3477
-3271
-3024
-2750
-2665
-2642
-2491
-2372
-2297
-2208
-2008
-1861
-1936
-1978
-1954
-1903
-1803
-1752
-1740
-1821
-1683
-1304
-1037
-874
-790
-578
-364
17
289
293
188
225
433
661
542
382
410
585
532
385
149
25
119
141
11
-338
-431
-353
-314
-399
-655
-873
-885
-760
-684
-875
-891
-819
-562
-413
-500
-438
-285
-95
-18
58
342
596
694
681
812
1149
1459
1786
1720
1611
1907
2499
2993
2936
2629
2412
2807
3572
3862
3447
3101
3071
3554
4026
4137
3362
2966
3279
3697
3757
3622
3136
2957
3139
3422
3049
3032
2997
2661
2337
2538
2453
1835
1185
221
-311
288
274
-1426
-2619
-2531
-2215
-2138
-2513
-3841
-4465
-3880
-3129
-3166
-3536
-4079
-4160
-3532
-3095
-3267
-3469
-3484
-3285
-3016
-2764
-2721
-2689
-2581
-2439
-2256
-2187
-2010
-1887
-1965
-2142
-2097
-1879
-1699
-1713
-1831
-1778
-1458
-1045
-801
-728
-745
-609
-234
228
358
233
194
134
335
727
619
185
179
421
503
464
159
-191
-184
86
144
-179
-388
-522
-575
-435
-428
-788
-1021
-1030
-865
-739
-576
-712
-896
-768
-492
-276
-233
-174
-181
-96
291
441
492
643
822
958
1134
1436
1624
1757
1983
1994
2324
2666
2751
2828
2847
3039
3236
3484
3426
3332
3501
3808
3802
3596
3171
3357
3868
3940
3470
3022
3224
3434
3742
3533
3168
2656
2526
2791
3079
2441
1614
863
326
333
587
-5
-1696
-2546
-2335
-1902
-1830
-2616
-3892
-4273
-3696
-3134
-3272
-3658
-4194
-4194
-3519
-3034
-3232
-3503
-3506
-3299
-3033
-2608
-2501
-2660
-2641
-2440
-2203
-2044
-1975
-2012
-2170
-2126
-1890
-1696
-1674
-1849
-1872
-1742
-1347
-1026
-966
-873
-742
-544
-226
73
25
-69
51
240
400
478
394
108
142
385
380
204
86
-67
-114
8
-141
-422
-542
-593
-637
-674
-694
-890
-1006
-949
-896
-794
-806
-799
-790
-618
-341
-260
-293
-259
-51
215
428
532
485
652
1037
1338
1421
1391
1567
1951
2237
2422
2404
2492
2706
2895
3072
3089
3295
3256
3414
3394
3547
3746
3845
3612
3367
3568
3827
3745
3568
3331
3192
3303
3472
3431
3302
2925
2503
2390
2633
2341
1432
695
250
300
504
-227
-1902
-2625
-2233
-1874
-2216
-2997
-3977
-4036
-3393
-2961
-3285
-3807
-4104
-3868
-3282
-2920
-3192
-3438
-3360
-3088
-2815
-2595
-2535
-2627
-2572
-2265
-2039
-1989
-1935
-2021
-2133
-1996
-1693
-1670
-1805
-1804
-1672
-1424
-1109
-907
-873
-813
-577
-266
-21
138
107
-2
166
415
483
398
251
78
263
559
372
-62
-233
-134
7
43
-230
-631
-718
-484
-428
-687
-932
-1031
-954
-811
-758
-924
-932
-770
-590
-559
-435
-410
-302
-130
38
140
269
457
581
749
959
1166
1267
1427
1721
1876
1945
2169
2264
2498
2696
2822
2789
3036
3145
3119
3297
3525
3516
3470
3304
3421
3632
3743
3439
3151
3203
3371
3604
3299
2850
2759
3066
3342
2944
2322
2135
2276
2171
1524
983
365
0
106
-144
-1348
-2252
-2234
-1974
-2141
-2639
-3488
-3800
-3399
-3090
-3210
-3545
-3846
-3839
-3383
-3029
-3172
-3424
-3297
-3051
-2900
-2739
-2581
-2591
-2545
-2291
-2083
-2088
-2042
-1955
-1975
-1898
-1735
-1582
-1561
-1574
-1451
-1282
-1077
-884
-746
-717
-597
-388
-133
-24
-2
-109
-7
114
163
132
28
-43
30
217
71
-152
-246
-172
-108
-120
-282
-530
-615
-472
-447
-579
-797
-909
-786
-631
-630
-749
-757
-638
-427
-305
-314
-322
-255
-18
153
247
281
319
448
570
935
1167
1183
1274
1509
1845
2031
2148
2231
2359
2521
2695
2974
3033
2845
2977
3234
3451
3530
3359
3210
3533
3660
3545
3374
3418
3256
3383
3323
3092
3061
3112
3103
2857
2501
2297
2327
2258
1916
1070
712
596
351
-136
-493
-1131
-2073
-2230
-1989
-2199
-2679
-3210
-3511
-3377
-3090
-3110
-3435
-3594
-3676
-3421
-2980
-2943
-3212
-3269
-3074
-2811
-2707
-2577
-2550
-2566
-2377
-2050
-1924
-1994
-2005
-1899
-1899
-1701
-1530
-1545
-1564
-1459
-1231
-1025
-890
-874
-846
-694
-456
-315
-222
-246
-164
10
70
2
-193
-202
-112
-34
8
-185
-419
-473
-330
-209
-374
-645
-800
-723
-480
-428
-555
-860
-838
-611
-434
-552
-721
-719
-448
-237
-117
-216
-309
-143
149
425
330
228
353
702
1035
1043
1007
1121
1376
1707
1851
1875
1909
2088
2467
2598
2655
2709
2703
2859
3103
3300
3182
3092
3156
3387
3630
3563
3262
3170
3300
3511
3416
3196
3166
3067
3107
3121
2956
2569
2429
2358
2383
2118
1556
860
639
460
112
-201
-664
-1604
-2258
-2128
-1968
-2280
-2824
-3414
-3570
-3198
-2947
-3067
-3478
-3697
-3588
-3128
-2865
-2998
-3228
-3126
-2842
-2618
-2531
-2541
-2597
-2500
-2172
-1909
-1986
-2053
-2018
-1971
-1825
-1646
-1597
-1643
-1653
-1572
-1389
-1169
-1003
-956
-882
-798
-584
-375
-220
-228
-173
-83
49
-22
-35
42
-9
-125
-69
-64
-154
-137
-196
-316
-255
-222
-350
-434
-462
-482
-455
-424
-470
-511
-502
-535
-618
-513
-439
-387
-417
-332
-262
-150
-21
141
118
259
382
612
740
971
1170
1221
1396
1546
1792
1910
1968
2129
2277
2385
2472
2599
2735
2732
2762
2776
3002
3182
3081
3052
3015
3041
3335
3335
2972
2845
2997
3117
2939
2933
2707
2686
2728
2739
2484
2277
1990
2018
2016
1703
1066
663
550
380
127
-564
-1043
-1166
-1406
-1933
-2287
-2521
-2579
-2636
-2766
-3197
-3257
-3112
-3036
-3040
-3135
-3309
-3208
-2949
-2750
-2801
-2784
-2714
-2644
-2505
-2355
-2278
-2241
-2118
-1932
-1885
-1888
-1829
-1844
-1732
-1656
-1570
-1519
-1431
-1361
-1251
-1107
-1024
-976
-790
-754
-694
-589
-523
-489
-434
-431
-468
-453
-422
-411
-351
-417
-426
-364
-342
-321
-349
-393
-365
-399
-438
-407
-375
-370
-421
-399
-423
-361
-330
-246
-222
-175
-114
46
198
304
325
383
477
635
957
1001
992
1045
1289
1617
1744
1839
1744
1897
2173
2461
2480
2416
2384
2573
2906
3019
2810
2743
3019
3092
3096
3137
3030
2977
3169
3168
3010
2958
2917
2735
2614
2647
2640
2573
2347
2335
2177
1976
1912
1821
1583
1249
878
589
425
204
-387
-810
-981
-1349
-1950
-2262
-2325
-2422
-2577
-2789
-3180
-3295
-3077
-2983
-3070
-3217
-3266
-3187
-2945
-2793
-2867
-2899
-2739
-2565
-2428
-2327
-2257
-2194
-2012
-1812
-1746
-1763
-1721
-1677
-1624
-1540
-1432
-1405
-1424
-1387
-1255
-1175
-1112
-1077
-996
-976
-870
-712
-648
-645
-643
-619
-524
-473
-509
-570
-490
-405
-347
-264
-323
-383
-365
-255
-141
-242
-340
-358
-345
-277
-193
-234
-349
-317
-218
-143
-69
-3
45
132
251
330
398
532
624
723
833
929
985
1147
1337
1428
1476
1557
1652
1812
2066
2192
2110
2170
2439
2585
2734
2601
2607
2861
3179
3152
3114
2966
2915
3143
3402
3118
2814
2748
2704
2852
2828
2541
2162
2052
2194
2252
2264
1971
1575
1447
1617
1667
1164
642
321
120
162
-10
-727
-1229
-1371
-1650
-1932
-1968
-2216
-2523
-2625
-2791
-2919
-2855
-2872
-2982
-3071
-3119
-3044
-2881
-2793
-2859
-2865
-2694
-2507
-2389
-2381
-2311
-2184
-2067
-1885
-1816
-1910
-1869
-1800
-1713
-1626
-1614
-1667
-1645
-1473
-1360
-1332
-1287
-1265
-1128
-980
-914
-891
-841
-746
-669
-536
-565
-560
-572
-406
-386
-388
-362
-305
-243
-272
-247
-287
-273
-187
-183
-246
-235
-238
-174
-80
-71
-116
-109
-12
21
117
218
282
388
404
449
518
692
865
902
921
984
1189
1380
1404
1447
1530
1718
1939
1951
1960
2045
2323
2425
2390
2321
2405
2564
2776
2717
2540
2596
2783
2830
2796
2615
2390
2520
2729
2670
2410
2166
2141
2396
2427
2338
2016
1811
1916
2043
1916
1718
1465
1239
1020
885
618
321
68
-376
-789
-911
-1101
-1649
-2033
-2164
-2248
-2303
-2431
-2793
-2942
-2891
-2759
-2736
-2841
-2984
-2990
-2791
-2565
-2511
-2541
-2530
-2404
-2281
-2124
-2041
-2084
-2047
-1911
-1814
-1824
-1818
-1829
-1851
-1775
-1704
-1698
-1697
-1720
-1669
-1546
-1435
-1384
-1364
-1267
-1117
-1043
-985
-901
-819
-648
-558
-572
-666
-592
-398
-288
-262
-289
-311
-190
-19
23
-95
-131
-108
-28
93
67
1
12
121
158
189
227
243
280
380
466
533
562
601
691
797
910
1017
1061
1065
1229
1397
1592
1648
1684
1735
1902
2094
2238
2288
2208
2298
2473
2669
2634
2567
2387
2550
2822
2855
2678
2423
2452
2600
2740
2484
2126
2085
2162
2220
2148
1836
1664
1757
1943
1853
1569
1346
1313
1485
1465
1103
664
411
364
317
143
-342
-851
-1043
-1108
-1383
-1705
-2009
-2140
-2201
-2259
-2461
-2684
-2714
-2668
-2625
-2640
-2759
-2801
-2665
-2487
-2404
-2433
-2421
-2350
-2256
-2095
-2018
-2031
-1998
-1924
-1847
-1851
-1862
-1856
-1860
-1799
-1761
-1749
-1722
-1711
-1627
-1538
-1479
-1412
-1311
-1205
-1132
-1084
-987
-852
-761
-711
-644
-639
-572
-479
-383
-322
-278
-232
-223
-160
-54
-8
42
18
3
-6
42
110
136
171
147
137
195
302
389
442
482
530
576
705
771
927
974
1053
1094
1181
1357
1421
1505
1555
1637
1748
1893
1936
2015
2101
2181
2274
2330
2294
2329
2448
2478
2438
2422
2417
2476
2527
2490
2351
2299
2263
2285
2292
2212
2072
2020
2060
2031
1975
1878
1830
1765
1721
1635
1503
1324
1131
894
680
458
271
-26
-383
-663
-970
-1225
-1465
-1690
-1923
-2080
-2200
-2334
-2447
-2509
-2610
-2657
-2683
-2719
-2728
-2700
-2641
-2609
-2574
-2494
-2466
-2431
-2338
-2249
-2192
-2165
-2093
-2067
-2047
-2009
-2001
-1987
-1946
-1890
-1844
-1799
-1753
-1676
-1560
-1471
-1388
-1308
-1210
-1135
-1061
-962
-832
-775
-722
-664
-644
-584
-500
-406
-352
-308
-256
-221
-135
-46
-8
25
3
8
81
131
169
196
237
279
317
357
423
501
578
629
665
717
799
875
910
943
967
1038
1111
1172
1213
1242
1308
1381
1457
1562
1608
1665
1742
1793
1871
1900
1916
1951
1973
2006
2047
2101
2098
2123
2155
2112
2161
2153
2169
2166
2108
2123
2106
2089
2040
1967
1934
1924
1917
1906
1845
1806
1687
1574
1439
1209
1046
883
715
531
277
-21
-334
-603
-870
-1087
-1252
-1485
-1670
-1842
-1997
-2105
-2194
-2289
-2415
-2521
-2583
-2635
-2628
-2625
-2612
-2593
-2638
-2643
-2606
-2547
-2460
-2421
-2381
-2372
-2338
-2275
-2228
-2196
-2186
-2169
-2105
-2032
-1930
-1833
-1759
-1718
-1647
-1540
-1434
-1293
-1176
-1115
-1026
-961
-844
-692
-648
-566
-494
-416
-298
-217
-121
-19
13
58
134
211
291
329
340
369
382
438
510
524
565
579
590
646
682
722
755
766
787
837
848
860
894
932
1006
1061
1092
1144
1188
1244
1335
1365
1451
1548
1629
1766
1847
1892
1953
1934
1992
2062
2162
2300
2308
2325
2289
2266
2300
2263
2235
2164
2079
2099
2074
2044
1977
1859
1825
1818
1813
1775
1678
1661
1625
1586
1440
1252
1063
920
831
677
464
231
-30
-252
-508
-779
-1005
-1226
-1385
-1562
-1784
-1958
-2134
-2239
-2347
-2471
-2576
-2693
-2758
-2779
-2784
-2774
-2773
-2762
-2730
-2700
-2677
-2647
-2586
-2512
-2452
-2389
-2353
-2321
-2246
-2174
-2087
-2016
-1949
-1879
-1799
-1724
-1629
-1520
-1415
-1316
-1216
-1101
-990
-890
-783
-695
-649
-587
-514
-414
-301
-216
-141
-64
-17
74
152
218
310
335
365
404
447
506
541
556
550
566
603
624
639
665
671
693
726
756
771
801
846
894
959
1010
1023
1048
1075
1163
1233
1280
1378
1421
1513
1583
1619
1720
1796
1863
1889
1890
1962
2023
2104
2131
2071
2084
2080
2137
2175
2108
2118
2056
2104
2153
2110
2082
1970
1954
1938
1910
1885
1813
1756
1724
1623
1487
1287
1114
975
823
699
477
239
7
-229
-420
-686
-964
-1227
-1457
-1586
-1746
-1927
-2118
-2308
-2417
-2507
-2600
-2708
-2808
-2837
-2838
-2820
-2810
-2855
-2863
-2842
-2805
-2741
-2728
-2669
-2606
-2535
-2432
-2382
-2326
-2292
-2227
-2116
-2018
-1944
-1859
-1782
-1667
-1550
-1440
-1351
-1287
-1176
-1070
-977
-886
-779
-673
-559
-471
-405
-324
-253
-157
-52
31
97
187
276
341
394
429
456
493
575
600
625
633
632
660
689
712
718
736
741
770
791
838
880
903
933
948
992
1039
1115
1186
1257
1292
1364
1428
1506
1593
1651
1691
1758
1805
1908
1948
1987
2039
2030
2099
2122
2160
2159
2120
2106
2116
2092
2077
2018
1953
1912
1885
1845
1798
1744
1691
1663
1590
1555
1514
1466
1443
1375
1235
1091
920
779
642
462
294
68
-135
-337
-543
-761
-1019
-1254
-1470
-1629
-1797
-1970
-2138
-2301
-2442
-2546
-2651
-2727
-2797
-2848
-2842
-2816
-2780
-2752
-2709
-2680
-2651
-2609
-2553
-2476
-2386
-2330
-2276
-2219
-2173
-2123
-2050
-1978
-1902
-1826
-1750
-1655
-1559
-1477
-1422
-1364
-1286
-1211
-1136
-1029
-965
-881
-746
-653
-537
-441
-335
-216
-132
-20
45
128
220
301
391
457
501
541
570
619
644
691
732
745
783
786
788
802
790
789
769
778
786
772
803
809
843
905
958
1009
1029
1107
1179
1271
1387
1456
1529
1592
1647
1723
1809
1900
1967
2022
2090
2114
2157
2205
2241
2261
2251
2205
2166
2129
2095
2039
1999
1987
1901
1816
1733
1654
1605
1573
1551
1509
1475
1433
1364
1284
1163
1041
897
747
580
418
217
51
-160
-389
-631
-909
-1163
-1410
-1601
-1778
-1929
-2092
-2276
-2466
-2632
-2738
-2807
-2875
-2930
-2980
-3022
-2996
-2944
-2902
-2881
-2833
-2785
-2750
-2674
-2579
-2481
-2389
-2306
-2233
-2160
-2090
-2006
-1916
-1806
-1717
-1624
-1504
-1425
-1322
-1231
-1159
-1091
-1015
-925
-796
-678
-573
-472
-392
-298
-193
-104
-19
69
128
223
301
348
425
483
525
544
555
583
613
668
717
726
752
760
745
751
755
763
747
739
732
731
753
782
832
866
911
938
995
1048
1121
1219
1285
1348
1394
1442
1519
1592
1659
1724
1758
1857
1921
1993
2072
2067
2089
2061
2084
2085
2085
2053
2027
1980
1902
1829
1734
1730
1702
1671
1595
1522
1415
1440
1424
1378
1291
1143
1089
1018
922
791
577
402
220
89
-50
-268
-468
-678
-864
-1042
-1259
-1488
-1698
-1869
-2007
-2168
-2297
-2441
-2552
-2633
-2676
-2724
-2798
-2798
-2779
-2766
-2721
-2687
-2668
-2622
-2550
-2476
-2449
-2384
-2305
-2228
-2130
-2070
-1981
-1902
-1807
-1727
-1655
-1565
-1466
-1357
-1254
-1171
-1141
-1075
-981
-876
-761
-693
-612
-523
-408
-267
-184
-96
-10
97
212
271
327
357
402
510
556
619
617
626
684
706
755
753
757
778
784
811
827
845
842
832
847
832
828
843
849
871
910
945
989
1013
1097
1133
1188
1236
1273
1354
1451
1522
1589
1621
1680
1758
1806
1879
1899
1927
1973
2024
2055
2086
2055
2039
2034
1993
2006
1903
1855
1822
1746
1720
1645
1569
1493
1457
1383
1364
1254
1181
1091
993
894
736
590
394
238
64
-88
-303
-509
-735
-934
-1120
-1293
-1501
-1714
-1907
-2047
-2141
-2268
-2389
-2526
-2623
-2652
-2679
-2722
-2762
-2777
-2755
-2696
-2644
-2602
-2563
-2503
-2438
-2364
-2304
-2251
-2170
-2070
-1978
-1905
-1829
-1739
-1651
-1546
-1450
-1369
-1266
-1175
-1062
-974
-900
-808
-708
-596
-507
-405
-326
-214
-101
-18
96
183
264
357
399
451
520
574
654
660
681
669
651
696
690
714
723
708
708
718
725
748
752
762
776
766
754
765
784
811
834
859
888
918
991
1012
1092
1152
1233
1297
1348
1392
1427
1508
1583
1647
1672
1668
1675
1734
1776
1811
1793
1776
1800
1855
1873
1825
1720
1624
1585
1584
1555
1499
1414
1371
1301
1255
1178
1113
1101
1071
1035
926
813
749
687
609
472
276
83
-57
-187
-303
-476
-641
-837
-997
-1139
-1325
-1479
-1643
-1783
-1908
-2023
-2148
-2266
-2344
-2407
-2460
-2506
-2535
-2544
-2505
-2471
-2431
-2391
-2359
-2307
-2242
-2178
-2132
-2081
-2010
-1944
-1848
-1769
-1700
-1625
-1556
-1460
-1360
-1286
-1218
-1167
-1081
-977
-913
-821
-787
-717
-649
-557
-427
-355
-255
-166
-81
21
96
174
240
294
369
435
498
530
552
601
647
692
714
722
760
757
798
797
807
807
795
813
796
780
765
760
782
821
809
826
841
895
971
1014
1057
1073
1111
1171
1223
1282
1349
1413
1497
1551
1585
1602
1668
1692
1746
1789
1779
1814
1784
1779
1748
1708
1666
1676
1612
1589
1492
1436
1365
1237
1184
1103
1094
1044
993
906
849
775
729
650
568
460
364
237
84
-39
-186
-284
-440
-598
-790
-972
-1093
-1222
-1353
-1515
-1671
-1826
-1933
-2023
-2102
-2194
-2276
-2343
-2401
-2430
-2461
-2471
-2466
-2443
-2410
-2376
-2326
-2268
-2205
-2147
-2082
-2027
-1979
-1914
-1841
-1763
-1687
-1606
-1513
-1431
-1337
-1242
-1147
-1045
-938
-854
-753
-689
-604
-481
-401
-311
-237
-140
-31
66
145
223
291
372
439
476
508
535
587
640
690
713
712
723
752
792
804
797
788
794
812
828
850
852
837
854
882
890
920
921
976
1004
1037
1078
1081
1121
1171
1239
1309
1345
1376
1415
1452
1484
1482
1470
1519
1571
1604
1623
1592
1569
1584
1565
1534
1501
1421
1396
1387
1336
1323
1252
1202
1192
1118
1087
1031
932
902
869
815
758
653
562
507
397
282
118
-27
-148
-240
-355
-522
-716
-908
-1027
-1159
-1256
-1386
-1541
-1682
-1799
-1911
-1991
-2052
-2113
-2156
-2214
-2237
-2259
-2247
-2222
-2192
-2173
-2157
-2135
-2106
-2061
-1999
-1952
-1910
-1845
-1787
-1728
-1653
-1600
-1533
-1457
-1388
-1304
-1241
-1153
-1056
-965
-882
-803
-716
-641
-551
-453
-357
-277
-179
-92
8
97
168
258
328
413
482
538
623
671
697
724
750
786
811
855
880
886
883
860
877
911
940
942
951
936
945
939
941
935
924
943
966
988
990
1026
1040
1097
1139
1193
1258
1298
1368
1420
1462
1488
1507
1503
1525
1529
1559
1544
1539
1495
1459
1453
1409
1395
1329
1249
1216
1134
1083
1018
923
857
776
686
645
569
513
406
354
280
213
173
76
8
-87
-169
-251
-372
-467
-561
-663
-739
-849
-956
-1050
-1142
-1201
-1278
-1344
-1418
-1509
-1561
-1628
-1666
-1718
-1767
-1800
-1841
-1850
-1855
-1850
-1838
-1829
-1814
-1799
-1798
-1763
-1723
-1685
-1649
-1634
-1595
-1553
-1490
-1436
-1395
-1332
-1276
-1197
-1134
-1057
-988
-921
-851
-786
-707
-638
-553
-484
-413
-334
-250
-160
-74
-8
67
148
207
285
336
407
466
509
570
594
634
675
726
786
813
837
861
890
916
911
921
928
931
950
946
962
978
984
999
984
1018
1060
1120
1191
1200
1217
1238
1274
1323
1358
1384
1397
1390
1387
1363
1378
1394
1362
1329
1302
1284
1288
1262
1219
1138
1081
1059
1006
971
878
820
790
730
679
583
524
475
422
408
347
281
226
171
128
72
-8
-51
-135
-201
-325
-426
-510
-601
-649
-736
-830
-947
-1049
-1129
-1196
-1266
-1334
-1440
-1495
-1547
-1602
-1652
-1712
-1725
-1743
-1757
-1749
-1785
-1789
-1794
-1784
-1755
-1743
-1732
-1688
-1655
-1625
-1617
-1585
-1548
-1499
-1441
-1395
-1327
-1283
-1205
-1120
-1046
-952
-869
-802
-713
-635
-540
-454
-378
-291
-226
-140
-48
31
113
178
229
282
350
420
475
523
545
570
601
633
674
706
723
725
723
748
787
818
841
861
854
866
902
927
941
932
910
938
989
1043
1079
1073
1086
1106
1155
1219
1247
1265
1276
1281
1285
1282
1271
1261
1250
1245
1227
1180
1135
1105
1062
1051
1011
958
896
845
780
754
725
672
633
573
491
463
425
408
388
335
300
216
177
149
108
56
9
-83
-142
-205
-261
-341
-425
-476
-540
-588
-688
-785
-877
-953
-993
-1077
-1147
-1226
-1310
-1345
-1401
-1468
-1517
-1559
-1581
-1593
-1618
-1622
-1652
-1656
-1653
-1658
-1643
-1633
-1616
-1615
-1599
-1583
-1569
-1520
-1486
-1445
-1402
-1363
-1297
-1242
-1185
-1120
-1070
-986
-916
-840
-766
-706
-614
-526
-434
-326
-222
-117
-36
39
121
202
300
388
463
524
575
640
698
767
804
830
865
884
933
986
1012
1046
1053
1060
1066
1071
1110
1125
1143
1153
1140
1152
1175
1207
1215
1212
1214
1224
1241
1243
1216
1204
1210
1226
1215
1180
1122
1108
1107
1118
1086
1032
972
931
903
832
762
689
660
643
586
517
433
369
335
313
273
227
165
127
108
77
54
-26
-66
-113
-150
-175
-222
-257
-307
-310
-344
-389
-456
-508
-556
-572
-616
-660
-721
-783
-814
-883
-929
-981
-995
-1012
-1056
-1077
-1132
-1154
-1143
-1138
-1164
-1210
-1250
-1260
-1255
-1250
-1261
-1271
-1286
-1308
-1318
-1318
-1292
-1263
-1241
-1218
-1221
-1203
-1153
-1112
-1063
-1033
-997
-941
-883
-815
-769
-709
-631
-565
-484
-408
-345
-251
-180
-108
-41
1
70
141
200
258
302
347
412
463
523
565
613
656
697
733
769
795
838
880
894
921
935
949
952
971
980
1006
1038
1062
1058
1050
1054
1057
1060
1082
1070
1043
1031
1014
998
969
956
937
914
900
846
806
756
705
671
653
625
605
576
539
475
402
383
348
326
317
274
244
221
170
151
144
133
129
107
81
29
1
-23
-35
-48
-100
-140
-196
-226
-236
-288
-322
-338
-383
-412
-456
-520
-569
-610
-613
-638
-682
-702
-749
-777
-804
-827
-845
-850
-848
-845
-847
-829
-809
-781
-781
-799
-825
-831
-805
-789
-772
-779
-788
-786
-790
-779
-769
-758
-746
-727
-696
-700
-700
-670
-655
-620
-586
-555
-502
-484
-439
-387
-341
-269
-222
-167
-116
-55
9
58
122
172
222
282
339
368
393
395
421
442
480
516
524
545
534
535
533
541
542
523
525
517
534
537
529
526
538
557
572
574
572
579
586
608
608
609
606
591
576
556
546
533
536
523
480
464
427
383
374
343
331
279
237
181
140
120
97
93
88
57
13
-38
-38
-25
6
24
11
-18
-109
-49
25
5
-64
-35
-11
58
-97
-90
-35
-66
-65
-155
-186
-172
-141
-216
-229
-272
-286
-331
-389
-378
-428
-378
-380
-427
-440
-469
-465
-481
-441
-466
-451
-426
-424
-438
-424
-434
-425
-370
-348
-338
-351
-307
-298
-261
-238
-227
-220
-195
-158
-173
-148
-150
-130
-94
-85
-104
-113
-88
-58
-23
-6
-21
-42
-8
36
58
80
101
129
139
152
135
129
154
174
202
230
225
236
225
216
191
183
199
211
228
214
198
189
208
221
236
222
210
198
197
221
212
206
184
165
142
121
142
147
124
89
29
24
31
25
-16
-25
-33
-46
-65
-115
-117
-130
-147
-174
-163
-148
-158
-201
-116
-147
-161
-151
-128
-97
-34
-24
-61
-67
-42
-20
-81
-86
-116
-121
-46
-44
-64
-91
-85
-102
-105
-76
-54
-37
-30
-62
-102
-117
-155
-133
-118
-125
-146
-154
-159
-173
-149
-130
-133
-138
-118
-111
-84
-74
-71
-78
-97
-88
-86
-51
-33
-14
19
21
28
58
76
94
109
138
163
190
200
174
144
137
170
184
205
201
190
193
199
200
200
206
218
237
247
264
253
268
246
206
193
196
227
246
268
260
219
195
177
185
195
212
219
224
216
188
143
115
90
61
76
61
47
19
1
-27
-70
-97
-124
-114
-108
-117
-135
-182
-223
-274
-306
-315
-317
-315
-308
-305
-312
-320
-343
-345
-346
-332
-310
-313
-299
-301
-304
-317
-329
-338
-341
-310
-305
-308
-312
-314
-305
-277
-285
-266
-246
-216
-201
-216
-223
-238
-236
-196
-185
-148
-160
-136
-139
-101
-109
-55
-95
27
-537
-1366
-542
350
338
-329
-770
-624
-400
89
21
-10
536
441
-50
-352
-273
129
421
353
423
537
394
32
-176
143
383
503
613
523
433
357
243
177
291
536
781
767
575
367
312
392
400
488
642
620
470
383
252
132
190
334
407
328
211
134
56
27
37
139
287
295
218
94
-38
-32
75
159
169
196
244
190
20
-56
-7
93
143
99
25
-53
-97
-124
-115
-109
-125
-109
-110
-155
-248
-272
-276
-277
-268
-295
-325
-336
-316
-338
-417
-453
-393
-327
-301
-339
-361
-326
-310
-323
-312
-297
-244
-208
-244
-276
-281
-229
-233
-282
-278
-219
-191
-203
-255
-292
-270
-231
-203
-206
-223
-223
-215
-234
-290
-288
-204
-146
-142
-183
-207
-184
-144
-136
-117
-56
11
23
-26
-24
45
116
121
95
92
118
139
155
148
149
164
190
202
158
141
189
249
256
234
222
240
253
234
226
232
260
284
254
222
228
263
315
326
311
300
306
296
283
273
283
