-37
-56
-79
-90
-92
-67
-57
-60
-57
-56
-63
-56
-50
-39
-35
-44
-40
-60
-70
-43
-29
7
-9
-30
-49
-78
-74
-77
-41
-41
-23
-23
-2
26
12
8
-3
-26
-43
-64
-59
-40
-12
21
25
22
10
14
20
38
61
86
98
102
106
79
46
25
20
62
74
78
67
21
18
-11
-21
-18
-4
4
-4
-16
-19
-14
11
21
14
7
-3
-6
8
30
20
11
11
33
24
20
29
34
38
30
6
12
24
38
47
21
-14
-47
-39
-24
-15
-1
-26
-22
-22
-37
-3
16
18
-5
-8
-36
-28
-10
-5
5
-13
-27
-5
24
47
28
-7
-38
-52
-11
17
27
26
-13
-56
-78
-88
-74
-68
-52
-51
-77
-97
-101
-74
-49
-23
-22
-45
-72
-100
-105
-95
-91
-86
-101
-109
-107
-92
-89
-106
-94
-113
-129
-124
-105
-97
-94
-125
-160
-174
-177
-134
-129
-127
-150
-163
-157
-139
-122
-104
-77
-70
-78
-94
-77
-72
-47
-17
-44
-65
-64
-62
-48
-42
-50
-47
-86
-108
-120
-103
-65
-74
-70
-110
-121
-102
-98
-79
-84
-71
-65
-75
-75
-71
-52
-51
-36
-19
-17
-23
-28
-22
-42
-48
-71
-68
-51
-49
-28
-22
-20
-21
-32
-36
-52
-44
-26
-11
10
-21
-27
-18
-4
11
32
60
65
49
37
47
57
79
82
91
53
44
82
106
132
124
82
45
46
84
116
152
151
116
114
110
102
109
133
131
121
107
94
111
120
124
111
88
95
107
128
120
109
71
62
119
143
148
121
63
39
14
27
39
36
44
47
57
32
31
24
38
55
43
33
5
18
17
10
15
7
30
63
67
31
7
-17
-24
19
38
36
33
-7
-35
-46
-43
-47
-43
-75
-101
-88
-88
-61
-39
-67
-73
-84
-96
-54
-53
-55
-71
-82
-79
-64
-41
-55
-84
-117
-117
-107
-112
-104
-112
-153
-142
-150
-138
-82
-53
-38
-31
-46
-73
-96
-89
-79
-19
-35
-58
-59
-83
-59
-60
-63
-94
-101
-89
-65
-30
-64
-105
-123
-155
-121
-62
-24
-16
-32
-56
-57
-65
-91
-67
-44
-2
0
-50
-101
-103
-68
-32
-9
-13
-17
-20
-27
-58
-49
-6
34
57
29
-3
-25
-17
34
57
69
74
50
40
28
19
10
25
49
62
71
57
69
46
10
-2
1
22
37
24
29
21
-18
-35
-37
-47
-31
14
21
-13
-21
-23
9
15
-21
-35
-37
6
11
27
10
-6
40
38
46
51
24
15
-22
-31
-24
4
0
34
30
7
-11
-42
18
3
-12
-20
-82
-61
-39
1
1
-31
-10
-45
-47
-71
-102
-52
-50
-48
-60
-81
-80
-58
-52
-44
-80
-84
-64
-82
-63
-79
-146
-169
-164
-139
-95
-84
-99
-123
-184
-224
-267
-247
-189
-142
-131
-147
-144
-205
-184
-138
-119
-86
-116
-78
-54
-49
-51
-80
-87
-71
-8
42
82
93
71
13
-42
-52
-22
40
103
102
49
5
-31
-58
-18
-21
-21
12
4
15
7
-15
-17
-11
-6
30
35
113
149
97
87
17
20
57
71
102
85
74
46
3
-6
-3
10
43
47
57
91
56
63
-12
-46
25
78
153
163
91
-15
-99
-105
-13
62
92
65
-11
-93
-100
-73
-8
82
82
98
62
23
51
35
37
48
80
72
54
65
56
86
39
39
42
28
58
51
52
47
0
-52
-78
-72
-42
8
42
4
-57
-125
-150
-114
-41
-21
-30
-57
-89
-61
-60
-27
-36
-106
-78
-129
-88
-44
-41
-14
-82
-114
-80
-24
95
146
103
93
-32
-61
-30
3
112
134
122
65
-64
-60
-26
45
116
56
-21
-68
-83
-37
-7
-66
-69
-53
-43
-23
-47
-28
-20
-39
-63
-84
-59
-7
28
64
9
-88
-93
-73
6
62
37
38
-28
-63
-59
-73
-38
-32
16
3
-95
-145
-231
-182
-126
-122
-98
-129
-164
-154
-161
-131
-111
-99
-88
-144
-132
-104
-83
-75
-122
-126
-110
-89
-39
-34
-29
-19
-104
-45
-48
-63
8
-49
-18
-51
-83
-50
-103
-85
-76
-109
-47
-69
-70
-99
-146
-38
-49
-14
-13
-67
-39
-79
-78
-60
-72
-16
10
8
37
30
59
90
74
74
52
91
133
118
157
117
84
82
31
91
146
155
168
132
75
66
120
184
228
181
96
62
70
155
190
159
151
138
137
212
192
173
149
92
118
90
101
125
125
107
31
-11
-23
-10
56
40
-24
-63
-88
-62
-13
-8
-24
-63
-51
-65
-50
-55
-99
-95
-95
-86
-57
-28
-11
-3
-52
-67
-16
21
76
98
78
16
-16
5
13
68
69
28
21
-37
-57
-84
-103
-55
-73
-63
-53
-106
-43
-105
-119
-94
-117
-75
-57
-54
-2
-31
-65
-110
-183
-117
-37
19
54
-12
-75
-64
-16
46
80
123
111
88
57
-4
47
59
111
160
96
62
-20
-31
76
121
215
179
98
-45
-50
18
56
203
144
15
-37
-134
-53
119
142
126
-36
-145
-123
-101
2
32
-65
-122
-210
-204
-93
-116
-48
-96
-210
-261
-258
-172
-100
-23
-129
-267
-345
-389
-247
-147
-115
-138
-318
-399
-415
-346
-215
-143
-138
-199
-261
-258
-208
-152
-105
-150
-175
-196
-165
-64
-57
28
-23
-59
-15
-29
77
134
148
145
35
-45
-35
21
119
139
95
81
3
4
61
82
148
124
126
117
129
163
208
252
261
290
225
249
293
292
399
354
337
325
277
361
377
390
414
338
282
234
182
234
242
240
223
151
95
57
22
45
40
48
36
-34
35
-42
-94
-112
-188
-168
-194
-237
-219
-169
-226
-355
-421
-484
-416
-288
-260
-306
-395
-556
-619
-594
-533
-447
-437
-476
-583
-667
-725
-712
-635
-563
-575
-634
-725
-774
-769
-789
-757
-700
-658
-650
-667
-684
-681
-627
-600
-596
-582
-568
-543
-456
-407
-361
-296
-290
-236
-220
-142
-72
-23
53
75
95
106
157
228
312
343
373
398
418
496
515
559
588
619
752
803
877
948
950
1002
1107
1131
1142
1179
1189
1264
1275
1242
1244
1240
1293
1271
1330
1305
1238
1166
1036
1077
1063
1094
1099
944
821
733
684
721
697
652
573
346
239
147
114
73
-94
-174
-299
-405
-419
-553
-640
-766
-920
-1016
-1211
-1267
-1372
-1437
-1486
-1658
-1744
-1808
-1865
-1791
-1788
-1824
-1820
-1893
-1888
-1938
-1903
-1801
-1748
-1664
-1653
-1668
-1642
-1677
-1629
-1573
-1578
-1534
-1540
-1496
-1461
-1432
-1373
-1324
-1229
-1138
-1010
-929
-849
-738
-638
-518
-383
-226
-35
160
329
506
656
801
958
1116
1270
1385
1518
1633
1715
1837
1856
1948
2034
2066
2192
2244
2293
2400
2376
2453
2463
2443
2611
2616
2787
2846
2789
2873
2786
2863
2893
2883
3028
3006
3004
2973
2827
2878
2801
2689
2677
2406
2266
1793
1182
769
325
230
-52
-590
-1060
-1708
-2119
-2326
-2576
-2661
-2883
-3141
-3349
-3585
-3668
-3721
-3596
-3425
-3363
-3212
-3194
-3152
-2975
-2887
-2757
-2685
-2634
-2455
-2287
-2091
-1982
-1900
-1824
-1759
-1627
-1499
-1396
-1266
-1188
-1136
-1110
-1125
-1062
-926
-724
-541
-452
-371
-307
-220
-94
69
211
303
428
484
557
660
694
806
878
854
837
883
918
991
971
791
762
654
634
695
614
565
471
362
264
132
49
-3
29
84
-52
-123
-202
-273
-142
-121
-51
51
29
148
179
225
368
438
617
691
694
812
830
958
1137
1142
1221
1201
1299
1452
1500
1688
1643
1638
1696
1657
1827
1884
1890
1974
1948
1915
1977
1929
2016
2118
2163
2232
2168
2190
2209
2289
2291
2222
2213
2085
1991
1852
1620
1485
1286
1024
749
304
-167
-461
-662
-857
-1182
-1626
-2093
-2432
-2619
-2716
-2774
-2880
-3057
-3202
-3349
-3461
-3419
-3342
-3190
-3071
-3061
-3088
-3062
-2946
-2772
-2646
-2541
-2452
-2338
-2187
-2050
-1938
-1915
-1844
-1752
-1634
-1470
-1365
-1303
-1214
-1225
-1160
-1097
-1014
-873
-784
-661
-664
-621
-492
-371
-195
-79
26
178
281
483
647
726
901
986
1122
1245
1272
1378
1446
1526
1556
1504
1448
1400
1369
1387
1352
1260
1150
1000
932
844
776
722
677
664
594
565
547
588
703
798
834
864
912
1097
1297
1425
1566
1638
1810
1978
2125
2236
2260
2396
2508
2572
2673
2643
2788
2900
2901
3063
2989
3033
2999
2794
2716
2469
2245
1993
1591
1209
702
283
-29
-453
-767
-1183
-1561
-1849
-2195
-2380
-2613
-2842
-2977
-3132
-3121
-3137
-3114
-2998
-2987
-2926
-2911
-2908
-2844
-2823
-2692
-2607
-2590
-2512
-2499
-2400
-2300
-2278
-2182
-2113
-2035
-1974
-1927
-1875
-1833
-1750
-1656
-1589
-1464
-1395
-1290
-1169
-1093
-973
-867
-757
-604
-526
-458
-286
-254
-123
28
104
292
339
426
557
595
680
736
800
839
806
838
816
812
851
824
836
751
655
588
486
457
423
405
361
255
194
157
155
197
228
243
290
282
338
452
539
704
809
946
1057
1140
1305
1338
1520
1674
1784
2048
2121
2263
2408
2498
2537
2601
2680
2747
2808
2883
2829
2825
2831
2851
3036
3074
3076
2904
2633
2415
2165
2043
1778
1371
955
387
67
-245
-626
-863
-1229
-1618
-1931
-2347
-2641
-2836
-2984
-3045
-3169
-3278
-3388
-3359
-3280
-3240
-3153
-3183
-3200
-3128
-3118
-3047
-2969
-2928
-2854
-2767
-2672
-2564
-2412
-2268
-2161
-2042
-2015
-2007
-1935
-1829
-1680
-1525
-1473
-1353
-1228
-1175
-997
-878
-715
-495
-420
-351
-303
-243
-17
140
375
476
515
657
689
844
974
1039
1183
1183
1208
1244
1190
1277
1252
1193
1212
1091
1067
1050
876
790
645
535
516
439
378
302
215
239
256
269
315
390
500
628
741
819
888
1023
1149
1283
1462
1614
1815
2018
2119
2255
2404
2561
2773
2823
2931
3072
3074
3216
3084
3047
3260
3274
3541
3641
3551
3695
3513
3292
3062
2624
2429
2139
1874
1526
912
336
-291
-663
-887
-1237
-1461
-1908
-2383
-2725
-3191
-3418
-3524
-3547
-3445
-3429
-3436
-3519
-3555
-3520
-3548
-3458
-3428
-3385
-3215
-3180
-3110
-3083
-3144
-3043
-2913
-2733
-2516
-2390
-2260
-2212
-2240
-2269
-2248
-2087
-1862
-1639
-1467
-1371
-1335
-1290
-1164
-996
-790
-603
-437
-279
-229
-95
-13
132
345
421
630
737
828
998
992
1000
1019
975
1048
1052
1090
1091
1028
1005
858
810
687
590
631
534
465
371
184
88
62
78
211
250
295
310
322
423
467
642
773
909
1053
1131
1254
1367
1489
1651
1853
2053
2214
2354
2521
2671
2832
2872
2911
3060
3098
3256
3399
3370
3516
3450
3443
3604
3648
3882
4032
3975
3697
3155
2733
2464
2271
2143
1659
1104
348
-401
-796
-1200
-1432
-1706
-2186
-2655
-3228
-3695
-3967
-4065
-4046
-4118
-4116
-4155
-4212
-4149
-4130
-4125
-4066
-4068
-3954
-3775
-3655
-3501
-3414
-3340
-3260
-3139
-2913
-2654
-2401
-2218
-2145
-2175
-2224
-2160
-1984
-1711
-1465
-1344
-1236
-1208
-1163
-969
-890
-722
-569
-475
-314
-307
-189
-9
145
281
344
464
633
770
967
991
1006
1010
928
1028
1059
1105
1157
1136
1024
895
783
678
635
551
460
317
226
155
34
34
19
62
226
326
425
494
500
633
729
949
1124
1263
1565
1643
1860
1974
2012
2250
2505
2751
2993
3135
3152
3323
3349
3450
3536
3603
3785
3816
3804
3736
3599
3682
3736
3733
3823
3800
3783
3623
3191
2688
2271
1990
1848
1670
1143
321
-404
-985
-1256
-1468
-1789
-2125
-2622
-3085
-3514
-3848
-4059
-4136
-4084
-4094
-4130
-4225
-4270
-4223
-4188
-4201
-4221
-4166
-4028
-3816
-3667
-3604
-3607
-3564
-3435
-3216
-2948
-2726
-2539
-2394
-2363
-2378
-2327
-2167
-1924
-1610
-1357
-1288
-1162
-1110
-958
-733
-687
-496
-324
-160
38
122
185
284
372
555
675
848
970
1042
1183
1081
1023
971
978
1106
1103
1084
1006
855
733
589
418
402
388
356
368
162
57
29
45
216
270
378
489
506
762
761
885
1070
1020
1409
1426
1510
1773
1743
2054
2188
2220
2525
2572
2869
3219
3184
3493
3415
3415
3719
3549
3710
3772
3539
3786
3634
3515
3618
3417
3616
3662
3784
3748
3234
2934
2307
1961
2038
1590
1423
821
-184
-680
-1266
-1556
-1737
-2067
-2453
-3092
-3553
-4081
-4395
-4347
-4502
-4437
-4432
-4619
-4597
-4581
-4586
-4505
-4532
-4512
-4374
-4238
-4014
-3867
-3764
-3717
-3651
-3466
-3261
-2949
-2634
-2419
-2236
-2268
-2327
-2197
-2021
-1741
-1450
-1268
-1119
-1041
-1001
-892
-802
-639
-418
-190
21
118
123
233
292
455
645
759
909
1017
1118
1097
1061
981
957
1042
1077
1094
1045
913
801
668
611
530
500
542
441
467
337
219
329
306
431
524
590
778
842
951
983
1030
1127
1276
1637
1809
1926
2052
2116
2282
2578
2628
2848
3035
3158
3402
3423
3491
3649
3670
3804
3791
3759
3910
3949
4205
4147
4084
4214
4162
4449
4300
3595
2911
2292
2360
2409
1976
1141
-11
-738
-1318
-1673
-1723
-2103
-2444
-2997
-3791
-4361
-4846
-4929
-4727
-4575
-4575
-4803
-4909
-4863
-4796
-4708
-4753
-4718
-4498
-4248
-3949
-3843
-3886
-3798
-3679
-3484
-3216
-2953
-2544
-2207
-2105
-2122
-2295
-2317
-2119
-1717
-1309
-1120
-1033
-1012
-899
-772
-698
-566
-351
-112
161
276
343
408
455
589
734
821
1009
1253
1425
1483
1347
1175
1098
1151
1287
1407
1380
1308
1113
888
728
467
409
490
436
429
216
4
-42
-116
-29
90
191
427
525
675
797
749
924
1043
1216
1521
1636
1926
2055
2121
2391
2381
2737
3005
3174
3616
3649
3717
3864
3681
3838
3927
3894
4354
4099
4052
4107
3615
3890
3815
3713
4281
4128
3823
3422
2394
1966
1875
2011
1944
1160
278
-868
-1294
-1481
-2011
-1989
-2419
-3034
-3404
-4105
-4497
-4679
-4771
-4686
-4721
-4759
-4888
-4828
-4588
-4661
-4706
-4818
-4875
-4545
-4286
-4025
-3814
-3881
-3823
-3731
-3641
-3334
-2999
-2571
-2289
-2239
-2319
-2387
-2175
-1878
-1571
-1293
-1160
-1018
-840
-680
-556
-574
-473
-276
-55
253
363
406
514
556
565
652
741
900
1155
1233
1178
995
870
859
889
943
943
936
936
853
697
587
465
448
513
549
481
479
457
467
518
483
592
719
911
1141
1181
1278
1314
1318
1565
1568
1858
2126
2299
2648
2563
2669
2836
2892
3337
3417
3586
3767
3634
3820
3720
3781
3930
3830
3997
3941
3916
4103
3987
4156
4159
4021
3820
3237
2666
2257
2298
2266
1868
1064
-144
-935
-1368
-1701
-1775
-2042
-2517
-3133
-3821
-4396
-4731
-4884
-4873
-4787
-4808
-4922
-4956
-4909
-4820
-4836
-4923
-4953
-4763
-4434
-4147
-3868
-3837
-3873
-3836
-3751
-3498
-3159
-2743
-2345
-2187
-2179
-2301
-2354
-2188
-1952
-1592
-1325
-1153
-1062
-896
-737
-686
-602
-593
-333
-33
112
345
344
391
547
489
674
784
910
1190
1183
1222
1023
829
884
836
970
986
911
974
767
667
546
323
371
288
355
366
236
278
257
281
334
286
497
693
893
1123
1111
1196
1318
1408
1650
1859
2115
2411
2606
2824
2900
3033
3174
3323
3557
3720
3891
4052
3996
4048
3978
3875
3960
3935
4148
4190
4190
4103
3875
3999
4014
3863
3755
3020
2264
2127
1941
1942
1554
538
-427
-1092
-1515
-1856
-2003
-2254
-2770
-3233
-3862
-4486
-4745
-4892
-4844
-4691
-4798
-4882
-4890
-4833
-4696
-4725
-4825
-4803
-4605
-4328
-4038
-3782
-3711
-3679
-3563
-3540
-3414
-3080
-2735
-2327
-2055
-2062
-2158
-2231
-2055
-1849
-1567
-1260
-1145
-874
-711
-645
-633
-731
-552
-311
-102
193
193
354
494
456
574
534
684
905
1024
1148
1027
906
891
816
812
691
695
751
700
705
503
326
270
170
215
218
193
232
287
432
436
408
520
648
852
1078
1184
1252
1447
1602
1683
1851
1946
2091
2317
2590
2757
2921
3105
3214
3455
3502
3515
3735
3836
4021
4202
3921
4034
4070
3984
4320
4176
4254
4442
4404
4735
4481
3874
3163
2223
2286
2463
2361
1919
599
-417
-1120
-1768
-1900
-2271
-2543
-2851
-3541
-4014
-4653
-5006
-5126
-5265
-5143
-5283
-5291
-5004
-4844
-4602
-4759
-5053
-5034
-4913
-4476
-4054
-3780
-3485
-3435
-3352
-3286
-3303
-3053
-2702
-2277
-1921
-1878
-1849
-1857
-1766
-1626
-1551
-1440
-1253
-922
-686
-402
-442
-448
-444
-445
-195
-129
77
421
626
821
786
620
709
703
982
1075
1009
1206
1004
1116
1064
711
732
614
674
851
656
683
567
440
407
158
172
163
322
524
538
623
522
592
776
813
1018
1131
1351
1659
1789
1963
2005
2194
2343
2666
2958
3139
3501
3573
3699
3899
3733
4041
4070
4050
4359
3904
4063
4179
4018
4373
4099
3955
4156
4003
4323
4300
3964
3387
2198
1873
1852
1982
1994
849
-126
-912
-1714
-2069
-2518
-2710
-2898
-3345
-3788
-4426
-4833
-5069
-5250
-5106
-5272
-5358
-5174
-4927
-4425
-4356
-4675
-4877
-4978
-4776
-4426
-4062
-3667
-3367
-3122
-3085
-3185
-3191
-3083
-2679
-2185
-1962
-1865
-1843
-1661
-1487
-1466
-1482
-1528
-1292
-922
-557
-298
-317
-266
-116
-156
-70
-112
42
653
968
1129
1077
858
953
988
985
975
903
1144
1312
1275
1026
594
515
528
477
397
184
337
583
577
389
13
-98
100
335
559
544
689
944
1229
1363
1200
1171
1401
1772
2174
2378
2478
2837
2886
3087
3185
3255
3681
3947
4212
4416
4306
4190
4039
3846
4153
4215
4510
4646
4657
4880
4889
5339
5873
6160
5592
4829
3246
611
-238
809
1550
809
-1015
-3367
-4140
-5659
-8387
-8543
-6768
-3385
-1905
-3103
-5051
-6218
-5115
-3749
-2952
-2756
-2096
-72
1050
279
-1880
-4051
-4272
-3737
-3257
-2958
-2989
-3295
-4015
-4866
-6049
-7232
-7254
-5893
-3715
-2475
-2685
-3302
-3484
-3041
-2675
-2237
-1118
224
1370
1939
1568
470
-434
-503
300
1089
902
670
706
769
123
-1102
-1967
-1745
-539
386
537
191
-513
-569
-248
-281
-225
155
1254
2058
2052
1496
912
1116
1493
1916
2178
2523
2685
2445
2293
1630
1119
1112
1363
2212
2496
2671
2350
2367
2276
2210
2991
3396
3776
4002
4458
4499
5279
5070
4744
5036
4870
4620
4808
5047
4301
4009
3615
3248
4396
4791
4926
6340
7223
7951
7335
4173
-1629
-6264
-6058
-2348
495
-1269
-5355
-7415
-7142
-7530
-9197
-9035
-5779
-1472
1130
879
-992
-3105
-4053
-3479
-1754
-432
-636
-1015
-971
-1480
-3272
-5916
-7599
-7175
-5478
-4050
-3653
-4095
-4491
-4554
-4701
-4932
-4759
-3393
-1330
395
777
-89
-1201
-1832
-1587
-659
219
432
677
802
457
-428
-1512
-1721
-1464
-867
-1052
-1453
-1114
-1259
-1253
-1409
-1526
-1082
-903
-471
-359
-326
-286
-439
-148
-152
-82
-214
-270
266
498
330
405
190
180
762
1098
990
1109
1266
751
1483
1985
1551
2261
2394
2470
3205
3600
3125
3301
3872
3297
4636
4276
4127
4811
4429
5108
5275
5348
4911
5126
4328
4370
4561
4382
4582
4942
4768
4384
4610
4173
4530
5170
6046
6763
7804
8596
6290
716
-6039
-8530
-5437
-2055
-1941
-4753
-6813
-6669
-7044
-9354
-9843
-7941
-4342
107
1504
937
-468
-2607
-3630
-2610
-1580
-2097
-2153
-1595
-1383
-2049
-4452
-7248
-7935
-7136
-6193
-4976
-4193
-3396
-2715
-2820
-3300
-4080
-3884
-2513
-622
853
1138
506
-292
-584
-437
-416
-359
87
296
371
-25
-632
-1000
-1540
-1612
-1986
-1739
-1010
-900
-788
-773
-920
-1130
-909
-654
-522
-8
4
-361
121
58
-274
-375
-263
-126
124
321
-47
-18
279
450
579
916
948
797
1366
1744
2049
2333
2384
2260
2466
3170
2723
3688
4053
3684
4091
4427
4240
5082
5599
4448
5332
5285
4905
5157
4772
3928
4447
4945
4301
4249
3903
2694
3388
3930
4057
5463
6293
7524
8804
9833
8466
4155
-2961
-8714
-6999
-3144
-1888
-3102
-6475
-7773
-6789
-8837
-11457
-10219
-6679
-1796
1928
1926
283
-1036
-2401
-2882
-1763
-1768
-2512
-1914
-1023
-886
-2545
-5751
-7838
-7866
-6815
-5799
-5215
-4102
-2599
-2014
-2329
-3201
-3979
-3379
-1643
-144
798
1053
281
-157
-13
-463
-539
-433
-177
1023
1179
332
-810
-1429
-1793
-2162
-2179
-2453
-1459
-452
-209
-459
-659
-874
-841
183
225
195
579
141
-62
416
-741
-1651
-1525
-1942
-929
-315
-395
-381
179
413
488
757
105
1018
2038
2477
2842
2671
2064
2650
2431
2385
2740
2518
2854
3453
3755
3683
4846
4384
4889
6100
5332
5223
6382
5488
5580
5783
4070
3979
5133
3954
4403
5162
3932
4487
4286
3675
4638
5676
5765
7527
8064
8515
8033
2254
-5187
-8566
-7875
-4855
-2916
-5230
-6952
-6187
-6441
-8452
-10103
-9752
-6497
-1406
1476
1701
1129
-710
-2396
-2766
-2777
-3322
-3744
-3105
-1825
-1623
-3061
-5700
-7753
-7563
-6988
-6549
-5338
-3614
-1873
-749
-1093
-2480
-3348
-3182
-2293
-768
335
587
588
683
257
-279
-1239
-1998
-1772
-865
-244
-464
-639
-993
-1429
-1316
-1918
-2705
-1856
-1354
-538
532
583
-115
38
-308
-1223
-586
-768
-743
461
582
101
-57
-786
-1327
-641
-272
-32
977
1310
1500
1808
1212
768
1046
1165
1864
2513
2438
3005
3152
2805
3614
3292
2916
3430
3690
3997
5719
6089
5222
6486
5833
5437
6155
4507
3767
5176
4854
4930
4821
3253
2987
3753
3596
3861
4225
3911
5490
6244
6288
7149
7598
7457
5016
-2461
-7793
-7420
-6024
-4064
-4394
-7030
-6953
-5578
-7660
-9722
-9192
-7964
-3837
421
933
887
365
-1574
-2123
-2176
-3433
-4355
-4178
-2779
-1737
-2356
-3976
-6062
-6994
-6761
-6825
-6536
-4622
-2493
-1168
-334
-1346
-2875
-2963
-2570
-2002
-744
-299
-267
673
805
665
-786
-1656
-2342
-2079
-789
-1171
-969
-881
-255
-1052
-1361
-2294
-3136
-1498
-932
-180
546
578
-140
8
-431
-1167
-905
-936
-425
478
1097
398
33
-245
-172
-4
-110
377
1017
2253
2553
2141
1500
1527
1088
1564
2243
2782
3763
3793
3663
3917
3477
3249
3300
3451
4730
5465
5208
5275
5778
5250
6007
5410
4833
5662
4838
4338
5358
4764
4583
4909
3499
3377
4288
4073
4580
6762
7432
8452
9463
7854
3247
-3798
-8812
-8971
-5406
-3085
-4714
-6738
-6683
-6091
-7895
-10147
-10463
-7970
-2607
1139
1296
1353
625
-1565
-1975
-2754
-4365
-4698
-4274
-2956
-1234
-1617
-4297
-6649
-7372
-7273
-7047
-6478
-5004
-2458
-405
-200
-1381
-2672
-2863
-2479
-1914
-936
-423
221
953
1049
770
174
-618
-1571
-1352
-1034
-976
18
-461
-539
-931
-2029
-2563
-2750
-2283
-1763
-539
-418
189
373
-326
-243
-857
-1115
-635
-527
-163
600
636
372
78
-436
-821
-368
-252
101
1297
1995
2165
2464
1693
1224
1564
1834
2337
2892
3479
4079
4620
4667
4138
3625
3388
4068
4372
5159
6045
5335
5530
5442
4981
5869
6015
5567
5758
5147
3939
4086
3852
3116
4099
3819
3834
5023
4524
4564
5632
5483
7335
8604
5466
-221
-6689
-8867
-6938
-5244
-5819
-7103
-6550
-5732
-6138
-8796
-10246
-8138
-5010
-1753
226
194
218
-279
-1788
-2289
-3304
-5095
-5284
-4298
-2744
-2066
-3254
-5080
-5933
-6313
-6857
-7012
-6064
-3637
-1124
-320
-727
-1595
-2473
-2326
-2163
-2056
-1101
-583
45
882
787
16
-933
-2010
-1774
-1239
-1602
-1596
-873
-387
418
-178
-2011
-1979
-1459
-1235
-446
90
-140
904
961
-373
-650
-1238
-1919
-1339
-89
58
809
791
-43
196
111
-322
-275
678
1254
2107
2315
1863
2108
1711
2022
2038
2257
3095
3403
3964
4135
4791
3737
4032
3647
3645
5169
4724
5638
5422
6714
5925
6227
6394
4452
5557
3677
3569
4127
4514
4154
4012
4121
3631
4559
3321
2757
4462
5853
6774
8208
8400
6853
3354
-4370
-8992
-8195
-6073
-5272
-5938
-6573
-6429
-5307
-7868
-10688
-9763
-7278
-3546
-385
682
899
701
-727
-1910
-3105
-4487
-5360
-5167
-3232
-1837
-2139
-3897
-5438
-6235
-6736
-6943
-7020
-5294
-2192
-458
-147
-765
-1961
-2446
-2312
-2399
-1913
-1107
-341
621
1152
1172
-124
-1209
-1620
-2170
-1954
-1655
-1029
141
1101
351
-887
-1494
-2049
-1782
-1367
-1016
54
718
638
279
-608
-1139
-1158
-1171
-403
645
854
1065
1282
847
542
473
-234
243
1195
1678
2080
2203
2143
1581
1969
1991
2106
2830
3423
4035
4438
4854
4352
4402
4629
4292
4855
5373
5805
6299
6445
5454
5498
4944
4506
4646
4073
4446
4486
4553
4708
4828
3470
3471
4218
4854
7677
8528
9183
9799
5681
-2148
-7520
-8503
-6974
-4313
-5453
-6769
-5208
-4503
-6887
-10084
-10814
-8946
-4630
-1283
-98
721
893
94
-1248
-2359
-4042
-5656
-5805
-3880
-2061
-1565
-2510
-4660
-5947
-6595
-7739
-7878
-6272
-3615
-1314
-175
-730
-1626
-2020
-2326
-2435
-2039
-1508
-450
917
1663
1862
1157
-120
-776
-616
-1790
-1222
-657
-349
715
-147
-1795
-2739
-2146
-2902
-1624
-755
-898
542
405
-55
-686
-976
-1606
-1420
-645
-470
-119
13
607
203
131
-197
-790
-127
645
989
1202
1771
1523
1635
1363
1213
1066
1899
2785
2821
3639
3961
4477
4664
4549
4380
3704
4809
4751
5486
6706
6114
6900
5026
4739
4480
4581
5244
5127
5735
5320
6057
4825
3702
3779
3096
3824
5220
6810
8258
10147
9000
4961
-1966
-8382
-9090
-6533
-4058
-4300
-4914
-4859
-4886
-7079
-10840
-11272
-9041
-4882
-1122
709
912
384
-1220
-2728
-3195
-4599
-5885
-5520
-3585
-1391
-1062
-2833
-4995
-6365
-7364
-8052
-7874
-6122
-3202
-886
-160
-764
-2100
-3070
-3008
-2642
-1835
-873
-196
822
1825
1808
882
-504
-1175
-1107
-1026
-474
-209
381
892
-494
-1737
-2494
-2958
-2493
-1471
-769
-175
570
-58
-299
-222
-1261
-1441
-1451
-1229
-187
130
454
449
369
-187
-758
-917
-863
331
1113
1945
2475
1781
1062
935
1050
1472
2060
2392
3046
4083
4706
3847
3825
4035
4221
5093
4773
5765
6211
7462
7477
5865
5828
5083
4715
4866
4733
3992
4454
4966
3651
4494
5243
4223
5216
4721
4057
6484
7067
7876
9928
8386
3181
-4215
-8720
-7668
-4183
-4126
-6179
-6119
-4801
-5219
-8837
-11806
-10513
-6893
-3281
-785
-5
-90
-839
-2563
-2603
-2795
-4727
-5595
-4136
-2041
-691
-1675
-4481
-5892
-6270
-7247
-7387
-6423
-4652
-2158
-826
-1343
-2358
-3298
-3536
-2747
-1704
-911
-367
157
1023
1433
1107
94
-696
-550
42
162
-107
139
-47
-483
-1381
-2405
-2625
-1836
-1398
-795
-19
80
-51
-74
-234
-594
-585
-821
-928
-458
-416
-842
-1052
-680
-736
-861
-622
-800
-341
653
886
863
1252
849
769
1475
1510
1844
2273
2479
2932
3227
3277
3357
3875
4294
4726
4886
4785
5279
5792
5484
5456
5134
5554
6562
6352
5605
4246
4524
4467
4797
5146
5102
5673
5762
5087
4204
4760
4777
5182
6714
8176
8796
7149
209
-7400
-7505
-5661
-3718
-3668
-6474
-6576
-4715
-6434
-10198
-10233
-8911
-6201
-2010
-419
-496
-913
-2759
-3550
-2443
-3149
-4656
-4368
-2618
-922
-1330
-3241
-5437
-6500
-6483
-6457
-6238
-5080
-3357
-2325
-1741
-2111
-3605
-4086
-3305
-2319
-871
-30
-381
66
977
833
401
-355
-738
345
1041
627
399
134
-215
-571
-1676
-2265
-1818
-1063
-492
20
-359
-1052
-1166
-1298
-851
-1014
-1443
-1000
-531
100
72
-446
-571
-279
-157
96
434
219
594
1235
1265
968
609
129
879
1766
1733
2119
2563
2593
2852
3191
2788
3376
4058
3879
4549
4618
4499
4857
5765
5481
5616
5937
5002
5080
5212
5280
5027
6270
5394
5552
5530
3984
4126
4402
4743
5153
5882
5810
6611
7194
6644
6084
1896
-4292
-6907
-5628
-2458
-1533
-4974
-7173
-6895
-7429
-9204
-10398
-8636
-5591
-2560
-855
-947
-2093
-4426
-5238
-3529
-2447
-2443
-2986
-2583
-1241
-1542
-3565
-5465
-6653
-6177
-5191
-4626
-4015
-3362
-3013
-3016
-3252
-4038
-4575
-3772
-2110
-457
368
-336
-1084
-767
-235
118
475
749
1546
2320
2194
956
-590
-1770
-2027
-1325
-887
-884
-878
-724
-627
-951
-1705
-2041
-1411
-354
714
254
-385
-842
-1414
-727
-809
-1139
-793
-5
239
766
756
-228
343
714
764
1178
1250
925
1736
2404
2174
2052
1734
1284
2381
3464
3781
4475
3997
4281
4320
4484
5041
5285
5529
5418
6386
6153
5749
5461
4236
5425
5320
4748
4930
5031
5210
4919
5118
4004
4116
4963
5106
6439
7288
7518
7535
5239
-1535
-6996
-6143
-2768
-450
-2469
-6389
-7762
-7724
-9888
-11265
-9029
-6535
-4244
-1722
-1261
-2909
-5133
-6534
-5034
-1830
-1179
-1960
-1644
-1206
-1666
-2913
-4650
-5977
-5521
-4614
-3989
-3266
-3340
-4286
-4632
-4455
-4401
-4366
-3828
-2565
-872
-175
-847
-1824
-1767
-895
300
1219
1594
1823
1707
1513
768
-62
-322
-499
-403
-341
-509
-876
-1280
-1431
-1772
-1490
-1344
-1245
-901
-964
-818
-1066
-1201
-1399
-1560
-962
-475
-52
-172
-262
-238
-322
-192
31
547
1077
1033
824
909
1047
1346
1510
1591
2008
2362
2619
2690
3167
3174
3257
3667
3817
4630
5036
5076
5249
5516
5504
5323
6110
6143
6329
6258
5240
5322
5007
5067
5226
5073
4940
4875
5143
4676
4478
4678
5291
6463
6683
7212
7092
4425
-832
-5507
-4964
-1075
801
-2278
-6529
-8645
-9171
-9513
-9388
-7510
-5407
-4064
-3234
-3368
-4976
-7203
-7216
-4254
-731
342
-877
-2315
-3107
-3314
-3483
-3549
-3533
-3207
-3065
-3331
-3651
-4544
-5433
-5190
-4181
-3343
-3269
-3486
-3196
-2370
-2077
-2282
-2129
-1442
-339
852
1472
1202
898
619
894
1127
828
201
17
225
-48
-540
-1587
-1639
-1154
-790
-522
-887
-1356
-1482
-1230
-1243
-1090
-1024
-927
-614
-468
-758
-843
-722
-737
-329
34
197
375
356
109
514
724
776
867
1159
1657
1860
1986
1960
2455
2845
3126
2766
3158
3149
4076
4790
4762
5339
4338
4941
5023
5890
6209
5579
5964
5951
6502
5808
4663
5134
5554
5978
5973
4779
4958
4555
4368
5290
5757
6482
6447
6604
4835
-488
-5246
-4619
1024
3038
-1557
-7246
-9752
-9062
-8171
-7589
-5646
-4577
-5295
-5294
-5517
-6398
-7317
-6513
-3113
2
387
-2204
-4602
-4767
-3622
-1886
-1283
-1907
-2734
-4083
-4943
-4425
-4287
-4585
-3976
-3159
-2967
-3727
-4553
-4411
-3115
-1823
-1306
-1116
-1432
-1446
-585
391
1088
1384
1455
1556
2139
1426
475
3
91
753
265
-364
-969
-1311
-1692
-1860
-1404
-1564
-1440
-1365
-1595
-1348
-1545
-1632
-1277
-850
-183
-258
-625
-914
-845
78
277
674
709
312
249
199
643
953
1710
2044
1955
1792
1548
1993
1956
2532
2633
3040
3417
3246
3646
3510
4089
3918
4372
5331
5529
6308
4844
5480
6029
6433
6326
5320
5889
5744
6480
5395
5405
5436
4785
5250
5197
5923
5194
4791
5363
5944
4367
-905
-4005
-2946
803
1834
-2118
-7338
-10174
-9149
-6965
-4492
-3913
-5447
-7446
-7956
-6549
-5710
-5461
-5025
-3039
-1493
-2020
-3626
-5092
-4580
-2691
-684
-270
-1883
-4213
-5587
-4898
-3412
-2391
-2830
-3744
-4284
-4429
-4274
-3917
-3069
-2311
-1785
-1843
-2326
-2508
-1909
-476
1089
1564
1314
714
311
525
961
1776
2048
1745
653
-500
-821
-691
44
1
-297
-659
-1340
-1726
-1834
-1281
-905
-971
-1150
-1447
-1502
-1498
-1328
-809
-595
-559
-519
-496
-307
71
314
534
689
835
1153
1270
1761
1802
2045
2007
1968
2301
2443
2576
2780
3318
3328
3367
3589
4037
4304
4618
4680
4813
5605
5994
6639
6046
5144
5127
5528
5938
5719
5969
5782
4954
4518
4206
5198
5575
5373
5211
4848
4676
5483
5667
3754
-265
-2868
-708
2353
1735
-3848
-8414
-8752
-6598
-3755
-3520
-5093
-7953
-9933
-8315
-5131
-3840
-4820
-5566
-5098
-4201
-3945
-4067
-3877
-2841
-1652
-1513
-2215
-3914
-4651
-3950
-2599
-1574
-2328
-4053
-5075
-4434
-3134
-2388
-2433
-3084
-3518
-3497
-2931
-2079
-1426
-1089
-649
-416
-513
-449
-322
399
1189
1429
992
110
-352
-190
628
1039
740
-105
-1028
-934
-359
117
-27
-606
-1196
-1698
-1733
-1560
-1261
-1093
-1288
-1412
-1891
-1877
-1258
-412
119
-117
-384
-416
206
765
1585
2010
1873
1560
1291
1428
1689
2355
2635
2910
2848
2010
2216
2550
3509
4600
4352
4328
3857
4599
5148
5927
6577
5574
5127
4706
5747
6804
6529
5448
4715
5411
5448
5883
5604
5034
4942
4967
5587
5625
6085
5158
3599
1523
-649
245
1445
1182
-2065
-5833
-7330
-6454
-4053
-3417
-4463
-6928
-9580
-9133
-5463
-2924
-3996
-5864
-6614
-5866
-4951
-3637
-2197
-1901
-2509
-3522
-3456
-3235
-2864
-2514
-2581
-2085
-2438
-3957
-4542
-3385
-2176
-1893
-2563
-3504
-3821
-3440
-2431
-1431
-1111
-1861
-2353
-1683
-694
60
600
443
216
-16
132
884
1361
1520
437
-98
-103
423
893
402
201
-407
-564
-882
-829
-672
-1120
-1198
-1443
-1491
-1700
-1865
-1731
-1501
-1190
-1175
-1017
-1009
-826
-452
188
441
482
642
864
1176
1299
1430
1435
1783
1982
2322
2422
2518
2847
2941
3096
3093
3611
4139
4565
4368
4187
4229
4935
5602
5685
5421
4991
5158
5205
5657
5655
5554
5373
5509
4933
4751
5217
5610
5756
5179
5025
5050
5218
4312
2969
1314
-169
727
1956
457
-4078
-6832
-6103
-3348
-2057
-4019
-6764
-8928
-8711
-6027
-3464
-3927
-6557
-7855
-7125
-4802
-2800
-2701
-3668
-4194
-4039
-3239
-2255
-2280
-2405
-2544
-2757
-2886
-2896
-2972
-2610
-1769
-1911
-2862
-3598
-3478
-2594
-1637
-1610
-2305
-2732
-2736
-1694
-411
-42
-582
-833
-716
-299
710
974
1157
799
587
360
515
999
1235
1610
728
-140
-658
-568
-181
79
-322
-1628
-2256
-2254
-1577
-1082
-1210
-1567
-1911
-1696
-1350
-760
-345
-449
-232
-155
189
435
599
1002
1076
1492
1357
1608
1943
2173
2635
2730
2903
2562
3016
3490
3858
4058
3608
3779
3788
4540
4766
4985
5227
4760
5472
5105
5476
5988
6026
5881
5066
5459
5538
5808
5416
4842
5385
5442
4980
4638
5228
5256
4086
1311
-606
889
2843
1634
-3175
-6619
-6296
-3247
-1264
-3377
-6728
-9416
-9359
-6341
-3366
-3805
-6920
-9002
-8175
-4897
-2721
-3111
-4278
-4531
-4700
-3953
-1963
-1936
-2994
-3405
-3392
-3004
-2742
-2752
-2625
-2140
-2565
-3531
-3743
-3228
-2105
-1763
-2450
-3174
-3269
-2856
-1757
-474
-534
-1272
-1549
-721
507
1034
1242
760
1374
70
103
1714
2189
2146
-578
-827
-853
510
1078
-320
-625
-2544
-2233
-788
-305
-935
-2041
-2496
-1801
-1040
-525
-728
-1412
-1256
-1429
-234
560
137
356
-291
129
841
1382
1971
1628
1883
1662
2114
2825
3293
3443
3388
2996
3027
3719
4234
4651
4482
4068
4191
4456
5259
5075
5256
5362
5009
5839
5723
6100
5729
5535
5393
5221
5878
5520
5703
5316
5063
5014
5500
5538
3453
2377
3379
4057
1490
-181
296
-1706
-5359
-5498
-1633
-1125
-4707
-7845
-8315
-6933
-5591
-4708
-5372
-6417
-7676
-7773
-5777
-3248
-2818
-4778
-5650
-4652
-3147
-2647
-2613
-2487
-3202
-3950
-3648
-2393
-1920
-2501
-3099
-3234
-3051
-3070
-2576
-2074
-2278
-3091
-3399
-2778
-2102
-1409
-1202
-1316
-1607
-1491
-789
12
657
298
-6
84
362
1057
995
722
349
469
654
275
150
-358
-397
-293
-365
-907
-1543
-1565
-1272
-830
-1332
-1869
-2135
-1842
-1354
-1129
-881
-1435
-1335
-967
-342
126
15
254
486
996
1130
1574
1694
1833
2125
2452
2821
2742
3004
3140
3436
3715
3735
3893
3830
4085
4325
4528
4803
4837
5219
5404
5121
5066
5238
5941
6186
5959
5401
5360
5985
6319
5884
5456
5230
5933
6387
6462
5878
4123
3040
2905
3194
2552
869
-1185
-3222
-3825
-3052
-2309
-3483
-5976
-7520
-6930
-5872
-5084
-5003
-6292
-7682
-7630
-5828
-4161
-3832
-4338
-4928
-4715
-3910
-2790
-2163
-2622
-3473
-3848
-3513
-2821
-2228
-2205
-2689
-3288
-3398
-3035
-2543
-2313
-2482
-2841
-3209
-3066
-2341
-1757
-1526
-1694
-1796
-1515
-832
-68
372
309
105
57
675
1155
1077
1080
895
907
542
174
111
141
122
-608
-1057
-1349
-1464
-1093
-1111
-1540
-1951
-2250
-2119
-1699
-1536
-1584
-2123
-2049
-1687
-1164
-553
-766
-577
-540
-191
370
808
1169
1105
1255
1440
2059
2519
2828
2666
2731
2924
3199
3830
3521
3748
3615
4040
4296
4243
4264
4132
4989
5184
5449
5116
5168
5289
5861
6623
5980
5639
4847
5553
6080
6131
6059
4841
4942
4592
5431
5636
4031
2783
1412
1420
1539
1601
-684
-4027
-4920
-3031
-1097
-2557
-5641
-7959
-7158
-5619
-3987
-3696
-6367
-8424
-7953
-4904
-2856
-3131
-4892
-6159
-5263
-3651
-2071
-1959
-3231
-4476
-4286
-3255
-2356
-1846
-2417
-2874
-3123
-2885
-2434
-1995
-1763
-2295
-2631
-2924
-2572
-1713
-1121
-1189
-1663
-1760
-1492
-622
-83
46
-329
-490
-133
580
1277
856
294
251
696
1114
1065
587
-88
-161
81
303
34
-715
-1281
-1145
-734
-905
-1076
-1414
-1658
-1394
-1273
-1125
-1140
-953
-906
-860
-602
-330
261
562
587
584
955
1314
1816
2124
2274
2331
2432
2918
2914
3103
3020
3108
3516
3443
3585
3692
4002
4268
4369
4690
4865
5044
5311
5115
5193
5247
5384
5901
5409
4962
4440
4946
5462
4832
4384
4440
4891
4491
4418
3930
2587
1954
2560
2550
724
-749
-1972
-2846
-3054
-1945
-1816
-4240
-6284
-6477
-5132
-4526
-4641
-5442
-6931
-7393
-6197
-4188
-3832
-4719
-5644
-5652
-4758
-3578
-2690
-3162
-4089
-4487
-3861
-2964
-2347
-2270
-2808
-3164
-3141
-2555
-2090
-2090
-2394
-2773
-2805
-2631
-2085
-1770
-1777
-1972
-1919
-1485
-1158
-754
-620
-604
-548
-359
-17
256
297
358
448
563
573
507
489
349
369
340
190
46
46
-120
-165
-398
-529
-598
-699
-684
-968
-1090
-1168
-978
-538
-562
-545
-632
-374
-2
324
678
627
848
1108
1673
1934
1983
1919
2130
2556
2917
3210
3162
3137
3267
3676
3903
4067
4128
4241
4361
4833
4730
5261
5094
5022
4990
4927
5548
5211
5189
4553
4898
5532
5335
4942
4344
4314
4687
5145
5024
4599
3229
2563
3191
3247
2028
159
-401
-1182
-2026
-2107
-2095
-2474
-4528
-5812
-5337
-4572
-4883
-5388
-5776
-6589
-6686
-5940
-4704
-4624
-5293
-5774
-5396
-4459
-3944
-3390
-3550
-4100
-4246
-3703
-3017
-2687
-2764
-3241
-3226
-2967
-2669
-2505
-2578
-2825
-3054
-2836
-2568
-2279
-2254
-2340
-2228
-1897
-1515
-1390
-1186
-1129
-917
-712
-314
24
131
18
-227
304
587
828
639
372
181
185
663
587
306
-264
-564
-287
-31
-300
-765
-1017
-1015
-606
-578
-753
-1077
-926
-566
-325
-28
-231
-86
233
592
758
892
1032
1236
1705
1948
2140
2169
2519
2718
3144
3159
3197
3362
3778
4119
4163
4053
3782
4178
4701
5114
5014
4749
4660
5056
5464
5320
5049
4745
4920
5198
5070
4683
4425
4730
5003
4708
4034
3899
4402
4709
4113
3083
2465
2001
1566
1121
345
-1053
-2494
-2428
-1694
-2125
-3895
-5366
-5290
-4828
-4744
-4890
-5647
-6671
-6749
-5625
-4564
-4714
-5474
-5582
-4989
-4382
-3874
-3594
-3717
-4187
-4132
-3485
-3071
-2956
-3052
-3121
-3123
-3041
-2752
-2493
-2503
-2768
-2945
-2890
-2685
-2459
-2299
-2292
-2198
-1972
-1730
-1462
-1299
-1250
-1136
-872
-575
-312
-177
-307
-92
82
337
405
197
174
44
361
443
352
75
-211
-195
-120
81
1
-230
-639
-667
-407
-273
-300
-629
-758
-601
-377
-192
-190
-89
161
427
510
739
997
1350
1546
1624
1862
2014
2360
2771
2722
2890
2779
3187
3687
3804
3921
3605
3956
4275
4715
4941
4552
4429
4854
5296
5605
5109
4572
4632
5057
5480
5001
4563
3991
4388
5021
5010
4210
3591
3965
4260
4275
3073
2555
2430
1671
1144
472
-232
-1822
-2365
-1914
-1897
-3013
-4842
-5108
-4698
-4567
-4758
-4980
-5893
-6622
-5933
-4961
-4382
-4917
-5394
-5321
-4682
-4035
-3820
-3636
-4159
-4354
-3962
-3477
-3119
-3085
-3113
-3192
-3147
-3126
-2874
-2609
-2596
-2705
-2859
-2706
-2526
-2196
-2032
-2017
-1927
-1733
-1430
-1131
-849
-791
-701
-586
-353
-8
293
324
345
419
617
716
766
848
559
579
463
544
621
403
219
-91
71
19
-56
-255
-510
-428
-326
-251
-415
-428
-461
-107
214
198
103
210
620
984
1182
1276
1340
1513
1806
2214
2550
2467
2496
2737
3099
3308
3217
3293
3483
3848
3995
3805
3923
4097
4472
4702
4325
4424
4078
4783
4877
4798
4561
3967
4243
4467
5099
4699
3877
3500
3918
4769
4768
4254
3279
2844
2704
3352
3236
1357
-244
-842
-315
-817
-1811
-2448
-3317
-4044
-4625
-4114
-4203
-5285
-5912
-5649
-5462
-5843
-5739
-5409
-5079
-5365
-5344
-4856
-4525
-4299
-4164
-3866
-4107
-4209
-3696
-3202
-3009
-3250
-3349
-3219
-2879
-2750
-2659
-2710
-2964
-2902
-2643
-2322
-2296
-2397
-2407
-2239
-1815
-1682
-1466
-1351
-1246
-984
-866
-472
-228
-31
70
128
482
605
795
869
905
950
743
915
984
1064
858
447
437
370
549
498
288
-144
-429
-354
-30
166
-221
-301
-411
-1
222
349
492
389
480
694
1229
1508
1570
1535
1831
1980
2284
2582
2769
2859
2621
2869
3086
3506
3623
3594
3759
3442
3951
4351
4768
4532
3987
4329
4385
4767
4560
4276
4317
3933
3971
4022
4260
4170
3533
3065
3107
3596
3911
3582
2883
2634
2308
2391
2532
2336
1468
-285
-981
-620
-238
-1106
-2540
-3252
-3775
-4009
-3980
-3957
-4562
-5748
-6275
-5731
-5241
-5505
-5692
-5643
-5722
-5748
-5246
-4576
-4468
-4647
-4777
-4485
-4180
-4103
-3653
-3335
-3430
-3539
-3287
-2863
-2686
-2649
-2694
-2703
-2670
-2557
-2236
-2033
-2034
-2150
-2013
-1774
-1563
-1385
-1286
-1135
-1068
-795
-562
-336
-144
-179
190
317
555
643
641
915
840
1060
1079
1030
999
795
945
953
878
824
579
500
454
400
403
236
199
183
221
305
212
235
339
471
636
682
794
1012
1254
1534
1708
1834
1945
2139
2496
2735
2730
2859
2978
3122
3314
3381
3765
3698
3647
3796
3948
4439
4154
4157
4267
4185
4385
4200
4386
4248
3862
4029
4001
4217
3950
3422
3625
3581
3578
3597
3380
3389
2993
2663
2357
2249
1778
815
209
-321
-740
-1326
-1783
-2281
-2911
-3548
-4096
-4046
-4348
-4888
-5185
-5384
-5479
-5599
-5395
-5277
-5285
-5279
-5263
-4965
-4748
-4652
-4478
-4336
-4363
-4304
-4082
-3873
-3605
-3444
-3322
-3229
-3237
-3121
-2925
-2661
-2624
-2683
-2558
-2483
-2211
-2007
-1819
-1656
-1632
-1436
-1236
-891
-685
-554
-378
-228
31
291
536
752
842
922
1054
1166
1303
1269
1291
1338
1245
1306
1282
1164
1095
959
860
805
712
607
503
434
378
291
318
327
366
368
320
418
500
614
654
791
887
975
1185
1261
1457
1528
1577
1768
1863
2010
2077
2171
2258
2362
2531
2604
2759
2841
2943
3096
3155
3279
3325
3372
3533
3524
3537
3564
3573
3700
3721
3718
3671
3560
3498
3479
3512
3465
3380
3246
3230
3245
3181
3075
2908
2616
2189
1777
1277
806
334
-220
-624
-1202
-1748
-2142
-2657
-3060
-3441
-3907
-4263
-4604
-4901
-5032
-5177
-5315
-5398
-5394
-5351
-5373
-5303
-5246
-5160
-5091
-5062
-4956
-4835
-4702
-4461
-4244
-4107
-3939
-3763
-3550
-3331
-3197
-3067
-2949
-2815
-2593
-2395
-2186
-1987
-1866
-1640
-1349
-1135
-986
-818
-578
-342
-104
96
382
569
681
891
1107
1316
1404
1520
1630
1671
1722
1768
1813
1820
1758
1673
1630
1508
1431
1388
1299
1167
1023
904
845
783
670
566
494
470
500
543
556
578
587
640
751
811
908
969
1040
1199
1293
1448
1554
1637
1761
1781
2013
2130
2196
2405
2433
2556
2675
2667
2902
3035
3101
3272
3254
3310
3479
3405
3494
3492
3322
3469
3352
3376
3404
3156
3059
2972
2877
2887
2733
2535
2462
2335
2248
2000
1693
1287
809
363
-85
-449
-863
-1331
-1815
-2196
-2666
-3094
-3400
-3734
-4072
-4356
-4711
-4956
-5065
-5155
-5218
-5297
-5300
-5317
-5259
-5163
-5104
-5026
-4986
-4918
-4749
-4609
-4511
-4365
-4190
-3938
-3674
-3472
-3293
-3143
-2988
-2797
-2573
-2318
-2137
-1907
-1657
-1430
-1143
-961
-789
-590
-377
-128
102
277
452
579
746
928
1090
1291
1438
1555
1674
1626
1679
1707
1736
1863
1791
1720
1675
1563
1628
1632
1582
1508
1296
1240
1179
1145
1170
1041
1000
954
913
934
922
878
850
823
824
910
983
1034
1041
1083
1173
1259
1415
1544
1592
1666
1800
1917
2058
2250
2334
2563
2755
2912
3104
3120
3126
3147
3260
3420
3545
3622
3397
3328
3305
3190
3329
3246
3085
3043
2784
2707
2656
2556
2597
2506
2418
2184
1737
1335
869
527
241
-157
-571
-1111
-1696
-2135
-2413
-2719
-3032
-3403
-3889
-4262
-4498
-4722
-4818
-4877
-4982
-5067
-5149
-5188
-5150
-5086
-5013
-4985
-4990
-4929
-4866
-4741
-4539
-4313
-4091
-3938
-3771
-3555
-3341
-3087
-2863
-2681
-2512
-2303
-2027
-1783
-1559
-1347
-1127
-930
-683
-489
-296
-58
67
289
456
592
803
922
1088
1244
1338
1520
1545
1584
1666
1649
1752
1764
1735
1770
1686
1696
1651
1567
1546
1413
1398
1341
1225
1177
1031
931
930
859
870
796
736
717
631
673
640
657
677
681
879
912
977
1050
993
1157
1308
1394
1575
1557
1635
1859
1909
2196
2322
2343
2592
2570
2801
2965
3035
3253
3150
3182
3209
3127
3314
3246
3144
3144
2917
2946
2869
2748
2740
2499
2429
2348
2167
2160
2036
1916
1681
1295
952
583
275
2
-309
-610
-1123
-1719
-2170
-2526
-2711
-2937
-3319
-3727
-4164
-4469
-4580
-4620
-4677
-4812
-4960
-5079
-5138
-5056
-4973
-4897
-4826
-4799
-4732
-4624
-4464
-4266
-4019
-3804
-3631
-3468
-3282
-3047
-2772
-2535
-2354
-2155
-1992
-1771
-1507
-1255
-1041
-893
-724
-559
-391
-206
-23
132
305
425
596
765
849
1017
1133
1276
1394
1450
1521
1576
1603
1626
1645
1663
1657
1594
1592
1539
1514
1520
1416
1342
1231
1149
1109
1050
969
867
787
742
690
621
593
566
580
590
631
656
628
697
764
865
949
986
1114
1217
1351
1561
1662
1778
1836
1871
2112
2218
2414
2557
2611
2813
2792
2859
2912
2865
2912
2851
2769
2775
2703
2678
2716
2535
2463
2355
2240
2250
2174
2093
2005
1903
1852
1753
1497
1167
805
515
319
35
-257
-693
-1154
-1520
-1932
-2219
-2537
-2887
-3216
-3511
-3757
-4031
-4245
-4384
-4483
-4525
-4584
-4717
-4724
-4719
-4632
-4515
-4472
-4378
-4354
-4262
-4054
-3846
-3617
-3433
-3258
-3068
-2893
-2671
-2432
-2236
-2021
-1848
-1677
-1491
-1332
-1101
-888
-722
-555
-441
-275
-100
43
237
390
510
657
724
878
1023
1127
1304
1345
1448
1520
1549
1662
1648
1663
1728
1673
1682
1670
1620
1649
1543
1513
1437
1301
1257
1075
1030
983
846
858
753
635
618
511
565
598
571
645
624
643
633
631
766
770
892
974
1043
1138
1134
1287
1466
1615
1789
1819
1834
1911
2037
2229
2343
2404
2390
2440
2489
2523
2674
2592
2552
2526
2384
2386
2358
2217
2238
2145
1997
2063
1886
1822
1782
1662
1679
1556
1447
1332
1016
784
446
172
-60
-482
-747
-1087
-1486
-1800
-2197
-2562
-2834
-3119
-3354
-3640
-3916
-4139
-4311
-4342
-4410
-4407
-4426
-4492
-4463
-4384
-4283
-4194
-4125
-4049
-3920
-3782
-3600
-3366
-3162
-2962
-2782
-2615
-2387
-2208
-2058
-1928
-1780
-1564
-1364
-1182
-1019
-916
-799
-615
-421
-175
-26
116
261
444
687
878
964
1052
1184
1301
1498
1637
1700
1723
1737
1767
1815
1846
1860
1858
1814
1767
1719
1667
1631
1594
1517
1368
1201
1060
1019
942
903
798
619
559
491
476
497
457
414
390
397
439
464
533
558
564
641
676
778
885
1031
1158
1241
1356
1325
1456
1614
1668
1804
1862
1900
2010
1995
2092
2123
2095
2172
2072
2102
2030
1929
1995
1881
1950
1962
1774
1745
1638
1624
1730
1658
1681
1602
1492
1461
1269
1027
768
493
300
49
-232
-539
-958
-1260
-1609
-1909
-2177
-2582
-2895
-3129
-3374
-3536
-3724
-3863
-3950
-4031
-4034
-4053
-4046
-4025
-3984
-3885
-3804
-3743
-3634
-3548
-3405
-3195
-3048
-2824
-2665
-2500
-2323
-2175
-2006
-1844
-1647
-1484
-1346
-1204
-1047
-889
-775
-643
-471
-372
-240
-35
75
220
376
482
625
696
839
932
1071
1291
1316
1423
1438
1490
1616
1648
1728
1697
1674
1670
1615
1623
1567
1529
1580
1438
1373
1275
1092
1006
925
840
795
626
493
477
403
408
380
349
370
345
387
372
348
390
426
569
621
675
762
838
981
1042
1115
1244
1299
1408
1485
1623
1692
1807
1859
1895
1979
1888
1982
1987
1991
2034
1924
1815
1813
1726
1727
1683
1581
1566
1477
1482
1431
1345
1359
1350
1334
1261
1119
823
615
425
260
106
-200
-518
-855
-1122
-1299
-1557
-1782
-2108
-2405
-2672
-2911
-3038
-3199
-3324
-3390
-3499
-3579
-3603
-3638
-3601
-3557
-3500
-3469
-3446
-3363
-3239
-3132
-2981
-2858
-2726
-2548
-2385
-2178
-2026
-1927
-1781
-1691
-1529
-1357
-1229
-1039
-898
-757
-638
-524
-392
-218
-89
91
257
311
429
526
615
747
876
946
1055
1139
1197
1304
1346
1416
1485
1488
1534
1576
1550
1530
1507
1523
1506
1450
1357
1211
1098
968
811
746
677
604
558
441
371
316
266
267
216
228
211
210
275
269
324
343
343
440
512
590
739
808
953
1030
1058
1207
1231
1348
1552
1512
1635
1658
1559
1791
1772
1838
1910
1752
1741
1651
1606
1604
1608
1652
1556
1529
1446
1383
1485
1384
1401
1298
1140
1163
1077
1016
835
579
399
247
53
-132
-383
-695
-966
-1171
-1356
-1589
-1828
-2123
-2344
-2522
-2687
-2844
-2963
-3051
-3188
-3202
-3263
-3339
-3312
-3285
-3241
-3201
-3112
-3062
-2959
-2855
-2782
-2600
-2499
-2329
-2166
-2061
-1903
-1780
-1635
-1475
-1372
-1278
-1120
-986
-865
-691
-543
-445
-342
-175
-116
-62
71
132
243
394
457
578
616
694
887
923
1026
1064
1053
1164
1176
1249
1307
1248
1298
1277
1279
1267
1139
1136
1084
1007
940
798
720
642
621
611
501
396
341
284
315
329
248
280
216
239
304
280
288
315
398
452
547
589
624
746
860
947
1116
1141
1251
1396
1349
1470
1529
1540
1721
1691
1691
1725
1628
1700
1751
1704
1650
1627
1605
1581
1529
1494
1413
1367
1417
1383
1374
1335
1281
1222
1101
900
692
505
339
193
-47
-271
-554
-792
-943
-1124
-1324
-1551
-1792
-2042
-2218
-2350
-2465
-2561
-2660
-2770
-2841
-2868
-2893
-2869
-2825
-2805
-2769
-2750
-2723
-2621
-2524
-2426
-2316
-2252
-2146
-2015
-1864
-1771
-1663
-1542
-1462
-1346
-1267
-1144
-1031
-882
-729
-657
-531
-417
-366
-296
-158
-89
35
107
216
332
441
590
698
743
816
880
943
1051
1115
1199
1187
1190
1159
1112
1202
1192
1181
1185
1097
1007
900
864
824
737
642
534
492
429
335
290
235
222
219
129
134
111
110
190
256
287
324
345
333
482
590
669
839
748
836
965
980
1112
1188
1243
1304
1355
1367
1439
1439
1459
1552
1600
1623
1605
1486
1474
1536
1598
1608
1506
1401
1284
1329
1307
1257
1279
1155
1173
1135
1064
1070
885
825
704
480
359
146
-41
-230
-457
-658
-882
-1076
-1238
-1384
-1610
-1775
-1968
-2132
-2186
-2265
-2310
-2393
-2484
-2483
-2496
-2475
-2427
-2422
-2399
-2383
-2343
-2303
-2251
-2168
-2076
-1965
-1879
-1799
-1692
-1603
-1507
-1436
-1344
-1247
-1211
-1104
-1014
-944
-816
-782
-761
-687
-619
-499
-376
-326
-235
-176
-123
5
126
262
402
438
488
558
640
724
790
869
913
913
952
967
964
967
926
872
846
783
753
691
627
548
449
397
299
286
292
216
192
154
77
115
167
218
274
284
288
321
393
431
481
534
594
648
700
833
864
960
1056
1034
1196
1239
1266
1385
1359
1466
1504
1451
1489
1472
1509
1514
1537
1441
1430
1445
1411
1503
1438
1370
1360
1317
1310
1271
1258
1263
1209
1177
1035
920
792
586
504
300
96
-78
-332
-499
-719
-900
-1100
-1305
-1414
-1558
-1710
-1863
-2036
-2106
-2174
-2193
-2233
-2324
-2323
-2313
-2264
-2221
-2187
-2179
-2158
-2094
-2047
-1971
-1924
-1906
-1801
-1726
-1637
-1566
-1523
-1440
-1398
-1348
-1306
-1256
-1189
-1124
-1021
-968
-949
-917
-835
-719
-593
-492
-456
-437
-332
-190
-51
98
168
251
275
339
417
524
622
682
734
736
779
781
804
818
775
759
711
647
619
550
506
465
336
364
317
269
244
156
106
63
85
123
196
222
269
265
269
366
461
575
642
625
650
756
887
982
1084
1100
1056
1185
1271
1379
1444
1373
1437
1427
1462
1564
1483
1536
1583
1558
1526
1360
1330
1328
1357
1472
1404
1339
1273
1192
1206
1259
1243
1168
1130
1042
983
958
886
780
693
548
345
205
29
-130
-233
-443
-634
-791
-986
-1113
-1201
-1319
-1468
-1613
-1773
-1859
-1896
-1908
-1930
-1982
-1993
-2029
-2008
-1989
-1949
-1899
-1900
-1862
-1880
-1855
-1768
-1741
-1663
-1647
-1599
-1548
-1492
-1438
-1400
-1377
-1359
-1283
-1256
-1149
-1098
-1056
-987
-952
-882
-836
-767
-640
-548
-469
-405
-361
-305
-211
-122
20
93
149
201
245
328
362
424
456
469
514
488
517
532
497
541
503
457
447
411
435
452
395
396
329
347
443
479
515
509
474
516
595
690
755
806
871
900
940
942
1002
1080
1183
1305
1363
1363
1396
1455
1479
1562
1528
1532
1578
1535
1593
1578
1574
1615
1575
1607
1590
1556
1502
1455
1467
1430
1409
1357
1316
1339
1295
1286
1190
1119
1036
933
896
785
721
578
387
194
-20
-125
-272
-422
-563
-809
-968
-1163
-1314
-1367
-1526
-1615
-1710
-1825
-1873
-1966
-1963
-2021
-2021
-2025
-2077
-2033
-2049
-2012
-1978
-1965
-1909
-1919
-1860
-1791
-1773
-1690
-1662
-1613
-1562
-1511
-1451
-1445
-1355
-1274
-1215
-1118
-1110
-1070
-1007
-955
-820
-728
-665
-592
-531
-450
-384
-283
-205
-93
13
75
164
171
249
313
379
472
495
546
563
536
555
534
511
530
526
510
472
415
391
354
359
330
279
268
266
263
298
306
282
341
341
408
468
466
566
608
654
725
700
731
806
904
995
1045
1082
1083
1165
1202
1286
1279
1248
1262
1210
1284
1298
1384
1405
1373
1346
1205
1186
1221
1283
1286
1189
1100
984
1003
1067
1098
1089
976
864
785
710
700
639
583
528
415
285
166
57
-75
-188
-311
-521
-630
-755
-920
-981
-1125
-1259
-1347
-1459
-1488
-1539
-1574
-1638
-1697
-1727
-1786
-1794
-1804
-1780
-1750
-1725
-1727
-1739
-1703
-1690
-1659
-1615
-1577
-1535
-1478
-1429
-1380
-1334
-1280
-1225
-1196
-1150
-1099
-1047
-969
-903
-845
-816
-773
-727
-640
-567
-550
-477
-429
-370
-311
-264
-191
-147
-94
-32
12
41
88
158
196
245
282
293
326
338
371
404
379
355
352
385
421
443
427
429
469
485
519
501
502
525
567
615
645
637
692
773
795
879
859
875
963
1027
1089
1131
1123
1150
1219
1321
1408
1428
1412
1343
1371
1404
1430
1482
1441
1446
1393
1327
1334
1302
1292
1280
1171
1146
1070
1016
1025
962
886
802
694
614
554
464
399
296
153
88
13
-137
-241
-396
-549
-628
-741
-853
-961
-1082
-1182
-1257
-1339
-1429
-1469
-1540
-1615
-1647
-1697
-1694
-1690
-1730
-1715
-1721
-1720
-1681
-1678
-1617
-1583
-1573
-1529
-1507
-1455
-1392
-1311
-1265
-1225
-1152
-1098
-1046
-979
-948
-860
-803
-764
-683
-660
-581
-576
-514
-442
-428
-342
-290
-264
-214
-160
-127
-25
47
109
165
208
268
324
361
380
454
514
553
575
592
611
620
650
651
662
656
654
657
665
705
711
726
752
749
766
782
757
775
839
881
909
889
854
916
926
1000
1118
1057
1088
1052
1066
1179
1192
1269
1235
1196
1240
1229
1283
1291
1291
1258
1178
1178
1106
1114
1156
1128
1113
1006
910
818
781
743
666
641
503
400
342
215
191
86
15
-53
-192
-266
-370
-437
-505
-606
-693
-808
-882
-914
-1003
-1040
-1140
-1208
-1289
-1372
-1425
-1486
-1507
-1550
-1605
-1649
-1729
-1763
-1742
-1754
-1728
-1760
-1774
-1752
-1729
-1678
-1631
-1581
-1534
-1488
-1415
-1367
-1278
-1204
-1131
-1041
-982
-913
-854
-726
-611
-518
-426
-370
-311
-232
-144
-59
10
86
173
239
301
361
403
465
504
541
568
588
630
696
755
774
767
784
821
845
874
859
855
899
906
930
880
841
868
868
922
909
884
867
814
798
758
784
835
883
847
796
776
716
773
792
746
782
733
737
798
735
734
713
720
792
822
812
730
757
711
717
728
589
602
580
544
623
516
501
493
403
369
269
204
221
180
129
51
-36
-110
-172
-212
-287
-324
-388
-421
-484
-633
-710
-791
-808
-786
-859
-942
-1025
-1098
-1111
-1137
-1172
-1234
-1259
-1268
-1314
-1317
-1363
-1388
-1395
-1419
-1421
-1434
-1416
-1404
-1385
-1376
-1362
-1335
-1289
-1252
-1209
-1165
-1161
-1088
-1039
-1005
-934
-882
-812
-748
-663
-608
-543
-445
-365
-300
-248
-179
-114
-30
55
109
148
213
256
309
356
407
435
462
532
561
626
652
658
671
693
707
691
736
761
772
747
725
697
718
771
776
789
833
807
781
783
759
765
786
789
797
783
751
792
772
790
799
775
779
741
705
689
670
671
668
703
652
626
626
516
534
556
522
526
461
414
372
337
335
271
273
244
222
234
163
123
74
34
64
9
-14
-81
-126
-143
-205
-196
-265
-301
-296
-358
-386
-474
-532
-559
-610
-560
-622
-707
-774
-852
-836
-850
-830
-859
-926
-941
-988
-1010
-1005
-1023
-999
-1029
-1055
-1079
-1092
-1065
-1039
-995
-992
-1022
-1001
-978
-931
-865
-832
-797
-775
-741
-680
-628
-560
-527
-486
-440
-429
-346
-289
-228
-164
-138
-93
-97
-74
-45
-10
55
73
112
140
141
182
182
230
299
291
335
365
397
409
405
413
475
536
580
595
582
634
642
639
664
670
738
783
770
791
784
739
766
753
698
726
687
645
602
516
544
629
668
634
580
531
472
508
501
461
473
471
455
453
375
276
320
345
363
390
301
242
229
222
222
195
177
201
220
206
129
65
12
-10
-39
-57
-106
-143
-149
-163
-194
-223
-261
-306
-302
-311
-357
-401
-432
-440
-430
-436
-494
-544
-524
-533
-544
-573
-620
-639
-622
-611
-615
-612
-629
-628
-600
-604
-651
-667
-656
-664
-644
-631
-634
-609
-568
-574
-603
-614
-597
-560
-533
-485
-483
-460
-416
-385
-366
-334
-341
-296
-231
-224
-201
-199
-184
-93
-44
-44
-27
-19
-8
28
39
44
72
97
152
167
171
165
154
203
240
256
280
276
273
272
302
343
371
413
388
370
371
349
366
398
390
409
393
409
455
415
408
404
403
431
393
414
408
426
471
450
488
457
413
394
367
395
415
411
389
340
340
321
354
346
302
304
236
245
274
241
226
185
116
105
85
62
21
-28
-55
-83
-111
-123
-109
-118
-131
-156
-218
-248
-237
-235
-209
-264
-277
-303
-314
-323
-372
-346
-358
-363
-368
-436
-473
-445
-428
-428
-468
-491
-524
-517
-467
-474
-467
-473
-489
-493
-523
-520
-493
-464
-422
-410
-415
-421
-417
-389
-370
-326
-336
-316
-261
-245
-224
-238
-211
-181
-185
-149
-160
-144
-129
-149
-135
-114
-124
-90
-55
-43
-20
-14
19
51
77
89
93
125
103
135
142
119
143
162
188
213
209
182
174
203
221
237
264
279
295
265
189
184
187
226
295
295
243
188
181
191
218
237
211
211
226
207
246
232
223
220
207
224
196
215
228
230
218
176
141
144
156
174
172
165
150
147
156
131
133
136
114
131
101
88
121
82
84
42
8
10
-45
-35
-34
-43
-53
-78
-88
-117
-131
-149
-185
-163
-206
-231
-241
-278
-285
-310
-304
-324
-360
-336
-317
-306
-308
-316
-300
-335
-326
-318
-342
-306
-307
-254
-255
-294
-259
-269
-244
-191
-199
-156
-162
-158
-155
-154
-109
-114
-114
-94
-89
-51
-23
-17
-21
-10
-13
25
29
10
15
54
96
127
135
108
109
134
139
140
161
174
202
186
159
137
124
141
136
125
128
116
118
117
72
8
10
18
60
93
67
49
16
-24
-33
-8
28
54
48
70
52
26
36
68
111
128
119
104
74
77
80
103
107
115
96
63
68
51
51
39
24
7
9
27
37
29
23
12
-36
-7
2
-1
20
5
26
39
2
-32
-54
-65
-61
-37
-12
-25
-87
-111
-93
-56
-35
-44
-42
-70
-98
-106
-130
-163
-180
-141
-146
-174
-192
-214
-191
-164
-186
-223
-200
-191
-161
-140
-165
-153
-153
-119
-82
-119
-109
-122
-134
-92
-99
-112
-100
-97
-62
-34
-57
-90
-113
-96
-75
-45
-43
-34
-30
-38
-24
-38
-34
-21
-28
-1
-18
-47
-39
-32
0
32
4
12
28
27
40
27
42
37
52
46
37
42
18
31
32
5
6
-4
-19
17
13
7
-24
-44
-16
-7
-16
5
16
-6
-11
-36
-93
-83
-48
-34
-29
-37
-27
-43
-24
-13
-37
-29
-12
-9
14
34
9
-4
-38
-27
-19
-5
-3
-8
7
-15
-8
5
21
21
-29
-34
-38
-24
9
-22
-44
-53
-46
-30
-69
-74
-68
-48
-36
-63
-85
-112
-119
-76
-68
-40
-27
-64
-68
-81
-40
-53
-86
-93
-93
-54
-27
-42
-56
-73
-69
-68
-95
-80
-69
-51
-68
-85
-103
-109
-62
-62
-83
-83
-96
-106
-111
-134
-135
-139
-127
-115
-108
-103
-114
-92
-81
-71
-64
-41
-10
-18
-12
-3
-17
4
17
4
24
15
22
28
20
46
35
49
69
55
45
30
53
96
124
108
45
12
33
57
82
103
120
109
101
90
102
127
129
121
115
88
78
95
124
148
132
103
96
110
98
84
87
106
94
82
66
35
27
22
10
2
2
7
13
19
-11
-25
-18
-25
-30
-17
-15
-22
-20
-40
-78
-90
-56
-36
-60
-83
-117
-75
-42
-50
-67
-101
-108
-94
-72
-64
-73
-81
-89
-91
-93
-112
-78
-46
-50
-39
-64
-59
-60
-55
-63
-87
-80
-69
-59
-37
-25
-43
-52
-32
-16
-14
1
11
50
54
34
31
14
46
57
41
44
35
7
-4
-18
-12
20
44
51
33
3
-11
25
58
89
101
64
19
-2
-8
-3
-5
-4
18
28
-19
-49
-32
-24
-13
-13
-34
-42
-19
-34
-15
-11
-22
-9
-11
-5
-26
-28
-1
-9
-24
-13
-15
4
21
13
14
9
17
16
-7
15
1
-28
1
6
-9
2
27
42
42
27
-4
-24
2
22
16
12
-19
-7
3
-4
-12
-41
-40
-11
12
-10
-22
-34
-44
-35
-54
-60
-34
-5
16
34
2
-37
-71
-82
-68
-60
-19
-14
-23
-75
-99
-81
-75
-53
-61
-64
-43
-40
-49
-57
-69
-41
-9
-26
-41
-17
-8
-9
-49
-80
-89
-81
-59
-49
-58
-58
-27
-18
-17
-19
-12
4
14
29
50
37
35
22
16
9
3
2
21
46
50
31
18
-9
-39
-32
-31
-18
-23
-28
-40
-49
-57
-30
-23
-40
-43
-59
-47
-33
0
-5
-46
-83
-88
-63
-39
-38
-26
-8
-4
-15
-17
-12
-16
-1
-32
-40
-25
-23
-24
-57
-96
-127
-97
-49
-36
-66
-117
-148
-152
-142
-121
-104
-100
-110
-128
-142
-147
-130
-103
-78
-43
-53
-85
-93
-80
-42
-41
-28
-7
-28
-18
-16
-28
-14
-15
-10
2
20
30
45
46
38
31
36
45
83
111
121
135
115
105
88
75
91
121
148
156
151
142
112
100
101
105
134
127
127
146
136
125
113
112
108
110
133
153
166
160
150
135
114
113
114
112
129
124
122
124
113
123
114
103
106
105
96
107
109
90
91
53
29
39
42
26
18
13
4
-8
0
-7
-24
-10
-3
-23
-24
-25
-52
-86
-112
-104
-111
-95
-92
-72
-35
-58
-87
-82
-71
-47
-41
-33
-36
-55
-71
-52
-53
-57
-57
-84
-89
-82
-80
-93
-86
-73
-85
-94
-98
-104
-128
-121
-118
-142
-146
-137
-129
-121
-134
-164
-175
-176
