-121
-146
-136
-134
-125
-71
-40
-46
-101
-179
-214
-163
-100
-43
-56
-70
-108
-102
-52
-10
47
77
89
84
59
-3
4
27
53
41
31
31
45
67
79
32
0
-23
-13
11
19
35
33
15
3
-12
-17
26
-7
32
52
42
11
10
33
49
57
61
56
69
77
64
36
35
41
33
49
31
59
87
93
62
52
49
31
49
68
75
75
28
7
12
20
14
-8
-19
-31
-23
-48
-67
-35
8
52
53
56
10
-34
-20
-29
19
26
-10
-8
-2
26
38
12
-13
-39
-30
17
56
61
73
39
5
23
59
85
103
136
123
60
33
-13
-20
45
54
22
3
-16
-24
-9
-26
-78
-57
-11
10
22
34
18
4
4
23
49
102
136
112
106
78
35
36
57
60
67
66
48
-1
2
-9
-34
-21
16
16
1
0
-61
-52
-54
-67
-62
-84
-131
-153
-127
-92
-87
-114
-140
-138
-104
-74
-60
-72
-86
-52
-27
-42
-23
-34
-39
-37
-66
-65
-61
-58
-88
-89
-91
-119
-90
-79
-73
-98
-99
-130
-101
-104
-122
-108
-114
-115
-90
-95
-147
-150
-130
-77
-75
-67
-114
-120
-84
-49
-45
-59
-132
-124
-59
0
62
18
-6
-106
-135
-70
-7
18
14
-22
-48
-58
-31
38
49
31
-10
-26
-56
-41
-28
41
57
69
32
-14
-40
-17
39
52
77
73
68
39
79
81
139
145
77
18
-3
-39
20
51
37
6
-69
-32
-18
27
43
45
-3
-29
-74
-71
-70
-88
-56
-70
-96
-60
-31
-48
-51
-105
-116
-134
-110
-81
-30
-11
-31
-58
-104
-99
-53
-2
10
-51
-148
-175
-134
-26
20
55
-6
-66
-90
-34
39
63
102
56
28
27
23
-6
29
29
40
61
11
-32
-10
-4
0
28
-6
-10
-39
25
23
-28
-71
-110
-102
-40
-27
-75
-102
-128
-151
-123
-140
-134
-117
-124
-103
-116
-98
-130
-120
-123
-52
-56
-73
-84
-120
-110
-106
-87
-94
-101
-59
-56
-79
-60
-143
-119
-106
-82
-82
-58
-103
-113
-101
-116
-144
-178
-119
-108
-71
-57
-74
-117
-83
-156
-137
-84
-34
36
62
-14
-96
-83
-56
59
122
127
67
29
4
36
62
123
142
150
121
54
2
-16
-11
40
102
96
106
-11
-79
-69
-24
-2
78
77
77
85
61
21
16
26
78
162
178
117
68
78
49
106
171
141
127
146
110
137
95
89
68
120
121
124
132
137
77
91
124
32
62
90
126
61
48
-19
-27
-10
39
-21
-24
-35
-57
-10
-40
-76
-73
-53
-113
-48
-71
-49
-65
-84
-112
-202
-184
-159
-148
-85
-100
-169
-181
-260
-297
-290
-240
-147
-70
-112
-197
-251
-273
-112
-8
47
-20
-114
-205
-212
-113
-98
-68
-82
-118
-124
-74
-66
-49
-47
-45
-41
13
5
-3
1
16
4
66
149
107
117
42
39
52
67
117
64
79
127
140
169
137
81
112
144
163
112
91
9
25
59
79
57
19
75
10
11
-17
-81
-27
-14
-8
-71
-87
-66
-76
-20
-30
-99
-87
-86
-99
-110
-65
-103
-68
-40
-54
-48
-52
-42
-46
46
-7
-50
-56
-58
-8
92
70
-39
-119
-87
-27
78
87
-21
-48
-9
41
1
64
-27
38
104
75
10
22
-14
28
84
44
-67
-86
-51
37
102
54
32
-29
-19
-1
71
53
86
47
33
47
74
68
77
83
69
77
93
57
96
157
127
111
100
83
69
118
13
-31
-42
-59
-19
-8
-76
-94
-114
-110
-106
-81
-148
-159
-147
-131
-135
-137
-169
-220
-161
-144
-179
-119
-178
-153
-112
-168
-146
-183
-139
-103
-56
-56
-107
-168
-157
-160
-97
-49
-65
-125
-165
-228
-182
-93
-42
50
-49
-73
-141
-82
4
89
88
83
46
35
82
164
245
305
316
205
67
74
148
272
332
165
22
-123
-90
-25
46
0
-160
-283
-235
-179
-116
-75
-186
-211
-219
-218
-250
-248
-204
-191
-181
-172
-252
-196
-154
-89
-6
-25
-77
-89
-81
29
72
29
15
-111
-70
-23
-79
-24
-40
-67
-56
-103
-173
-172
-188
-110
-100
-106
-49
-99
-44
-41
-121
-90
-125
-36
70
56
77
-6
-4
10
56
145
174
153
192
140
123
132
126
145
151
148
111
51
2
-12
-10
73
14
-15
-133
-155
-167
-64
-50
1
-35
-61
-111
-179
-134
-118
-35
-50
-46
-82
-104
-62
18
46
76
46
47
22
53
81
90
125
81
99
48
92
64
138
104
53
104
110
127
78
76
132
175
170
122
35
125
116
166
108
48
2
94
137
73
79
32
76
72
126
43
54
72
86
74
96
-61
-38
-1
4
-56
-104
-194
-245
-158
-221
-202
-242
-212
-242
-186
-210
-212
-229
-255
-302
-279
-292
-295
-261
-225
-268
-262
-286
-347
-292
-306
-272
-261
-206
-216
-239
-223
-228
-219
-128
-169
-190
-175
-215
-188
-140
-148
-68
-46
-99
-131
-140
-37
-10
14
7
-60
-35
60
60
197
126
70
78
105
189
275
189
194
139
299
421
398
400
352
400
398
403
341
379
363
503
429
378
326
354
450
503
415
358
363
395
476
471
386
221
319
410
497
444
363
223
230
345
404
437
363
287
210
200
254
239
325
348
226
122
32
-17
29
77
75
-31
-141
-236
-249
-138
-106
-134
-223
-325
-397
-377
-365
-362
-438
-495
-556
-560
-531
-499
-513
-629
-719
-783
-754
-729
-644
-651
-675
-738
-813
-804
-763
-738
-731
-715
-750
-784
-750
-699
-632
-592
-581
-584
-581
-573
-570
-536
-491
-463
-450
-411
-392
-336
-258
-260
-210
-214
-188
-127
-71
7
55
111
105
135
234
350
429
529
548
585
630
706
821
931
1044
1130
1168
1186
1283
1332
1465
1529
1534
1562
1523
1530
1535
1540
1509
1510
1464
1490
1451
1475
1494
1415
1337
1186
1086
1029
1087
1144
1128
874
797
682
751
763
738
591
453
334
303
300
228
213
101
84
-50
-169
-262
-292
-421
-417
-612
-798
-1007
-1046
-1102
-1191
-1286
-1464
-1682
-1840
-1961
-2095
-2157
-2349
-2517
-2716
-2860
-2959
-2953
-2970
-3041
-3205
-3280
-3362
-3319
-3216
-3095
-3043
-3014
-2945
-2860
-2746
-2587
-2415
-2287
-2119
-1979
-1817
-1610
-1398
-1210
-992
-798
-612
-393
-144
23
237
487
693
872
1086
1231
1380
1603
1677
1842
1980
2097
2270
2462
2666
2759
2892
3051
3131
3296
3384
3388
3476
3574
3657
3784
3823
3709
3767
3784
3869
3903
3820
3643
3418
3405
3319
3208
3142
2895
2733
2661
2611
2543
2536
2372
2094
1851
1622
1394
1216
1017
727
434
3
-624
-1114
-1455
-1805
-1959
-2300
-2797
-3305
-3629
-3887
-3896
-3908
-4058
-4235
-4351
-4461
-4435
-4253
-4171
-4051
-3863
-3816
-3728
-3563
-3443
-3224
-3014
-2868
-2817
-2718
-2614
-2481
-2287
-2214
-2175
-2064
-1949
-1802
-1641
-1572
-1606
-1680
-1690
-1617
-1453
-1266
-1131
-1090
-1096
-1099
-1022
-832
-594
-377
-207
-92
-71
-18
168
364
570
745
812
783
776
840
905
975
1028
1022
984
1022
1061
1152
1199
1226
1301
1377
1461
1516
1644
1760
1855
1993
2141
2319
2630
2862
3026
3087
3038
3126
3386
3682
3875
3873
3786
3680
3733
3877
3796
3729
3532
3360
3338
3300
3296
3297
3162
3044
2965
2957
2934
2869
2713
2438
2049
1799
1488
1224
925
266
-307
-762
-1109
-1367
-1700
-2201
-2720
-3092
-3328
-3577
-3744
-3941
-4135
-4232
-4282
-4369
-4306
-4335
-4305
-4153
-4139
-4133
-4130
-4060
-3868
-3698
-3606
-3567
-3509
-3364
-3209
-2988
-2845
-2792
-2681
-2550
-2445
-2271
-2166
-2157
-2075
-1956
-1792
-1638
-1471
-1350
-1229
-1043
-876
-704
-518
-354
-129
73
207
315
481
671
840
998
1075
1118
1199
1244
1284
1313
1262
1258
1285
1311
1403
1423
1351
1300
1259
1315
1426
1532
1604
1655
1751
1763
1865
2037
2191
2384
2572
2668
2722
2911
3070
3275
3410
3532
3539
3451
3480
3559
3580
3541
3357
3246
3180
3141
3132
3016
2872
2692
2626
2580
2724
2740
2769
2658
2523
2384
2156
1912
1608
1087
434
-100
-402
-679
-926
-1369
-2015
-2606
-2980
-3077
-3202
-3408
-3833
-4189
-4430
-4488
-4371
-4232
-4210
-4230
-4217
-4227
-4269
-4207
-4072
-3879
-3749
-3693
-3654
-3554
-3339
-3118
-2903
-2880
-2842
-2742
-2648
-2507
-2385
-2336
-2278
-2191
-2038
-1885
-1779
-1657
-1540
-1431
-1337
-1292
-1147
-947
-724
-406
-206
-82
35
196
473
726
876
983
964
987
1100
1189
1301
1317
1288
1302
1273
1246
1255
1245
1235
1211
1208
1225
1225
1310
1411
1494
1560
1617
1721
1876
2032
2171
2239
2335
2484
2689
2955
3141
3237
3282
3428
3520
3679
3764
3755
3668
3609
3402
3343
3277
3257
3281
3260
3124
2910
2897
2823
2951
3011
3019
2803
2723
2364
2090
1747
1148
494
143
-226
-533
-909
-1562
-2254
-2708
-2895
-3154
-3247
-3685
-4157
-4492
-4617
-4725
-4535
-4498
-4467
-4422
-4460
-4605
-4596
-4570
-4442
-4237
-4127
-4153
-4128
-3989
-3850
-3542
-3369
-3293
-3148
-2945
-2847
-2737
-2708
-2692
-2553
-2367
-2163
-1923
-1820
-1753
-1699
-1604
-1496
-1337
-1061
-860
-577
-336
-203
-72
56
265
548
738
839
915
977
992
1025
1042
1071
1079
1173
1224
1181
1148
1048
1080
1140
1178
1211
1220
1193
1208
1322
1384
1439
1547
1676
1837
1970
2140
2274
2333
2441
2654
2845
3060
3215
3338
3434
3519
3571
3631
3704
3839
3920
3874
3758
3550
3501
3324
3299
3225
3273
3351
3439
3421
3366
3264
3208
3174
3056
2663
2079
1306
604
321
174
-4
-564
-1156
-1929
-2357
-2642
-2843
-3147
-3513
-4020
-4400
-4582
-4614
-4526
-4362
-4345
-4350
-4360
-4433
-4441
-4330
-4205
-4207
-4147
-4190
-4075
-3878
-3679
-3510
-3346
-3275
-3207
-3025
-2930
-2897
-2778
-2745
-2665
-2471
-2308
-2155
-1935
-1783
-1677
-1598
-1556
-1410
-1149
-846
-619
-388
-238
-157
33
266
488
726
870
921
948
934
965
1054
1124
1174
1134
1115
1027
966
988
953
913
928
906
995
1110
1193
1215
1225
1264
1377
1609
1834
2006
2050
2082
2140
2316
2563
2881
3034
3199
3340
3356
3553
3602
3630
3718
3824
3850
3813
3637
3472
3323
3372
3526
3559
3513
3338
3190
3251
3304
3349
3419
3320
3287
3079
2717
2027
1333
721
524
317
3
-662
-1497
-2187
-2584
-2704
-2816
-3119
-3576
-4042
-4413
-4566
-4626
-4481
-4398
-4346
-4357
-4392
-4508
-4453
-4358
-4204
-4180
-4163
-4124
-4009
-3800
-3556
-3406
-3358
-3284
-3102
-2860
-2634
-2547
-2535
-2538
-2520
-2346
-2182
-2021
-1856
-1691
-1550
-1539
-1539
-1449
-1260
-948
-726
-534
-369
-270
-123
85
263
441
651
835
935
982
976
911
977
1095
1180
1266
1243
1212
1225
1233
1182
1144
1223
1269
1343
1464
1466
1456
1496
1574
1737
1920
2044
2210
2293
2430
2522
2582
2817
3044
3322
3596
3780
3826
3836
3887
3858
3920
4082
3963
4024
3867
3673
3486
3410
3426
3412
3511
3422
3397
3428
3367
3276
3245
3016
2599
1992
1297
652
469
189
-91
-756
-1489
-2198
-2469
-2585
-2779
-3081
-3689
-4210
-4508
-4548
-4438
-4306
-4237
-4283
-4354
-4373
-4477
-4299
-4207
-4040
-3990
-4015
-4081
-3965
-3768
-3565
-3375
-3299
-3249
-3087
-2924
-2794
-2708
-2685
-2703
-2592
-2382
-2245
-2032
-1902
-1847
-1750
-1681
-1604
-1424
-1195
-975
-764
-587
-501
-286
-75
140
323
478
623
726
864
888
916
934
908
966
971
1012
1010
1017
1001
922
919
917
1035
1119
1162
1219
1196
1339
1399
1547
1731
1868
2062
2212
2361
2506
2624
2718
2959
3190
3414
3705
3691
3780
3875
4057
4296
4279
4350
4214
4115
4131
4172
4142
4070
4011
4077
4255
4403
4485
4543
4405
4295
3893
3224
2359
1710
1462
1247
872
133
-811
-1634
-2064
-2209
-2356
-2796
-3467
-4045
-4481
-4721
-4688
-4609
-4469
-4346
-4240
-4243
-4322
-4339
-4305
-4151
-4118
-4149
-4185
-4136
-3954
-3740
-3586
-3601
-3601
-3430
-3202
-2974
-2922
-2963
-3091
-3118
-2999
-2796
-2556
-2351
-2127
-1962
-1894
-1851
-1873
-1740
-1461
-1177
-870
-748
-671
-569
-379
-103
119
341
492
560
622
654
668
691
709
752
815
833
850
858
842
793
732
718
742
879
1006
1093
1169
1167
1255
1451
1668
1912
2096
2293
2414
2623
2835
2941
3127
3296
3601
3825
3988
3999
4080
4223
4332
4499
4427
4393
4317
4203
4209
4121
3999
4068
4089
4228
4400
4479
4555
4514
4409
3873
2853
2064
1610
1542
1509
926
-83
-1169
-1901
-2104
-2009
-2207
-2785
-3589
-4208
-4660
-4766
-4716
-4729
-4598
-4408
-4289
-4329
-4430
-4451
-4415
-4343
-4378
-4407
-4333
-4177
-3846
-3611
-3635
-3750
-3748
-3513
-3142
-2854
-2771
-2855
-2962
-2989
-2898
-2717
-2483
-2195
-1902
-1797
-1832
-1834
-1782
-1579
-1279
-1030
-875
-788
-648
-414
-173
-32
53
115
235
369
506
659
673
695
703
667
668
660
773
896
921
856
745
696
735
901
1067
1181
1241
1303
1386
1483
1658
1856
2072
2317
2482
2628
2824
3083
3373
3655
3875
3987
4080
4227
4399
4506
4590
4550
4496
4452
4439
4432
4414
4384
4409
4356
4395
4345
4328
4457
4501
4510
4123
3046
1979
1438
1312
1426
1042
117
-1165
-2159
-2576
-2531
-2517
-2892
-3578
-4219
-4796
-5067
-5093
-5023
-4918
-4735
-4603
-4603
-4651
-4602
-4435
-4358
-4420
-4560
-4537
-4364
-3986
-3620
-3554
-3679
-3863
-3782
-3512
-3224
-2973
-2879
-2869
-2861
-2825
-2733
-2623
-2439
-2108
-1810
-1733
-1680
-1689
-1570
-1327
-1153
-950
-810
-603
-309
-43
187
244
300
405
466
630
788
893
921
913
843
806
834
879
936
966
879
745
743
777
841
925
997
1077
1170
1336
1511
1649
1848
2015
2269
2447
2570
2785
2970
3278
3582
3736
3795
3896
4118
4468
4779
4833
4840
4660
4542
4572
4563
4763
4631
4615
4481
4360
4475
4528
4879
4996
4939
4703
3641
2509
1709
1494
1667
1529
815
-459
-1631
-2435
-2613
-2479
-2725
-3286
-4038
-4670
-5026
-5172
-5087
-5181
-5147
-5008
-4865
-4674
-4556
-4365
-4337
-4548
-4790
-4989
-4825
-4456
-3977
-3630
-3647
-3759
-3933
-3834
-3607
-3395
-3140
-3031
-2897
-2785
-2753
-2637
-2617
-2483
-2272
-2101
-1929
-1777
-1495
-1280
-1098
-1052
-1085
-953
-810
-370
58
317
525
459
478
425
431
596
700
874
906
955
978
935
902
781
750
692
759
964
1111
1220
1187
1111
1088
1109
1329
1601
1888
2239
2410
2571
2671
2676
2889
3102
3452
3782
4118
4411
4449
4521
4438
4568
4674
4799
4987
4998
4952
4786
4629
4586
4586
4755
5005
5170
5227
5134
4984
4748
3863
2715
1922
1570
1647
1478
879
-221
-1474
-2482
-3004
-3075
-3234
-3546
-3877
-4465
-4902
-5128
-5215
-5277
-5424
-5267
-4988
-4706
-4406
-4131
-3931
-4188
-4603
-4801
-4827
-4537
-4172
-3749
-3401
-3404
-3517
-3669
-3790
-3881
-3797
-3425
-3150
-3011
-2915
-2719
-2523
-2610
-2694
-2636
-2439
-2018
-1475
-882
-701
-855
-850
-725
-598
-636
-370
271
840
1080
931
-491
-1933
-1057
761
1155
311
-585
-319
956
1366
575
224
793
1543
2051
1642
1226
1679
2236
2496
2287
2277
2774
3328
3756
3561
3565
3932
4468
5007
5143
5272
5558
5722
6170
6455
6254
5905
5818
6386
6381
5828
5297
5041
5020
4952
5041
5821
6446
6738
6459
5825
4308
716
-3646
-4496
-1338
1413
28
-4212
-7272
-7407
-7120
-7689
-6560
-4206
-2054
-865
-1759
-4546
-6679
-6404
-3968
-1102
450
-353
-1768
-3654
-4980
-4771
-4784
-4974
-3851
-2332
-2563
-4205
-6206
-7468
-6614
-4734
-3430
-2659
-2680
-2802
-2788
-3428
-4307
-3680
-1901
-266
1023
1141
-324
-1878
-2281
-1661
-711
-95
-3
64
-534
-1889
-3007
-3242
-2412
-957
325
286
-451
-1065
-1653
-1611
-1066
-354
363
739
720
231
-358
-828
-504
485
1268
1963
2266
2098
1852
1787
1795
2197
2948
3872
4754
4727
4120
3244
3393
4192
5126
5745
5583
6201
6983
6912
6522
5763
6229
7306
7722
7417
6138
6299
5052
4566
4313
4129
5273
5438
6725
7992
8309
7293
4532
887
-4785
-6132
-2573
1175
1176
-3194
-7600
-9034
-9084
-9206
-6860
-3317
-837
149
-914
-4103
-6534
-7021
-5637
-1713
917
64
-2106
-4628
-6289
-6582
-6233
-6131
-4467
-2826
-3133
-3969
-5661
-7328
-6664
-4843
-3295
-1832
-1393
-2224
-2739
-3091
-3619
-3330
-2363
-1132
504
980
-197
-1380
-1862
-2041
-1323
-419
-228
158
-15
-1455
-3147
-3773
-3399
-2038
-584
-546
-811
-1071
-1863
-2086
-1730
-1210
-550
316
536
305
-135
-873
-1109
-339
542
935
1206
1148
1163
1263
1214
1367
1972
2941
3503
3621
3525
3332
3483
4118
4662
5118
5272
5683
6082
6457
7100
6595
6855
7196
7441
7673
7272
6379
6253
6040
5604
5255
4665
4634
5278
6573
6703
7183
8041
7746
6856
535
-6844
-8332
-3744
1046
455
-3241
-7301
-7763
-8075
-9737
-7298
-3557
-1199
1244
1145
-1974
-5026
-7376
-6719
-2270
643
-548
-2626
-4172
-6038
-6523
-7592
-8263
-5995
-3632
-2779
-2821
-4225
-6245
-6273
-4836
-3459
-1955
-1323
-1403
-923
-1232
-2724
-3563
-3486
-1949
366
1297
742
-346
-1584
-2315
-2060
-1898
-1621
-860
-550
-785
-1586
-2931
-3399
-2590
-1505
-594
98
-117
-527
-762
-1505
-1984
-1568
-719
186
843
427
-470
-646
-738
-421
246
727
1336
1887
1970
1566
1178
1200
1658
2667
3509
3621
3773
3829
3745
4187
4734
5317
5636
5971
6372
7184
8065
6967
6769
6839
6900
7821
6391
5811
5896
5689
4659
3788
4200
5355
7441
7246
7193
8245
8401
8022
4381
-3779
-8432
-6416
-1838
985
-1521
-5912
-7459
-7229
-8844
-9050
-6142
-3494
503
2674
922
-1945
-5200
-7234
-5167
-1616
-980
-2068
-2932
-4001
-4741
-6127
-8719
-8684
-5946
-3699
-2402
-2385
-3580
-4574
-4397
-4222
-3962
-2933
-2121
-860
657
229
-1728
-3392
-3678
-2078
-15
815
648
455
-263
-1465
-2402
-3231
-3010
-1884
-1032
-840
-1278
-2140
-2602
-2216
-1525
-870
-198
206
354
368
-296
-1214
-1563
-1366
-880
-279
212
134
-12
-200
-457
-405
105
777
1551
2304
2464
2319
2268
2255
2238
2406
2625
3127
4095
4874
5209
5502
5863
5645
5761
6148
6581
7314
8080
8139
8213
7244
5977
4959
5275
5393
5482
5541
5178
6136
6485
7043
7092
7658
8654
8698
4276
-4221
-8554
-6644
-1877
89
-2787
-5511
-5100
-5251
-8130
-8778
-6747
-3195
608
2352
1176
-924
-3971
-6382
-5007
-2953
-2867
-3530
-3592
-3355
-3302
-5044
-8281
-8689
-6621
-4713
-3264
-2665
-2934
-2854
-2848
-3942
-4635
-4500
-3662
-1656
339
497
-659
-2351
-3505
-2571
-1185
-534
-82
386
478
-140
-1618
-3192
-3123
-2291
-1844
-1319
-1412
-1401
-1456
-1718
-1802
-1646
-1090
-777
-18
468
15
-836
-1652
-1536
-1112
-862
-869
-742
-86
350
88
-222
-542
61
934
1767
2332
2477
2725
2470
2245
2259
2173
2597
3377
4153
5160
5545
5590
5271
5375
5768
6574
7944
8296
8369
7545
6994
6247
5327
5491
5691
6795
6404
6169
5499
6162
7519
8168
9578
10057
8899
1594
-6697
-9701
-6413
-1080
-707
-3678
-4480
-3263
-5488
-8942
-9100
-6387
-1926
1928
2682
1323
-569
-4238
-5729
-4601
-4039
-4528
-4609
-3765
-2874
-2663
-5481
-8541
-8335
-6826
-5479
-4191
-3261
-2442
-1484
-2005
-3901
-5056
-4986
-4042
-2002
-283
-36
-575
-1671
-2505
-2352
-1903
-1771
-971
183
537
115
-1001
-2610
-3193
-2961
-2806
-2322
-1890
-1360
-547
-641
-1589
-2121
-1928
-1394
-499
-143
-269
-193
-608
-1398
-1862
-2111
-1905
-957
-35
431
695
323
-149
-19
272
536
1317
2120
2615
3195
2797
2292
1730
1603
2078
3448
4616
5307
6148
6186
6043
5953
5867
6163
7241
7801
7639
6958
6188
5815
6161
6342
5186
4641
4724
6040
7305
7485
8106
8362
9719
9587
6062
-1808
-7812
-8208
-4644
-878
-1835
-4505
-4406
-3814
-6118
-8115
-7869
-5719
-1101
1960
2208
1206
-1053
-4119
-4703
-4161
-4954
-5298
-4933
-3869
-2570
-3009
-5856
-7714
-7393
-6627
-5509
-4477
-3594
-2248
-1103
-1691
-3272
-4459
-4980
-4074
-1948
-504
-273
-540
-1136
-1407
-1270
-1519
-1903
-1189
-159
302
485
-96
-1791
-2728
-3058
-3211
-2524
-2289
-2212
-1129
241
-191
-1127
-1499
-1924
-1001
-311
-597
-431
19
-593
-1210
-1469
-2013
-1766
-763
31
501
969
392
204
830
887
960
1317
1915
2615
3067
2826
2105
2427
3418
4037
4874
5498
5827
6642
6321
5604
5695
6546
7334
7803
7925
8013
7622
5923
4390
3943
4977
5751
6182
5462
6360
7745
7542
8397
8636
8629
7934
2730
-4611
-7521
-5307
-3705
-2811
-3689
-5312
-3530
-4137
-8151
-7814
-5367
-3424
126
1743
671
-158
-1791
-4430
-4399
-4072
-5872
-5808
-4565
-3927
-3268
-4257
-6290
-6835
-6141
-6058
-5692
-4172
-2575
-1271
-988
-2342
-3843
-4448
-3980
-2977
-1527
-525
-652
-612
-519
-684
-851
-1189
-1352
-587
255
184
-523
-1679
-2258
-2534
-2482
-2686
-2744
-2124
-1092
-391
-731
-834
-1241
-1207
-712
-777
-768
-741
-846
-949
-996
-1335
-1482
-1086
-381
88
217
198
-39
397
792
845
816
1008
1381
1945
2389
2091
1904
2430
3020
4004
4830
5292
5787
6243
6323
5875
5987
5631
6137
6666
6561
6746
6160
5335
4984
5604
6014
6478
6458
5370
5390
5803
5726
7093
8618
9579
10838
10654
6459
-1566
-8011
-9543
-6417
-3221
-3421
-4645
-3309
-1917
-5028
-8653
-8835
-6698
-2087
1492
1400
989
100
-2566
-4107
-4645
-6409
-7342
-5915
-4496
-3001
-2375
-4660
-6423
-6169
-6256
-6379
-5654
-4413
-2416
-638
-1057
-2823
-3662
-3890
-3594
-2765
-2079
-1400
-648
-257
-92
-157
-770
-1534
-1578
-947
-414
-602
-1393
-1519
-1366
-1574
-2524
-3459
-3376
-2201
-777
-530
-503
-644
-623
-706
-1082
-1305
-1452
-970
-864
-857
-1025
-1453
-1485
-1228
-746
-671
-651
-545
-71
475
600
648
694
1157
1445
1497
1567
1835
2470
3279
4021
4205
4550
5105
5423
5858
5563
5374
5427
5657
6195
6081
6334
6331
6666
6024
5902
5514
4915
5837
5837
6364
6720
7040
7006
7895
7857
7584
8472
8857
7324
969
-6039
-8541
-6271
-3948
-4083
-5322
-4565
-1843
-3502
-6830
-7484
-5875
-2623
110
254
-322
-679
-2439
-3725
-3923
-5026
-6427
-6502
-5672
-4203
-3379
-4555
-5464
-5173
-4873
-5342
-5979
-5420
-3494
-1563
-1309
-2464
-3425
-3436
-3055
-2715
-2393
-1881
-1216
-561
-151
-140
-415
-895
-945
-852
-919
-1382
-1531
-1293
-1147
-1311
-2370
-3017
-2778
-1896
-1092
-534
-592
-559
33
-436
-898
-1200
-1474
-1047
-710
-1267
-1690
-1450
-1213
-847
-656
-857
-718
-93
91
227
403
393
442
487
506
626
1009
1799
2848
3460
3891
3966
3993
4593
4940
4777
5065
5298
5939
6761
6277
5813
5968
6483
7074
6977
6109
5738
6878
6605
5878
5153
4369
5358
6821
7078
6800
7442
8412
8310
8896
5381
-2193
-5956
-6898
-5223
-2542
-3241
-5280
-3117
-1415
-5220
-7670
-7868
-6781
-2033
641
-711
-542
-786
-3082
-3643
-4276
-6241
-6621
-5385
-4802
-3200
-2574
-4596
-5414
-5123
-5520
-6076
-5968
-4859
-2728
-811
-1141
-2682
-3190
-3168
-3190
-2790
-2206
-1548
-620
139
44
-51
-322
-1074
-1053
-535
-583
-731
-351
197
583
-256
-2056
-3276
-3165
-2295
-1726
-1161
-619
-287
-374
-1073
-1575
-1782
-1525
-1025
-720
-349
-423
-655
-834
-1012
-1162
-1383
-1301
-856
-276
103
-45
-140
-125
72
398
726
1426
2305
2981
3550
3507
3220
3228
3567
4420
5003
4995
5166
5658
6214
6316
5640
5365
6455
7492
7767
7611
6902
6281
6136
5462
4929
5889
5983
6481
6983
6877
7348
7528
8001
8324
7005
1160
-4659
-6451
-5315
-2880
-3338
-4666
-3451
-2168
-4823
-7785
-8377
-6509
-2696
-382
-288
-524
-1123
-3186
-4054
-4532
-5602
-5906
-5617
-4721
-3495
-3241
-4753
-5653
-5613
-5986
-6334
-6290
-5089
-2906
-1280
-1654
-2848
-3700
-3806
-3365
-2729
-1934
-1159
-344
-147
-196
-436
-944
-1046
-503
117
70
-170
-379
-103
225
-1026
-2451
-3317
-3217
-2007
-1379
-921
-406
-180
-385
-913
-1496
-1758
-1064
-1045
-769
-373
-1017
-866
-814
-1310
-1063
-1001
-1247
-765
-160
-103
44
304
-94
-33
337
73
848
2008
2477
3229
3338
3053
3426
3903
4116
4383
4764
5357
6207
6178
5721
5827
5833
6119
6057
5693
6306
7391
6873
6197
5386
5152
5832
5970
6049
6578
7706
8164
8468
8682
8059
7891
4003
-2706
-6523
-5819
-3255
-2314
-3423
-4774
-3169
-3557
-7769
-8978
-7171
-4274
-547
597
-390
-1021
-2757
-5078
-5320
-4756
-5222
-4847
-3764
-3414
-2877
-4292
-6527
-6601
-6037
-6062
-5835
-4972
-3554
-1894
-1669
-3360
-4399
-4341
-3813
-2643
-1686
-928
-207
-144
-498
-713
-869
-1222
-751
51
542
493
103
-265
-151
-691
-1466
-2681
-3140
-2064
-1930
-842
-680
-927
-965
-1149
-1581
-1917
-915
-1235
-167
398
-625
-600
-1034
-1476
-1316
-1323
-1699
-1429
-879
-657
-754
-581
-1059
-916
-288
-96
826
1357
1843
2375
2502
2735
2469
2787
3402
4018
4827
5215
5061
4952
5306
5446
5658
6074
5812
6454
7291
6957
6532
6312
5934
5968
6401
5746
6245
6755
6413
6527
7221
7595
7602
8514
8209
7732
4475
-2273
-6132
-4998
-2309
-1670
-3092
-4731
-4093
-4145
-7361
-9154
-7373
-3975
-942
209
-1184
-2617
-4051
-5477
-5261
-4468
-4359
-4186
-3269
-2824
-3174
-4843
-6881
-6772
-5620
-5084
-4754
-4173
-3260
-2198
-2349
-3812
-4679
-4325
-3096
-1509
-585
-582
-844
-1256
-1624
-1545
-1334
-838
192
1082
1129
548
-385
-983
-817
-552
-691
-410
-329
-38
108
-1247
-2078
-2239
-1572
-957
-751
-1007
-900
-188
-1140
-1564
-1736
-1549
-317
-53
-566
-1351
-1821
-2212
-1856
-1297
-1299
-782
-184
-102
-185
-474
-761
217
1359
1714
2010
2039
2816
3520
3823
3594
3296
4055
4418
4568
4474
4701
5188
5768
6094
5512
5688
6003
6486
7080
7562
6661
6478
6467
5694
5640
5684
6192
6656
7574
6986
7146
7835
7366
8096
6257
612
-4301
-4876
-2622
-750
-1875
-5091
-5343
-4923
-7104
-8726
-7872
-5377
-1493
-9
-1670
-3279
-4960
-6278
-5195
-3259
-2777
-2480
-2690
-3604
-3842
-5192
-7015
-6493
-4914
-4005
-3524
-4131
-4693
-3776
-3263
-3890
-4093
-3690
-2938
-1598
-1171
-1654
-1892
-2159
-2034
-994
-58
433
1018
1213
974
468
-375
-882
-267
413
614
223
-760
-1273
-1632
-1484
-1349
-1198
-779
-540
-461
-902
-1144
-1381
-1202
-831
-960
-928
-986
-1186
-1128
-1262
-1744
-1805
-1561
-940
-433
-376
-731
-1047
-793
-687
-151
315
660
1186
1460
1644
1771
1890
2117
2688
3192
3657
4018
4049
4338
4720
4684
5019
5105
5233
5696
6024
6019
6064
5922
5640
6152
6406
6595
6709
5916
5796
6163
6086
5966
6018
6590
7316
7761
7244
6728
5490
1418
-3450
-4725
-1950
329
-857
-4779
-6965
-6971
-7519
-8190
-7482
-4752
-1901
-1239
-3120
-5319
-6779
-7069
-5217
-2539
-982
-1501
-3217
-4703
-4976
-5189
-5728
-5170
-3800
-2740
-3080
-4609
-5872
-5590
-4460
-3545
-3036
-2924
-2783
-2505
-2474
-2592
-2395
-1984
-1001
310
859
691
295
-64
128
463
379
395
818
1167
890
259
-618
-832
-377
111
401
-206
-1327
-1776
-1487
-1329
-1407
-1517
-1363
-820
-761
-1588
-1882
-1443
-838
-399
-604
-824
-971
-1019
-885
-1051
-1025
-977
-838
-499
-378
-556
-715
-301
367
941
1438
1748
2046
2691
3098
3378
3377
3583
3822
4241
4730
4717
4758
4909
5420
5470
5644
5750
5410
5984
6637
6452
6274
6149
6284
6371
6559
5730
5516
6249
6672
7057
6815
6540
6504
6489
5140
2792
-289
-2588
-2464
-1078
-789
-3258
-6105
-7881
-7284
-6060
-5707
-5139
-4437
-3786
-4008
-5010
-6010
-5787
-4352
-2716
-1620
-2074
-3672
-5099
-5177
-4313
-3376
-3226
-3739
-4126
-4494
-4946
-5415
-5170
-4132
-2747
-2112
-2686
-3506
-3833
-3427
-2433
-1373
-831
-660
-562
-428
-161
152
399
769
1280
1439
1162
638
271
232
383
370
193
84
-369
-707
-965
-1135
-1157
-1227
-1228
-1240
-974
-1041
-1132
-1097
-1089
-977
-990
-849
-791
-643
-779
-1050
-1115
-1232
-1192
-1149
-991
-917
-742
-672
-597
-509
-462
-65
181
713
1103
1593
2002
2262
2753
2943
3336
3428
3744
4058
4412
4557
4537
4568
4470
4516
4625
5123
5776
6100
6052
6125
5999
6462
6619
6563
6350
6342
6443
6074
5744
5287
5799
6356
6595
6857
5973
3841
852
-606
-484
69
-193
-2170
-4689
-6554
-7236
-6703
-5244
-4127
-3960
-4680
-5764
-6397
-6392
-5601
-4280
-2751
-2116
-2796
-4072
-4890
-4589
-3448
-2363
-2300
-3025
-4276
-5173
-5313
-4811
-3921
-3212
-3060
-3395
-3831
-4075
-3911
-3211
-2206
-1481
-1371
-1789
-2175
-1777
-724
381
1068
1138
706
255
178
430
733
1028
1083
873
387
-74
-224
21
478
597
160
-793
-1735
-1835
-1309
-1125
-1057
-1376
-1798
-1951
-2169
-2310
-2097
-1297
-881
-674
-926
-1525
-1633
-1212
-529
-367
-512
-1063
-1323
-1003
-621
-345
-81
262
567
860
977
1065
1375
2123
2916
3192
3173
2691
2860
3374
3999
4435
4338
4484
4532
4917
5134
5323
5480
6052
6804
6879
6188
5495
5257
6303
7244
6719
5750
4564
4810
5539
6348
5932
5124
5405
5052
4381
2605
1241
289
-665
-1191
-1400
-2127
-4591
-6619
-6830
-5119
-3556
-3933
-5461
-6497
-6170
-5540
-4704
-4262
-3944
-3954
-4248
-4387
-4167
-3690
-3471
-3044
-2940
-3192
-3894
-4578
-4433
-3638
-2729
-2746
-3295
-3843
-3756
-3255
-2899
-2603
-2498
-2401
-2431
-2304
-1960
-1379
-824
-428
-104
-16
142
301
675
1055
1250
1080
731
556
591
929
1010
722
390
267
12
-374
-1158
-1403
-866
-465
-893
-1729
-2111
-1940
-954
-801
-1141
-1553
-1704
-1297
-1023
-663
-937
-992
-1171
-1289
-986
-913
-878
-957
-660
-570
-471
-277
-114
557
1091
1309
1253
1539
1902
2347
2697
2676
2764
2876
3263
3677
4159
3948
3932
4193
4474
4970
4928
5276
5719
6147
5529
5155
5391
5971
6561
6179
5634
5232
5445
5390
5207
4938
4587
4659
4892
5260
5383
4482
2624
1513
1770
1259
-287
-1753
-2281
-3005
-4133
-4963
-5269
-4658
-4652
-5173
-5646
-5765
-5567
-5248
-4697
-4327
-4235
-4528
-4528
-3850
-3044
-2827
-3043
-3208
-3237
-3151
-3211
-3291
-3355
-3330
-3275
-3395
-3523
-3498
-3265
-3121
-2965
-2944
-3094
-3073
-2775
-2232
-1704
-1319
-1215
-1057
-713
-209
213
290
247
276
442
670
784
805
902
874
454
39
130
471
387
-2
-1090
-1364
-812
-475
-757
-1601
-1987
-2017
-1137
-977
-1238
-1509
-1901
-1394
-915
-476
-691
-585
-421
-423
-189
-385
-506
-282
71
-84
-122
-273
-178
324
832
1045
937
1074
1173
1739
2409
2637
2590
2734
3052
3414
3756
3861
4063
4293
4179
3782
3941
4639
5036
5176
4634
4554
4612
5276
5967
6125
5916
4909
4641
4649
5368
5618
5458
5034
4360
4811
4809
4668
3817
3263
3071
2351
484
-2051
-2053
-670
-812
-3211
-5641
-6096
-4741
-3536
-3779
-4713
-6135
-6759
-6037
-4493
-3324
-3411
-4493
-5246
-3995
-2924
-3190
-3300
-2840
-2613
-3159
-3864
-4471
-3944
-3059
-2679
-2872
-3533
-4236
-4450
-3408
-2227
-2048
-3057
-3952
-3901
-2986
-1822
-1294
-1351
-1611
-1596
-1414
-829
41
617
680
346
212
230
650
1326
1544
1206
357
-119
56
710
868
339
-442
-888
-1116
-1180
-676
-403
-856
-1885
-2317
-1844
-804
-355
-721
-1261
-1617
-1253
-583
-11
166
-222
-795
-1091
-336
197
308
340
224
241
162
450
725
1367
1485
1238
968
1229
1868
2469
2882
2694
2499
2484
3170
3927
4356
3953
3760
3974
4241
4963
5131
5231
5060
5254
5260
5311
5521
5365
5853
5954
5903
5081
4664
5254
5959
6234
5327
4838
4300
4193
4496
4349
3554
1188
-1348
-1987
17
888
-1759
-5199
-6306
-4538
-2813
-3022
-4684
-6338
-7079
-6122
-4286
-3428
-4121
-5696
-6237
-5020
-3102
-2624
-3422
-4007
-4059
-3777
-3649
-3474
-3407
-3513
-3730
-3875
-3909
-3938
-3629
-3391
-3373
-3558
-3943
-3995
-3298
-2429
-2177
-2401
-2607
-2274
-1451
-659
-349
-527
-674
-402
288
726
956
954
844
934
1221
1375
1263
1218
979
715
454
420
-144
-393
-109
-8
-420
-1352
-1539
-1241
-313
-302
-771
-1131
-1315
-631
-154
172
-521
-821
-512
-114
332
-88
-606
-701
-169
183
285
367
97
311
596
1063
1240
1126
1291
1427
1805
1937
2081
2031
2168
2597
2729
2914
3068
3427
3626
3876
3888
3910
4466
4863
5056
4753
4940
5385
5815
5725
5061
5032
5274
5826
5609
5006
4572
4848
5076
4943
4889
4112
3564
3225
3266
3040
2521
1293
-1216
-2169
-923
101
-2057
-5168
-6043
-4475
-2796
-3282
-4730
-6543
-7190
-6256
-4482
-3631
-4537
-6039
-6771
-5319
-3351
-2858
-4006
-4914
-4746
-4086
-3369
-3171
-3360
-4060
-4415
-4220
-3764
-3328
-3225
-3275
-3565
-3489
-3416
-3218
-2737
-2353
-2227
-2273
-1950
-1415
-736
-283
-29
-133
0
521
1067
1292
964
1114
1400
1803
1969
1667
1154
1120
1502
1572
1411
1048
385
-326
-328
378
518
-358
-1440
-1670
-878
3
-117
-1150
-1864
-1611
-663
186
298
-422
-1083
-944
-137
623
439
-151
-466
-194
223
618
490
55
87
251
671
918
1188
1319
1587
1803
1796
1940
2288
2798
3024
3090
2922
3081
3689
4126
4324
4350
4210
4291
4543
4870
4980
5166
5045
4563
4669
5028
5314
5421
4985
4079
3858
4686
5428
5494
4347
2854
2544
3532
4509
4096
2090
207
-35
-69
-609
-925
-1170
-3123
-5575
-5879
-4466
-2919
-3636
-5787
-7163
-7251
-5931
-4412
-3919
-5070
-6498
-6904
-5641
-3539
-2923
-4170
-5438
-5355
-4295
-3126
-2744
-3263
-4034
-4441
-3954
-2982
-2581
-2865
-3181
-3323
-3054
-2583
-2415
-2334
-2212
-2144
-1996
-1488
-897
-571
-476
-438
-189
247
709
997
1037
1065
1135
1463
1882
2079
1787
1265
1132
1503
1883
1612
909
325
216
449
721
720
197
-457
-738
-468
-66
-40
-614
-1079
-937
-582
-92
-81
-282
-495
-473
-88
252
297
-11
-223
-54
394
660
780
509
426
535
945
1348
1236
1168
1095
1503
1809
2085
2253
2003
2177
2219
2895
3291
3381
3269
3053
3565
4206
4603
4139
3964
3882
4744
5057
4707
4219
3837
4320
4566
4650
3606
3402
3484
3904
4298
3722
3009
2318
2738
3173
3073
1844
680
642
813
321
-1525
-2551
-2165
-1937
-3706
-5545
-5433
-4438
-3773
-4880
-6187
-6997
-6647
-5336
-4232
-4341
-5952
-6699
-6002
-4006
-2809
-3493
-4741
-4929
-3856
-2943
-2460
-2888
-3485
-3647
-3166
-2447
-2334
-2633
-2920
-2613
-2332
-2083
-1994
-2112
-1870
-1600
-1387
-1217
-930
-707
-419
22
328
651
848
1065
1231
1286
1419
1615
2011
2105
1943
1588
1492
1767
1898
1674
1386
1200
827
773
603
219
-221
-531
-754
-681
-570
-783
-739
-853
-728
-592
-726
-629
-442
-252
-272
-208
-29
-46
-19
223
208
437
376
229
351
577
1016
962
1066
941
966
1236
1676
2258
2215
2006
1888
2256
2770
3046
2901
2625
2679
3064
3547
3844
3818
3632
3793
3952
4179
4259
3945
4167
4150
4157
4195
3723
3854
3950
3982
3561
3438
3394
3073
2859
2761
2896
2769
1618
489
433
901
877
-1075
-2884
-2457
-1731
-3100
-5137
-5128
-4238
-3907
-4884
-5907
-6008
-5925
-5214
-4338
-4321
-5373
-5985
-5318
-3907
-2888
-3468
-4457
-4244
-3257
-2672
-2476
-2548
-2775
-2831
-2563
-1930
-1848
-2209
-2359
-1967
-1605
-1655
-1804
-1976
-1752
-1329
-1122
-1072
-1042
-817
-514
62
464
503
466
581
941
1254
1350
1469
1603
1717
1717
1695
1629
1637
1563
1051
952
972
978
546
209
144
-4
5
-392
-513
-624
-630
-510
-586
-592
-725
-749
-800
-547
-231
-202
-204
-411
-345
-204
273
412
121
-68
-78
477
787
775
657
401
588
1074
1340
1262
1054
1222
1657
2191
2107
1829
1746
2299
2984
2780
2513
2445
2830
3353
3436
3353
3085
3318
3466
3504
3544
3365
3510
3359
3216
3096
3094
3135
3100
2994
2512
2576
2802
2871
2434
1704
1573
1864
2063
1269
439
29
45
178
-652
-1844
-2589
-2439
-2508
-3481
-4415
-4473
-3758
-3683
-4310
-5002
-5189
-4748
-4002
-3639
-4166
-4763
-4661
-3792
-2913
-2792
-3312
-3580
-3076
-2296
-1961
-2240
-2536
-2444
-2191
-1908
-1791
-1908
-2019
-1801
-1548
-1468
-1464
-1450
-1337
-1180
-1026
-932
-833
-614
-306
-132
16
270
553
606
581
671
919
1224
1350
1228
1047
1032
1225
1264
1083
805
613
616
595
480
136
-91
-127
-205
-154
-390
-510
-628
-684
-580
-683
-739
-645
-574
-605
-586
-467
-379
-360
-229
-283
-181
-41
31
280
224
258
253
414
557
606
775
812
892
1001
1297
1542
1683
1622
1606
1848
2161
2252
2193
2242
2236
2754
2936
2789
2670
2733
2913
3059
3111
2937
2884
2890
2973
3134
3360
3048
2930
2489
2397
3028
3061
2866
1988
1620
2047
2650
2673
1548
1205
1048
1185
1093
561
54
-719
-1021
-912
-1119
-1991
-2573
-2380
-2589
-3421
-3916
-3630
-3333
-3425
-4097
-4351
-4167
-3813
-3301
-3331
-3601
-3824
-3456
-2958
-2619
-2551
-2913
-2800
-2382
-2082
-2010
-2099
-2055
-1973
-1784
-1748
-1707
-1739
-1780
-1595
-1452
-1395
-1365
-1294
-1184
-977
-812
-727
-569
-410
-267
-143
156
448
405
460
643
764
731
802
838
836
881
873
758
532
419
543
508
167
-148
-280
-241
-185
-303
-579
-729
-560
-505
-570
-587
-599
-535
-528
-478
-350
-341
-256
-142
-97
-121
3
151
122
96
223
402
594
550
513
693
964
1128
1098
1211
1466
1757
1836
1685
1764
1991
2183
2496
2473
2497
2496
2617
2882
2930
3244
3153
3047
2770
3016
3460
3195
3264
2800
2933
3065
3170
3177
2666
2643
2503
2682
2542
2278
2299
2077
2118
1958
1809
1340
931
742
639
542
-134
-518
-1061
-1672
-1804
-1736
-2171
-3447
-3925
-3484
-2903
-3218
-4082
-4389
-4388
-4025
-3515
-3317
-3788
-4089
-3730
-3293
-2933
-2847
-2867
-2900
-2765
-2453
-2303
-2284
-2308
-2169
-2165
-2215
-2034
-1880
-1860
-1808
-1638
-1570
-1495
-1393
-1347
-1315
-1240
-994
-738
-666
-676
-532
-342
-68
143
223
238
328
486
568
664
641
533
333
488
702
604
357
262
383
244
51
-60
-39
14
-88
-166
-238
-272
-144
-47
-149
-306
-373
-260
-55
-81
-136
-208
-197
35
203
227
139
199
372
573
647
651
827
824
851
1003
1142
1317
1180
1317
1460
1807
1930
1893
1979
1902
2267
2374
2489
2452
2457
2665
2751
2863
2740
2710
2755
2967
2984
2599
2434
2597
2879
2750
2465
2114
2187
2406
2409
2452
2017
1976
2121
2101
2030
1756
1722
1668
1544
1278
867
723
695
578
199
-245
-537
-929
-1501
-1802
-1836
-2170
-2885
-3380
-3273
-3040
-3103
-3401
-3649
-3833
-3900
-3547
-3180
-3276
-3590
-3594
-3311
-3065
-2893
-2785
-2784
-2803
-2701
-2436
-2287
-2348
-2340
-2222
-2166
-2124
-1996
-1855
-1786
-1758
-1711
-1704
-1674
-1567
-1442
-1345
-1290
-1162
-962
-817
-692
-523
-392
-303
-190
-66
23
12
38
170
232
246
235
281
236
277
407
347
377
288
283
287
187
205
197
208
181
168
161
86
116
152
264
271
252
286
337
557
586
645
614
580
699
820
952
985
1049
1001
1073
1111
1233
1434
1429
1584
1569
1685
1770
1744
1943
1947
2067
2131
2153
2334
2359
2466
2455
2462
2451
2397
2463
2470
2504
2466
2477
2401
2389
2347
2333
2354
2285
2366
2235
2184
2137
2038
2098
1959
2010
1982
1837
1739
1644
1553
1313
1137
832
596
415
143
-42
-414
-955
-1416
-1706
-1944
-2147
-2369
-2636
-2939
-3150
-3263
-3368
-3434
-3601
-3644
-3622
-3725
-3665
-3598
-3575
-3493
-3426
-3380
-3392
-3377
-3277
-3111
-2961
-2956
-2956
-2924
-2856
-2706
-2545
-2455
-2412
-2399
-2313
-2121
-1998
-1912
-1819
-1756
-1634
-1465
-1301
-1125
-988
-826
-646
-498
-382
-267
-139
-11
125
204
285
355
461
593
651
704
706
766
779
800
879
914
955
935
888
821
780
815
809
811
728
653
656
670
710
697
663
657
628
662
740
734
761
802
872
928
937
930
990
1024
1098
1296
1299
1440
1488
1572
1748
1708
1899
1885
1882
1948
1912
2044
2069
2129
2161
2167
2171
2234
2331
2344
2364
2394
2417
2408
2369
2303
2271
2231
2137
2150
2117
2098
2091
2104
2045
1919
1920
1862
1885
1841
1604
1511
1282
1133
1075
890
721
457
237
13
-337
-650
-1059
-1463
-1811
-2136
-2270
-2469
-2699
-2985
-3254
-3435
-3588
-3671
-3782
-3859
-3957
-4049
-4005
-3958
-3852
-3787
-3768
-3679
-3623
-3512
-3398
-3278
-3144
-3052
-2980
-2924
-2767
-2614
-2474
-2328
-2233
-2128
-1984
-1875
-1763
-1620
-1524
-1384
-1235
-1116
-969
-806
-645
-474
-312
-239
-128
-70
25
184
269
435
586
709
778
850
882
904
1013
1004
1039
1024
982
1077
1091
1116
1056
1011
1057
1040
1047
972
887
890
896
929
928
909
921
897
877
860
862
864
853
924
954
964
1057
1039
1167
1300
1438
1533
1487
1567
1605
1713
1878
1928
2004
2001
2051
2135
2211
2282
2251
2229
2149
2153
2149
2216
2273
2234
2185
2033
1986
1957
1989
1993
1898
1865
1728
1720
1617
1562
1513
1360
1377
1262
1332
1314
1169
1157
949
872
722
566
433
216
93
-129
-355
-603
-900
-1118
-1451
-1713
-2048
-2407
-2609
-2858
-2999
-3229
-3465
-3599
-3723
-3752
-3795
-3851
-3892
-3937
-3911
-3848
-3747
-3659
-3521
-3337
-3224
-3098
-2991
-2897
-2770
-2671
-2540
-2443
-2362
-2208
-2051
-1890
-1755
-1654
-1557
-1453
-1383
-1304
-1182
-1059
-927
-790
-692
-597
-490
-375
-246
-142
-23
88
213
297
384
521
622
715
837
927
1054
1167
1182
1208
1240
1295
1331
1350
1345
1311
1335
1332
1305
1263
1205
1182
1158
1139
1159
1162
1110
1063
1036
1013
1007
984
937
912
886
892
974
1023
1108
1139
1156
1270
1312
1449
1533
1499
1613
1691
1740
1827
1846
1871
1979
2010
2007
2019
1962
1868
1869
1862
1834
1866
1722
1736
1780
1665
1678
1485
1383
1366
1263
1283
1138
1149
1100
1057
1085
886
907
822
759
800
729
694
523
374
271
97
-79
-313
-440
-599
-838
-1044
-1329
-1605
-1817
-2105
-2374
-2637
-2829
-2917
-3045
-3192
-3363
-3496
-3584
-3628
-3655
-3647
-3639
-3600
-3555
-3473
-3363
-3264
-3107
-2992
-2880
-2756
-2659
-2539
-2410
-2243
-2103
-1992
-1891
-1801
-1670
-1510
-1391
-1273
-1176
-1125
-1002
-894
-759
-643
-558
-454
-372
-248
-160
23
122
209
338
423
564
654
800
941
1027
1129
1206
1279
1332
1432
1487
1547
1601
1577
1600
1632
1668
1657
1587
1538
1435
1417
1397
1340
1316
1158
1083
1016
939
989
941
885
838
744
804
863
889
935
896
960
1045
1185
1264
1309
1357
1357
1514
1527
1610
1622
1558
1700
1657
1682
1682
1596
1544
1413
1441
1416
1420
1454
1343
1362
1311
1264
1319
1207
1143
1125
1052
933
974
887
792
793
612
572
591
572
576
541
510
458
414
352
184
137
1
-163
-290
-487
-676
-851
-1022
-1281
-1513
-1787
-2073
-2230
-2434
-2635
-2759
-2920
-3014
-3117
-3215
-3267
-3300
-3263
-3284
-3244
-3192
-3201
-3109
-3028
-2899
-2753
-2664
-2548
-2406
-2253
-2102
-1986
-1877
-1741
-1624
-1485
-1359
-1320
-1221
-1084
-986
-884
-833
-774
-707
-598
-487
-430
-365
-276
-137
-9
128
232
329
407
483
572
685
816
955
1031
1081
1193
1272
1358
1432
1463
1500
1486
1469
1422
1392
1419
1402
1379
1300
1185
1111
1081
1050
1029
982
930
902
834
806
793
850
874
853
818
805
845
934
1041
1015
1034
1050
1090
1221
1212
1239
1353
1345
1357
1300
1266
1350
1430
1505
1502
1367
1293
1315
1385
1455
1355
1268
1170
1150
1202
1171
1127
1037
911
867
807
783
748
707
671
583
559
500
536
609
635
672
542
444
399
323
201
-3
-132
-327
-445
-547
-805
-1003
-1216
-1340
-1430
-1626
-1828
-2044
-2202
-2312
-2445
-2543
-2665
-2703
-2731
-2779
-2825
-2842
-2826
-2769
-2717
-2682
-2657
-2604
-2497
-2340
-2178
-2090
-2006
-1924
-1809
-1688
-1618
-1529
-1438
-1410
-1334
-1286
-1222
-1109
-1003
-901
-852
-857
-822
-737
-662
-539
-436
-371
-284
-176
-51
40
109
149
234
338
419
540
661
762
874
955
1061
1103
1151
1213
1236
1284
1270
1235
1202
1145
1135
1091
1069
1071
966
967
874
837
826
729
749
659
624
652
669
729
745
756
775
805
889
934
1020
1131
1195
1293
1345
1385
1466
1430
1453
1485
1443
1493
1466
1504
1547
1455
1502
1437
1418
1492
1340
1357
1243
1178
1278
1112
1088
863
766
819
729
828
681
651
650
550
587
527
570
617
571
581
514
548
546
486
427
242
122
-5
-109
-127
-321
-485
-672
-903
-1017
-1187
-1325
-1526
-1687
-1786
-1957
-2076
-2210
-2279
-2298
-2369
-2422
-2479
-2505
-2503
-2480
-2449
-2441
-2405
-2350
-2275
-2149
-2031
-1922
-1812
-1753
-1683
-1609
-1560
-1457
-1358
-1321
-1275
-1257
-1197
-1118
-1038
-995
-979
-960
-932
-860
-798
-749
-681
-634
-561
-478
-405
-275
-210
-124
-17
74
197
300
420
530
621
693
765
813
860
910
922
941
902
883
908
933
977
950
913
850
786
766
706
675
613
544
535
539
596
651
646
626
603
623
722
795
929
1080
1167
1241
1204
1259
1341
1392
1493
1482
1398
1369
1426
1505
1574
1483
1386
1455
1499
1600
1555
1428
1339
1316
1400
1319
1287
1216
1205
1289
1233
1198
1095
1048
1036
996
976
856
911
898
926
924
811
821
731
791
796
666
457
206
64
-28
-97
-245
-403
-595
-818
-944
-1160
-1348
-1511
-1727
-1919
-2122
-2232
-2304
-2331
-2368
-2467
-2559
-2653
-2704
-2677
-2655
-2616
-2611
-2600
-2555
-2472
-2322
-2209
-2089
-2002
-1958
-1852
-1801
-1703
-1580
-1510
-1440
-1411
-1346
-1288
-1198
-1106
-1062
-1000
-1026
-1024
-950
-878
-789
-699
-589
-516
-438
-342
-229
-92
6
98
193
266
350
466
574
656
715
749
809
849
870
892
901
897
878
860
855
850
802
779
779
746
731
645
576
559
548
571
546
484
433
458
483
532
563
579
636
655
719
697
732
873
969
1153
1191
1205
1263
1256
1339
1372
1446
1485
1472
1487
1435
1415
1473
1514
1516
1463
1406
1349
1366
1396
1345
1319
1179
1136
1112
1052
1086
1004
981
923
904
859
774
817
777
849
867
800
771
660
706
607
441
241
6
-4
-139
-221
-397
-632
-772
-986
-1066
-1254
-1444
-1614
-1783
-1881
-2025
-2118
-2166
-2220
-2229
-2287
-2371
-2424
-2444
-2368
-2345
-2288
-2294
-2311
-2262
-2201
-2095
-2021
-1958
-1889
-1880
-1789
-1763
-1704
-1599
-1479
-1369
-1352
-1312
-1304
-1215
-1116
-1094
-1012
-992
-948
-869
-834
-728
-691
-604
-523
-442
-341
-260
-138
-86
34
131
190
314
362
493
576
644
728
754
843
869
884
911
883
912
898
876
864
798
792
763
777
785
759
740
697
671
674
729
751
758
762
711
775
862
981
1054
1086
1098
1124
1227
1332
1406
1437
1449
1494
1554
1624
1654
1648
1686
1639
1629
1609
1507
1545
1524
1576
1570
1403
1428
1292
1377
1406
1276
1288
1110
1134
1080
1045
1019
958
1040
906
896
816
756
858
818
878
812
706
611
431
337
191
67
-59
-272
-420
-667
-859
-1009
-1185
-1280
-1498
-1707
-1950
-2156
-2217
-2296
-2329
-2442
-2568
-2612
-2653
-2637
-2651
-2621
-2611
-2618
-2571
-2569
-2457
-2352
-2245
-2088
-2019
-1944
-1881
-1768
-1636
-1561
-1503
-1454
-1356
-1255
-1172
-1130
-1091
-1049
-1030
-977
-930
-872
-777
-721
-657
-585
-532
-429
-306
-197
-72
6
84
189
297
443
568
686
761
772
824
866
932
1002
1030
1078
1089
1103
1116
1102
1073
1061
1056
1069
1057
1032
956
881
862
797
777
764
724
764
736
748
764
731
768
803
893
991
1084
1124
1163
1241
1314
1449
1462
1480
1519
1527
1640
1654
1725
1759
1732
1720
1627
1574
1512
1526
1538
1477
1399
1249
1203
1094
992
946
844
815
710
631
611
571
564
578
498
426
359
315
359
347
279
214
89
-30
-115
-181
-261
-379
-512
-695
-844
-964
-1097
-1210
-1398
-1588
-1739
-1963
-2093
-2197
-2272
-2323
-2417
-2443
-2522
-2530
-2514
-2526
-2439
-2433
-2401
-2361
-2352
-2258
-2198
-2065
-1978
-1901
-1823
-1788
-1684
-1647
-1560
-1478
-1455
-1377
-1322
-1247
-1187
-1175
-1106
-1063
-1022
-971
-895
-820
-785
-705
-650
-573
-488
-409
-306
-206
-116
-49
32
123
219
343
417
541
623
712
812
873
975
1033
1068
1097
1084
1102
1058
1017
1021
987
1002
997
1003
962
947
910
869
886
901
981
1001
994
1025
964
1020
1044
1065
1172
1182
1295
1343
1359
1361
1397
1490
1521
1607
1553
1555
1557
1595
1682
1656
1683
1579
1467
1407
1273
1337
1317
1341
1317
1120
1039
892
926
938
939
914
720
650
559
551
623
568
566
531
479
472
382
351
338
325
228
64
-104
-279
-370
-419
-594
-778
-1005
-1186
-1302
-1449
-1599
-1808
-1972
-2110
-2210
-2281
-2366
-2392
-2406
-2426
-2443
-2515
-2519
-2471
-2450
-2424
-2401
-2410
-2367
-2280
-2152
-2035
-1953
-1886
-1845
-1780
-1706
-1652
-1586
-1539
-1490
-1427
-1378
-1305
-1234
-1163
-1078
-1044
-1014
-952
-871
-760
-698
-617
-518
-419
-265
-164
-40
65
172
350
407
528
609
746
900
957
1052
1079
1128
1222
1256
1306
1309
1288
1291
1262
1251
1260
1244
1216
1134
1088
1051
1023
1061
1032
1003
937
909
921
981
1035
1016
995
935
988
1110
1217
1329
1256
1268
1295
1322
1484
1454
1518
1475
1402
1437
1400
1490
1586
1593
1508
1363
1296
1288
1346
1328
1235
1157
1000
994
980
940
950
819
775
701
627
598
539
558
503
536
465
353
390
261
268
236
149
153
46
-40
-181
-286
-359
-481
-552
-709
-842
-1026
-1211
-1308
-1484
-1554
-1674
-1831
-1877
-2018
-2084
-2141
-2214
-2224
-2281
-2270
-2281
-2255
-2193
-2195
-2126
-2120
-2072
-1995
-1955
-1885
-1858
-1774
-1721
-1648
-1559
-1523
-1427
-1376
-1332
-1255
-1231
-1191
-1156
-1100
-1050
-1015
-933
-899
-834
-751
-685
-584
-505
-421
-365
-297
-201
-111
11
143
248
327
374
443
558
666
733
755
778
774
835
901
935
983
997
997
993
934
896
909
883
887
871
827
863
861
876
894
856
886
882
909
929
933
991
1027
1118
1171
1205
1234
1239
1310
1390
1394
1426
1377
1398
1461
1438
1479
1386
1348
1335
1262
1316
1237
1170
1142
1012
1065
1015
967
915
793
815
685
697
638
565
628
443
466
402
278
391
227
244
166
-21
63
-21
44
28
-62
-102
-285
-301
-422
-504
-551
-785
-817
-1028
-1162
-1194
-1382
-1357
-1529
-1639
-1715
-1880
-1839
-1884
-1884
-1937
-2016
-1985
-2049
-1986
-1960
-1932
-1844
-1875
-1813
-1797
-1767
-1660
-1573
-1467
-1442
-1431
-1388
-1346
-1238
-1179
-1144
-1106
-1094
-1028
-985
-941
-874
-819
-715
-660
-634
-605
-583
-493
-415
-305
-236
-172
-81
-11
87
130
156
236
299
396
502
584
652
692
734
758
788
820
857
902
939
953
947
939
951
943
912
917
901
961
996
985
955
878
892
916
962
1004
1014
985
934
893
890
968
1045
1142
1120
1050
1030
1029
1132
1204
1204
1177
1116
1063
1140
1170
1141
1181
1136
1155
1140
1017
1006
928
933
949
810
745
560
522
535
489
527
391
373
297
239
267
174
233
189
159
139
10
-27
-106
-83
-92
-175
-212
-389
-434
-526
-629
-642
-779
-820
-885
-1019
-1090
-1201
-1212
-1246
-1325
-1389
-1544
-1582
-1623
-1617
-1640
-1714
-1695
-1716
-1695
-1673
-1676
-1665
-1677
-1641
-1617
-1589
-1499
-1463
-1360
-1330
-1293
-1225
-1171
-1055
-1006
-940
-917
-906
-838
-788
-699
-624
-582
-545
-527
-476
-450
-355
-302
-227
-142
-122
-61
-17
96
210
272
330
353
393
471
524
602
631
665
678
680
748
781
839
845
825
826
802
845
859
885
902
895
918
872
873
916
956
984
948
915
882
851
891
956
992
952
917
918
930
997
1050
1033
1022
961
901
944
932
994
1047
983
950
867
897
936
930
935
800
743
620
582
639
595
601
530
456
370
292
251
203
196
151
104
79
49
74
35
-45
-87
-150
-143
-153
-255
-298
-389
-432
-451
-511
-507
-576
-577
-644
-754
-805
-891
-870
-875
-912
-959
-1036
-1080
-1136
-1159
-1203
-1217
-1191
-1242
-1277
-1350
-1394
-1364
-1353
-1310
-1284
-1266
-1265
-1262
-1242
-1231
-1232
-1190
-1146
-1072
-1031
-991
-955
-934
-895
-888
-851
-794
-721
-659
-621
-604
-564
-511
-448
-398
-369
-349
-319
-288
-236
-197
-165
-84
13
88
108
119
156
228
312
385
434
471
532
614
655
670
690
708
735
778
812
836
860
884
905
886
872
902
957
1001
981
955
934
926
947
961
982
1010
1045
1030
973
904
855
902
982
978
946
896
880
898
877
814
736
753
771
797
759
601
576
600
666
681
595
545
426
357
334
295
388
343
320
248
14
2
-82
-39
5
-157
-172
-302
-270
-180
-266
-235
-364
-359
-350
-413
-381
-498
-461
-561
-665
-656
-765
-617
-611
-687
-735
-935
-899
-903
-858
-818
-940
-956
-1025
-1007
-984
-1029
-976
-1013
-1018
-1049
-1137
-1099
-1064
-1001
-993
-1062
-1102
-1143
-1095
-1066
-1032
-1018
-1065
-1023
-1014
-963
-893
-845
-756
-788
-783
-790
-807
-694
-633
-559
-532
-541
-462
-371
-298
-248
-186
-109
-41
10
22
54
148
248
326
352
407
438
484
547
548
590
631
681
740
765
795
796
829
863
872
878
878
887
896
892
895
899
903
955
963
938
918
897
939
973
967
957
906
870
838
826
831
810
753
713
694
621
592
609
652
728
666
544
481
414
504
548
508
412
288
255
229
270
241
226
261
189
148
92
-33
-24
4
3
-19
-112
-180
-175
-178
-184
-218
-280
-310
-309
-310
-359
-361
-381
-367
-360
-412
-439
-434
-427
-434
-496
-567
-631
-626
-558
-537
-538
-617
-648
-702
-733
-705
-699
-652
-629
-653
-695
-740
-717
-642
-631
-640
-678
-688
-709
-706
-700
-741
-753
-771
-757
-740
-759
-749
-765
-744
-708
-720
-697
-654
-615
-585
-529
-516
-498
-452
-386
-336
-318
-293
-293
-251
-189
-112
-63
3
51
73
130
168
219
272
308
329
351
394
430
475
488
479
477
463
474
495
512
526
513
507
522
560
580
629
643
675
702
677
725
733
762
767
772
797
775
771
742
748
782
764
772
706
616
629
636
689
683
646
566
489
469
445
471
463
397
349
322
270
284
262
246
222
140
100
48
70
119
123
106
32
-24
-24
-48
-12
-33
-49
-87
-166
-177
-227
-204
-177
-218
-253
-348
-381
-399
-387
-322
-381
-387
-456
-509
-429
-425
-369
-393
-464
-483
-535
-535
-475
-428
-376
-391
-429
-474
-450
-393
-362
-310
-357
-422
-461
-499
-428
-385
-400
-401
-498
-545
-580
-550
-483
-496
-507
-597
-641
-604
-569
-480
-485
-516
-509
-527
-497
-484
-467
-453
-456
-445
-462
-447
-393
-339
-249
-247
-251
-252
-215
-113
-65
-21
-19
-12
22
29
79
127
136
185
184
189
176
199
244
256
279
275
273
285
322
350
372
394
414
416
393
377
392
442
486
490
450
417
426
420
412
402
385
397
429
429
417
397
353
374
405
391
384
353
304
282
258
244
222
237
248
226
196
116
75
103
112
141
81
32
60
66
86
33
6
-18
-54
-34
-76
-84
-78
-60
10
-22
-55
-58
-89
-43
-21
-55
-91
-144
-191
-217
-230
-202
-189
-178
-193
-249
-243
-249
-224
-224
-260
-276
-296
-249
-238
-256
-257
-251
-246
-254
-277
-318
-327
-267
-230
-235
-245
-276
-263
-252
-242
-257
-277
-286
-309
-277
-210
-194
-182
-202
-240
-283
-284
-262
-218
-169
-178
-188
-226
-198
-191
-172
-116
-106
-87
-91
-110
-102
-104
-84
-63
-40
-17
25
79
94
89
51
63
93
115
138
137
144
150
159
190
163
198
237
232
254
193
186
162
158
224
222
252
253
259
284
246
264
292
284
315
296
277
236
219
222
189
240
204
200
240
169
178
134
100
95
58
83
51
55
61
32
46
25
7
33
9
41
48
19
-9
-35
-34
-62
-53
-19
-2
35
10
-61
-131
-181
-145
-83
-19
-34
-67
-57
-109
-110
-113
-143
-86
-70
-42
-63
-108
-97
-90
-18
-6
-39
-15
-14
17
31
23
40
58
82
46
35
59
51
60
14
-61
-107
-100
-55
-35
-19
-15
-63
-64
-79
-96
-63
-66
-24
-22
-41
-83
-95
-58
-58
-53
-39
-36
-10
9
4
4
-39
-41
-43
-44
-30
-3
1
-35
-66
-95
-114
-112
-76
-72
-64
-82
-90
-80
-61
-43
-25
-12
5
12
9
-19
-40
-60
-89
-66
-23
19
64
78
71
49
39
82
94
130
126
73
33
-2
1
-4
-5
-3
0
-10
-53
-84
-81
-93
-81
-87
-102
-91
-87
-81
-91
-114
-118
-133
-119
-132
-151
-146
-151
-138
-157
-190
-198
-176
-129
-112
-148
-187
-183
-150
-106
-54
-62
-81
-113
-149
-164
-143
-95
-43
-59
-122
-175
-210
-147
-91
-52
-47
-72
-75
-111
-98
-52
-23
6
1
-47
-91
-102
-52
7
54
30
-19
-13
20
84
114
115
89
85
93
95
106
131
133
106
61
36
75
121
149
106
44
23
26
74
96
86
88
85
84
67
55
74
89
89
80
82
94
74
66
71
43
51
46
55
79
65
49
17
15
-10
-10
34
50
77
73
77
46
-14
-24
-7
19
50
35
20
3
-22
6
-1
-2
-8
-31
-25
-31
-22
0
20
36
6
-29
-44
-36
-3
2
-3
-41
-82
-73
-102
-79
-37
-35
-44
-118
-163
-187
-185
-116
-106
-86
-122
-173
-167
-207
-197
-198
-204
-200
-229
-232
-231
-198
-163
-197
-222
-248
-236
-183
-139
-93
-109
-118
-102
-146
-121
-91
-61
-46
-64
-60
-80
-58
-22
-16
-7
-25
-29
-29
-9
9
-13
-4
-27
-49
-31
-31
7
25
58
48
6
-10
-5
54
93
112
100
81
78
103
136
174
201
208
220
213
229
231
235
250
259
230
217
225
250
242
210
136
96
104
119
149
158
172
147
105
73
59
83
130
164
155
103
42
26
47
80
100
98
75
26
-14
-10
22
64
87
69
25
2
22
65
82
79
19
-35
-60
-52
5
36
19
-32
-61
-77
-61
-12
10
12
-24
-77
-107
-94
-75
-46
-35
-77
-140
-166
-144
-123
-102
-90
-104
-132
-161
-174
-140
-128
-134
-157
-197
-223
-241
-214
-193
-179
-133
-122
-132
-149
-143
-122
-136
-149
-154
-153
-131
-140
-138
-149
-176
-176
-202
-200
-210
-188
-171
-195
-180
-169
-144
-115
-102
-101
-127
-121
-93
-72
-54
-66
-73
-77
-81
-60
-43
-26
-34
-40
-28
-22
0
40
66
66
39
38
57
75
94
60
45
55
44
66
72
83
88
82
88
91
100
106
119
128
131
123
119
128
129
124
101
74
49
62
67
79
87
80
58
42
45
38
84
101
77
34
-3
-13
4
36
46
45
5
-26
-37
-15
7
11
3
-12
-28
-45
-46
-40
-42
-63
-69
-103
-133
-137
-106
-79
-41
-13
-43
-66
-66
-56
-46
-32
-16
-18
-26
-28
-51
-55
-54
-50
-53
-63
-75
-85
-80
-66
-64
-63
-64
-79
-62
-48
-52
-73
-92
-102
-120
-110
-88
-93
-99
-109
-112
-84
-76
-69
-79
-101
-124
-128
-134
-128
-111
-103
-106
-127
-119
-95
-92
-94
-86
-82
-94
-111
-105
-99
-62
-51
-71
-86
-104
-102
-91
-64
-60
-82
-72
-81
-76
-60
-68
-60
-63
-53
-40
-26
-24
-32
-19
-2
-4
-4
-3
9
46
58
48
23
3
-1
14
5
-7
-9
-16
-23
-22
-16
-40
-45
-43
-37
-18
-21
-20
-33
-33
-23
-22
-17
-6
7
6
-14
-56
-50
-25
-22
-16
-22
-29
-48
-49
-44
-41
-21
-3
16
11
-2
-28
-55
-64
-51
-28
0
-2
-32
-58
-88
-99
-91
-72
-60
-75
-74
-69
-66
-51
-66
-59
-67
-64
-78
-105
-116
-120
-110
-110
-110
-105
-96
-86
-88
-94
-84
-87
-106
-107
-91
-70
-46
-35
-54
-74
-73
-77
-70
-70
-61
-53
-53
-51
-44
-22
4
20
23
22
13
1
6
10
-3
-22
-21
-28
-18
15
28
18
16
27
33
45
54
58
60
67
63
64
78
74
81
94
106
112
104
92
71
68
81
98
98
78
57
37
39
38
18
9
8
1
-14
-26
-12
-22
-38
-55
-63
-63
-68
-82
-85
-81
-75
-67
-68
-74
-73
-73
-72
-47
-43
-33
-16
-35
-44
-72
-104
-109
-113
-111
-122
-112
-106
-112
-125
-152
-155
-133
-147
-160
-168
-185
-188
-196
-207
-218
-213
-213
-209
-212
-224
-209
-206
-182
-165
-175
-158
-162
-163
-129
-122
-106
-95
-81
-56
-46
-50
-35
-27
-20
4
-17
-28
-49
-50
-57
-54
-47
-49
-33
-45
-54
-62
-50
-46
-44
-39
-38
-21
-29
-30
-23
-22
-15
-21
-9
13
34
47
80
107
109
102
118
135
148
170
171
178
190
182
177
172
161
160
157
169
165
156
163
177
171
175
175
178
201
206
201
190
193
188
182
176
160
154
148
142
138
126
127
125
125
106
98
95
97
102
114
113
95
87
78
88
104
116
118
118
102
94
88
61
40
23
10
15
38
38
31
30
20
14
6
0
-9
-15
-13
-25
-44
-55
-57
-72
-80
-72
-59
-66
-74
-58
-42
-39
-53
-62
-60
-56
-48
-44
-48
-54
-49
-61
-65
-51
-60
-52
-42
-42
-29
-22
-19
-15
-44
-49
-38
-26
-19
-35
-53
-76
-85
-80
-77
-83
-73
-68
-72
-51
-35
-20
-20
-46
-69
-77
-60
-45
-50
-66
-79
-69
-41
-48
-46
-40
-53
-35
3
40
47
46
40
56
66
67
70
59
68
78
94
115
119
120
105
106
120
135
141
140
145
146
164
174
171
161
145
144
139
124
108
95
107
106
121
142
166
171
167
165
169
166
164
169
168
174
179
165
156
152
148
141
144
147
157
167
162
151
130
113
103
101
97
105
94
107
110
112
126
134
128
136
138
122
115
110
95
98
104
100
115
113
114
112
116
112
106
81
58
67
95
87
76
59
43
56
57
62
54
33
20
29
35
39
21
-8
-20
-25
-21
-28
-31
-54
-38
-19
-38
-56
-66
-65
-65
-69
-79
-76
-70
-82
-104
-107
-98
-99
-106
-113
-111
-104
-120
-129
-130
-135
-117
-116
-111
-106
-111
-125
-123
-120
-128
-128
