30
41
30
27
37
28
28
34
45
35
33
35
34
34
33
26
21
24
40
55
51
62
55
50
58
49
38
30
27
31
29
30
33
27
22
15
21
18
15
-3
4
7
6
22
25
30
35
34
31
36
33
32
40
41
39
24
8
11
16
11
17
15
7
-3
-9
-6
-12
-16
-28
-34
-34
-32
-32
-40
-44
-38
-31
-15
-7
-7
-8
-15
-18
-20
-11
-4
19
19
17
7
-10
-9
5
31
44
41
43
33
27
34
30
44
35
27
18
-8
-3
12
6
7
2
-3
-10
-6
13
26
33
31
21
19
9
16
16
19
20
19
30
30
38
26
20
24
19
19
19
22
10
4
17
9
17
25
37
49
41
29
21
25
13
12
13
9
9
-2
-3
-2
-6
-5
-12
-14
-15
-16
-13
-17
-18
-15
1
-1
1
-3
-11
-22
-33
-32
-44
-51
-47
-46
-38
-32
-34
-47
-62
-71
-70
-60
-69
-73
-78
-90
-96
-105
-105
-97
-100
-102
-103
-110
-121
-124
-121
-129
-129
-121
-122
-123
-111
-112
-126
-124
-116
-116
-111
-117
-130
-133
-128
-129
-138
-124
-106
-100
-104
-100
-109
-114
-108
-106
-97
-97
-115
-127
-126
-137
-147
-133
-126
-111
-107
-115
-127
-130
-139
-133
-127
-131
-114
-104
-105
-118
-140
-150
-150
-141
-138
-128
-119
-133
-145
-145
-134
-135
-127
-134
-142
-130
-131
-135
-137
-129
-128
-124
-115
-112
-108
-105
-116
-119
-105
-94
-99
-101
-83
-77
-74
-77
-79
-83
-70
-53
-40
-31
-40
-41
-36
-22
-15
-8
-15
-17
0
7
2
4
15
17
10
24
26
23
7
1
-8
-5
4
6
7
7
7
-4
-7
-13
-6
1
8
5
6
11
14
9
13
25
36
43
48
47
41
43
43
53
69
74
69
68
53
43
46
42
45
46
53
58
47
46
56
54
49
36
36
40
32
29
33
42
46
52
50
52
71
76
77
76
83
90
98
103
102
97
95
100
98
93
87
92
81
82
80
69
59
61
55
44
40
12
-6
3
10
0
-5
-20
-28
-37
-43
-44
-54
-63
-67
-75
-81
-74
-78
-78
-84
-81
-77
-73
-74
-73
-74
-69
-71
-79
-71
-75
-71
-71
-62
-46
-67
-72
-70
-76
-76
-68
-69
-73
-69
-68
-64
-64
-69
-65
-64
-70
-49
-29
-20
-20
0
2
12
29
26
28
28
34
37
33
23
23
24
19
25
30
30
20
11
11
15
24
26
21
24
16
9
19
27
16
18
4
-3
2
3
19
32
44
51
58
52
42
39
57
82
81
86
88
70
62
51
45
41
45
53
53
55
45
40
36
27
39
38
39
56
62
47
42
33
28
26
12
-18
-24
-2
6
27
13
-5
-22
-25
-11
4
16
2
-21
-49
-43
-31
-12
-17
-32
-31
-30
-28
-29
-6
-5
-11
-7
-8
-25
-16
-22
-53
-64
-64
-61
-59
-63
-78
-87
-90
-87
-95
-103
-105
-119
-136
-142
-140
-142
-143
-160
-187
-176
-160
-155
-135
-117
-137
-136
-115
-100
-89
-76
-64
-92
-112
-137
-128
-90
-75
-94
-111
-125
-158
-185
-199
-190
-193
-193
-181
-169
-155
-161
-158
-158
-154
-152
-144
-129
-123
-103
-86
-81
-71
-70
-85
-112
-136
-140
-144
-153
-148
-124
-134
-153
-143
-140
-137
-124
-111
-122
-161
-173
-173
-132
-65
-39
-47
-69
-79
-79
-32
1
-15
-50
-72
-40
-15
0
6
-17
-63
-71
-66
-50
-24
-15
-9
12
25
19
2
18
62
70
64
104
125
77
37
41
43
22
79
76
7
-22
-40
-16
18
27
-22
-81
-106
-93
-55
-12
22
-25
-88
-102
-76
-9
36
36
33
57
93
101
83
50
10
-4
36
96
107
86
68
79
69
79
98
36
-7
-1
-17
19
47
17
3
-7
-59
-63
-29
-27
-25
-50
-81
-69
19
77
102
68
-13
27
73
99
145
144
105
93
99
54
66
84
63
62
-12
-157
-203
-120
-22
51
30
-31
-100
-108
-127
-124
-77
-37
-29
-70
-157
-325
-367
-175
7
22
-12
-94
-128
-65
-32
-10
-56
-94
-45
1
71
134
79
25
36
51
16
2
-14
-12
53
127
118
119
94
-54
-89
-35
-38
-84
-60
-10
-6
60
46
-46
-129
-143
-81
54
176
190
124
22
-96
-42
68
158
246
184
65
-8
17
-87
-91
35
4
-5
95
112
18
-105
-113
-74
19
147
215
196
187
178
152
229
264
133
-12
-12
94
193
199
10
-63
-34
-38
29
-126
-285
-196
-106
-127
27
72
-83
-111
2
47
41
101
-3
-139
-43
35
-57
-36
63
7
63
53
-252
-278
-294
-338
-201
-202
-287
-307
-301
-287
-287
-210
-108
-109
-174
-39
-35
-120
-154
-83
86
196
341
261
40
-17
4
-43
90
-61
-322
-241
-175
-133
34
-59
-235
-280
-258
-161
-59
14
24
87
147
305
201
-27
-119
-191
-217
-107
74
75
-50
-38
69
122
109
51
-57
-169
-148
-14
53
25
-65
-124
-23
-54
-45
-171
-34
184
166
-30
-37
173
78
242
235
89
18
6
-29
-28
22
8
-39
-87
26
-134
-230
11
-7
10
85
-16
-140
-189
-217
-170
66
151
200
186
164
135
-128
-172
-141
160
319
170
212
142
1
-64
-26
-36
-178
-146
-150
-191
-57
127
262
358
275
49
92
164
130
-23
-111
-136
-85
145
308
323
149
77
65
-45
-169
-38
-37
71
218
1
-36
26
210
455
297
169
82
-101
-175
32
266
357
567
617
519
392
58
-358
-329
-74
172
465
545
294
159
-61
-276
-235
-28
18
82
170
148
395
620
445
84
7
8
87
168
-35
-32
198
349
227
-20
-206
-369
-184
203
470
447
246
-27
-74
77
143
253
260
123
-103
-56
-31
-30
117
204
281
217
77
-11
-204
-248
-194
-58
-55
-53
49
154
251
238
239
-60
-472
-486
-276
29
499
790
410
254
125
-228
-118
-37
-156
-163
101
151
132
162
104
-97
-56
32
-104
-40
-14
-40
-118
-72
66
127
111
76
-96
23
486
369
183
-159
-584
-478
-145
299
717
639
63
-441
-515
-181
321
652
417
103
-356
-340
-43
54
56
27
-133
-311
-53
6
203
425
-24
-553
-496
-393
-58
437
780
681
388
116
-16
35
-16
-176
-264
-2
105
252
276
260
111
-62
100
265
351
72
-355
-330
-226
85
481
571
682
413
115
-78
-455
-620
-273
-36
31
411
494
196
29
5
67
-21
74
252
339
408
298
353
312
96
17
160
466
699
642
240
-131
-137
284
633
690
270
-110
81
404
952
918
286
-53
-247
-461
-252
156
348
540
413
-71
4
439
550
755
621
-41
-438
-355
77
610
922
809
471
-45
-451
-413
-54
318
228
-75
-28
-187
-453
-108
395
437
406
269
57
-29
-227
-81
343
460
181
38
-120
-139
35
239
91
-291
-472
-711
-403
118
359
349
201
-19
-187
-267
-300
-213
-2
-115
-20
15
-57
-121
-340
-602
-588
-122
363
480
-22
-473
-436
-48
215
476
264
-374
-535
-236
147
61
76
-68
79
205
275
110
-145
-163
1
277
348
171
-417
-458
-149
178
203
150
49
-105
-202
-122
24
-70
-31
131
140
-48
-261
-171
43
229
164
12
-9
-94
-174
-478
-361
-60
121
672
580
-230
-646
-524
-331
212
728
516
130
108
-67
-85
362
598
248
-67
-204
-268
-44
342
245
-116
-82
-8
-73
-356
-319
38
400
879
934
251
-633
-519
-72
-145
221
675
328
138
491
200
-235
292
497
367
380
79
-236
61
142
253
128
-326
-44
608
864
513
324
235
139
66
234
174
66
-51
153
609
1062
976
407
156
195
359
452
468
57
-81
39
44
331
864
745
330
158
-8
215
561
347
-183
-385
-117
429
1179
1428
1058
468
-103
-372
-339
150
477
431
561
662
762
891
806
312
62
372
340
191
486
426
-54
372
346
231
339
-19
-8
745
1435
1003
488
-28
-920
-785
189
172
445
809
413
129
225
208
168
482
206
-443
-458
151
362
470
70
-23
636
695
142
-247
-366
-728
-338
-376
-494
-170
-60
-93
321
231
-102
-403
-843
-902
-1003
-767
-274
193
530
568
289
-224
-349
-64
354
589
165
6
145
-183
-802
-137
113
169
498
-519
-1364
-856
-240
377
972
862
7
-877
-849
-175
-123
-572
-348
-185
-584
-674
-165
-179
-686
-712
-120
-34
51
-232
-824
-626
-464
-480
-186
142
-810
-1328
-1067
-683
117
-223
-1260
-869
-429
-1307
-1522
-1343
-948
-1018
-1393
-1586
-1299
-908
-839
-478
-988
-2161
-2569
-2069
-1775
-1115
-586
-1131
-1371
-569
-1164
-2539
-2257
-2016
-1954
-2089
-1883
-2288
-2264
-1819
-1418
-1181
-1556
-1913
-1727
-1681
-1571
-1593
-1688
-1887
-2711
-2759
-1776
-827
-1296
-1819
-2447
-2440
-2467
-2871
-2027
-1119
-1283
-2051
-2015
-1845
-1214
-1210
-1437
-918
-1691
-2346
-2163
-2092
-1847
-1682
-1782
-1901
-1458
-1747
-1653
-1429
-1811
-2867
-2711
-1316
-1082
-856
-1554
-2550
-2326
-1229
-773
-1159
-1635
-1936
-1474
-1399
-1435
-1509
-1559
-1786
-2097
-1690
-1705
-2167
-1697
-858
-455
-977
-2009
-1850
-1555
-1632
-1174
-460
-550
-952
-1293
-1293
-1363
-851
-1013
-1110
-139
-159
-855
-780
-956
-1782
-1542
-915
-678
-41
207
-193
-657
-1382
-1245
-941
-526
109
106
7
215
528
-327
-1049
-871
-1011
-987
-790
62
626
2
-398
-536
-599
-522
-244
68
-424
-554
168
-403
-284
1340
1736
556
-995
-1301
-812
110
747
744
75
-642
-191
211
218
998
628
-1069
-1606
-1301
-1349
-496
1070
750
-84
-312
-27
-556
-602
-137
-373
-215
11
269
165
265
112
-646
-1174
-605
-516
-300
117
-483
-558
-1006
-1785
-1562
-199
-3
-91
133
-225
-264
-812
-279
254
-318
-602
-875
-664
-29
745
395
246
-5
59
88
-204
-248
-268
-635
-1326
-492
233
-347
-556
-223
237
433
-108
-207
-9
168
-523
-390
-127
-460
-164
326
518
264
360
153
-476
-748
-465
-193
-315
8
-197
-248
485
1323
654
-184
178
-169
-454
125
423
452
-10
-1085
-331
1149
1342
1065
1086
618
414
-8
-283
109
360
801
1259
1252
1338
1433
1331
1344
842
908
971
1436
1696
1782
1927
1503
972
815
960
1365
1386
1223
2140
1444
1172
1851
1529
1209
1798
2410
2091
2040
1810
1988
2146
2434
2101
1054
829
1614
2292
2358
2928
1857
549
1277
2451
2451
2224
2471
2165
1695
2013
2330
2860
2940
1595
1065
1806
2609
2363
2452
2384
1509
1546
2491
3761
3643
2687
1631
659
865
2040
3101
3867
3276
2697
1999
1344
1011
1293
2564
3218
3065
2330
1067
1074
2203
1765
1867
2738
2651
2609
2571
1540
1098
1795
1370
1226
1845
1436
1311
2639
2587
1834
1895
1052
574
1393
2429
1958
1860
1819
1028
1179
1906
1944
1564
1454
1187
1332
992
673
413
477
1475
2286
2482
1346
216
432
936
1244
1632
995
609
772
731
674
1265
2189
1807
1445
450
-242
-49
807
1508
1549
1505
1090
714
237
374
687
762
799
894
641
446
-82
-287
1032
2265
1896
1089
927
315
-25
1061
1560
1747
1792
719
70
632
1653
2234
2222
1858
1359
739
533
1784
2615
2194
1619
1496
1522
1516
1987
2048
1056
1167
1873
2020
2709
2640
1786
1393
1608
1903
1691
1799
2036
1775
1378
1254
1214
960
1407
1993
1677
919
153
273
143
380
623
306
532
581
-2
-467
-710
-896
-1097
-1107
-1119
-1956
-2319
-1965
-1908
-1816
-1358
-1509
-2362
-2846
-2951
-3671
-3401
-3397
-3714
-3642
-3163
-3225
-3702
-3920
-5511
-5713
-4043
-3440
-3563
-3949
-5784
-6150
-5491
-5313
-5386
-5770
-5588
-5697
-5557
-5192
-5181
-5915
-6549
-6179
-5890
-5446
-5021
-5480
-6741
-6205
-4678
-4636
-5180
-5737
-6007
-5962
-5642
-4960
-4524
-4588
-5270
-5508
-5495
-5241
-3753
-3231
-4168
-4507
-3853
-3860
-3692
-3034
-3076
-3307
-2736
-2103
-2166
-1518
-1699
-1773
-1409
-1407
-999
-476
-759
-798
-229
-105
301
792
509
375
748
321
392
1553
2361
1862
1497
1768
1175
1180
2394
2520
2135
2414
2318
2270
2718
2852
2485
2498
2815
2466
2656
3195
2862
3042
2930
2820
3543
2973
2677
2997
3254
3247
3106
2823
2645
2944
2979
2911
2692
2480
2493
2533
3039
2909
1858
1880
1984
2293
2546
2989
2877
1952
2521
2804
1715
1036
1653
1895
2509
3996
3978
2336
1519
2089
2413
2608
3208
3368
3612
3262
3208
3313
2919
3142
4003
3892
3452
3656
3989
3738
3961
4650
4236
4570
4830
4720
4342
3950
4683
4940
4534
4836
5113
4741
4376
4859
4862
4612
4544
4338
4556
5127
4796
4836
4689
3553
4160
5278
4381
3930
4650
3994
2937
4112
4524
3007
3527
4318
3329
3410
4346
2992
2292
3575
3912
3469
3397
2834
2189
2310
4024
3957
2852
3854
2660
1703
1894
2443
2067
1869
3154
3556
2960
2292
1818
1686
1916
1932
2294
2615
2533
2646
2157
1049
1171
1467
2119
3010
2740
2000
1154
1174
1451
1908
1820
1346
1770
2088
1186
1181
1284
1091
2023
2559
1564
74
46
-258
485
1239
907
193
-303
-310
-760
-670
-955
-1364
-1241
-1147
-1171
-1411
-1419
-1742
-2551
-2949
-3104
-2509
-2616
-3844
-4030
-3178
-3771
-5569
-4643
-3844
-5419
-5942
-5853
-6986
-7852
-6573
-5830
-6369
-6611
-7894
-9942
-9387
-8712
-8821
-7733
-8841
-10416
-10591
-9375
-8987
-9186
-9880
-11122
-10718
-10978
-12099
-11081
-10332
-10402
-8976
-9361
-11213
-11028
-10159
-11403
-10976
-9514
-9890
-9694
-8852
-9154
-10694
-10802
-10849
-9941
-7701
-7758
-8640
-8775
-8307
-7768
-6947
-7461
-8183
-7021
-6214
-6627
-6455
-5787
-5397
-4727
-4931
-6000
-6274
-5285
-5029
-4382
-3444
-3113
-2571
-3575
-4951
-4140
-2999
-3306
-2178
-1772
-2606
-2297
-2123
-2317
-1890
-1792
-1978
-1663
-1348
-1170
-1403
-1474
-1364
-696
-816
-653
35
-1051
-1157
-445
-779
-204
-171
-272
387
-364
-79
-190
-389
79
-241
676
662
-120
-182
210
-286
-584
363
525
582
-101
-806
-940
-309
567
402
585
859
128
-228
12
-112
-293
447
1050
966
561
25
-705
-695
-51
771
471
3
535
123
-761
-286
842
345
429
911
272
-237
-266
153
442
891
1123
-409
-519
166
1048
1618
1698
1346
299
815
1395
1786
2000
1667
1163
1490
2593
3158
1726
1911
2709
2739
3632
4574
3624
2588
2512
1624
2448
3494
3979
4423
4570
4247
4193
4703
4447
3599
3911
4847
5495
6183
6530
5261
4778
4882
5340
6722
7683
6958
5832
6484
5961
5915
7271
6973
6088
7183
7018
6660
7482
6577
6283
6615
7096
7636
7620
7013
5983
5641
6223
6625
7655
7804
6312
6040
6473
6027
6019
6264
5954
5911
6471
6698
6350
5221
4304
4969
5160
5475
6445
6071
5132
4762
4374
4562
5023
5651
4711
3911
3297
2730
3254
3488
3599
2999
2795
3034
2002
1607
2274
2020
1256
1003
352
-130
709
1645
897
-142
-246
-1296
-2198
-1285
-1145
-1328
-1154
-1851
-2367
-2982
-3465
-2315
-2125
-2985
-2982
-3130
-3292
-3441
-2910
-3336
-4505
-4053
-3318
-3223
-3335
-3787
-4302
-4480
-4151
-3640
-3948
-4256
-3613
-4378
-4985
-3673
-3444
-3769
-3441
-3255
-3463
-3438
-4534
-4609
-4241
-4314
-3158
-2576
-3397
-3473
-3191
-3374
-4103
-4195
-3298
-3512
-3157
-2600
-3248
-3243
-3390
-3403
-3095
-3770
-3920
-4020
-3565
-2703
-2264
-3126
-3076
-2486
-3542
-3819
-3104
-2599
-2448
-3177
-3919
-3073
-2993
-2917
-2772
-2564
-2556
-3489
-2777
-2110
-2082
-1996
-3081
-3018
-2439
-1221
-1453
-2832
-2556
-3408
-3168
-1379
-1608
-2406
-854
-853
-2018
-1367
-1037
-1654
-1137
-689
-1404
-668
-249
-910
-1113
-1578
-591
347
208
395
111
-839
-1000
118
1337
1762
739
419
711
835
815
1476
2303
1265
513
936
1673
1340
864
1310
2076
2189
2568
2954
1796
1410
1797
2010
2293
2116
1546
1355
2116
2355
2889
2758
2851
2743
2344
2222
2200
2891
3284
2684
3020
3963
3025
3039
3258
2484
2054
2754
2656
2370
2732
2492
2909
4127
3837
2499
1842
1455
1967
2871
3177
3486
3437
2900
2757
1259
710
1629
1732
2412
2897
2461
1898
2108
2516
2397
1540
1191
1116
1858
2544
2919
2798
2032
2252
2582
2419
2601
2960
2689
2613
2631
2779
2860
2997
3005
2947
2199
2336
3117
2906
2382
1805
1792
2253
2742
2669
1311
894
2211
2170
2025
2137
1387
820
1284
2537
2370
1626
1101
1161
627
394
1745
2071
1505
1595
694
-398
23
1203
886
-275
-522
-1199
-693
186
481
133
-991
-1678
-1471
-1098
-1132
-794
-1207
-1861
-1891
-1383
-1996
-1979
-1749
-2161
-1832
-2778
-3679
-3283
-3088
-2965
-2438
-2701
-3310
-3285
-3685
-3714
-3788
-3568
-3600
-3473
-2654
-3187
-4792
-5613
-6118
-5578
-4892
-4242
-3815
-4720
-5372
-5729
-5253
-5254
-5273
-4801
-5546
-5228
-5312
-6216
-6023
-5136
-5164
-4780
-4705
-5858
-6305
-5515
-5067
-5333
-4608
-4351
-4243
-4645
-4927
-4823
-4920
-3650
-2142
-2863
-2589
-3054
-4072
-2501
-2517
-4005
-2960
-2200
-2114
-493
-427
-1286
-1382
-1317
-1374
-396
-118
-1
-61
-1125
-528
622
473
654
679
-111
823
2314
1949
1662
1705
852
842
1383
2023
3126
2980
1952
1638
2311
2802
3116
3348
2889
2355
2130
2599
2195
1932
2248
2825
2780
3017
3472
3198
2712
2878
3108
2933
3593
3386
3077
3636
3862
3226
4055
3835
2797
3373
3462
2709
3074
3752
2847
1906
2291
2194
1464
1785
2438
1509
1081
1976
2146
1314
1665
1157
135
401
924
1275
832
538
492
655
1201
986
-256
-1006
-478
382
125
-126
121
-1099
-1953
-1736
-1187
-880
-1005
-1258
-1396
-2021
-2056
-1836
-2773
-2610
-2729
-2814
-1657
-1760
-1818
-2314
-3563
-3091
-2154
-2353
-1989
-1804
-2686
-2600
-1601
-1627
-1732
-1707
-1397
-790
-1072
-927
-10
98
-1085
-948
-164
-708
46
718
613
932
1005
241
-698
613
1220
895
2029
2562
1408
878
1974
2053
2228
2936
3153
2621
2551
1972
2283
2880
2424
2769
3560
3031
3088
3589
3091
3254
3425
3425
3045
3260
3640
2998
3399
3866
3663
2797
2699
3400
3279
2877
2749
3076
3963
3579
2881
3069
3602
2633
2162
3328
3307
2199
1743
2494
2719
2444
2151
1780
1361
1964
1678
868
777
1533
1416
677
1180
789
-74
67
53
-267
-204
-315
-799
-1085
-1304
-1101
-1370
-1704
-1647
-2139
-3140
-2668
-2051
-2428
-2306
-2807
-3884
-4304
-3726
-1646
-2099
-3659
-3678
-4153
-4998
-4219
-3480
-3082
-4062
-4225
-3816
-4050
-3763
-2882
-2908
-3735
-4190
-4821
-4681
-4052
-3837
-3723
-3688
-3322
-3630
-3083
-3105
-2814
-3331
-3945
-2910
-2806
-3467
-3227
-3515
-3216
-1846
-2478
-2869
-1649
-2174
-2818
-1936
-2189
-2548
-1950
-2395
-2775
-1477
-801
-459
-390
-517
-1699
-2099
-1093
-334
-499
-328
-541
-1017
-606
-1079
36
880
180
-107
576
622
325
1202
842
479
372
975
1325
1288
1627
1193
615
1696
2010
1601
1662
1227
1446
1525
1231
1457
1900
2394
1658
1671
1990
1336
1510
1996
1612
1687
1979
1476
1940
2209
2280
1942
1629
1206
1595
2235
2376
2313
1619
1523
1030
531
1491
1789
1438
2206
1904
839
1010
1335
1284
1010
710
825
1131
1063
1065
739
686
567
10
21
557
966
365
143
69
-323
-184
136
-211
-104
-62
-417
-343
-172
-1136
-1440
-1183
-660
-6
104
-150
-402
-628
-955
-841
-377
-388
-645
-1512
-1374
-448
-74
-330
-121
-1092
-1230
149
-390
-1001
-530
-1162
-1637
-1158
-647
-919
-362
-102
-1593
-808
-292
-737
-553
-1026
-625
-230
-252
-532
-1033
-1130
-585
-210
-1017
-941
-684
-894
-755
12
-192
-385
-707
-1269
-1619
-1017
-216
-263
-617
-709
-985
-1010
-431
122
441
-185
-687
-820
-988
-588
-271
-466
-650
-230
-94
-529
-731
-404
-734
-125
669
-54
-629
-273
-472
-1019
-676
-202
109
287
-337
-784
340
369
-9
275
-100
-516
631
163
-156
894
823
-896
-490
506
-295
-13
1294
1031
-107
74
-78
-294
316
171
290
477
424
148
879
1138
520
172
133
964
1769
1409
767
367
255
959
1535
1242
1140
369
471
1091
508
440
982
750
326
99
206
1307
1358
390
251
650
800
1018
376
213
787
964
775
1471
1193
529
225
339
374
863
773
101
233
1150
808
460
849
669
521
1536
1145
555
977
1296
952
311
299
650
1087
1404
1456
1138
962
1001
242
333
847
548
398
394
507
678
1383
1603
1016
1479
426
-327
-522
371
603
945
1400
695
711
919
806
705
824
943
686
530
448
138
404
1230
865
227
540
245
760
1822
1026
-33
-229
313
-80
287
628
215
448
456
1144
733
-35
-245
-529
-495
60
210
1153
1186
313
135
357
-654
-894
373
194
265
1336
346
-534
-411
-788
-803
541
803
973
-355
-1628
-777
-308
-321
23
319
378
-131
-373
-612
-467
622
505
199
825
-90
-1936
-710
459
-403
-1101
-402
-748
-599
675
485
-505
-683
-511
-1409
-1673
-735
-254
-820
-357
-151
-839
-1086
390
-312
-1550
-1267
-620
-340
-132
-696
-1317
-1260
-566
-315
-462
-70
-386
-1500
-1578
171
856
-283
-894
-759
-780
-728
-562
-1253
-247
688
-609
-95
268
-69
-322
-401
-37
-210
-581
-1185
-1102
-745
644
1000
659
723
103
-1371
-1244
-398
-264
-34
723
114
-1273
-1379
-437
190
559
748
483
38
-603
-961
-661
-657
-243
863
-458
-790
110
-530
-510
662
772
-273
-426
-990
-702
-175
-1007
-1480
-665
-117
-219
-233
-362
-437
9
276
-373
-731
-582
-652
-941
-491
419
64
-264
296
-331
-650
-459
-665
-471
67
122
205
40
-129
-603
-649
-524
-142
218
322
-258
-395
343
-192
-327
508
141
-167
-220
-357
-350
439
787
522
477
79
27
25
261
979
1154
593
459
-471
-1643
-670
1277
1996
895
-375
171
235
-171
15
483
1015
1474
1409
212
-1054
-1089
-423
68
672
659
303
-267
-320
14
-344
-778
222
596
72
150
-399
-479
-260
-108
-173
343
65
-902
-416
-182
-251
408
458
-922
-1604
-1180
-866
79
446
-548
-863
-307
-503
-553
-814
-719
-196
-550
-411
67
-435
-1360
-1667
-1545
-587
594
220
-483
-754
-859
-1039
-1268
-452
534
-271
-1204
-850
-685
-213
212
-200
-242
-95
-625
-728
95
-159
310
689
363
490
78
-575
55
177
-478
-390
-548
-485
-67
-552
-476
431
192
-487
-254
-505
-519
-77
129
476
630
110
-836
-344
188
-274
-7
336
74
596
599
-331
-85
540
289
554
847
162
-31
247
-90
-70
263
-33
212
413
637
172
212
419
433
784
341
-412
-385
-93
-95
68
1180
1125
376
223
-96
-201
359
1176
1358
275
-693
-304
651
1223
947
721
-283
-702
-287
518
750
716
86
-175
-28
-345
152
700
758
1332
699
-372
52
29
-393
83
1006
640
810
445
64
194
-403
-1002
-695
213
1027
1146
586
-710
-1585
-445
714
1134
1178
451
-237
38
429
-840
-1281
-381
279
733
120
297
426
92
284
100
-822
-498
368
942
605
98
-444
-996
-745
-391
636
711
-152
-13
75
-574
-439
-332
41
-8
89
138
802
769
-50
-1011
-840
-463
-562
-239
652
803
669
894
164
-153
-896
-947
-618
-198
313
850
222
-272
-121
-176
-1009
-185
696
254
495
643
-286
-1220
-1662
-958
-372
553
44
-442
-58
-27
-44
-390
-692
-985
-1130
-611
-154
83
56
22
-394
-593
-1152
-1339
-489
214
-355
-659
-528
-350
-378
-769
-471
-104
-971
-1279
-755
-258
117
503
495
514
646
-265
-963
-842
-863
-583
-22
648
916
433
-203
-424
-62
103
-31
90
-237
-523
-184
131
-516
-651
-784
-722
-333
85
269
692
1236
1289
737
26
-669
-1026
-1025
-459
383
88
-740
-935
-710
-288
577
350
-317
-917
-529
-835
-919
-885
-1001
-853
-433
-30
207
553
1018
527
93
-335
-563
-806
-917
-743
-533
-562
-435
-641
-890
-541
-233
-75
-21
-384
-730
-1228
-1171
-1403
-1524
-1028
-92
312
768
825
443
243
353
381
170
-369
-1023
-1200
-864
-386
-443
75
53
-423
-292
294
616
731
374
150
-457
-434
-359
-55
-196
-189
-339
-536
-209
-313
-815
-640
-747
-707
-317
528
161
164
708
592
556
1344
752
-361
-245
-621
-705
-302
-547
-740
-546
-89
422
706
634
328
-57
-353
79
519
816
947
369
148
135
-253
-119
135
205
954
994
883
1114
1133
714
250
-70
-92
150
176
828
1268
1114
915
697
602
915
1333
1695
1711
1407
943
470
-64
-58
315
533
614
814
780
769
849
722
760
998
830
705
579
-194
-366
-129
-297
17
421
623
829
975
950
817
706
541
384
432
733
690
489
425
292
158
234
534
653
704
517
-99
-320
-79
-393
-459
-470
-446
22
266
412
736
583
556
522
402
76
-57
-460
-718
-646
-415
-430
-367
-487
-675
-710
-601
-344
75
-34
-207
-343
-649
-715
-395
-176
-147
-161
-74
-30
153
179
206
169
107
97
210
145
169
245
-249
-602
-562
-673
-583
-325
35
158
262
457
366
132
-163
-485
-473
-145
88
143
157
-10
-347
-348
-64
241
601
669
605
482
317
210
313
363
359
493
513
415
358
326
52
-178
-2
81
94
220
361
327
308
301
208
293
535
670
641
571
655
657
571
683
729
624
570
539
462
442
625
569
372
333
349
270
201
271
315
442
605
600
496
366
202
24
15
-3
-87
-247
-482
-735
-957
-999
-999
-993
-1069
-1100
-1138
-1180
-1248
-1184
-1145
-1089
-1083
-1167
-1187
-1254
-1386
-1517
-1507
-1567
-1696
-1882
-2122
-2322
-2487
-2718
-2940
-3151
-3435
-3647
-3666
-3706
-3721
-3699
-3742
-3802
-3866
-3946
-4041
-4180
-4356
-4501
-4554
-4670
-4714
-4819
-4907
-4850
-4813
-4813
-4864
-4916
-5062
-5175
-5275
-5356
-5387
-5411
-5444
-5507
-5473
-5348
-5222
-5058
-4991
-4957
-4756
-4671
-4768
-4835
-4968
-5197
-5413
-5522
-5599
-5720
-5820
-5842
-5789
-5801
-5844
-5747
-5679
-5629
-5467
-5399
-5517
-5656
-5663
-5698
-5755
-5618
-5558
-5714
-5820
-5779
-5848
-5942
-5928
-5868
-6011
-6136
-6295
-6390
-6400
-6465
-6555
-6774
-6952
-7002
-6873
-6799
-6648
-6518
-6446
-6353
-6209
-5991
-5894
-5859
-5849
-5935
-5970
-5872
-5861
-5892
-5893
-5942
-6053
-6048
-5982
-5930
-5781
-5620
-5363
-5099
-4774
-4402
-4051
-3688
-3191
-2694
-2223
-1614
-1144
-753
-368
30
454
875
1310
1724
2141
2634
3064
3504
3984
4378
4798
5183
5617
6128
6585
7030
7494
7944
8223
8619
9137
9698
10201
10678
11111
11653
12113
12627
13015
13178
13451
13647
13950
14152
14490
14762
14913
14974
15315
16118
17106
17973
18640
19035
18818
18263
17685
17195
15548
12693
9668
7612
6380
5420
5078
5535
6565
7700
9330
11850
14798
17080
18462
19347
20445
21640
22316
22514
22786
22969
22503
21947
21914
22047
21460
20175
18712
17286
15858
14500
13322
12391
11753
11475
11689
12603
14113
15525
16648
17669
18774
19703
20266
20443
20302
19896
19232
18576
18040
17413
16526
15313
14231
13455
12757
11944
10931
9891
9018
8380
8096
8237
8568
8814
8821
8827
8906
8818
8264
7216
5886
4368
2951
1577
440
-473
-1300
-2126
-2593
-2630
-2493
-2550
-2992
-3605
-4455
-5230
-5985
-6764
-7506
-8397
-8978
-9500
-9780
-10182
-10869
-11692
-12613
-13282
-13858
-14298
-14938
-15213
-15300
-15773
-17235
-19298
-21740
-24608
-28402
-32291
-32768
-32743
-32768
-32759
-32768
-32768
-32758
-32768
-32470
-29766
-26831
-24910
-23871
-23057
-22151
-21475
-21324
-21579
-21737
-21774
-22149
-22965
-23681
-24242
-25252
-26841
-28147
-28720
-28771
-28436
-27337
-25390
-22814
-19873
-16842
-13808
-10864
-8460
-6897
-5925
-5142
-4546
-4387
-4533
-4552
-4336
-4101
-3827
-3380
-2705
-1998
-1438
-1020
-397
532
1539
2522
3723
5186
6668
7941
9068
10027
10690
10880
10669
10283
9874
9578
9276
9162
9256
9744
10241
10946
11713
12627
13105
13242
13540
14056
14983
15779
16655
17246
17923
18335
18841
19168
19304
19079
18627
18368
18329
18419
18331
18146
17756
17805
17946
18345
18536
18976
19177
18948
18375
17349
15731
13402
10540
7097
3416
293
-1369
-2006
-1922
-1348
0
1589
3515
5652
7475
8855
9527
9757
9664
9748
9956
9801
8981
7766
6230
4552
2617
662
-1295
-3396
-5330
-6679
-6861
-6151
-4756
-3189
-1584
121
1864
3375
4356
4706
4441
3689
2714
1845
1119
458
-409
-1329
-2194
-3039
-3608
-3912
-4054
-3986
-3676
-3059
-2107
-879
279
1128
1505
1585
1381
783
-26
-845
-1860
-2759
-3448
-3691
-3645
-3235
-2891
-2593
-2280
-1991
-1621
-1483
-1133
-926
-739
-583
-256
120
507
576
464
350
421
723
942
1285
1558
1839
1621
1647
1522
1382
950
403
170
-29
136
456
1125
1811
2728
3470
3525
3453
2603
503
-2631
-6471
-10446
-14499
-16984
-17417
-16454
-15217
-13657
-11298
-8791
-6380
-4317
-2869
-2043
-1688
-1619
-1445
-904
-15
145
-885
-2610
-4541
-6768
-9391
-11758
-13638
-15089
-15714
-14884
-12657
-9692
-6685
-4218
-2552
-1236
-177
260
42
-665
-1534
-2477
-3214
-3547
-3713
-4044
-4722
-5654
-6299
-6478
-6560
-6152
-5346
-3955
-2203
-350
1359
2586
3127
2789
1939
724
-376
-1292
-2323
-3114
-3349
-3072
-2482
-1836
-1259
-889
-659
-454
-93
607
1336
1902
2281
2546
2889
3128
2981
2634
2168
1977
1895
2330
2822
3231
3926
4226
4650
4814
4931
4521
4266
4199
4297
4388
4136
3851
3381
3661
4102
4779
5259
5540
5915
6550
7192
7283
6466
4120
1195
-2541
-6352
-9306
-11321
-12222
-12151
-11328
-9845
-7792
-5483
-3459
-2067
-1057
-407
90
543
1226
1847
1912
1434
208
-1720
-4165
-6771
-9377
-11664
-13127
-13481
-12795
-11070
-8589
-5921
-3731
-2140
-1205
-856
-776
-916
-1306
-1900
-2452
-3012
-3561
-4099
-4675
-5462
-6276
-6947
-7198
-6896
-5946
-4758
-3557
-2178
-986
-41
638
687
-76
-1189
-2512
-3465
-3872
-3683
-3143
-2632
-2281
-1803
-1373
-1155
-958
-1008
-1043
-985
-540
90
667
1097
1140
885
537
367
332
492
776
1602
2765
4074
5271
5844
5929
5562
4881
4235
3970
3486
3093
3136
3272
3690
4626
4925
5112
5068
5480
6231
7040
7941
8748
9477
9396
8845
7230
4559
1029
-3530
-9478
-14354
-15632
-13326
-9616
-6640
-3941
-1575
532
2172
3753
4907
5599
5400
4757
4583
5636
6654
5548
2253
-1897
-5958
-9656
-11968
-12288
-10819
-8590
-5822
-2503
1240
4596
6568
6677
5645
4468
3595
2604
1638
1434
1036
305
-816
-1978
-2963
-3792
-4576
-4649
-3560
-1241
1529
3816
5478
6513
6496
5395
3905
2429
1187
52
-770
-834
-176
724
1176
869
25
-606
-1191
-1271
-423
813
2477
3579
4134
4229
3897
3040
2056
993
567
701
1332
2267
3325
4338
4756
4664
4152
3931
3725
3952
4013
4641
4882
5070
4902
4386
3622
3342
3445
3649
4163
4710
5653
6316
6915
7412
7826
7654
7625
7705
8513
8592
7797
5592
2220
-1487
-6425
-12723
-17061
-16744
-12523
-8168
-5598
-2963
-690
1016
2063
3082
4068
4552
4020
2897
2432
3427
3660
1077
-3244
-7486
-10989
-13793
-14628
-12924
-9738
-6588
-3605
-692
2157
4215
4606
3554
2245
1598
1283
723
123
-756
-2381
-5203
-7824
-9075
-9087
-8118
-6831
-5023
-2422
485
2824
3960
3985
3258
1710
109
-845
-942
-952
-1351
-2019
-2692
-2955
-3077
-3456
-3839
-3652
-3094
-1889
-124
1733
3082
3168
2184
827
-282
-812
-1158
-1407
-1088
-579
142
871
1302
1578
1339
855
515
640
1384
1954
2198
2329
2466
2414
2568
2406
2570
2852
3111
3340
3646
4030
3908
3787
3251
3469
4200
4995
5489
5216
4936
5223
6131
8328
9116
8179
5115
1000
-2545
-7091
-11957
-16028
-16410
-12922
-8744
-5485
-3112
-1456
-291
193
1128
2469
4037
4678
4088
3557
3735
3308
619
-3652
-8174
-11749
-13834
-13511
-10931
-7296
-3939
-1605
134
1829
3200
3625
2952
2114
1632
1475
1445
1004
-53
-2082
-4784
-7340
-8915
-8765
-7259
-5168
-2526
139
2353
3601
3787
3261
2216
1093
314
10
161
301
-61
-915
-1792
-2321
-2596
-2618
-2073
-1064
472
1380
1837
1970
1349
639
-415
-1136
-1130
-748
143
748
1217
1594
1509
1427
1062
1109
1065
876
893
1013
1734
2395
2672
2648
2184
2115
2257
3035
3952
4487
4909
4628
4365
3912
2874
2325
2254
2751
3657
4211
4689
4923
5533
5960
5956
6653
7410
8647
9410
9187
7378
3330
-1075
-5524
-10202
-14835
-16860
-14785
-10211
-5575
-2884
-1525
-660
304
1423
2664
4402
5900
6337
5345
4367
3644
1571
-2489
-7441
-11432
-13882
-14128
-12047
-8540
-4988
-2342
-556
650
2018
3253
3516
3088
2779
2924
2886
2085
438
-1794
-4429
-6849
-8376
-8545
-7533
-5939
-3930
-1729
464
2240
3023
2894
2324
1923
1768
1617
1508
962
-255
-1837
-3143
-3611
-3496
-3120
-2780
-2264
-1391
-348
625
1231
1507
1419
1119
985
939
1026
913
370
-74
-261
-79
179
368
706
1117
1532
1756
1823
1835
1845
1768
1615
1576
2045
2775
3543
4051
3937
3433
2774
2636
3029
3422
3101
2715
2071
2042
3069
4050
5261
5495
5519
4773
4913
5720
6759
8411
8885
9216
7316
4149
-264
-5470
-11065
-16520
-17140
-13240
-6947
-2808
-1567
-1828
-2723
-1848
-161
2285
4681
6295
6150
4776
4218
3391
595
-4540
-9643
-13064
-13997
-12311
-8872
-5225
-3025
-2070
-1754
-799
972
2736
3583
3560
3795
3991
3381
1693
-779
-3798
-6749
-8438
-8403
-6972
-5211
-3899
-3128
-2065
-413
1111
2048
2137
2007
1979
2223
2182
1575
306
-1701
-3625
-4574
-4268
-3266
-2275
-1837
-1317
-818
173
1154
1647
1832
1412
869
347
257
212
-15
-507
-1069
-1066
-769
-188
451
772
1255
1405
1500
1530
1552
1531
1603
1567
1556
1916
2165
2624
2762
3080
3301
3668
3715
3888
3777
3326
2981
2653
2979
3360
3988
4380
4627
4439
4676
4873
6072
7716
9223
10681
10266
8330
4034
-1028
-5866
-10329
-13617
-13864
-10234
-5747
-3126
-3286
-4646
-5106
-3715
-550
3170
6662
8821
8485
6418
4425
2493
-610
-4750
-8450
-10163
-10223
-8869
-7025
-5704
-5178
-5293
-4779
-2878
314
3399
5101
5481
5291
4642
3122
997
-1201
-3284
-4843
-5525
-5446
-4970
-4801
-5057
-5235
-4302
-2336
17
1913
2946
3313
3022
2567
1704
796
-253
-1430
-2285
-2549
-2297
-2159
-2359
-2689
-2776
-2640
-1696
-560
805
1840
2204
2111
1435
789
64
-296
-692
-625
-616
-679
-652
-740
-406
-105
510
1088
1542
1774
2085
2164
2104
2275
2250
2474
2628
2679
2742
2545
2143
2206
2367
2986
3211
3167
2802
2702
3267
3629
4618
5258
6074
5979
6558
6317
6010
6610
7183
7982
8887
10000
8041
3428
-3259
-9740
-15148
-15761
-10936
-5225
-1700
-2587
-5575
-8398
-7338
-2808
1970
5912
8301
8895
7204
5454
3925
1002
-3143
-6722
-7988
-7759
-6494
-5673
-6482
-8449
-9693
-8917
-6142
-1890
2051
4307
4741
4875
4665
3691
2073
273
-1266
-2432
-2626
-2763
-3601
-5359
-7190
-8053
-7265
-4706
-1888
206
1199
1480
1607
1842
2175
2251
1866
931
-171
-1068
-1775
-2579
-3415
-4108
-4381
-3828
-2350
-645
407
933
805
543
660
1088
1643
1421
870
-30
-860
-1076
-1240
-1068
-1126
-696
-30
678
1536
1880
1976
1680
1577
1978
2496
3147
3186
2594
2271
1981
2141
2226
2394
2519
2385
3389
3806
4758
4948
4996
4789
3674
4042
3906
5227
6010
6955
6119
4504
5175
5559
7952
9150
8834
4072
-2777
-7535
-10358
-9657
-7080
-3740
-3629
-5780
-8513
-10004
-8249
-3873
831
3625
5767
6515
5428
3303
2080
1176
-443
-1192
-1529
-1939
-3782
-6259
-8782
-10577
-10208
-8499
-5817
-3251
-1190
-439
-452
-40
866
1744
2384
2957
2869
2023
463
-1226
-3142
-4669
-5454
-5386
-4422
-3681
-3272
-3437
-3521
-3197
-1938
-189
1157
2069
1999
1263
230
-172
-435
-830
-941
-953
-1228
-1695
-1924
-2139
-2188
-1600
-623
204
846
1136
1160
807
733
659
471
432
536
905
721
377
166
-143
-88
768
2020
2787
3336
3751
3529
3137
2984
3478
3629
3897
4024
3099
2552
2115
2553
2645
3288
3800
3565
3860
3582
4414
4220
5127
5629
6061
6960
6774
7613
6763
7216
7368
7251
5249
465
-3973
-8031
-9231
-8028
-4857
-3310
-5017
-8834
-11608
-10645
-6239
-711
2815
4546
3804
2045
760
1580
3336
3298
2905
1632
78
-2348
-5037
-7041
-8858
-8827
-7841
-6058
-4598
-4466
-5348
-6120
-5016
-2536
323
2648
3708
3215
2050
1136
846
645
216
-450
-1347
-2117
-3171
-4332
-5182
-5639
-5237
-4224
-2676
-1463
-1108
-1158
-1298
-693
193
1178
1861
2051
1580
242
-800
-1499
-1403
-938
-520
-480
-1036
-1570
-2078
-1702
-680
448
1098
1285
1068
863
647
880
1128
1251
1806
1579
1866
1741
1919
2159
2675
3892
4069
4133
3731
3447
3046
3087
3650
3363
3381
3279
2947
3119
3342
3982
3706
3863
4538
4102
4892
5762
6434
5994
5727
6377
6456
7596
8365
6942
2806
-1846
-5055
-6071
-5031
-2846
-2563
-4983
-8944
-12819
-12648
-8924
-3861
-716
3
-251
-2000
-2227
-320
2700
4970
5103
4732
2917
649
-1619
-3275
-3640
-3653
-3356
-3808
-5146
-7192
-9125
-9372
-7458
-4683
-2546
-1773
-2004
-2445
-2293
-647
1442
2987
3172
2196
1129
196
21
-88
-302
-762
-1805
-2750
-3677
-4284
-4414
-4002
-3082
-2347
-2138
-2153
-2336
-1839
-624
556
1268
1319
1068
645
1039
1649
1626
1509
910
375
106
-136
-175
-599
-562
-396
-415
-153
-361
-269
91
889
1782
2196
2649
2605
2699
3092
3756
4678
4899
4810
4381
3714
3683
3891
4461
4361
3638
2853
1983
2466
3139
3891
3656
2838
2812
2895
4109
4693
5558
6201
6380
6899
7285
7493
4633
1261
-888
-1101
-252
-810
-1937
-5412
-8767
-11297
-11445
-8191
-5842
-5098
-6136
-6247
-5934
-5072
-1929
868
2649
2866
2816
2544
2070
2104
1701
1768
1641
569
-1326
-3085
-4445
-5867
-5893
-5101
-5029
-6033
-6962
-7234
-6775
-5010
-2987
-1670
-1418
-1630
-1774
-1175
487
1945
2583
2463
1830
844
68
-24
31
-107
-470
-1165
-2111
-2930
-3396
-3325
-2540
-1682
-1451
-1796
-2109
-2070
-1273
182
1357
1802
1250
701
453
979
1786
2062
2125
1364
655
228
438
879
1138
1488
1275
924
623
682
1226
2140
2960
3029
3003
2808
2948
3551
4440
5079
4806
4659
3982
3798
4335
4844
4929
4060
3729
3229
3164
3777
3854
4050
3973
3811
3381
3824
5697
6407
4988
2435
417
-65
551
1541
559
-2556
-5521
-6903
-7031
-6593
-5567
-5729
-7054
-7536
-6778
-5788
-4604
-3234
-2417
-1576
-257
352
281
730
1165
1017
1425
1902
835
-630
-1020
-1082
-1484
-1484
-1871
-3497
-4849
-5039
-4846
-4544
-3928
-3921
-4631
-4785
-4369
-3990
-3303
-2283
-1716
-1561
-987
-417
-175
327
960
1191
1022
837
411
-132
-86
195
21
-403
-832
-1448
-1860
-1696
-1449
-1521
-1536
-1280
-1224
-933
-463
-169
-54
399
831
854
716
805
989
1305
1886
2129
1894
1600
1843
2017
2200
2473
2407
1862
1843
2665
3112
3316
3640
3378
2930
3162
3450
3162
3265
4239
4117
3619
3610
3615
3730
4280
4807
4073
3856
4148
4409
4685
5211
5591
5438
4467
2382
966
1141
1829
1619
84
-2251
-4575
-5691
-5685
-5213
-4800
-5839
-7461
-7961
-7262
-6461
-5365
-4084
-3761
-3724
-3073
-2326
-1668
-468
547
824
990
984
475
421
1133
1404
960
503
-297
-1487
-1880
-1657
-1737
-2183
-2678
-3594
-4445
-4425
-4261
-4299
-4246
-4106
-4147
-3817
-3295
-2848
-2277
-1672
-1321
-1170
-829
-646
-242
526
1033
961
631
589
803
1276
1498
1100
446
-223
-288
204
620
293
-481
-1098
-1342
-1136
-706
-581
-647
-870
-610
-230
420
973
1369
1676
1793
2107
2125
2646
3126
3524
3557
3454
3615
3591
3936
4017
4284
4501
3881
3431
3144
3821
4339
4127
3455
2755
2947
3290
4143
4206
3360
2858
3346
4439
5007
4751
2625
1231
2232
3186
2767
1978
317
-2572
-3063
-1475
-2124
-4359
-4890
-5187
-6344
-6341
-5737
-6269
-6357
-5432
-5191
-5049
-4474
-4318
-3762
-1838
-948
-1629
-1454
-705
-613
82
1440
1203
190
540
985
491
417
541
-269
-1069
-883
-952
-1645
-1906
-2161
-2683
-3117
-3144
-3295
-3353
-3169
-3302
-3380
-3277
-3029
-2788
-2244
-1767
-1639
-1524
-1272
-1003
-610
85
732
816
798
976
1327
1508
1521
1593
1346
1245
1204
1116
905
675
463
77
-204
-441
-474
-144
216
166
-45
72
437
863
1428
1598
1554
1648
2144
2886
3374
3488
3589
3536
3712
4401
5023
5129
4475
4244
4232
4629
4990
4925
4499
4167
4258
4134
4158
3941
3804
3998
4319
3609
1827
1077
1880
2462
1946
1224
-532
-2724
-3047
-1652
-1870
-3647
-4345
-4842
-5767
-6083
-5566
-5558
-5735
-5540
-5569
-5577
-5270
-4880
-3945
-2784
-2681
-3123
-2483
-1526
-1200
-377
415
-40
-540
240
838
409
292
376
-186
-629
-416
-534
-1171
-1445
-1502
-1919
-2313
-2465
-2636
-2906
-2870
-2638
-2701
-3303
-3321
-2579
-2257
-2288
-2571
-2574
-2205
-1708
-1082
-483
-513
-813
-357
564
992
1123
1198
1274
1321
1649
1910
1870
1736
1608
1516
1329
956
631
788
969
978
708
749
814
814
1301
1635
1454
1313
1668
1953
2354
2724
2695
2710
3047
3080
3187
3699
4118
4132
4196
4007
3955
4762
5468
5241
4894
4901
4623
4672
5189
5292
4926
4099
2960
2286
2592
2672
1724
1304
193
-1457
-2097
-1342
-1814
-3348
-3540
-4087
-5325
-5853
-5322
-5482
-6071
-6169
-6489
-6652
-6156
-5716
-5133
-4423
-4263
-4291
-3516
-2412
-2096
-1252
-287
-345
-360
472
1110
910
1129
1294
706
368
587
570
101
-154
-418
-1038
-1440
-1549
-1591
-1771
-2066
-2397
-2794
-2928
-2887
-2832
-2523
-2370
-2651
-2897
-2673
-2349
-2065
-1636
-1494
-1636
-1365
-835
-251
127
404
447
613
1106
1372
1612
1746
1819
1816
1830
1863
1628
1469
1393
1267
1207
1160
1301
1182
1050
1155
1259
1309
1315
1474
1791
2060
2195
2215
2429
2746
2652
2781
3180
3541
3500
3635
3758
3447
3856
4712
4939
4612
4868
4964
4707
4941
5674
5284
4223
3471
3351
3739
3363
2476
1322
150
-966
-1084
-576
-1809
-3368
-3605
-3851
-5206
-5895
-5260
-5413
-6251
-6333
-6327
-6598
-6480
-5591
-4917
-5121
-5190
-4794
-3900
-3267
-2885
-2163
-1755
-1616
-999
49
388
260
797
1150
894
927
1309
1311
934
877
705
67
-293
-407
-542
-1018
-1485
-1764
-1996
-2133
-2184
-2230
-2479
-2343
-2086
-2141
-2429
-2351
-2178
-1814
-1382
-1451
-1713
-1581
-1185
-852
-424
-207
-102
318
893
1088
1254
1606
1879
2161
2371
2353
1979
1958
2120
1982
1714
1469
1384
1255
1363
1314
1150
1112
1368
1677
1892
1939
2026
2311
2477
2436
2363
2656
2995
3249
3026
2880
2715
3033
3718
4198
3986
3461
3871
4330
4787
5326
5424
4348
3415
3631
4202
4028
3292
2513
1548
438
-248
105
4
-1512
-2821
-3006
-3562
-4861
-4892
-4286
-4971
-6137
-6387
-6322
-6503
-6244
-5609
-5657
-6138
-6014
-5182
-4314
-3988
-3632
-3100
-2777
-2525
-1762
-854
-632
-546
-27
297
273
593
1157
1180
845
800
788
600
524
602
356
-231
-619
-724
-956
-1237
-1403
-1460
-1625
-1976
-2125
-2107
-1887
-1737
-1708
-1754
-1865
-1747
-1364
-1086
-1039
-1124
-877
-424
-39
155
165
311
595
1116
1600
1795
1875
1856
1897
2006
2130
2210
2140
2165
2024
1865
1799
1846
1955
1897
1767
1649
1764
2181
2319
2309
2186
2465
2683
2635
2974
3150
3033
2903
3159
3256
3106
3543
3823
3856
3921
3836
3733
4116
4466
4167
3715
3634
3422
3357
3410
2716
1962
1326
774
264
85
-482
-1778
-2389
-2830
-3776
-4290
-4129
-4494
-5410
-5836
-5920
-6194
-6016
-5642
-5682
-5739
-5638
-5313
-4896
-4332
-4022
-3835
-3372
-3107
-2790
-2153
-1611
-1374
-1073
-609
-427
-241
331
610
553
571
645
636
653
824
636
218
-24
-171
-330
-491
-943
-1254
-1192
-1004
-1415
-1897
-1787
-1650
-1438
-1190
-1204
-1607
-1778
-1268
-895
-708
-728
-887
-745
-485
-138
39
326
496
558
860
1212
1331
1428
1625
1758
1730
1825
2014
2028
1926
1804
1812
1828
1861
1918
2024
2079
2000
1959
2179
2259
2324
2460
2653
2665
2577
2819
2898
2937
3098
3161
3004
2902
3121
3549
3490
3438
3542
3660
3493
3243
3514
3300
2873
2818
2856
2325
1634
1452
1085
134
-274
-216
-655
-1825
-2937
-3087
-3146
-3522
-4006
-4344
-4840
-5575
-5503
-4914
-5017
-5517
-5462
-4979
-4984
-4990
-4393
-3957
-3875
-3721
-3308
-2958
-2797
-2272
-1685
-1433
-1377
-1206
-676
-251
-11
98
120
195
307
561
779
682
439
285
370
403
139
-59
-287
-541
-716
-786
-844
-993
-1005
-1107
-1324
-1350
-1289
-1083
-901
-858
-904
-923
-637
-418
-355
-233
-145
17
230
479
594
486
640
903
1159
1390
1410
1414
1451
1673
1870
1833
1870
1826
1816
1901
1967
2062
2010
2058
2001
1932
2158
2405
2575
2450
2480
2606
2778
2933
2981
2963
2966
2998
3154
3288
3258
3279
3364
3634
3329
2850
2799
3034
3049
2827
2584
1969
1447
1424
1271
603
52
-328
-924
-1521
-1727
-2207
-3116
-3598
-3629
-3880
-4482
-4918
-5018
-5038
-5085
-5172
-5190
-5125
-5072
-4818
-4411
-4195
-4160
-3895
-3370
-3001
-2743
-2367
-2093
-1864
-1542
-1172
-894
-623
-334
-237
-136
73
220
262
362
451
396
325
417
357
12
-98
56
37
-348
-654
-694
-715
-682
-678
-822
-1071
-1227
-1069
-680
-483
-673
-900
-803
-468
-155
77
109
-19
-11
325
731
936
924
842
862
1080
1397
1644
1757
1714
1705
1774
1991
2127
2131
2130
2080
2058
2040
2124
2414
2578
2363
2015
2151
2652
2971
3091
2870
2496
2412
2953
3579
3707
3413
2834
2710
3275
3863
3749
3181
2641
2371
2625
3160
3179
2233
1281
999
1076
937
675
248
-684
-1660
-1890
-1643
-1998
-2963
-3623
-3771
-3980
-4315
-4438
-4511
-4888
-5242
-5112
-4752
-4649
-4759
-4807
-4654
-4316
-3903
-3626
-3449
-3156
-2819
-2539
-2161
-1692
-1470
-1456
-1188
-670
-404
-392
-301
-122
-60
18
232
367
261
80
-33
-78
-20
67
111
-109
-432
-643
-632
-489
-433
-563
-911
-1113
-1048
-841
-678
-588
-647
-834
-867
-630
-259
-28
62
68
66
223
551
885
1024
1008
998
1051
1227
1482
1687
1778
1752
1807
1947
2093
2067
1989
2046
2144
2314
2401
2342
2212
2270
2459
2584
2667
2662
2591
2545
2662
2895
3124
3208
3196
3053
3086
3219
3504
3621
3386
3025
2746
2727
2783
2846
2648
2091
1446
1144
1018
846
470
50
-410
-976
-1421
-1792
-2150
-2600
-3005
-3236
-3427
-3733
-4133
-4563
-4781
-4802
-4657
-4554
-4593
-4707
-4880
-4856
-4537
-4057
-3714
-3603
-3485
-3245
-2954
-2568
-2120
-1701
-1453
-1307
-1085
-856
-634
-395
-173
1
62
115
154
150
203
290
325
231
88
-19
-53
-18
14
-94
-286
-482
-600
-655
-594
-530
-550
-679
-794
-788
-703
-605
-491
-320
-230
-87
94
289
424
568
734
874
1029
1195
1321
1354
1393
1510
1688
1798
1839
1846
1839
1830
1867
1912
1962
1962
1909
1869
1917
2024
2054
2035
1976
1924
1949
2102
2307
2434
2497
2441
2476
2591
2719
2893
3079
3135
2985
2769
2669
2651
2562
2445
2232
1915
1572
1290
1022
700
382
4
-447
-849
-1051
-1231
-1602
-2095
-2513
-2787
-3013
-3207
-3344
-3546
-3870
-4208
-4375
-4381
-4292
-4196
-4160
-4176
-4136
-3978
-3814
-3637
-3399
-3120
-2885
-2606
-2247
-1927
-1773
-1656
-1431
-1141
-866
-643
-468
-351
-244
-138
-61
3
103
220
315
330
308
238
179
215
260
236
165
94
83
98
97
47
-44
-108
-94
3
102
134
159
189
249
382
545
681
720
766
905
1074
1218
1309
1314
1270
1328
1450
1585
1641
1618
1548
1490
1494
1557
1639
1662
1642
1605
1593
1608
1634
1662
1621
1543
1507
1555
1647
1779
1868
1865
1873
1967
2150
2277
2356
2421
2475
2484
2476
2479
2445
2269
2043
1917
1829
1717
1527
1286
931
551
277
24
-302
-623
-827
-1033
-1355
-1699
-1961
-2234
-2558
-2856
-3014
-3126
-3267
-3421
-3566
-3660
-3727
-3751
-3759
-3738
-3666
-3571
-3493
-3394
-3219
-3040
-2936
-2840
-2626
-2386
-2177
-1948
-1712
-1523
-1383
-1199
-996
-798
-607
-444
-320
-215
-77
77
135
114
118
159
240
313
371
392
321
250
277
344
360
322
316
320
371
426
460
470
499
568
613
709
828
889
908
972
1092
1175
1211
1236
1265
1315
1385
1461
1478
1436
1413
1439
1466
1459
1457
1483
1511
1474
1377
1325
1330
1380
1442
1472
1454
1435
1441
1488
1576
1659
1694
1702
1756
1858
1984
2071
2096
2099
2062
2029
2014
1957
1878
1796
1716
1604
1410
1183
961
719
435
119
-196
-462
-668
-888
-1172
-1501
-1813
-2100
-2362
-2560
-2688
-2822
-2972
-3075
-3148
-3206
-3277
-3348
-3405
-3396
-3344
-3249
-3166
-3083
-2981
-2888
-2790
-2657
-2497
-2354
-2191
-2019
-1784
-1563
-1348
-1144
-985
-851
-709
-534
-366
-241
-167
-79
9
90
190
256
263
263
290
329
368
399
413
414
417
437
468
493
515
555
597
591
608
631
623
641
693
776
854
933
984
992
1001
1015
1063
1126
1175
1188
1186
1163
1156
1178
1198
1223
1225
1215
1208
1220
1206
1173
1125
1104
1144
1215
1231
1217
1235
1270
1289
1293
1304
1331
1356
1387
1452
1504
1544
1585
1595
1576
1571
1554
1517
1482
1432
1336
1206
1079
948
806
599
317
14
-277
-508
-701
-942
-1229
-1490
-1683
-1847
-2014
-2158
-2281
-2401
-2517
-2617
-2666
-2706
-2750
-2777
-2809
-2821
-2812
-2800
-2785
-2764
-2739
-2675
-2561
-2432
-2292
-2149
-2028
-1888
-1710
-1512
-1341
-1186
-1023
-872
-724
-574
-425
-331
-260
-181
-106
-19
65
127
168
227
305
377
432
446
449
466
504
554
639
696
695
669
668
677
712
760
803
832
854
890
921
954
1006
1025
1017
1008
1017
1050
1092
1130
1120
1105
1109
1117
1153
1168
1131
1072
1045
1088
1127
1125
1113
1110
1094
1109
1158
1147
1136
1132
1126
1144
1184
1212
1230
1232
1191
1173
1216
1256
1265
1257
1242
1226
1199
1174
1118
1035
919
822
704
570
407
181
-66
-308
-513
-716
-912
-1118
-1299
-1430
-1564
-1717
-1843
-1928
-2011
-2105
-2185
-2245
-2291
-2297
-2313
-2364
-2420
-2457
-2474
-2456
-2397
-2325
-2252
-2171
-2080
-1974
-1829
-1700
-1586
-1473
-1327
-1163
-1042
-915
-795
-681
-570
-478
-384
-298
-237
-187
-124
-40
40
120
180
208
223
267
337
407
473
510
516
515
570
654
712
745
751
774
813
860
905
932
915
924
963
1001
1029
1035
1035
1030
1044
1093
1119
1104
1097
1099
1104
1098
1092
1083
1053
1030
1034
1057
1066
1036
1028
1030
1035
1047
1040
1026
1020
1043
1047
1034
1017
1014
1027
1034
1047
1079
1098
1097
1127
1168
1208
1202
1176
1141
1070
1026
975
875
739
580
419
265
102
-93
-292
-495
-695
-873
-1011
-1156
-1303
-1429
-1587
-1727
-1844
-1953
-2032
-2096
-2164
-2250
-2337
-2394
-2422
-2447
-2460
-2490
-2473
-2430
-2366
-2254
-2132
-2024
-1950
-1880
-1789
-1660
-1510
-1362
-1241
-1154
-1049
-921
-799
-709
-643
-601
-544
-486
-423
-339
-247
-173
-115
-23
61
139
205
236
253
303
374
462
520
529
534
582
640
712
738
719
721
752
819
895
929
947
990
1037
1090
1126
1135
1151
1159
1146
1149
1157
1174
1159
1111
1083
1060
1021
1008
1005
998
976
975
994
1022
1039
1038
998
941
933
943
942
919
881
853
878
916
925
905
878
855
869
910
952
981
989
972
926
857
792
743
672
573
454
322
211
96
-43
-196
-348
-494
-643
-805
-951
-1068
-1196
-1346
-1506
-1637
-1741
-1819
-1885
-1980
-2082
-2169
-2224
-2249
-2260
-2262
-2257
-2258
-2230
-2151
-2046
-1931
-1827
-1734
-1654
-1544
-1437
-1323
-1210
-1106
-1031
-931
-841
-765
-687
-617
-551
-524
-478
-425
-364
-279
-186
-111
-55
2
60
137
184
213
255
318
399
438
444
456
495
585
682
736
751
774
845
929
1009
1036
1031
1039
1097
1174
1213
1211
1178
1153
1148
1174
1178
1130
1087
1092
1098
1095
1083
1044
1014
1014
1036
1031
984
926
900
909
923
924
915
922
925
932
929
891
857
885
916
919
896
873
882
890
893
878
817
764
760
742
707
641
561
484
418
363
296
228
105
-38
-168
-274
-372
-518
-694
-866
-986
-1062
-1160
-1296
-1452
-1587
-1685
-1772
-1842
-1924
-2039
-2111
-2122
-2085
-2026
-1993
-1975
-1945
-1877
-1787
-1715
-1667
-1638
-1568
-1442
-1331
-1251
-1194
-1150
-1110
-1065
-992
-914
-850
-787
-724
-674
-610
-539
-467
-391
-321
-275
-235
-199
-144
-75
-13
36
70
132
255
368
429
457
481
554
639
682
716
759
785
811
873
917
938
931
935
937
928
952
986
984
957
957
960
958
950
943
943
931
924
920
914
909
896
879
850
827
817
805
786
776
762
745
748
739
725
713
705
703
734
787
804
787
762
754
768
766
705
643
598
587
583
544
505
462
411
355
281
215
148
77
3
-79
-170
-268
-373
-477
-572
-683
-787
-896
-994
-1072
-1153
-1224
-1306
-1363
-1380
-1381
-1377
-1394
-1427
-1433
-1413
-1403
-1376
-1358
-1344
-1322
-1288
-1256
-1265
-1250
-1215
-1179
-1120
-1084
-1067
-1031
-983
-947
-901
-846
-772
-712
-642
-590
-530
-473
-416
-341
-292
-238
-176
-97
-28
31
94
152
215
275
319
351
401
464
524
568
594
609
651
685
700
727
756
772
793
798
795
811
805
802
792
784
766
773
778
761
750
745
746
722
728
734
728
723
726
740
751
752
755
745
724
716
698
684
711
704
685
676
631
594
562
532
491
447
421
395
382
353
311
259
231
221
191
136
75
22
-22
-41
-70
-131
-205
-266
-327
-372
-426
-513
-583
-661
-726
-791
-842
-877
-935
-990
-1055
-1105
-1137
-1147
-1166
-1196
-1241
-1250
-1225
-1193
-1194
-1231
-1249
-1245
-1208
-1167
-1147
-1133
-1141
-1120
-1071
-1031
-981
-956
-927
-881
-834
-772
-711
-676
-640
-595
-534
-449
-388
-348
-313
-267
-216
-156
-95
-56
-18
32
98
156
191
216
249
302
364
427
455
448
449
461
498
553
581
559
559
567
586
605
591
579
585
601
594
586
582
586
599
620
627
614
603
605
610
623
625
612
596
596
600
588
571
547
505
492
483
476
478
451
419
405
399
390
355
299
280
281
273
237
197
168
167
156
114
78
30
7
-8
-20
-69
-130
-181
-224
-249
-279
-337
-440
-479
-474
-478
-535
-640
-725
-744
-705
-692
-737
-824
-884
-884
-864
-857
-885
-945
-953
-919
-887
-869
-895
-929
-913
-847
-804
-784
-779
-793
-777
-725
-684
-670
-658
-651
-609
-560
-521
-513
-499
-480
-438
-379
-324
-284
-274
-257
-228
-199
-164
-115
-81
-53
-17
20
45
42
56
81
117
157
174
205
236
280
309
334
336
353
374
413
429
419
404
423
471
504
519
492
489
538
593
613
601
564
555
598
657
665
635
589
560
581
602
603
584
559
552
561
570
566
549
548
546
527
505
484
480
457
408
371
350
350
356
335
290
251
224
209
190
159
133
85
39
7
-6
-9
-34
-69
-109
-128
-134
-147
-174
-226
-278
-311
-323
-345
-381
-448
-498
-501
-485
-474
-502
-543
-572
-566
-536
-509
-497
-508
-527
-518
-482
-455
-458
-489
-511
-498
-455
-399
-385
-404
-427
-429
-394
-345
-320
-324
-349
-351
-318
-261
-235
-265
-293
-290
-250
-189
-168
-175
-186
-183
-154
-138
-127
-130
-125
-109
-93
-74
-65
-38
-41
-51
-48
-34
-25
0
27
24
21
26
39
86
119
105
87
100
146
198
213
191
170
215
252
291
298
295
318
359
412
447
453
417
391
372
402
429
443
435
413
395
391
383
388
392
353
332
337
361
397
387
347
309
321
325
305
266
232
220
222
236
222
207
181
168
162
167
141
113
96
77
95
95
71
43
30
-3
-18
-31
-42
-39
-35
-45
-53
-81
-130
-152
-137
-91
-82
-120
-181
-177
-149
-126
-136
-178
-188
-185
-187
-179
-167
-207
-216
-202
-188
-173
-151
-143
-168
-179
-193
-193
-176
-156
-163
-162
-162
-175
-193
-207
-214
-238
-259
-251
-232
-221
-213
-215
-253
-289
-247
-199
-192
-205
-187
-168
-132
-123
-158
-207
-181
-144
-119
-141
-137
-160
-138
-74
-33
-41
-74
-51
-30
-4
30
60
59
78
85
79
70
81
69
45
38
62
79
58
88
92
89
87
125
135
156
162
124
119
132
181
182
139
131
156
190
167
205
186
147
154
186
197
174
166
115
107
117
137
161
171
118
79
33
53
90
159
156
112
56
82
102
157
155
110
6
-18
48
102
106
111
98
61
43
93
154
149
109
80
41
45
93
107
59
-4
-10
-3
35
40
9
-53
-22
7
13
-34
-72
-106
-77
-31
-16
-59
-130
-124
-107
-47
-19
-19
-76
-84
-108
-100
-79
-59
-55
-79
-80
-115
-133
-156
-115
-75
-65
-74
-125
-169
-165
-31
5
31
-39
-119
-137
-132
-70
-73
-36
-97
-91
-103
-48
-53
-88
-108
-71
-88
-88
-23
8
-21
-39
-15
-3
8
-29
-33
-13
27
40
64
34
73
83
54
0
40
42
80
117
131
129
94
86
40
21
69
155
126
138
121
61
27
41
66
80
62
20
26
74
106
66
-12
-16
-13
3
21
80
73
17
-38
-43
-54
-10
55
62
69
54
12
-47
-53
-56
-84
-53
23
60
30
-20
-88
-128
-96
-84
-52
-76
-91
-75
-80
-147
-152
-125
-142
-145
-120
-77
-35
-23
-100
-159
-150
-118
-109
-61
-36
-101
-211
-230
-171
-60
-6
-66
-219
-245
-201
-131
-23
23
-70
-131
-145
-176
-179
-164
-162
-181
-126
-37
-28
-95
-142
-179
-225
-181
-102
-52
-59
-49
-15
-10
-12
-46
-74
-83
12
49
26
-17
1
12
-32
-30
45
106
110
135
33
-84
-45
53
110
124
101
52
21
30
74
143
163
152
130
108
94
89
86
110
165
171
149
117
126
102
67
43
74
123
142
139
27
-1
41
54
21
40
32
-10
-1
33
-6
-136
-158
-81
68
108
52
-14
-54
-149
-235
-195
-101
-28
-35
-55
-90
-126
-162
-174
-161
-156
-116
-98
-39
-5
-101
-145
-92
-56
-76
-41
-1
-21
-95
-127
-131
-115
-121
-188
-253
-245
-192
-122
-67
-128
-224
-234
-271
-268
-191
-128
-130
-126
-136
-171
-125
-108
-153
-196
-161
-104
-73
-75
-83
-100
-88
-2
36
9
-49
-62
-97
-70
-34
-1
56
124
148
71
-24
-59
-47
48
150
203
160
133
165
191
194
209
176
104
95
43
54
200
309
302
273
225
127
83
121
209
208
161
126
227
337
337
233
147
94
114
150
231
254
199
174
214
264
186
61
20
8
-109
-204
-121
22
82
129
94
-61
-211
-219
-195
-172
-24
121
121
-2
-99
-95
-61
-72
-83
-55
-19
5
28
-7
-87
-69
-15
-56
-100
-27
-36
-152
-205
-146
-91
-88
-116
-152
-203
-254
-250
-205
-185
-203
-106
-35
-95
-184
-290
-355
-299
-155
2
47
3
-62
-141
-235
-311
-264
-133
-46
-97
-103
-61
-26
-49
-101
-182
-250
-257
-174
-65
11
128
129
-21
-133
-136
-175
-168
-39
78
131
150
116
22
-62
-80
-22
63
86
72
58
58
95
196
211
110
56
63
45
50
172
275
266
233
238
208
92
-17
-55
6
112
194
163
103
140
182
65
-54
-106
-179
-149
28
180
223
169
72
-36
-118
-123
-121
-57
5
