76
107
121
130
117
97
66
74
94
108
106
94
113
142
176
195
166
141
101
55
1
-18
-27
-13
59
122
155
137
108
44
8
26
49
41
30
0
-19
6
28
47
24
3
-1
-40
-41
-21
-7
38
87
118
129
138
150
156
116
45
-9
-14
12
74
152
162
108
55
-13
-66
-73
-89
-52
38
92
107
107
83
71
47
13
17
-8
-39
1
46
49
37
30
-16
-84
-78
-65
-73
-55
-23
-19
-8
39
51
41
84
71
7
-30
-14
58
103
162
230
269
217
92
47
42
-13
-12
77
124
150
190
242
276
255
208
117
87
115
87
91
211
300
285
263
219
131
37
50
136
172
165
155
169
213
225
235
247
262
254
159
81
75
119
160
179
239
263
254
243
220
222
199
189
193
184
227
220
189
164
103
54
31
35
30
44
70
98
140
198
211
197
207
229
289
381
438
411
350
331
371
356
332
296
274
287
350
390
350
311
257
191
113
146
174
120
118
110
102
82
94
77
22
-18
5
16
87
185
215
310
346
259
198
247
239
223
274
289
267
261
230
229
255
231
225
202
171
104
7
-5
-65
-19
10
70
132
63
12
-14
20
82
110
114
159
155
108
130
224
223
196
204
156
98
40
26
26
71
176
252
306
295
204
54
18
38
-18
33
123
169
210
220
228
259
293
237
193
192
222
235
227
280
332
386
357
327
274
113
9
9
134
299
494
611
620
539
432
322
297
355
364
374
360
373
315
294
285
204
89
-15
-43
-22
23
38
67
127
119
139
191
182
230
238
40
-75
-117
-189
-100
75
172
191
148
-101
-322
-335
-351
-360
-349
-360
-366
-240
-236
-343
-400
-515
-552
-563
-585
-541
-550
-622
-544
-516
-489
-553
-683
-755
-865
-884
-772
-683
-651
-658
-743
-819
-917
-953
-894
-906
-843
-915
-1057
-1106
-1171
-1226
-1222
-1124
-1062
-1103
-1163
-1280
-1341
-1407
-1401
-1370
-1274
-1091
-1192
-1320
-1305
-1294
-1287
-1295
-1334
-1360
-1406
-1368
-1391
-1362
-1209
-1284
-1302
-1291
-1370
-1415
-1425
-1316
-1342
-1348
-1273
-1306
-1313
-1375
-1420
-1545
-1523
-1411
-1401
-1350
-1243
-1265
-1290
-1341
-1367
-1217
-1338
-1221
-1072
-1189
-1125
-1206
-1257
-1109
-1064
-1141
-1236
-1259
-1319
-1344
-1132
-1086
-1012
-1140
-1165
-1144
-1304
-1067
-991
-1100
-1054
-1022
-958
-909
-1010
-908
-852
-779
-798
-936
-881
-861
-806
-749
-792
-825
-834
-751
-720
-854
-922
-883
-945
-781
-610
-681
-738
-706
-717
-743
-806
-690
-567
-626
-619
-733
-712
-629
-548
-509
-588
-707
-789
-759
-488
-320
-349
-386
-429
-460
-506
-552
-479
-497
-516
-468
-388
-252
-324
-435
-411
-347
-337
-343
-150
-346
-245
-238
-559
-373
-327
-362
-428
-369
-151
-348
-326
-168
-271
-380
-319
-188
-242
-217
-245
-336
-230
-215
-347
-394
-346
-236
-175
-96
-101
-310
-462
-505
-337
-217
-93
43
-31
-179
-276
-368
-455
-394
-388
-378
-355
-386
-370
-153
-39
-79
-95
-232
-360
-334
-357
-224
-80
1
19
72
82
155
325
219
-13
-234
-296
-230
-15
98
234
323
319
296
231
139
72
99
-49
10
164
283
443
463
663
762
748
692
675
527
445
595
722
819
991
1250
1189
1161
1036
1022
945
993
1102
1028
1380
1403
1646
1773
1783
1687
1585
1857
1880
1932
1826
1602
1528
1678
1931
2315
2357
2348
2281
2060
2012
2174
1929
2080
2330
2559
2512
2598
2547
2379
2521
2562
2408
2344
2550
2594
2519
2412
2350
2447
2736
2829
2773
2743
2617
2558
2577
2634
2585
2666
2583
2616
2620
2730
2691
2758
2707
2329
2453
2317
2226
2409
2510
2411
2426
2631
2438
2199
2194
2102
2162
2340
2146
1844
1741
1828
1755
1915
1967
1921
1819
1746
1611
1357
1131
1091
1167
1118
1167
1131
948
757
783
766
729
652
484
278
-53
-125
-227
-263
-211
-441
-707
-798
-818
-861
-1082
-1241
-1323
-1509
-1539
-1394
-1361
-1462
-1596
-1810
-2038
-2156
-2419
-2633
-2798
-2908
-2958
-2977
-2924
-2939
-3094
-3190
-3182
-3349
-3814
-3785
-3887
-3936
-3664
-3581
-3420
-3384
-3484
-3898
-4225
-4276
-4134
-4180
-3966
-3867
-4088
-4218
-3895
-3627
-3673
-3675
-3761
-4031
-3999
-3892
-3533
-3102
-3076
-2997
-3092
-3005
-2648
-2307
-2312
-2369
-2382
-2775
-2683
-2389
-1962
-1739
-1647
-1431
-1243
-1154
-1016
-1157
-1117
-850
-453
166
221
290
370
630
1173
1342
1268
1391
1408
1377
1687
2275
2680
3139
3463
3299
3254
3237
3636
3900
4432
5119
5164
4911
5014
5239
5260
5552
5739
5584
5676
5984
6185
6534
6830
6773
6640
6616
6550
6597
6711
6732
6686
6496
6415
6514
6404
6302
6000
5813
5813
5638
5611
5588
5595
5529
5187
4626
4525
4332
4128
4361
4301
3948
3351
3134
2988
2687
2757
2802
2826
2693
2242
1728
1670
1474
1162
725
418
491
391
393
373
139
-154
-680
-1002
-1024
-1178
-1328
-1117
-1039
-1187
-1100
-1194
-1495
-2212
-2830
-3150
-3172
-3068
-2957
-2941
-2863
-3178
-3416
-3487
-3582
-3538
-4008
-4334
-4270
-4180
-4499
-4609
-4541
-4696
-4560
-4588
-4826
-4970
-5329
-5699
-5918
-6154
-6041
-6089
-5816
-5656
-5860
-6209
-6470
-6454
-6731
-6915
-6845
-6924
-6892
-6712
-6573
-6379
-6158
-6362
-6541
-6246
-6461
-6610
-6525
-6666
-6533
-6471
-6159
-5851
-5593
-5600
-5618
-5220
-5061
-5087
-4801
-4651
-4688
-4786
-4356
-3886
-3860
-3504
-3430
-3614
-3362
-2974
-3045
-3092
-2621
-2421
-2443
-2073
-2045
-2097
-1995
-1635
-1198
-850
-514
-577
-814
-869
-591
46
489
650
632
613
804
945
1288
1323
1385
1178
902
1111
990
1218
1793
2056
2013
2015
1960
1875
1939
2142
2314
2321
2428
2545
2702
2453
2299
2570
2818
2752
2591
2734
2841
2720
2750
2816
2936
3245
3322
3144
3004
2699
3036
3480
3286
3381
3241
3190
3184
3201
3271
3178
3242
3141
2998
3305
3581
3614
3623
3570
3619
3590
3600
3497
3180
2914
2834
3177
3281
3355
3371
3182
3060
3004
2772
2698
2672
2795
2933
2780
2639
2708
2708
2561
2831
2900
2644
2394
2209
2146
2204
2267
2183
2194
2630
2548
2335
2248
1914
1746
1511
1398
1324
1888
2534
2598
2465
2180
2169
2226
2043
1899
1787
1898
1983
2264
2478
2176
1881
1705
1513
1619
1724
1869
2106
2028
1887
1785
1527
1393
1492
1686
1819
2001
2144
1967
1970
2161
2030
1612
1309
1314
1243
1278
1396
1409
1445
1510
1558
1345
933
650
496
403
284
567
805
785
697
725
319
-123
14
-5
73
-222
-187
-142
-383
-294
185
-69
-189
53
-461
-849
-696
-787
-1003
-1170
-1321
-1023
-1154
-1398
-1444
-1542
-1606
-1086
-846
-1112
-1304
-1690
-2081
-2243
-1862
-1745
-1795
-1627
-1314
-1346
-1545
-1654
-1761
-1880
-1964
-1939
-2024
-2170
-2029
-1984
-1916
-1884
-1984
-2034
-1710
-1785
-2252
-2459
-2262
-1748
-1455
-1384
-1751
-1904
-1630
-1517
-1536
-1559
-1509
-1697
-1722
-1248
-1291
-1388
-1227
-1550
-1705
-1194
-716
-744
-955
-990
-962
-1126
-1007
-834
-749
-600
-876
-1244
-1220
-926
-946
-839
-789
-963
-1123
-1397
-1161
-1047
-1235
-1247
-1361
-1482
-1430
-1115
-1113
-1123
-1058
-1262
-1630
-2141
-2446
-2423
-2067
-1747
-1747
-2055
-2446
-2433
-2565
-2663
-2338
-1983
-2203
-2408
-2268
-2168
-2225
-2307
-2274
-2623
-2567
-2361
-2183
-1825
-1564
-1303
-1638
-1964
-1987
-1997
-1818
-1384
-1055
-1408
-1835
-1623
-1442
-1460
-1074
-916
-877
-959
-1163
-857
-701
-497
-184
-139
18
173
380
431
322
456
500
284
214
-102
-333
-193
83
466
649
453
504
741
648
640
359
446
447
436
558
834
789
1048
1132
669
116
-11
79
337
706
526
408
705
1061
1315
1301
1259
893
504
376
599
729
386
207
42
13
213
535
673
724
519
424
379
514
813
522
418
501
476
840
928
866
780
321
316
501
740
588
400
539
558
532
549
399
230
403
378
216
-61
9
-162
-212
-52
80
26
320
647
549
109
-171
-172
-384
-247
-174
-65
192
81
-273
-397
-174
-458
-535
-344
-635
-518
-494
-477
-289
-228
-215
-11
-353
-878
-1051
-939
-582
-142
-177
-782
-1035
-765
-623
-452
-348
-816
-819
-758
-776
-635
-422
-1055
-1533
-1462
-1023
-635
-560
-584
-773
-1027
-943
-1224
-1327
-1231
-977
-659
-546
-691
-534
-347
-684
-675
-991
-1385
-1129
-928
-922
-804
-506
-511
-458
0
-193
-391
-727
-1566
-1848
-1200
-588
-404
-483
-578
-743
-737
-590
-206
313
465
302
101
-146
-408
-127
312
344
509
557
373
439
201
208
217
450
1005
863
544
688
712
896
1192
1578
1804
1638
1845
1713
1294
1048
1069
1189
1306
2185
3252
3327
3434
3304
2488
2025
2123
2540
2523
2489
2737
2751
3063
3304
3474
3531
3470
3668
3433
2941
2726
2838
2910
3102
3813
3540
3278
2895
2202
2375
2663
2821
3032
2754
2313
1895
1651
1471
1648
1914
1804
1457
1121
1146
1083
1177
1031
197
-32
-4
9
100
314
523
105
30
-133
-1058
-1517
-1773
-1650
-1617
-1676
-1686
-1975
-2444
-2481
-2626
-2665
-2554
-2465
-2669
-3217
-3141
-3065
-3642
-4177
-4180
-4303
-4451
-4060
-3733
-3845
-4224
-4165
-4056
-4028
-4082
-3972
-4200
-4696
-4905
-4623
-4446
-4214
-3479
-3312
-3559
-3721
-3946
-4389
-4384
-4077
-3949
-3396
-2735
-3035
-3271
-3296
-3106
-2702
-2473
-2095
-2342
-2225
-1710
-1615
-1485
-1381
-1540
-1159
-662
-560
-612
-469
-583
-359
108
118
414
456
198
-30
99
975
1119
1272
1851
1515
1709
2240
1912
1813
1986
1766
1826
2327
1771
1947
2744
2861
2980
3244
2796
2648
2952
2723
2672
3222
3487
3710
3727
3707
4079
4354
4413
4500
4550
4478
4223
3912
3711
3705
3987
4311
4462
4746
4523
4044
4161
4250
4184
3524
3545
3700
3633
3841
4330
4375
4219
3830
3366
2964
2749
3051
3059
3024
3207
2916
2415
2772
2923
2609
2666
2364
1570
1028
1403
1535
1779
1833
1384
823
584
505
571
974
1009
1152
1315
749
250
276
-74
-190
161
183
-564
-836
-697
-744
-556
-433
-478
-458
-621
-1272
-1678
-1082
-596
-1121
-1539
-1828
-2149
-1890
-1477
-1529
-1258
-1133
-1188
-1659
-1850
-2092
-2077
-1508
-1327
-1424
-1420
-1377
-1985
-2472
-2311
-2162
-2194
-1857
-2215
-2856
-2817
-2765
-2645
-2316
-2114
-2707
-2938
-2749
-2817
-2910
-2937
-2720
-2375
-2380
-2673
-2722
-2776
-2548
-2161
-1896
-1938
-1997
-1633
-1453
-1354
-1789
-2464
-2682
-2772
-2516
-1570
-964
-1263
-1720
-2274
-2246
-1594
-1104
-864
-1074
-1475
-1257
-1140
-710
-165
-397
-725
-890
-1188
-1089
-150
245
15
35
-175
-489
-377
-285
29
125
55
76
84
520
749
1178
1261
379
69
576
884
1006
959
1034
1416
1565
1820
1571
810
354
424
652
563
951
1194
1144
1366
1333
940
478
654
478
191
362
652
771
725
835
900
1250
1143
1275
1133
563
299
540
398
144
826
1224
1638
1715
1550
1066
828
807
215
678
1734
1745
1846
2367
2406
1943
1915
2126
1680
1660
2203
2433
2171
2514
2485
1925
2481
2670
2136
2316
2441
2120
1655
1941
2332
2214
2445
2330
2080
1986
2078
1966
1811
2057
1957
1541
1329
1520
1741
1463
1130
1263
979
842
936
1213
1175
1039
907
1005
853
636
611
418
266
155
110
85
145
331
341
24
265
77
-297
-413
-331
186
307
-99
-553
-814
-920
-504
78
78
-323
-20
-116
-415
-537
-1057
-1625
-1670
-862
-431
-83
239
-124
-1050
-1154
-1104
-1073
-628
-615
-928
-1115
-892
-850
-1038
-559
16
173
163
-220
-496
-456
-542
-722
-1084
-808
-561
-275
-55
290
-39
-595
-801
-951
-811
-1263
-1288
-1081
-1014
-1249
-950
-899
-1161
-681
-518
-517
-597
-599
-936
-1393
-1004
-716
-441
-201
-360
-819
-1043
-722
-838
-985
-978
-1388
-1677
-1919
-2311
-2033
-1919
-2156
-2031
-1485
-1171
-1130
-1266
-1634
-2123
-2013
-1967
-1501
-1267
-1269
-1288
-1458
-1456
-2186
-2163
-1649
-1121
-1187
-1335
-1618
-1790
-1743
-2087
-2277
-1781
-1322
-1293
-1029
-1062
-1701
-1954
-1750
-1457
-1477
-1410
-1411
-1115
-751
-904
-1093
-1297
-1666
-2008
-1848
-1785
-1776
-1637
-1928
-2203
-1824
-1717
-2078
-2057
-2010
-2019
-1471
-1277
-1368
-1659
-1858
-1835
-1816
-1436
-877
-867
-907
-722
-1157
-1536
-1937
-1756
-2025
-1557
-1026
-1050
-1064
-551
-619
-958
-774
-978
-1529
-1751
-1486
-1556
-1292
-870
-796
-964
-729
-860
-1034
-959
-920
-1036
-803
-589
-809
-731
-456
-627
-655
-93
-30
-138
86
-9
-18
56
126
517
305
-24
238
505
703
856
1058
894
533
578
309
249
598
497
550
425
531
959
1423
1490
1473
1825
1729
1453
1679
1382
851
691
959
1599
1838
2220
2444
2443
2567
2372
2426
2336
1889
1506
1283
1981
2374
2791
3077
2610
2201
1914
1371
1076
1147
1453
1560
1887
2080
1727
1742
1985
2143
2039
1752
1526
1153
1198
1608
1737
1729
1438
1186
787
966
1348
1556
1944
1485
876
747
883
1153
1176
1523
1733
1465
1385
1261
1291
1388
1649
1342
867
730
711
1127
1357
1512
1820
1742
1522
1086
627
900
1186
1006
776
1026
950
1226
1728
1707
1501
1542
1445
1640
1623
1293
1273
983
592
463
494
804
1086
1286
1126
249
-185
-275
-370
-344
17
-81
-196
-69
-272
-309
-212
-26
-42
-255
-317
-542
-391
-334
-573
-616
-919
-849
-331
-612
-782
-541
-538
-1061
-1476
-1363
-1530
-1546
-1422
-1449
-1137
-1047
-1992
-2572
-2774
-2443
-1962
-1448
-1708
-2204
-2434
-2539
-2302
-1878
-2275
-2743
-2483
-2316
-2702
-2929
-2703
-2578
-2559
-2567
-2955
-3416
-3562
-3305
-2505
-2367
-3291
-3988
-3952
-3730
-3173
-2805
-2712
-2491
-2444
-3030
-3364
-3403
-3427
-3184
-2766
-2464
-2756
-2934
-2710
-2246
-2035
-2574
-3153
-3589
-3847
-3518
-3217
-3051
-2656
-2198
-2173
-2320
-2509
-3049
-2897
-2600
-2974
-3001
-2899
-2744
-2406
-1999
-2158
-2342
-2435
-2329
-2362
-2842
-2956
-2806
-2614
-2419
-2451
-2656
-2383
-2325
-2475
-2655
-2966
-3092
-2766
-2488
-2450
-2341
-2446
-2671
-2653
-2156
-1957
-2069
-2207
-2085
-2031
-2358
-2660
-2496
-2549
-2298
-2258
-2716
-2629
-2206
-2495
-2650
-2537
-2886
-3099
-2748
-2635
-2781
-2326
-1988
-1495
-1336
-1659
-2288
-2419
-2523
-2702
-2516
-2472
-2324
-1788
-1713
-2003
-2479
-2573
-2306
-2137
-1478
-1703
-1733
-1794
-1994
-1951
-2091
-2210
-2156
-1756
-1827
-1827
-1379
-1763
-2371
-2351
-2286
-2031
-1436
-1258
-1544
-1785
-1590
-1759
-1767
-1375
-1778
-2190
-2240
-2467
-2276
-1883
-1736
-1400
-1213
-1366
-1556
-1279
-1341
-1798
-1636
-1720
-1781
-1336
-1495
-1844
-2140
-2294
-1994
-1244
-755
-1043
-1416
-1810
-1952
-1656
-1557
-1484
-1349
-1281
-1011
-727
-316
20
162
-170
-53
-50
-448
-242
94
-165
-269
75
-18
-131
222
461
581
705
478
328
-2
517
1056
1429
1493
1350
1357
989
1221
1577
1575
1857
1881
1523
1593
1535
1556
1473
1750
2101
2568
2933
2905
3361
3618
3660
3672
3734
3780
3757
3666
3377
3407
3590
3591
3702
3972
3884
4093
4481
4487
4288
4315
4008
3934
4241
4684
5018
5416
5767
5676
5851
5594
5510
5625
5258
5208
5529
5563
5666
5737
6017
6280
6380
6375
6252
6122
5794
5732
5790
5641
5579
5727
6001
6210
6565
6519
6111
5907
5694
5337
5264
5096
4831
4766
4570
4559
4353
4474
4151
4129
4033
3575
3577
3519
3404
3245
2882
2489
2254
1981
1891
1769
1829
1547
1398
1352
1073
923
861
653
177
-117
-365
-476
-457
-657
-1025
-1237
-1619
-1986
-2066
-2094
-2229
-2420
-2704
-3127
-3380
-3427
-3640
-3608
-3387
-3566
-3764
-3751
-3810
-3937
-4147
-4020
-3819
-3688
-3670
-3664
-3550
-3298
-3066
-3016
-2827
-2583
-2523
-2640
-2691
-2687
-2510
-2217
-1583
-1338
-1375
-1101
-789
-604
-347
-24
-83
-94
171
362
779
1288
1534
1565
1655
1895
2142
2519
2837
2827
2802
3114
3536
4138
4552
4746
4750
4750
5025
4930
5009
5395
5637
5792
6026
6196
6080
5948
6076
6265
6491
6842
7129
7259
7404
7710
7935
8144
8432
8544
8559
8740
9071
9166
9256
9623
9986
10123
10067
10052
10076
10141
10194
10408
10626
10704
10819
10859
10783
10908
11039
11003
10917
10668
10390
10275
10292
10414
10522
10617
10378
10115
10002
9929
9894
9786
9737
9475
9256
9184
8940
8822
8659
8356
8039
7647
7363
7144
6892
6587
6287
5942
5545
5190
4780
4433
4123
3810
3568
3323
2925
2408
1875
1370
981
528
110
-381
-796
-1129
-1460
-1873
-2371
-2836
-3217
-3602
-3838
-3954
-4247
-4635
-4960
-5364
-5769
-6026
-6224
-6272
-6419
-6687
-7090
-7214
-7331
-7398
-7443
-7472
-7706
-8044
-8252
-8435
-8465
-8459
-8320
-8357
-8518
-8821
-8946
-9095
-9002
-8863
-8933
-9135
-9265
-9336
-9520
-9485
-9461
-9335
-9103
-8723
-8496
-8323
-8364
-8332
-8271
-8215
-8211
-8164
-8092
-7951
-7636
-7410
-7072
-6926
-6862
-6922
-7021
-6899
-6765
-6801
-6649
-6378
-6219
-6016
-5764
-5531
-5310
-5074
-4774
-4547
-4530
-4588
-4666
-4766
-4595
-4164
-3894
-3904
-3795
-3640
-3594
-3469
-3310
-3231
-3186
-3049
-2896
-2776
-2633
-2435
-2215
-2068
-1886
-1674
-1502
-1242
-1004
-847
-711
-536
-381
-192
12
177
287
343
436
499
544
495
479
548
623
702
802
943
1089
1222
1356
1504
1607
1592
1518
1441
1292
1184
1067
1056
1104
1115
1136
1142
1088
969
808
572
437
241
172
11
-99
-189
-269
-293
-357
-295
-397
-451
-553
-602
-778
-899
-939
-902
-820
-724
-649
-712
-742
-842
-925
-1047
-1140
-1233
-1274
-1380
-1501
-1565
-1646
-1772
-1833
-1889
-1950
-2048
-2046
-2020
-1964
-1980
-2085
-2177
-2271
-2222
-2194
-2119
-2063
-1966
-1938
-1877
-1835
-1862
-1890
-1919
-1880
-1871
-1784
-1736
-1665
-1673
-1656
-1635
-1742
-1695
-1577
-1471
-1473
-1404
-1379
-1360
-1260
-1167
-1052
-908
-726
-585
-458
-372
-239
-148
-91
-28
81
218
390
537
713
857
983
1170
1375
1564
1598
1604
1485
1456
1499
1674
1819
1965
2263
2444
2720
3024
3317
3459
3599
3706
3806
3879
3942
3969
4001
4103
4185
4290
4297
4351
4343
4345
4312
4434
4470
4490
4525
4526
4556
4580
4659
4626
4624
4558
4573
4501
4473
4407
4362
4208
4067
3916
3773
3677
3524
3342
3066
2844
2630
2536
2384
2268
2084
1872
1648
1535
1459
1362
1220
1083
938
795
666
586
481
377
232
75
-50
-136
-182
-293
-390
-466
-427
-453
-404
-442
-393
-453
-506
-638
-718
-833
-953
-1038
-1148
-1141
-1108
-878
-772
-554
-467
-353
-308
-192
-48
46
66
-34
-57
-130
-31
30
20
-151
-308
-503
-709
-792
-723
-563
-484
-383
-436
-564
-723
-788
-973
-1060
-1128
-1223
-1444
-1695
-1814
-1784
-1704
-1790
-1860
-2072
-2413
-2841
-3173
-3540
-4110
-4956
-5870
-6664
-7247
-7516
-7518
-7420
-7266
-7030
-6801
-6466
-5946
-5371
-4970
-4617
-4247
-3881
-3522
-3115
-2719
-2525
-2493
-2584
-2792
-3053
-3352
-3714
-4194
-4654
-5000
-5186
-5238
-5142
-4880
-4647
-4439
-4114
-3649
-3313
-3168
-3087
-3002
-2863
-2636
-2283
-1957
-1676
-1379
-1113
-840
-513
-147
82
184
304
550
782
1060
1422
1697
1824
1979
2172
2273
2376
2465
2543
2615
2775
3022
3331
3719
4116
4462
4769
5034
5211
5305
5325
5194
5030
4906
4991
5130
5258
5368
5337
5284
5211
5197
5040
4792
4482
4137
3958
4021
4499
4830
5095
5056
5118
5171
5065
4455
3161
1584
-455
-2597
-4871
-6451
-7399
-7390
-7261
-6860
-6094
-5153
-4165
-3269
-2302
-1623
-992
-659
-253
194
902
1474
1873
2024
1969
1561
694
-400
-1596
-2913
-4297
-5423
-6187
-6476
-6363
-5891
-5233
-4472
-3732
-3055
-2490
-1953
-1472
-1129
-866
-575
-187
116
277
314
177
-203
-754
-1415
-2173
-2814
-3314
-3620
-3673
-3413
-2958
-2349
-1749
-1218
-665
-175
163
391
604
714
818
1000
1176
1331
1389
1355
1166
943
738
536
367
255
363
517
868
1327
1882
2248
2522
2719
2873
3021
3127
3369
3600
3961
4314
4635
4810
4848
4872
4765
4584
4505
4464
4331
4292
4338
4283
4261
4394
4407
4435
4563
4459
4284
4318
4644
4938
5170
4910
3955
2803
1463
-62
-1625
-2955
-4501
-5830
-6510
-6338
-5856
-5006
-3918
-2996
-2176
-1442
-601
14
728
1228
1481
1518
1788
2032
2023
1713
1066
6
-1446
-2844
-4014
-4952
-5687
-6046
-6071
-5780
-5120
-4161
-3150
-2262
-1516
-963
-664
-413
-118
174
303
358
297
55
-344
-869
-1512
-2251
-3021
-3713
-4217
-4489
-4391
-4026
-3456
-2791
-2119
-1536
-1110
-771
-501
-327
-298
-295
-252
-255
-325
-360
-474
-625
-820
-995
-1271
-1440
-1492
-1468
-1321
-1023
-642
-209
167
351
364
174
-23
-41
50
206
453
762
954
1159
1558
1828
2107
2213
2205
1911
1782
1558
1487
1460
1505
1526
1582
1587
1576
1906
2161
2470
2522
2686
2575
2703
2684
2355
1569
645
-485
-2147
-3782
-5432
-7121
-8488
-8733
-8315
-7470
-6244
-4878
-3884
-2919
-1898
-1052
-344
303
651
731
755
918
1091
978
386
-743
-2288
-4104
-5622
-6617
-7177
-7386
-7167
-6596
-5674
-4425
-3002
-1711
-740
-112
178
312
402
587
735
704
472
98
-511
-1260
-2074
-2928
-3798
-4542
-4967
-4999
-4560
-3722
-2668
-1605
-718
-57
375
611
731
738
659
522
476
491
564
592
517
283
5
-360
-614
-743
-678
-391
-38
490
1045
1540
1884
2092
1976
1757
1533
1394
1302
1376
1498
1629
2023
2380
2704
3000
3245
3375
3503
3551
3532
3622
3805
3770
3599
3305
2948
2706
2753
3013
3255
3543
3817
4089
4156
4361
4563
4433
3962
3263
2125
714
-758
-2340
-4114
-6015
-7271
-7462
-6756
-5630
-4170
-2785
-1820
-939
51
929
1821
2675
3037
2949
2890
2960
2857
2432
1567
80
-1918
-3947
-5381
-6008
-5992
-5572
-4899
-3984
-2847
-1450
-29
1143
1906
2327
2442
2403
2471
2667
2723
2446
1905
1094
143
-793
-1660
-2464
-3088
-3380
-3230
-2631
-1613
-395
694
1515
2015
2191
2149
2013
1884
1776
1697
1605
1544
1522
1460
1365
1167
823
429
219
267
592
1121
1648
2079
2410
2582
2528
2485
2308
2013
1763
1562
1473
1642
2033
2370
2806
3253
3580
3753
3850
3809
3848
4081
4190
4299
4201
4105
4125
4158
3982
3670
3468
3197
3231
3577
3999
4295
4446
4752
5194
5652
5449
4641
3602
2707
1851
1396
1095
-221
-2067
-4487
-7213
-8784
-7960
-6146
-4646
-2989
-1833
-1401
-656
684
1685
2318
2578
2025
1073
673
978
1014
519
-691
-2587
-4933
-6823
-7623
-7607
-7011
-6106
-5168
-4217
-2746
-1057
298
1162
1396
1065
600
449
490
643
578
-37
-1082
-2157
-3113
-3916
-4397
-4712
-4869
-4756
-4132
-3066
-1789
-529
363
655
405
122
-195
-553
-756
-859
-1060
-1197
-1114
-1102
-1125
-1219
-1357
-1568
-1610
-1349
-773
-140
341
745
798
696
511
320
-152
-587
-870
-1008
-882
-462
105
575
987
1169
1205
1141
1231
1286
1402
1649
1924
2234
2542
2679
2576
2302
1992
1886
1754
1836
2184
2470
2184
2193
2377
2627
3507
4179
4322
4211
4275
3507
2890
2863
2514
1891
1227
314
-1615
-3291
-5400
-8034
-9492
-8663
-6719
-4876
-2638
-1217
-662
-275
529
986
1367
1813
1546
782
428
803
655
18
-1259
-3237
-5752
-7541
-7951
-7431
-6084
-4504
-3224
-2278
-1016
207
1047
1453
1389
921
445
362
518
735
537
-292
-1575
-2923
-3985
-4533
-4624
-4441
-3942
-3174
-2207
-1033
160
973
1258
1139
711
291
51
-68
-232
-453
-742
-1030
-1180
-1307
-1246
-1169
-1125
-916
-461
98
703
1152
1246
1008
612
175
-223
-484
-510
-444
-298
1
399
742
936
1050
1030
1001
1257
1633
1874
2103
2250
2324
2279
2420
2332
2086
1893
1785
1830
2032
2739
3426
3901
4150
4077
3665
3569
3637
3638
3771
4102
4558
4884
5105
4550
3643
2713
1640
895
250
-402
-1746
-3544
-5670
-7785
-8263
-6860
-4535
-2547
-853
-184
-195
64
788
1418
1840
2146
1581
813
472
581
175
-765
-2275
-4374
-6425
-7457
-6996
-5756
-4089
-2556
-1529
-915
-138
687
1193
1442
1364
946
579
700
927
845
222
-1007
-2564
-3816
-4409
-4408
-3865
-3118
-2369
-1616
-777
-22
454
622
497
228
81
183
320
342
114
-422
-1141
-1722
-2008
-1985
-1748
-1412
-935
-418
131
792
1237
1276
1079
745
351
145
194
160
-14
-137
-293
-329
-229
12
235
496
863
1227
1741
2204
2475
2567
2402
2087
1802
1703
1561
1535
1742
1916
2154
2475
3016
3251
3351
3483
3587
3376
3315
3616
3507
3751
4183
4446
4352
4499
4740
4676
4437
3825
3326
2418
1379
543
-303
-1703
-3155
-5170
-7750
-8401
-6725
-4144
-2249
-354
246
-235
-407
85
902
1646
2409
2037
1106
568
580
-173
-1320
-2631
-4474
-6519
-7356
-6531
-5160
-3362
-1874
-1195
-1052
-530
102
596
1136
1477
1334
986
947
838
351
-648
-2061
-3621
-4696
-4880
-4407
-3533
-2579
-1815
-1476
-1202
-739
-243
166
407
507
563
789
890
700
102
-816
-1808
-2559
-2776
-2369
-1633
-962
-394
62
463
772
930
829
534
313
238
335
540
580
391
-37
-470
-691
-542
-194
97
646
1161
1536
1925
2244
2254
2049
1911
1904
2014
2309
2510
2523
2412
2255
2392
2450
2562
2646
2652
2608
2798
3413
3984
4197
4104
3913
3461
3400
4026
4556
4095
3974
4089
4065
3944
3794
3066
1640
900
67
-796
-2088
-3367
-6041
-8543
-8295
-5904
-3463
-1573
-199
-987
-1927
-1725
-650
261
1861
2640
1662
736
662
304
-979
-2030
-3758
-5911
-7124
-6580
-5508
-4055
-2575
-2193
-2607
-2502
-1670
-918
170
1171
1549
1359
1250
875
202
-652
-1822
-3200
-4156
-4222
-3880
-3309
-2859
-2692
-2778
-2601
-2115
-1381
-447
442
730
850
952
736
385
-137
-1085
-2101
-2341
-2332
-1995
-1400
-926
-885
-795
-504
-295
16
321
348
271
432
582
514
346
16
-445
-746
-755
-463
-29
444
650
713
730
825
1070
1373
1728
2037
2258
2255
2179
2138
1936
1787
1851
2046
2239
2532
2729
2602
2648
2938
3046
3033
3287
3500
3516
3707
3902
3581
3668
4179
4466
4311
4441
4585
4359
3947
2995
2262
1180
538
-53
-518
-1945
-3816
-6372
-8695
-8352
-5741
-2995
-1416
-233
-798
-1812
-1889
-637
546
2004
2828
2186
1178
744
160
-1099
-2083
-3388
-4997
-5966
-5454
-4619
-3646
-2834
-2733
-3175
-2966
-2019
-949
295
1315
1629
1352
1098
647
49
-531
-1141
-1874
-2274
-2321
-2340
-2461
-2671
-2922
-3005
-2586
-1833
-845
141
857
1226
1395
1335
706
-166
-893
-1233
-1078
-565
-259
-569
-1019
-1581
-1982
-1824
-1008
-279
259
761
1053
1053
1008
886
335
94
52
168
206
602
531
30
-233
-258
82
668
1626
1781
1831
1866
1969
2001
2286
2611
2509
2505
2578
2643
2390
2373
2331
2164
2158
2333
2501
2880
3529
3900
4293
4201
3453
2925
3207
3492
4268
5525
5273
4594
4495
4113
2410
1901
1746
986
835
1591
1050
-660
-1943
-4704
-8347
-9278
-6641
-3988
-1448
283
-488
-2798
-3453
-2908
-1878
525
2884
3016
2141
1824
892
-574
-1486
-2135
-3279
-3714
-3493
-3352
-3352
-3293
-3954
-4947
-4930
-3834
-2356
-758
691
1160
905
558
284
59
249
508
460
163
-231
-901
-1818
-2581
-3201
-3484
-3190
-2540
-1940
-1420
-1062
-1003
-919
-550
-118
366
746
931
864
752
553
258
15
-297
-430
-557
-495
-344
-181
-342
-508
-597
-547
-95
520
969
940
777
467
239
119
294
468
678
951
1017
991
974
962
839
1017
1438
1886
2232
2449
2450
2322
2151
2014
2192
2585
2849
3075
3363
3117
2743
2667
2907
3171
3489
3736
3800
4012
4027
3729
3253
3343
3482
3525
3841
4001
3576
3441
3200
2329
1457
1018
724
619
905
269
-1512
-4190
-6444
-7651
-6322
-3464
-1604
-1526
-2754
-4415
-5435
-4179
-1683
727
2060
2107
983
-72
-253
-231
-243
-232
-597
-1470
-2189
-2712
-3436
-4244
-4859
-5172
-4856
-3824
-2676
-2094
-1964
-2120
-2280
-1894
-863
218
936
1195
894
188
-495
-933
-1285
-1512
-1631
-1815
-2078
-2289
-2592
-2792
-2702
-2297
-1879
-1268
-858
-801
-694
-557
-493
-340
52
48
123
179
50
-286
-421
-485
-703
-576
-453
-502
-643
-433
-275
-250
-97
43
-85
-316
-122
-86
-106
241
523
534
679
1013
908
917
1312
1627
1747
1987
2301
2165
2289
2529
2371
2058
2178
2423
2322
2459
2465
2165
2167
2738
3128
3516
3903
3553
3360
3802
4153
4240
4246
3970
3717
4038
4056
3714
3394
2601
1348
897
1017
455
-265
-834
-1964
-3428
-4332
-5299
-5770
-4881
-3591
-3271
-3221
-3439
-4258
-4324
-2906
-1019
361
1311
999
-166
-810
-607
-175
431
886
187
-1121
-2229
-3012
-3537
-3447
-3175
-3277
-3386
-3484
-3715
-3868
-3590
-3185
-2624
-1753
-1004
-683
-582
-540
-596
-409
70
386
357
109
-394
-989
-1351
-1401
-1364
-1355
-1376
-1614
-2016
-2215
-2205
-2196
-1898
-1393
-1068
-904
-664
-368
-173
130
385
431
518
814
936
858
861
620
144
-34
93
82
-102
-472
-866
-1050
-688
-74
368
547
538
405
444
1001
1686
2292
2550
2463
2196
2056
2145
2305
2395
2434
2589
2591
2760
2990
2985
2634
2347
2421
2886
3696
4295
4206
3728
3446
3333
3440
3711
4024
4116
4126
3677
3133
2810
2849
3328
3511
3212
2432
1463
207
-259
-130
-159
-538
-1885
-4074
-5730
-5296
-4135
-3275
-2860
-3466
-4894
-5416
-4211
-2597
-976
103
-112
-906
-902
-256
344
1249
1782
1200
326
-159
-765
-1402
-1512
-1614
-2010
-2290
-2643
-3469
-4200
-4394
-4232
-3694
-2870
-2423
-2504
-2592
-2440
-2000
-1221
-383
17
23
-130
-310
-297
-59
113
54
-51
-374
-862
-1231
-1410
-1459
-1393
-1283
-1369
-1496
-1562
-1540
-1443
-1153
-740
-471
-228
-51
20
49
159
274
443
714
857
787
611
523
567
682
695
673
584
448
454
601
758
806
856
850
848
1064
1423
1551
1704
1984
2134
2304
2676
2958
3123
3495
3735
3806
3683
3517
3359
3440
3811
3959
3806
3201
2944
2897
2730
2389
2537
3052
3128
3085
2883
2447
1971
2130
2276
2271
1963
1058
188
-92
-124
-656
-1710
-3463
-4541
-4037
-2905
-2734
-3463
-4454
-5465
-5392
-4044
-2385
-1665
-1955
-2750
-3013
-2114
-802
142
523
407
-260
-632
-346
-58
-115
-233
-409
-861
-1311
-1780
-2386
-2885
-2924
-2747
-2684
-2842
-3338
-3925
-4067
-3499
-2764
-2253
-2063
-2189
-2381
-2202
-1563
-871
-385
-267
-372
-404
-285
-136
23
80
-33
-142
-258
-500
-723
-818
-827
-734
-631
-726
-954
-1067
-987
-683
-248
38
-16
-199
-132
110
477
888
978
708
489
525
678
1058
1358
1231
959
878
854
887
1282
1699
1745
1673
1713
1712
1741
2125
2510
2543
2474
2323
2180
2398
2786
2964
2981
2896
2749
2920
3448
3745
3581
3249
3077
3214
3840
3975
3471
2980
2646
2740
3188
3400
2810
1990
1141
574
848
1483
1172
-131
-996
-1289
-2033
-3013
-3283
-2985
-2806
-2891
-3490
-4524
-5144
-5071
-4317
-2913
-2044
-2661
-3534
-3452
-2800
-1690
-203
416
-197
-831
-925
-644
47
708
618
45
-514
-1109
-1509
-1536
-1513
-1697
-1936
-2342
-2912
-3341
-3561
-3490
-3045
-2625
-2683
-3007
-3261
-3295
-2903
-2112
-1473
-1250
-1298
-1554
-1574
-1021
-276
149
277
162
-191
-342
-18
438
703
740
427
-3
-153
-50
75
247
229
-79
-351
-456
-412
-312
-54
5
-101
-197
-124
-29
312
876
1090
1194
1305
1436
1530
1991
2426
2513
2375
2345
2486
2681
2912
2771
2525
2416
2487
2706
2938
3034
2915
2776
2759
3032
3466
3690
3540
3328
3071
3023
3308
3549
3484
3348
3108
2827
3081
3466
3356
2876
2446
2252
2152
1777
1563
1421
938
100
-621
-1610
-2844
-3138
-2557
-2265
-3117
-4476
-5655
-5943
-5200
-3869
-3017
-3446
-4472
-4791
-3872
-2544
-1417
-858
-881
-1173
-1135
-552
74
485
684
810
669
238
-274
-605
-687
-619
-517
-842
-1659
-2528
-2967
-2870
-2585
-2566
-3007
-3633
-4002
-3834
-3375
-2996
-2879
-2977
-3025
-2868
-2446
-1927
-1486
-1238
-1006
-691
-430
-214
50
431
740
965
1011
870
693
687
875
1081
1050
642
181
-68
-62
60
188
-31
-482
-635
-437
-181
149
273
127
143
457
788
1121
1549
1764
1933
2079
2236
2232
2504
2945
3148
3284
3371
3144
2826
3113
3515
3771
3754
3405
3016
2903
3073
3277
3475
3197
2934
2555
2659
2881
2876
3084
3191
2821
2421
2838
2931
2809
2879
2703
2240
1914
1773
1402
1210
873
43
-879
-1589
-2197
-2386
-2094
-2542
-3730
-4646
-4959
-4898
-4295
-3617
-3868
-4563
-4976
-4776
-4026
-2986
-2291
-2235
-2275
-2279
-1993
-1344
-595
-122
75
109
-69
-155
-70
129
240
174
-178
-773
-1278
-1506
-1497
-1569
-1884
-2450
-3014
-3335
-3351
-3217
-3221
-3345
-3541
-3713
-3675
-3263
-2813
-2491
-2257
-2062
-1833
-1455
-975
-580
-182
142
342
483
700
882
1090
1323
1386
1275
1077
931
867
860
832
681
449
226
68
-20
-26
-56
-227
-347
-221
-73
202
381
441
686
987
1286
1718
2076
1973
2272
2801
3056
3206
3314
3197
3324
3840
3899
3809
3761
3521
3185
3424
3757
3762
3486
2962
2618
2663
3080
3194
2948
2667
2324
2222
2538
2916
2588
2018
1664
1853
2172
2016
1312
829
467
307
534
201
-1334
-2473
-1952
-1321
-1621
-2576
-3641
-4471
-4403
-3553
-2891
-3159
-4320
-5236
-4833
-3702
-3146
-2929
-2821
-3078
-3193
-2410
-1538
-1326
-1101
-627
-397
-374
-265
-252
-261
0
236
86
-363
-875
-1174
-1091
-961
-1192
-1759
-2361
-2774
-2765
-2529
-2484
-2756
-3125
-3393
-3487
-3310
-2900
-2532
-2507
-2524
-2398
-2220
-1931
-1298
-712
-425
-237
-125
16
383
903
1246
1367
1257
1005
1007
1342
1590
1532
1299
901
584
537
713
798
620
402
184
92
264
303
239
321
458
516
715
1024
1224
1354
1557
1977
2285
2436
2663
2923
3294
3490
3778
3910
3895
3691
3852
3997
4010
4114
4006
3793
3593
3308
3057
3351
3328
2799
2666
2566
2217
2126
2368
2166
1766
1453
1146
1179
1295
1037
460
127
-89
-431
-770
-1350
-1951
-2034
-1674
-1887
-2868
-3820
-4323
-4070
-3329
-2866
-3338
-4361
-4939
-4566
-3516
-2714
-2548
-2858
-3150
-2960
-2204
-1407
-1112
-1048
-1002
-880
-665
-458
-387
-380
-282
-258
-394
-628
-882
-983
-880
-830
-1109
-1612
-2016
-2189
-2059
-1908
-2007
-2393
-2780
-3072
-3130
-2802
-2473
-2425
-2545
-2459
-2347
-2091
-1564
-1074
-820
-650
-433
-232
176
648
953
1121
1135
1056
1114
1412
1625
1628
1563
1358
1118
1110
1253
1211
976
786
620
532
543
592
587
530
467
557
768
997
1139
1268
1456
1743
2031
2386
2724
2785
2890
3235
3532
3601
3737
3673
3561
3824
4140
4173
3946
3614
3314
3565
3887
3600
3077
2772
2603
2582
3071
3134
2443
1879
1796
1640
1750
2006
1497
713
552
399
203
177
-540
-1804
-2205
-1916
-1918
-2109
-2830
-4105
-4710
-4222
-3750
-3566
-3651
-4384
-5049
-4697
-3839
-3299
-2990
-3012
-3286
-3188
-2684
-2159
-1618
-1185
-1150
-1160
-994
-888
-704
-257
-12
-166
-414
-614
-764
-707
-484
-545
-959
-1460
-1795
-1929
-1906
-1883
-2081
-2460
-2888
-3122
-3127
-2773
-2474
-2549
-2747
-2703
-2480
-2160
-1624
-1256
-1170
-1054
-735
-360
52
498
730
837
1012
1144
1209
1377
1603
1630
1581
1553
1405
1333
1431
1448
1244
1016
808
704
814
952
864
706
616
611
726
1005
1311
1343
1306
1502
1790
1979
2255
2696
2917
2988
3124
3364
3705
3839
3781
3898
4112
4094
4115
4294
4048
3620
3551
3536
3594
3356
2903
2428
2481
2496
2314
2275
2094
1498
1039
1194
1354
968
532
300
-31
-342
-714
-1230
-1902
-2101
-2068
-2097
-2534
-3514
-4338
-4443
-3927
-3478
-3436
-4035
-4882
-5042
-4399
-3589
-3147
-3146
-3498
-3705
-3262
-2458
-1859
-1596
-1588
-1641
-1534
-1205
-829
-563
-470
-504
-606
-683
-731
-701
-640
-659
-798
-1058
-1379
-1622
-1639
-1586
-1673
-1850
-2243
-2721
-2854
-2587
-2329
-2316
-2441
-2676
-2745
-2454
-1903
-1421
-1179
-1174
-1147
-799
-253
267
657
865
835
868
1149
1499
1700
1772
1748
1643
1563
1575
1641
1680
1643
1428
1207
1099
1091
1082
1134
1109
977
861
868
987
1240
1415
1439
1407
1540
1802
2233
2544
2739
2838
2890
3121
3458
3782
3875
3908
3836
3851
3985
4134
4101
3917
3747
3650
3488
3326
3300
3251
3009
2713
2577
2346
2190
2107
1873
1447
1175
1090
852
677
313
-240
-497
-677
-1428
-2163
-2006
-1906
-2522
-3022
-3419
-4041
-4307
-3899
-3624
-3861
-4305
-4791
-4770
-4181
-3682
-3497
-3392
-3476
-3648
-3242
-2477
-2066
-1905
-1689
-1549
-1491
-1239
-907
-720
-592
-495
-480
-528
-563
-573
-539
-533
-706
-989
-1254
-1410
-1470
-1522
-1627
-1813
-2161
-2559
-2728
-2629
-2452
-2353
-2408
-2584
-2724
-2539
-1985
-1457
-1238
-1259
-1218
-1002
-520
98
550
706
668
718
959
1384
1699
1828
1752
1658
1601
1638
1750
1785
1778
1636
1460
1272
1188
1122
1168
1183
1093
912
854
970
1120
1221
1331
1491
1584
1659
1892
2231
2602
2906
2939
2909
3052
3510
3855
3975
3968
3885
3704
3642
3769
3835
3912
3760
3430
3090
2819
2774
2765
2744
2487
2305
1997
1722
1713
1555
1377
1070
860
502
432
367
18
-350
-818
-1434
-1953
-1888
-1781
-2055
-2658
-3365
-4012
-4132
-3821
-3563
-3671
-4181
-4754
-4886
-4427
-3895
-3559
-3522
-3751
-3954
-3687
-2961
-2330
-2019
-1990
-2013
-1934
-1643
-1220
-792
-587
-621
-678
-655
-587
-493
-393
-358
-453
-646
-885
-1061
-1170
-1253
-1312
-1364
-1627
-2053
-2315
-2422
-2332
-2084
-1969
-2276
-2601
-2553
-2230
-1688
-1240
-1094
-1214
-1197
-879
-342
222
527
614
601
699
981
1359
1665
1760
1710
1628
1653
1729
1799
1796
1732
1684
1608
1521
1349
1278
1312
1295
1309
1415
1398
1213
1204
1404
1698
1957
2155
2182
2291
2488
2665
2747
2968
3294
3517
3527
3410
3309
3334
3536
3702
3715
3513
3187
2867
2789
2983
2954
2676
2530
2342
1971
1672
1853
1930
1730
1408
1040
618
344
535
757
633
41
-546
-911
-1334
-1737
-1686
-1450
-1739
-2547
-3244
-3718
-3993
-3933
-3590
-3452
-3899
-4576
-4949
-4788
-4260
-3719
-3434
-3535
-3812
-3900
-3593
-2940
-2260
-1922
-1997
-2102
-1996
-1720
-1307
-793
-434
-456
-683
-782
-628
-426
-261
-139
-235
-573
-941
-1047
-991
-1027
-1161
-1284
-1479
-1848
-2177
-2236
-2015
-1836
-1831
-1953
-2073
-2074
-1971
-1591
-1092
-759
-768
-869
-752
-362
148
594
893
954
900
971
1280
1714
2053
2091
1941
1794
1758
1859
2008
2061
1943
1682
1402
1310
1353
1405
1378
1407
1403
1278
1098
1174
1520
1812
1987
2025
2015
2059
2307
2629
2913
3144
3200
3140
3081
3174
3378
3636
3810
3755
3531
3125
2882
2917
3187
3217
2930
2589
2172
1861
1802
2017
2015
1693
1261
1016
855
689
506
393
344
-6
-433
-617
-510
-876
-1708
-2220
-2123
-1918
-2221
-2724
-3211
-3706
-4169
-4182
-3683
-3456
-3956
-4707
-4992
-4739
-4267
-3824
-3558
-3588
-3820
-3949
-3710
-3082
-2416
-2095
-2142
-2126
-1870
-1595
-1373
-1019
-639
-512
-583
-601
-480
-467
-518
-438
-290
-325
-561
-800
-1034
-1204
-1216
-1094
-1133
-1421
-1762
-1970
-1981
-1825
-1633
-1606
-1657
-1669
-1582
-1410
-1109
-738
-453
-255
-83
188
475
733
1002
1327
1602
1699
1736
1785
1847
1926
2044
2139
2141
2056
1887
1746
1691
1741
1728
1635
1602
1618
1571
1470
1465
1477
1526
1638
1843
2000
2030
1999
2000
2181
2476
2845
3031
3012
2882
2819
2994
3247
3522
3618
3442
3052
2768
2830
2957
3024
2913
2652
2337
2115
2010
1935
1824
1625
1478
1461
1405
1237
940
640
383
301
253
200
158
-104
-646
-1318
-1815
-2051
-2022
-1939
-2105
-2572
-3245
-3895
-4225
-4159
-3962
-3897
-4023
-4313
-4632
-4802
-4720
-4437
-4131
-3940
-3886
-3846
-3719
-3532
-3273
-2949
-2614
-2323
-2028
-1739
-1548
-1436
-1319
-1126
-822
-523
-342
-325
-397
-475
-493
-447
-373
-342
-436
-645
-812
-891
-979
-1068
-1096
-1170
-1279
-1321
-1292
-1236
-1197
-1162
-1112
-977
-782
-572
-395
-213
-28
149
398
661
877
1050
1212
1361
1509
1700
1848
1898
1905
1928
1956
2005
2043
1976
1864
1821
1829
1800
1741
1693
1666
1630
1647
1703
1780
1773
1745
1824
1954
2097
2208
2358
2481
2510
2482
2472
2517
2670
2874
2906
2777
2636
2584
2441
2275
2236
2277
2219
2012
1868
1732
1590
1366
1195
1159
1197
1178
1058
932
844
734
623
588
612
615
461
159
-89
-94
-39
-175
-403
-751
-1260
-1734
-1849
-1830
-2005
-2301
-2711
-3186
-3584
-3776
-3853
-3892
-3967
-4134
-4310
-4403
-4397
-4319
-4181
-4110
-4027
-3794
-3445
-3189
-3025
-2838
-2657
-2473
-2161
-1740
-1381
-1125
-987
-913
-800
-579
-370
-266
-221
-153
-99
-138
-219
-293
-314
-403
-560
-643
-617
-609
-728
-877
-1001
-1032
-983
-868
-740
-611
-489
-427
-379
-268
-37
186
357
557
803
1007
1118
1203
1297
1410
1540
1688
1879
2019
2048
1910
1769
1725
1784
1865
1886
1889
1768
1647
1523
1407
1419
1468
1482
1461
1504
1524
1522
1549
1545
1519
1628
1753
1800
1823
1874
1887
1846
1855
2008
2100
1963
1863
1854
1924
1902
1803
1645
1476
1381
1304
1234
1190
1110
949
762
674
618
574
506
437
377
318
286
243
224
244
251
134
-72
-254
-308
-290
-280
-378
-658
-1075
-1525
-1820
-1931
-1992
-2141
-2411
-2710
-2988
-3261
-3474
-3621
-3740
-3813
-3811
-3738
-3624
-3515
-3488
-3542
-3547
-3373
-3041
-2672
-2358
-2097
-1888
-1709
-1522
-1274
-966
-699
-452
-213
-17
131
274
350
312
271
262
293
368
400
327
153
-81
-236
-265
-287
-307
-347
-386
-412
-414
-383
-390
-373
-363
-272
-78
153
390
507
512
547
652
804
1062
1329
1438
1508
1582
1542
1569
1639
1603
1642
1782
1819
1746
1672
1526
1355
1299
1320
1299
1226
1235
1369
1368
1274
1150
965
769
888
1116
1170
1369
1392
1181
1146
1199
1005
931
1093
1217
1352
1393
1232
1051
986
921
909
994
1079
1033
853
687
623
639
606
559
476
423
387
319
225
66
-43
-116
-107
-53
-9
-30
-137
-293
-417
-423
-392
-331
-369
-477
-586
-686
-776
-914
-1090
-1262
-1404
-1536
-1661
-1790
-1931
-2140
-2407
-2608
-2703
-2730
-2751
-2777
-2837
-2909
-2928
-2880
-2774
-2638
-2501
-2353
-2191
-2016
-1776
-1556
-1374
-1201
-1041
-838
-610
-429
-271
-119
-30
56
147
245
294
279
218
182
199
238
266
262
202
108
38
-3
-66
-45
14
89
186
197
234
227
133
169
382
569
713
962
1047
848
710
762
920
1160
1346
1431
1376
1363
1341
1280
1216
1210
1285
1393
1530
1532
1357
1050
789
750
966
1145
1216
1194
945
681
695
773
635
624
731
815
932
1019
873
775
735
743
829
810
946
1073
1144
1063
997
783
563
554
586
585
594
493
295
269
192
-61
-149
-169
-215
-135
-36
-92
-202
-262
-368
-429
-308
-256
-345
-448
-516
-441
-289
-235
-358
-480
-519
-584
-636
-681
-681
-635
-608
-626
-643
-662
-780
-917
-1032
-1061
-1021
-986
-1000
-947
-897
-1024
-1179
-1306
-1367
-1347
-1264
-1173
-1080
-1001
-993
-1027
-1081
-1044
-953
-873
-837
-764
-620
-483
-347
-251
-235
-362
-525
-550
-336
-40
182
308
163
-52
-116
-55
-2
138
288
413
493
484
376
320
248
132
182
417
617
797
855
602
406
394
458
620
802
805
808
813
935
1068
960
523
568
670
596
718
820
915
893
876
622
230
218
404
581
834
938
894
530
512
508
433
511
320
268
637
881
819
760
813
543
78
53
331
802
1070
868
389
190
274
203
32
200
469
341
89
30
-75
-241
-198
-129
-167
-170
-159
-407
-554
-317
-185
-292
-248
-157
-334
-478
-442
-362
-167
41
-47
-222
-174
-178
-264
-300
-329
-208
-102
-115
-123
-149
-190
-292
-282
-244
-168
-66
-134
-149
-107
-50
-31
-72
-61
16
11
-25
83
101
23
-114
-183
-277
-254
-102
-119
-284
-439
-492
-556
-574
-563
-560
-613
-753
-846
-799
-680
-655
-809
-930
-850
-701
-656
-672
-701
-678
-678
-634
-448
-405
-377
-220
-378
-607
-658
-533
-317
-146
110
176
93
-189
-453
-401
-331
-75
253
266
370
250
-209
-565
-528
-272
81
300
328
292
82
-34
-123
-30
184
-27
-300
51
292
151
90
208
253
125
37
-180
-118
166
478
895
1124
874
309
35
-31
232
611
752
821
713
499
329
320
316
66
63
150
-3
116
328
397
230
-79
-233
-180
-116
-173
-13
280
264
246
347
349
284
57
-98
-59
53
149
308
574
778
515
228
33
-229
-204
-8
203
476
616
639
563
259
-70
-297
-365
-175
56
188
393
399
-36
-153
-60
-281
-609
-612
-444
-378
-85
259
232
-89
-451
-771
-922
-767
-398
-66
35
-98
-355
-587
-908
-1076
-884
-689
-610
-524
-537
-796
-906
-1005
-1146
-1091
-894
-894
-1004
-909
-795
-792
-909
-1053
-1089
-954
-949
-1002
-965
-819
-778
-862
-816
-675
-738
-911
-816
-858
-920
-644
-473
-495
-361
-316
-525
-495
-390
-388
-400
-530
-389
26
78
55
48
-168
-200
-41
56
-97
24
252
204
366
709
568
297
285
216
89
185
488
540
743
884
681
401
197
213
175
217
344
708
1010
865
774
574
153
118
548
808
692
734
940
1059
829
504
539
452
315
642
859
753
754
673
600
634
576
511
486
636
438
232
318
445
641
807
726
340
159
57
86
350
524
538
356
320
155
-141
-167
-66
-34
90
374
364
-36
-403
-505
-441
-260
10
135
97
-79
-391
-515
-632
-780
-735
-475
-180
-114
-270
-622
-997
-1080
-968
-914
-861
-714
-475
-457
-675
-921
-1135
-1196
-856
-671
-672
-517
-532
-772
-957
-719
-379
-367
-606
-621
-704
-886
-888
-589
-219
-280
-430
-563
-588
-802
-1022
-795
-499
-363
-225
-118
-199
-454
-636
-817
-726
-330
-56
224
343
88
-280
-587
-647
-247
241
612
777
448
-11
-150
104
377
515
694
615
499
625
668
507
449
448
307
456
690
673
426
500
579
556
646
702
805
712
624
656
690
856
1000
970
900
813
708
787
851
693
641
700
854
1076
1136
957
694
446
286
476
691
978
1087
910
785
509
353
298
263
222
201
293
575
768
571
198
-130
-229
-170
-84
335
675
410
147
76
17
99
-36
-327
-325
-330
-259
-84
-235
-291
-439
-651
-592
-341
-189
-473
-612
-393
-135
-109
-271
-369
-587
-709
-512
-292
-147
-34
-360
-827
-968
-784
-500
-506
-508
-394
-321
-267
-188
-399
-606
-647
-696
-694
-362
-26
38
-185
-441
-529
-481
-602
-989
-909
-317
51
406
597
203
-389
-933
-931
-537
282
666
614
609
452
34
-402
-640
-617
-74
675
1234
1272
782
-271
-1206
-1115
-354
608
1261
1307
781
-23
-509
-476
-228
87
532
884
1015
821
500
344
228
-35
-135
157
451
690
903
940
691
360
161
-40
-96
108
561
729
586
551
424
358
327
251
177
101
-61
-153
75
548
842
788
364
10
-401
-787
-641
-34
618
1107
794
225
-102
-402
-570
-434
-35
163
80
196
433
431
275
-376
-771
-519
-145
295
519
376
224
24
-328
-470
-352
-94
5
-64
-82
-39
108
-14
-95
9
156
369
514
381
165
24
-82
252
556
741
591
105
-1
299
535
452
281
298
246
213
236
451
892
892
581
382
235
258
354
547
976
1188
988
789
745
784
812
837
1007
1018
1144
1222
985
848
832
761
703
812
1019
900
479
425
811
1105
1072
1000
1011
896
758
695
855
1351
1401
1157
946
745
645
707
886
884
877
852
780
848
928
777
406
253
616
1115
1254
1070
760
448
349
471
599
773
952
831
831
907
904
886
912
771
516
571
771
1020
1092
1078
1121
743
503
474
376
259
318
675
970
1161
1163
600
-44
-238
-120
247
796
1095
1018
850
590
172
-71
-25
19
178
519
776
602
302
-43
-760
-1015
-717
-130
407
350
58
-529
-1111
-1209
-1231
-1080
-414
-16
-15
-41
-221
-980
-1790
-1969
-1552
-673
140
428
59
-645
-1352
-1887
-2024
-1627
-1033
-423
-203
-463
-835
-1221
-1686
-2006
-1790
-1347
-938
-668
-542
-627
-874
-1277
-1455
-1235
-1054
-925
-814
-694
-431
-286
-547
-1073
-1380
-1284
-1147
-846
-517
-513
-661
-960
-1249
-1309
-1266
-1124
-1033
-972
-968
-951
-919
-1107
-1431
-1541
-1468
-1392
-1172
-861
-691
-774
-1136
-1702
-1812
-1384
-860
-549
-409
-624
-1087
-1424
-1499
-1178
-754
-567
-641
-759
-932
-1161
-1334
-1611
-1730
-1461
-1077
-800
-906
-1160
-1620
-2290
-2765
-2671
-2049
-1409
-1038
-1062
-1399
-2020
-2865
-3612
-3590
-2835
-1954
-1448
-1287
-1467
-2203
-3232
-3915
-3708
-2903
-1926
-1134
-925
-1240
-1997
-2837
-3296
-2923
-2005
-1228
-883
-872
-1037
-1420
-1777
-2086
-2099
-1700
-1258
-908
-677
-385
-311
-782
-1200
-1278
-1003
-621
-419
83
654
710
329
-15
-198
-304
-164
209
712
1255
1148
507
-36
-243
-1
251
485
782
1000
719
376
210
156
208
328
457
556
853
997
786
569
360
163
0
140
521
818
970
700
286
-19
-281
-393
-292
184
682
743
523
143
-223
-445
-533
-297
77
439
658
329
-223
-423
-544
-615
-352
126
390
356
109
-324
-500
-654
-734
-509
-235
-45
17
-118
-548
-899
-994
-1029
-869
-449
-213
-256
-409
-728
-1131
-1287
-1178
-996
-747
-460
-517
-738
-922
-1105
-1166
-1191
-1164
-1067
-849
-731
-943
-1297
-1416
-1360
-1392
-1398
-1220
-1077
-1071
-1115
-1254
-1323
-1363
-1412
-1285
-1068
-884
-925
-1143
-1299
-1346
-1356
-1188
-917
-754
-803
-971
-1005
-1005
-1178
-1074
-736
-726
-787
-783
-837
-826
-736
-664
-750
-926
-937
-1011
-859
-531
-433
-489
-542
-767
-1046
-1128
-973
-663
-381
-236
-256
-376
-608
-868
-1001
-787
-402
-40
174
204
7
-321
-496
-501
-416
-146
196
434
436
286
116
-63
-198
-99
87
291
439
352
250
70
-169
-353
-339
-201
-56
36
151
136
-5
-100
-261
-269
-70
178
292
305
264
175
80
24
225
287
231
219
205
78
71
138
69
88
169
108
-87
-108
-119
-92
-71
-62
1
115
160
75
-25
-81
-231
-281
-95
55
274
533
565
304
32
-50
-129
11
431
775
848
834
691
400
100
42
290
607
909
1070
1094
921
662
478
430
570
766
974
1162
1185
1137
1026
876
835
981
1163
1290
1333
1359
1386
1408
1372
1463
1557
1550
1554
1538
1589
1645
1684
1769
1876
1900
1887
1874
1810
1743
1869
2020
2153
2249
2227
2179
2047
2010
2191
2363
2377
2486
2584
2478
2428
2387
2390
2415
2533
2752
2883
2831
2727
2595
2480
2511
2776
2992
3060
3089
2950
2792
2753
2854
3036
3231
3324
3270
3222
3167
3102
3213
3312
3266
3285
3395
3410
3304
3230
3214
3194
3216
3319
3374
3257
3098
3002
2910
3041
3296
3319
3154
2999
2891
2822
2744
2948
3169
3055
2796
2654
2607
2676
2748
2675
2554
2442
2342
2241
2159
2111
2054
1881
1815
1926
2073
1925
1636
1470
1467
1528
1572
1677
1702
1561
1325
1056
943
955
970
909
756
629
543
395
189
51
-65
-69
-126
-172
-74
-93
-318
-583
-617
-524
-514
-553
-655
-809
-900
-874
-780
-751
-772
-883
-1126
-1258
-1202
-1155
-1230
-1457
-1597
-1663
-1675
-1637
-1720
-1854
-2040
-2189
-2174
-1991
-1819
-1796
-1922
-2079
-2164
-2129
-2018
-1993
-1991
-2034
-2055
-2020
-1931
-1962
-2072
-2036
-1948
-1871
-1829
-1774
-1862
-1858
-1803
-1822
-1701
-1583
-1612
-1808
-1827
-1728
-1652
-1574
-1435
-1310
-1352
-1449
-1470
-1389
-1257
-1062
-943
-848
-765
-733
-793
-873
-746
-620
-556
-471
-329
-165
-82
-158
-274
-284
-158
9
194
415
511
464
278
229
370
536
745
898
965
959
931
925
954
1030
1162
1247
1293
1343
1342
1340
1296
1270
1296
1365
1430
1433
1442
1468
1504
1509
1509
1441
1384
1422
1427
1415
1513
1599
1510
1311
1185
1165
1181
1250
1273
1230
1152
1036
845
744
837
957
888
747
714
621
402
272
326
348
367
436
374
191
61
-61
-112
-130
-12
61
-12
-121
-271
-469
-669
-727
-654
-556
-553
-638
-774
-875
-975
-1111
-1232
-1217
-1130
-1079
-1027
-1044
-1124
-1230
-1369
-1419
-1369
-1229
-1131
-1104
-1217
-1365
-1477
-1616
-1666
-1584
-1473
-1508
-1569
-1607
-1652
-1713
-1768
-1770
-1769
-1676
-1558
-1521
-1540
-1538
-1599
-1661
-1656
-1518
-1286
-1269
-1364
-1382
-1358
-1360
-1283
-1133
-1030
-962
-948
-963
-970
-969
-934
-864
-813
-682
-509
-475
-531
-527
-489
-457
-347
-184
-4
53
11
-48
-27
52
120
215
256
253
228
195
155
125
143
165
175
192
225
219
91
-26
-64
-14
114
244
300
226
133
66
58
45
84
108
122
171
211
195
58
-63
-125
-90
-22
65
79
21
-80
-155
-175
-235
-280
-325
-304
-268
-269
-337
-394
-471
-583
-590
-537
-438
-380
-375
-396
-432
-498
-582
-586
-562
-510
-477
-453
-500
-574
-621
-661
-689
-649
-530
-479
-498
-586
-645
-665
-705
-713
-664
-633
-646
-615
-606
-610
-598
-597
-638
-619
-511
-434
-423
-426
-405
-399
-430
-458
-425
-393
-395
-353
-265
-216
-256
-365
-460
-456
-378
-300
-298
-328
-380
-427
-447
-427
-357
-338
-388
-437
-441
-424
-373
-364
-352
-335
-333
-361
-373
-370
-391
-380
-387
-407
-401
-347
-346
-381
-407
-427
-472
-451
-374
-332
-306
-283
-266
-340
-417
-409
-372
-355
-301
-216
-232
-313
-366
-349
-354
-353
-339
-332
-379
-400
-372
-390
-416
-426
-437
-517
-565
-556
-505
-462
-441
-429
-446
-416
-407
-379
-369
-347
-300
-255
-193
-163
-158
-213
-313
-356
-257
-177
-195
-231
-276
-376
-496
-538
-525
-524
-540
-552
-565
-581
-647
-752
-839
-862
-840
-828
-866
-883
-894
-969
-1058
-1083
-1058
-1089
-1150
-1165
-1161
-1172
-1194
-1212
-1256
-1324
-1382
-1418
-1443
-1445
-1440
-1480
-1515
-1553
-1606
-1659
-1683
-1632
-1601
-1596
-1609
-1570
-1521
-1461
-1437
-1434
-1408
-1394
-1342
-1289
-1217
-1158
-1174
-1207
-1237
-1182
-1105
-1041
-1001
-980
-951
-924
-888
-865
-802
-747
-697
-693
-649
-594
-555
-536
-529
-433
-351
-300
-340
-349
-311
-299
-235
-141
-53
-50
-52
-70
-60
-42
-17
30
59
134
216
236
169
120
119
122
147
221
330
365
289
176
106
77
86
111
147
190
207
161
104
64
50
74
76
119
181
217
176
110
40
-6
-1
31
100
148
168
120
5
-118
-136
-31
56
74
87
63
-31
-87
-100
-107
-144
-159
-124
-104
-109
-157
-225
-260
-254
-226
-230
-185
-121
-102
-163
-209
-168
-120
-75
-6
91
136
123
40
-36
-20
103
229
285
342
339
236
101
131
222
328
418
477
497
427
357
300
326
351
390
450
495
528
477
384
342
332
311
378
554
693
744
732
671
593
557
593
689
817
913
940
827
726
733
764
813
878
968
1010
975
922
883
860
878
980
1084
1158
1206
1162
1067
969
940
1000
1142
1279
1306
1251
1160
1085
1060
1130
1252
1322
1338
1300
1266
1227
1174
1122
1072
1116
1185
1228
1209
1211
1169
1040
934
969
1107
1174
1187
1164
1113
1002
951
987
1089
1199
1226
1199
1139
1111
1081
1031
1017
1069
1125
1133
1117
1081
1001
921
892
922
977
1010
1007
960
912
865
846
864
923
936
880
804
735
739
765
763
746
769
784
736
683
680
712
741
765
811
858
861
789
735
725
730
751
777
803
815
803
737
692
721
781
844
877
909
929
890
844
837
854
864
870
881
897
886
848
790
750
785
862
920
962
996
987
944
902
955
1045
1132
1184
1142
1063
1006
987
1013
1076
1118
1135
1109
1039
940
876
908
953
949
970
1033
1036
943
854
789
758
782
869
955
986
941
810
677
621
672
673
691
742
768
706
590
491
396
363
370
433
511
568
517
388
272
199
183
190
238
253
205
100
-15
-110
-175
-201
-225
-235
-232
-243
-326
-450
-525
-580
-632
-647
-681
-726
-789
-839
-924
-977
-1017
-1039
-1072
-1167
-1224
-1239
-1243
-1285
-1308
-1339
-1372
-1445
-1512
-1526
-1495
-1476
-1518
-1582
-1633
-1658
-1698
-1734
-1736
-1719
-1758
-1813
-1844
-1855
-1864
-1875
-1902
-1935
-1945
-1939
-1911
-1897
-1855
-1806
-1826
-1885
-1896
-1838
-1788
-1743
-1729
-1739
-1754
-1779
-1747
-1720
-1688
-1643
-1618
-1573
-1538
-1520
-1517
-1498
-1415
-1329
-1269
-1199
-1154
-1143
-1124
-1094
-1065
-1009
-940
-901
-856
-785
-729
-727
-745
-725
-647
-563
-497
-411
-306
-279
-289
-305
-283
-214
-147
-88
-16
45
62
74
57
75
170
280
368
407
454
443
404
432
501
592
617
605
604
606
596
567
573
594
610
653
673
653
632
583
537
554
629
706
716
642
548
492
495
513
543
577
578
570
548
509
482
473
488
519
562
591
618
559
460
400
365
421
538
626
595
534
507
460
478
539
593
633
640
657
651
627
582
549
554
577
640
664
663
682
696
670
655
653
664
686
743
785
791
773
727
715
754
844
874
884
885
844
803
782
793
761
742
787
826
840
873
853
770
733
800
898
922
923
891
831
777
771
785
759
755
742
716
678
648
628
600
600
635
661
653
597
553
555
542
517
504
492
475
433
391
359
330
333
374
408
405
399
363
326
359
412
414
413
438
456
391
280
225
203
216
239
265
271
231
179
136
90
88
135
167
173
165
150
120
77
46
61
117
146
145
105
25
-32
-43
-8
3
-2
0
-11
-19
-13
-14
-39
-43
-13
18
8
-13
-44
-107
-166
-172
-134
-114
-107
-117
-150
-208
-250
-253
-217
-182
-149
-144
-196
-249
-311
-340
-311
-220
-131
-140
-203
-281
-335
-359
-323
-265
-236
-243
-264
-272
-289
-305
-319
-314
-289
-255
-230
-253
-307
-365
-429
-455
-429
-352
-276
-252
-263
-307
-334
-325
-318
-326
-291
-252
-242
-234
-234
-266
-314
-359
-334
-294
-269
-235
-233
-254
-288
-322
-336
-323
-281
-242
-272
-287
-283
-300
-311
-323
-343
-370
-405
-417
-412
-414
-424
-440
-445
-460
-492
-543
-569
-563
-525
-500
-515
-546
-571
-602
-641
-632
-617
-606
-578
-555
-569
-599
-631
-675
-674
-652
-642
-633
-626
-649
-690
-720
-750
-755
-763
-774
-762
-718
-695
-728
-773
-813
-842
-816
-769
-741
-725
-738
-750
-763
-734
-722
-728
-722
-699
-622
-586
-590
-657
-731
-765
-728
-646
-600
-566
-581
-636
-684
-701
-699
-690
-675
-666
-668
-692
-719
-736
-746
-737
-694
-648
-640
-642
-627
-609
-606
-587
-595
-633
-657
-657
-614
-572
-552
-566
-616
-641
-611
-542
-506
-502
-492
-511
-560
-591
-583
-552
-524
-500
-503
-521
-535
-524
-484
-451
-437
-461
-512
-544
-524
-491
-480
-479
-515
-562
-574
-548
-526
-525
-542
-562
-579
-594
-605
-617
-645
-657
-642
-632
-628
-626
-622
-649
-658
-650
-631
-608
-585
-604
-645
-644
-659
-681
-681
-630
-596
-579
-556
-567
-582
-592
-566
-529
-496
-455
-443
-417
-410
-445
-504
-564
-561
-497
-414
-379
-391
-416
-461
-493
-476
-416
-352
-305
-271
-271
-274
-281
-297
-286
-228
-149
-93
-103
-123
-164
-177
-158
-121
-82
-58
-23
-19
-24
-22
-35
-35
9
98
174
189
185
172
143
152
207
262
308
305
301
271
251
261
290
339
396
437
432
396
343
319
344
413
470
510
500
455
414
406
415
443
531
606
672
693
677
645
603
610
625
664
710
762
777
745
691
626
582
581
647
724
782
786
719
629
556
552
562
605
681
713
695
638
590
559
569
592
616
662
669
663
660
632
583
549
528
532
551
596
629
623
594
529
462
441
464
501
531
518
467
409
346
316
300
299
323
347
338
301
272
227
189
193
212
211
218
213
202
174
131
111
116
151
200
241
243
227
194
142
122
148
185
208
222
221
194
153
112
69
67
96
148
178
153
103
33
-14
-26
12
81
149
182
151
96
32
-18
-19
7
53
84
62
18
-29
-52
-19
27
60
67
46
13
-14
-36
-55
-62
-61
-51
-34
-40
-52
-54
-92
-111
-87
-62
-30
3
10
-9
-27
-42
-50
-37
14
58
36
-4
-41
-63
-80
-59
5
29
31
14
-7
-19
-21
-9
-10
-12
0
-7
-28
-30
-32
-41
-41
-47
-54
-73
-90
-93
-96
-98
-106
-134
-150
-153
-136
-121
-108
-106
-145
-192
-205
-187
-166
-148
-159
-168
-172
-192
-217
-233
-218
-201
-192
-196
-233
-269
-291
-295
-297
-275
-243
-229
-228
-234
-274
-316
-315
-301
-285
-263
-246
-249
-263
-263
-234
-214
-192
-186
-189
-175
-147
-130
-132
-129
-132
-120
-104
-74
-32
-27
-30
-51
-69
-75
-69
-49
-41
-21
-6
3
-18
-40
-49
-52
-37
-16
-7
-16
-23
-44
-66
-87
-72
-57
-11
28
18
-7
-32
-32
-28
-9
2
7
3
-10
-23
-28
-38
-44
-47
-25
-2
13
14
-7
-23
-8
26
28
6
-2
12
18
5
-21
-54
-67
-63
-66
-55
-41
-48
-70
-68
-55
-57
-46
-34
-42
-30
-32
-68
-107
-112
-111
-116
-101
-86
-96
-99
-83
-96
-114
-120
-120
-94
-66
-50
-37
-41
-55
-56
-51
-50
-39
-34
-45
-55
-54
-55
-38
-30
-27
-10
-1
11
25
32
42
49
47
36
29
31
49
71
86
92
94
110
126
159
173
173
196
205
205
236
251
253
262
266
263
262
272
278
304
320
322
325
338
345
343
363
361
356
362
348
329
331
325
314
303
