-725
-697
-711
-911
-1149
-1326
-1332
-1593
-1872
-1942
-2085
-1981
-1929
-2051
-2178
-2201
-2260
-2259
-2198
-2331
-2530
-2678
-2895
-3058
-2933
-2836
-2749
-2925
-3257
-3427
-3426
-3534
-3645
-3546
-3666
-3673
-3579
-3531
-3579
-3432
-3447
-3526
-3476
-3491
-3445
-3370
-3269
-3248
-3250
-3152
-3057
-3008
-2986
-3014
-2962
-2963
-2947
-2941
-2897
-2913
-2922
-2838
-2765
-2703
-2591
-2550
-2582
-2581
-2451
-2293
-2177
-2029
-1935
-1791
-1802
-1769
-1763
-1695
-1341
-1198
-1078
-1144
-1138
-1044
-912
-744
-622
-570
-635
-559
-524
-458
-490
-440
-405
-345
-155
18
97
270
383
406
567
748
753
740
931
1009
896
906
1104
1275
1415
1407
1236
1100
1149
1186
1311
1560
1671
1685
1636
1581
1486
1535
1799
1939
1950
1698
1557
1563
1633
1475
1389
1343
1245
1171
1108
1130
992
785
649
450
526
526
357
240
256
288
288
289
13
-174
-190
-133
-19
-85
-267
-365
-440
-503
-397
-243
-316
-464
-391
-366
-371
-322
-347
-333
-217
-153
-259
-328
-480
-559
-448
-354
-214
-326
-605
-701
-695
-677
-631
-460
-460
-513
-422
-292
-184
-67
39
25
111
213
66
-24
64
358
522
690
552
413
347
396
497
377
524
478
369
422
440
443
458
529
537
469
424
337
407
544
604
626
745
775
887
948
838
809
859
1055
1045
1066
1028
931
961
989
1179
1140
1040
1026
966
875
776
612
686
936
1053
1093
978
812
779
833
812
664
526
432
694
927
1111
1014
847
809
859
725
455
469
418
309
290
311
451
531
492
396
285
228
250
465
409
279
170
121
83
122
72
89
139
84
4
21
-69
-284
-326
-453
-301
-132
-112
-395
-651
-623
-609
-521
-536
-554
-631
-556
-541
-623
-549
-449
-334
-184
-350
-354
-529
-727
-800
-760
-740
-710
-585
-424
-299
-393
-587
-585
-491
-386
-325
-242
-371
-480
-545
-371
-126
53
80
-40
-247
-301
-283
-131
102
76
115
17
147
223
129
68
-48
7
-48
54
83
12
-146
-75
142
303
463
494
336
163
-11
-5
214
368
263
120
11
54
79
-9
-9
-14
-102
7
133
92
-14
-103
-141
-174
-272
-416
-368
-430
-481
-536
-531
-270
-194
-215
-295
-436
-500
-512
-591
-520
-483
-575
-730
-666
-454
-563
-702
-845
-732
-671
-462
-439
-531
-497
-555
-525
-525
-554
-610
-801
-693
-617
-474
-181
-249
-368
-395
-474
-603
-601
-629
-539
-331
-384
-490
-472
-504
-633
-486
-486
-599
-604
-569
-583
-623
-186
-286
-359
-132
-10
-146
25
-195
-474
-764
-374
-326
-362
-270
-406
-379
-495
-447
-466
-69
14
-319
-447
-505
-438
-126
-16
-153
-355
-499
-530
-311
-410
-667
-781
-522
-325
-64
110
-230
-454
-536
-385
-437
-445
-344
-276
-417
-225
101
-116
-160
-331
-557
-663
-323
-11
-83
266
-215
-321
-431
-505
-382
-219
-130
-114
10
-375
-305
-306
-413
-283
-142
12
50
138
-159
-328
-192
-347
-123
169
-26
27
200
266
-29
-176
-189
-253
-169
-9
287
72
230
471
188
58
122
-15
180
339
405
73
-11
21
198
375
359
450
463
378
201
-19
-172
143
262
415
440
276
134
221
23
200
206
318
392
305
282
41
67
349
430
382
420
344
107
409
396
617
624
307
-147
10
-24
-129
166
175
131
216
332
214
212
310
328
317
251
164
74
33
346
415
258
137
366
318
121
25
-61
167
295
83
-137
337
92
-152
53
-223
-216
-247
-100
-338
-19
-57
87
81
-26
-122
-256
-164
-102
31
185
118
-74
-102
-153
-206
-176
-78
130
50
21
67
-162
-331
-138
-306
-132
111
396
50
-35
-38
-163
-220
-130
233
-47
-89
64
-6
-291
-144
186
161
37
251
162
103
-8
-61
22
-94
35
-87
-98
15
323
167
274
51
111
-5
206
284
133
-192
-352
127
122
80
-16
38
129
454
385
-291
-241
-174
164
498
735
495
36
-85
32
266
249
371
66
45
222
389
147
211
583
489
256
186
192
238
111
256
150
152
98
531
611
241
135
9
105
161
-71
-349
-298
-63
137
77
19
51
-218
-90
-154
-188
-182
-237
-449
-176
354
322
134
108
-118
146
228
78
24
390
573
198
227
245
182
-23
210
175
325
552
358
-135
-63
31
186
99
179
-26
-67
-95
-232
-272
-308
-245
-143
82
-110
145
90
153
-125
-152
-450
-361
-21
69
-79
-77
-71
-275
2
-160
-80
122
118
-223
-258
-6
-287
30
152
140
3
-78
-127
-452
-156
-46
-49
-332
165
571
193
179
-82
252
410
383
112
-476
-136
71
93
205
-18
-261
-42
-35
273
371
38
-107
-341
-556
-327
98
175
232
137
92
-142
-214
-73
219
157
-44
-309
-261
-125
97
238
-61
-101
-114
181
24
-234
-308
-230
71
107
-21
66
-299
-372
-475
-183
-156
-178
-13
2
-5
246
183
-151
-349
-457
-450
-286
226
-61
45
-57
196
63
-55
-209
-416
-131
154
118
134
-37
-121
83
33
-98
-280
-41
112
33
-204
-96
118
34
-108
-154
140
-10
-23
-144
-200
38
9
13
149
7
-219
-325
-318
-144
278
506
266
349
251
-2
232
285
128
-17
-455
-70
271
406
369
454
510
89
-80
-72
-46
-32
73
-150
-544
-79
131
-113
62
-38
83
182
376
632
195
360
-265
-312
136
346
569
377
178
-143
-153
59
244
248
215
-233
-593
-381
304
-84
88
84
354
-1
181
14
-256
14
-373
-148
-558
-187
-158
469
421
304
-144
-423
-402
-447
-422
-20
335
156
443
130
-458
-379
-612
-93
-319
-3
262
336
-31
-222
269
289
232
-23
308
424
660
582
324
374
261
-194
-193
275
321
270
436
46
-273
-288
-764
-826
-1132
185
328
553
328
44
-189
-25
-146
43
-60
122
-54
319
246
141
68
-168
-73
-74
8
-121
-76
101
491
610
765
357
-290
-541
-810
-558
-123
-266
256
612
577
-13
-308
-233
-320
10
181
637
562
502
-190
-460
-16
204
275
292
106
-179
-385
53
-3
5
-162
217
16
-25
-32
-411
-445
-502
-208
-299
-201
-407
-221
-93
112
288
407
283
26
-569
57
236
176
190
421
697
699
384
-713
-683
-207
166
549
869
776
648
150
-214
-92
-140
-387
-481
-168
60
245
625
545
233
-236
-256
-501
-117
-39
565
521
144
273
200
28
-436
179
379
357
541
358
196
211
398
-428
-387
5
92
-181
-173
-277
-630
-319
-203
-483
-85
125
171
-269
329
526
444
774
-10
-579
-397
109
357
823
561
607
263
-136
28
-319
-352
-707
-933
-436
-242
-388
-334
-107
-344
-242
102
-391
-459
-118
363
-17
156
75
280
208
293
-277
40
363
754
685
-115
-922
-541
-254
-417
-287
-164
-398
423
304
-169
562
165
336
-326
265
-25
149
437
-3
-930
-915
-552
-343
362
382
390
342
116
-41
-274
-440
-803
-502
-518
-338
-325
-4
173
-72
-214
-381
-370
-328
-548
-977
-775
-938
-730
-740
-274
3
11
109
-28
-178
-644
-318
-299
-247
-106
-393
-817
-193
424
-688
-839
-341
188
270
23
-232
-312
-171
195
316
520
19
159
-340
-192
-153
180
319
-101
122
-320
-305
-668
-114
-276
-196
224
260
-257
-528
-583
-567
-698
-390
-393
444
919
-5
189
-240
-37
-121
644
415
178
341
-278
-1182
-1085
-506
125
404
398
-126
-341
658
777
140
-129
-322
-340
-446
-800
-467
-56
795
545
435
-575
-257
697
1755
1865
1105
168
-326
-1046
-786
-443
-341
222
34
143
-147
620
668
859
110
-176
-843
-837
-800
-661
131
639
1117
35
-179
-71
-93
271
-366
71
-76
156
313
241
-178
-675
-492
254
407
318
224
696
156
-682
-936
-886
-314
-185
67
363
559
446
450
-25
361
18
-524
-296
-341
-406
-474
-398
-135
259
859
5
-496
-371
-328
298
1186
934
-48
-733
-1003
-1131
-404
-218
-357
304
212
154
-366
-68
727
518
242
-136
-124
-60
-192
228
-155
-682
-624
-467
-188
-131
232
-126
-404
107
-190
247
490
842
198
-44
97
-128
163
-444
-509
-527
-457
-550
-29
318
-25
-179
-633
-1129
-1067
-632
-96
1123
2007
1670
276
-952
-1399
-1002
-738
379
418
268
267
144
-191
-102
57
126
581
877
382
40
-30
31
-760
-410
-1220
-308
116
410
-719
-910
-416
-205
79
363
-91
-461
-1144
-995
-802
497
1022
1509
773
136
-624
-789
78
-526
-923
-864
-117
844
1567
1073
-637
-1054
-1054
-858
593
1492
1424
335
312
-132
-307
-224
408
443
334
396
297
-94
-259
442
396
831
163
-57
-231
426
544
72
-188
-445
295
1090
57
-709
-933
-268
-494
-100
150
206
477
172
-12
-834
-118
-57
-396
-398
-706
-77
126
374
-34
690
226
-399
-1346
-1244
-604
-198
200
227
5
-308
-609
-199
-598
-267
510
990
678
-150
-585
-655
-219
120
522
753
701
938
1311
510
-462
-1016
-2329
-2844
-1599
-423
-184
-2
-1189
-1603
-1027
111
327
70
-324
-293
-229
-786
-169
-57
-122
-176
80
-641
-338
-460
-107
-409
-479
-981
-855
-550
-109
-26
743
-12
-253
-1382
-1068
-444
-785
-737
-520
635
390
670
-57
-429
-236
-72
-934
-976
-83
-119
-267
-149
-780
-1124
-52
426
1036
1002
1097
523
611
1016
-6
370
352
-196
-433
565
521
588
1438
535
-91
-1031
-364
-572
817
386
201
128
144
103
893
880
680
749
1047
452
1063
1241
1658
357
-50
-975
-849
416
863
696
289
493
416
657
1072
917
729
102
-368
-1248
-99
508
936
847
1105
1159
913
471
251
294
-262
-336
-462
115
550
572
-170
-750
-761
-1027
-1270
-184
-68
421
104
275
552
1023
1600
1707
1743
1046
1033
-33
-135
-377
-1295
-107
899
1821
1190
1208
130
119
54
-417
-761
-675
-122
-250
646
253
717
411
1390
1109
995
180
-858
-597
-153
167
323
541
-446
-23
82
-92
445
401
-207
-477
380
-174
-191
-604
-1231
-1207
-953
-55
-511
255
399
-24
-9
-478
-481
-357
210
140
-193
-656
-1171
358
824
479
507
901
1012
997
473
-1219
-981
-707
-427
-720
504
-403
-717
-472
-988
-454
-907
-602
-782
663
1263
1629
876
-294
-1430
-1775
-1396
-1160
-1165
63
450
1149
1282
690
-225
18
4
37
648
288
553
-339
234
73
626
182
557
119
-441
-526
-1086
-649
-817
241
-412
-1094
-1465
-1072
-168
395
1677
295
-20
-1049
-1838
-1394
-1181
-203
-469
-168
-97
457
52
-580
-562
-1116
-467
-465
-493
-255
774
1135
369
-638
-748
-1378
-965
-527
50
-677
-548
-201
916
205
558
-492
-64
-639
-213
593
563
1074
101
-81
447
128
-640
-1817
-1139
-1327
-337
-136
-169
-725
-791
918
440
771
325
-194
-1177
-1865
-1596
-1831
-611
-149
244
16
82
740
193
630
216
-882
-945
-1204
978
136
865
160
219
-183
-533
182
-343
459
510
701
747
685
1634
641
436
-548
455
639
811
946
35
449
722
1247
642
-17
-160
-400
691
483
375
543
89
45
-652
-249
27
1213
1590
1736
937
-410
-712
-266
-353
358
354
-87
-1446
-1054
-1072
-891
-121
32
39
-467
-30
-1308
-1119
-691
29
-271
963
1138
266
-809
-1277
-1155
-1013
116
336
-601
-1005
-998
-628
-398
67
-374
-740
10
-589
-1020
-665
-1396
-1668
-1225
-1122
-794
-355
-613
-1593
-1633
-2498
-2484
-1760
-706
-548
-174
16
-834
-1163
-1578
-1949
-1389
-1089
-948
-729
-258
-208
-86
-536
-891
-686
-775
-1026
-646
389
-105
-921
-243
-465
179
1329
1800
413
-249
-220
207
367
597
459
666
1510
1510
730
373
850
1535
2264
2836
2487
1137
1403
1745
1564
2264
2383
2493
2891
3346
2734
2360
2651
2559
2976
2962
3275
1665
1234
1146
1620
1966
2445
3896
3308
3399
2586
2952
2809
2342
2011
903
1686
1361
2587
2403
3083
2338
2313
2446
2713
3163
2802
3135
2527
2227
3255
2900
3448
2651
3474
2161
2816
2253
1801
1873
1939
2180
1774
3065
2540
2634
1692
995
1808
1359
2378
2718
3743
2661
2559
1980
1907
1815
1559
852
-209
-88
272
1730
1869
1711
1946
1475
1016
970
898
-244
199
241
167
-991
-998
-1350
-1460
-1232
-1133
-1306
-1795
-2107
-2018
-2322
-1589
-1903
-1674
-2165
-2856
-3158
-4418
-4600
-4932
-4611
-4807
-4052
-4303
-4029
-3950
-4084
-3717
-4054
-4006
-4702
-3721
-4239
-4065
-4612
-5634
-6608
-7143
-5221
-5337
-4085
-4071
-3793
-4959
-5078
-5031
-6039
-5192
-5213
-5273
-5703
-6316
-6990
-7700
-6452
-6287
-5620
-5376
-4567
-5455
-4846
-5502
-6221
-6580
-6558
-5061
-5239
-3869
-5238
-4719
-4990
-5209
-5376
-5249
-4358
-4353
-3459
-3807
-3624
-4147
-3420
-3133
-3247
-3188
-2995
-2859
-2628
-1865
-3092
-2308
-2197
-2133
-2974
-2356
-1785
-2124
-1838
-1298
-814
-941
-767
-1026
-169
-39
591
634
412
843
383
838
894
1899
1354
1681
2389
2232
2078
1500
1660
1151
1910
2029
2171
1920
1914
1711
2664
2534
2932
2524
2921
3248
3613
3407
3361
3510
3745
3732
3446
3467
3789
4590
4050
3763
3841
3993
4001
3756
4269
4236
4190
3235
2323
2641
3676
4421
4757
3904
3642
2999
2764
3163
4017
4343
3518
3477
2855
2377
2263
2799
3718
4160
4510
3709
2724
1604
1820
1291
2436
2258
3204
2988
3125
2577
2120
2134
1834
2519
2631
3022
2249
2462
2378
1825
1659
1605
1851
2139
2587
794
1582
1061
1097
1805
1863
918
66
666
-118
94
-59
342
202
136
184
324
423
46
-230
-100
-234
-230
-132
-215
-4
-259
3
-328
-1052
-1551
-1241
-924
-536
-518
-967
-1030
-548
-216
-101
-47
-772
-1005
-1447
-1672
-2237
-2424
-2337
-2058
-1964
-1765
-1788
-1768
-1357
-1598
-1728
-2518
-2607
-2350
-1973
-2064
-2600
-2604
-2100
-1391
-1075
-1257
-1344
-1708
-1686
-1308
-1431
-1720
-1952
-1539
-1573
-853
-353
-453
-693
-983
-1591
-2333
-2582
-2763
-2875
-1947
-1614
-1136
-969
-795
-1362
-1534
-1373
-870
-763
-686
-449
169
989
1006
-340
-1066
-1404
-1532
-245
-8
739
616
1204
1091
631
441
-320
-279
-481
-29
-246
52
-83
-54
-133
-326
-449
-913
-803
-675
183
604
742
1189
1287
1919
2270
2488
1775
1342
1322
1510
1544
1425
1656
696
1056
1230
1976
1967
2160
2440
2447
2726
2761
2825
2930
3541
3943
4236
4743
4633
4484
3787
3936
4007
4656
4781
4952
5072
4845
5058
5623
5769
5180
5146
4802
4845
4898
4986
5073
5607
6003
6263
6360
5580
4942
4934
5352
6331
6846
6928
6678
6436
6188
6143
6700
6747
6939
7231
6940
6508
5862
4994
4236
3934
4089
4088
4047
3953
3794
3684
3238
2346
1720
1512
903
374
245
-7
-190
-537
-418
-514
-983
-1152
-1320
-1161
-1503
-1790
-2407
-2815
-3170
-3330
-4050
-4519
-5058
-4903
-4380
-3955
-3983
-4157
-4772
-5423
-5533
-5659
-5919
-5765
-5303
-5667
-5767
-5700
-5406
-4822
-3962
-3515
-3339
-3468
-3980
-4566
-4812
-4983
-4574
-4373
-4353
-4455
-4348
-4503
-4812
-4564
-4497
-4302
-4231
-4364
-4607
-4265
-4386
-4345
-4728
-4828
-5160
-5156
-5062
-5186
-5321
-5849
-6117
-6438
-6701
-6828
-6714
-6521
-6269
-5590
-4988
-4437
-4150
-4252
-4155
-4273
-4095
-3819
-3639
-3802
-3923
-4138
-4232
-4448
-4610
-4772
-4623
-4489
-4523
-4031
-3588
-3007
-2444
-2016
-1843
-1627
-1378
-1362
-1032
-641
-311
-344
-640
-656
-878
-634
-592
-434
-621
-715
-1021
-1004
-914
-482
-298
-163
-53
-137
104
18
208
6
209
152
209
161
106
-54
-238
-506
-488
-505
-298
38
105
134
18
30
-373
-265
-583
-826
-827
-877
-782
-693
-441
-333
92
196
375
243
209
138
-8
85
-189
-220
-639
-463
-396
-564
-708
-759
-498
-607
-571
-899
-1055
-995
-964
-1054
-1126
-916
-940
-794
-596
-542
-709
-699
-995
-1397
-1536
-1866
-2218
-2761
-2964
-3426
-3401
-3717
-3995
-4400
-4955
-5349
-5775
-6109
-6642
-7159
-7685
-7974
-8429
-8708
-9068
-9329
-9575
-9828
-10063
-10229
-10323
-10560
-10883
-11222
-11449
-11698
-11815
-11813
-11845
-11754
-11708
-11626
-11593
-11271
-11052
-10845
-10537
-10250
-9930
-9728
-9301
-9258
-9034
-8895
-8724
-8824
-8836
-9082
-9224
-9435
-9434
-9518
-9365
-9372
-9390
-9382
-9679
-9964
-10363
-10455
-10897
-10898
-10955
-10940
-11039
-10807
-10683
-10325
-10117
-9918
-9709
-9369
-8920
-8573
-8003
-7588
-6854
-6085
-5342
-4483
-3537
-2467
-1474
-280
686
1943
3182
4592
5910
7357
8658
9914
11172
12477
13698
14825
15864
16696
17787
18668
19839
20669
21935
22689
23781
24445
25327
25886
26497
26837
27174
27610
27818
28202
28284
28629
28689
28972
28840
28981
28904
28974
28791
28920
28831
28776
28691
28572
28657
28444
28492
28000
28002
27735
27556
27518
27368
27220
26895
26676
25865
25449
24778
24107
23579
23310
22839
22374
22089
21437
21041
20730
20217
19771
19220
18585
17976
17613
17325
16747
16458
15574
15008
14337
13437
12202
10902
9453
7856
6182
4299
2635
1146
-153
-1470
-2206
-2814
-3046
-3081
-2997
-2530
-1975
-1356
-988
-446
12
306
582
675
877
944
832
563
346
1
-619
-1290
-2065
-3049
-4258
-5504
-6743
-7548
-8301
-8810
-8943
-8607
-7780
-6918
-5774
-4788
-3621
-2821
-2185
-1842
-1585
-1632
-1974
-2327
-2674
-2848
-3096
-3379
-3572
-3704
-3832
-4194
-4573
-5088
-5738
-6329
-6974
-7326
-7721
-7747
-7883
-7505
-7154
-6754
-6339
-5895
-5303
-4953
-4618
-4509
-4392
-4075
-3890
-3490
-3241
-3143
-2748
-2577
-1842
-1941
-1640
-1659
-1464
-1593
-2135
-2359
-2676
-2761
-3311
-4857
-7218
-9883
-11615
-13017
-14636
-16250
-17544
-17392
-16923
-15686
-14279
-12215
-10670
-9273
-7630
-5782
-4545
-4007
-4049
-4019
-3641
-3270
-3123
-3448
-3533
-3718
-3777
-4062
-4417
-5156
-6405
-7873
-9022
-9800
-10576
-11428
-11991
-11860
-11109
-9920
-8589
-7113
-5647
-4321
-3077
-2079
-1294
-1036
-1240
-1689
-2089
-2433
-3064
-3859
-4662
-5148
-5550
-5974
-6482
-7052
-7802
-8656
-9586
-10533
-11159
-11619
-11688
-11338
-10489
-9331
-7966
-6548
-5405
-4233
-3344
-2856
-2702
-2788
-3198
-3844
-4371
-4769
-5015
-5086
-5216
-5119
-4797
-4536
-4489
-4514
-4560
-4633
-4628
-4581
-4421
-3921
-3349
-2531
-1631
-629
-26
1035
1483
1712
1439
1339
1404
1708
2177
2093
2783
2828
3557
3373
4467
4001
4108
3585
3310
3228
2963
3511
2562
2485
1058
653
-1653
-4950
-8254
-10076
-11254
-13454
-14458
-14843
-13173
-11737
-9932
-7766
-4812
-2907
-2105
-522
590
1551
1330
1137
545
1253
1673
1332
1124
1132
1004
67
-596
-1677
-2416
-4032
-5500
-6262
-5860
-5316
-4793
-3515
-1817
520
2423
4164
5542
6735
7160
7073
6915
6579
6197
5128
4267
3639
3321
2423
1071
104
-854
-1640
-2897
-3702
-4185
-4075
-3694
-2930
-1423
249
2181
3669
5285
6488
7310
7325
6908
6445
5891
5133
4299
3940
3906
4144
4194
4640
5114
5825
6110
6525
7057
7535
7970
8233
9032
9672
10614
10943
11524
11957
12468
12460
12174
12728
12867
13565
13362
13882
14053
14758
15315
14956
15223
14688
15820
15518
15309
13031
10971
9523
8063
7861
5963
4464
-1493
-5998
-8809
-8098
-8631
-10692
-11389
-10948
-6926
-4544
-1339
270
2330
1940
2294
3772
4582
3995
1455
-172
-944
308
-166
-1497
-3467
-4775
-6028
-7120
-7703
-8733
-9735
-11355
-10987
-9020
-5982
-4190
-3133
-1835
134
2272
2899
2953
1903
763
-818
-1526
-2086
-2578
-3731
-5354
-5835
-5390
-4931
-5790
-6813
-7659
-7600
-7056
-6474
-5690
-4931
-4156
-3690
-3142
-1856
-3132
-4997
-7666
-8898
-9704
-10183
-10876
-12128
-10799
-10093
-8451
-7216
-5801
-5800
-5778
-5571
-5366
-4623
-4995
-5815
-5633
-4353
-3064
-2303
-2109
-2392
-2301
-2117
-2392
-2211
-2222
-2337
-2042
-662
843
2309
2969
3004
3340
4047
4307
4128
3801
3613
4184
5068
6717
7796
9030
9339
10205
10689
10832
10605
9457
9497
9126
9671
8033
7250
5912
5004
4100
2857
2594
-1044
-7386
-14624
-15893
-14378
-14032
-14700
-14141
-10081
-5143
-1094
1399
4077
4678
2625
1169
1706
2351
1015
-1614
-3552
-2687
-1066
-1394
-3397
-5432
-7595
-9670
-11043
-11202
-10452
-9772
-9149
-6696
-1795
2867
5253
5604
5757
6088
5849
4385
2635
986
-708
-1940
-2013
-1138
-497
-1298
-3001
-3832
-3542
-3545
-4415
-5001
-4563
-2856
-725
1552
3595
4367
3756
2194
1387
391
-1540
-5295
-8758
-10364
-10068
-8734
-7589
-6103
-4771
-2931
-1595
-230
467
201
-804
-1284
-387
662
979
173
-373
-298
-57
-313
-941
-1508
-1733
-1238
41
1918
3663
4799
5404
6498
7597
7972
7383
6201
5604
5759
6123
6453
7123
8278
9234
10499
11016
11120
11244
10560
9778
8288
7388
7273
7554
8766
9347
10402
10232
10439
9035
7006
5580
3626
547
-6946
-13889
-16463
-13476
-11426
-10710
-9178
-6697
-2494
-64
1369
1862
2319
-434
-2533
-1317
999
1768
455
-1078
-1611
-792
-2283
-5437
-8550
-11277
-13368
-13515
-11654
-8716
-5634
-3787
-1823
1526
4699
5293
3820
2000
962
565
80
-54
46
-322
-1263
-1810
-2025
-2599
-4371
-7024
-8560
-7957
-6338
-4711
-2969
-1235
615
1898
2249
1887
844
-1542
-4073
-5220
-5554
-5708
-5780
-5596
-4893
-3712
-3459
-3974
-4448
-4808
-5189
-4861
-3954
-2810
-1635
-888
-391
347
796
54
-1114
-2129
-2298
-2051
-1261
-482
960
2248
3180
4062
4607
4710
4073
3489
3181
3769
4645
5144
5624
6139
6685
7166
7114
7695
7903
8814
8727
8917
8571
8712
8476
8541
9241
8426
8247
7161
7525
7515
9007
8997
8795
8581
7337
7058
6066
5056
2709
-2423
-11274
-16246
-15087
-12374
-11069
-9579
-8629
-4994
-502
1291
1509
2016
376
-2644
-2294
-287
1557
1359
-739
-2587
-2105
-2647
-5461
-8447
-11379
-13260
-12847
-10645
-7543
-3738
-1405
-437
1446
3851
4756
3430
1069
-499
-431
-196
-35
191
-238
-1492
-2657
-3584
-4257
-5037
-6694
-7784
-6581
-3827
-1163
592
1441
2212
2572
1808
329
-1798
-4281
-6516
-7156
-6154
-4447
-3391
-3705
-3855
-3521
-3184
-3578
-4344
-4793
-4581
-3416
-2011
-651
-49
-442
-1548
-2159
-2158
-1941
-2140
-2178
-1139
905
3032
4197
4741
4488
4154
3517
3387
3110
2980
2737
3027
3892
5139
6003
6062
5703
5265
5186
5683
6955
8492
9754
10806
10542
10354
9937
9725
8044
6912
5456
4804
6197
7519
9217
9752
11615
11472
11935
10294
7817
5404
4498
2873
1230
-1563
-7397
-13030
-14589
-13026
-11295
-9215
-8778
-7079
-3465
323
1910
3132
3055
1460
513
1063
1855
1461
-536
-3309
-4811
-5477
-6594
-8370
-10254
-11536
-11243
-9354
-6556
-3401
-1090
233
1312
2971
4356
4357
2915
1389
557
49
-227
-800
-1864
-3389
-4596
-5524
-5491
-5043
-4912
-4938
-4003
-2206
-403
774
973
470
-202
-917
-1786
-2021
-2465
-3097
-3755
-3596
-3391
-3269
-3843
-4986
-5454
-5362
-4934
-4195
-3195
-2422
-1716
-948
-692
-569
-1062
-1809
-2164
-1453
-496
385
1172
1727
2391
2637
2690
2228
2188
1822
2111
2526
3277
3723
4149
4113
4258
4535
4815
5016
5039
5226
5695
6709
7436
8770
9109
9526
9296
9321
8134
7555
7531
6477
6476
6251
6485
6214
7387
7677
8588
10281
10637
10584
9445
7570
4996
3634
2519
1520
1078
-2779
-8047
-12838
-13990
-12957
-10228
-8425
-7409
-4137
-1419
1137
2303
3012
1419
58
-746
-235
963
667
-1279
-3583
-5025
-6574
-7883
-9574
-10797
-10890
-9567
-7128
-3725
-752
692
1140
1396
1864
2185
1810
846
213
-40
-141
-429
-1207
-2668
-4302
-5874
-6493
-5998
-5158
-4562
-3635
-2426
-1335
-505
-701
-1410
-2107
-2279
-2427
-2194
-2300
-2596
-3099
-3431
-3481
-3563
-3922
-4637
-4801
-4631
-3859
-3083
-2477
-1966
-1495
-1257
-1455
-1732
-2119
-2235
-1835
-1022
235
1259
1797
1850
2043
2144
2290
2266
2178
2444
3003
3450
3934
4250
4154
3832
3779
3752
4134
4718
4964
5804
6115
6392
6129
6664
7031
7903
8515
7995
8016
6887
6993
6430
5676
4737
4694
5023
5203
8066
9035
9511
9059
8360
7339
7467
7279
4776
3792
3027
2401
1989
1170
-5352
-14073
-17860
-15762
-11347
-7288
-5329
-4948
-2417
-134
229
391
619
-1433
-2899
-964
1956
3471
1917
-2266
-6024
-7617
-9030
-10350
-10454
-9941
-8725
-6153
-2961
-440
597
-568
-1911
-1208
816
2100
2495
2571
2131
1505
544
-1047
-3260
-5484
-7246
-7576
-5884
-3751
-2900
-3225
-3456
-3387
-3188
-3064
-3146
-2847
-1968
-1795
-912
-244
-519
-2145
-3573
-4598
-4440
-3434
-3802
-3627
-3330
-2845
-3057
-2726
-2804
-2964
-2633
-2230
-1194
-201
456
149
234
386
778
779
962
1360
2175
2729
3187
3428
3073
2826
2325
2556
2966
3749
3786
3983
4328
4596
5053
4893
4805
4596
4652
5152
6260
7047
7200
7538
8030
8504
8851
7937
6238
4728
4699
5550
6013
6288
5180
4515
4683
6431
7187
7627
8372
8279
7814
6752
6074
4264
4126
2978
2116
-1785
-9893
-16488
-15831
-11113
-8665
-5913
-6028
-5440
-4014
-3217
-3302
-1583
-679
-1844
345
3839
5538
4065
522
-3935
-6450
-7501
-8299
-8263
-7833
-7666
-7199
-6017
-4802
-3959
-4402
-4660
-2942
76
2514
3978
4135
3072
1816
659
-449
-1322
-2290
-3255
-3768
-3609
-3642
-4243
-5994
-7658
-8059
-7256
-6190
-4496
-2684
-1691
-434
100
-27
-806
-1531
-2623
-2296
-1052
-528
-832
-2024
-3557
-4863
-5497
-5578
-4986
-3814
-2899
-1560
-557
-35
85
-88
-157
549
1928
2432
3135
3054
2861
2301
2111
1759
1774
2377
2959
3775
4168
4303
3668
3231
3035
3239
3737
4315
4928
5360
5494
5693
5788
5672
5877
6647
7433
7966
8465
7923
6867
5486
4382
4414
5116
5401
5167
6251
6247
6180
5623
5768
5601
6426
7489
7886
7440
5905
4645
3061
2149
321
-758
-4753
-11490
-15020
-12153
-8217
-6221
-5902
-7201
-7095
-6277
-5791
-3967
-636
428
524
1976
3724
3252
506
-2841
-4855
-5431
-5338
-4695
-4403
-5219
-6999
-8450
-8240
-6619
-5741
-5365
-3531
-894
810
1628
1792
1077
223
-227
234
1304
1660
530
-1279
-2755
-3759
-4809
-6939
-8099
-7703
-6844
-6729
-5770
-4787
-3921
-2943
-2262
-1750
-886
-75
-260
160
647
49
-1604
-2618
-3363
-4101
-4352
-3957
-3695
-3371
-3341
-3573
-3181
-1687
-410
440
1627
2388
2631
2835
3098
2727
2368
2414
2628
3048
3348
3046
2535
2485
2739
2933
3511
4059
4422
4477
4354
4164
4470
4803
5194
4914
5255
5753
6388
6737
6758
6663
6668
7410
6507
6897
6950
7609
6630
5966
4712
4495
5696
5864
6171
6084
6691
6325
7539
6573
5130
3751
3585
4073
4877
4582
1251
-6548
-14385
-14218
-8330
-4620
-4332
-6033
-8097
-9199
-9506
-8572
-5755
-2414
-827
964
3218
3555
553
-2338
-2731
-2209
-1352
-501
-228
-1176
-3271
-6569
-8767
-8638
-7554
-6295
-4708
-3313
-3313
-4086
-4076
-3119
-2247
-1216
668
2398
3268
2905
1221
-939
-1772
-2150
-2686
-3427
-4104
-4760
-5700
-6365
-6715
-6793
-6436
-5338
-4477
-3385
-2469
-2117
-1947
-1083
-101
298
424
335
-287
-1509
-2257
-2904
-3092
-2843
-2328
-2115
-1810
-1553
-1860
-1689
-1024
42
870
1990
2433
2475
2471
2527
2654
2956
3535
3797
4034
4055
3896
3588
3644
3879
4292
4862
5042
4625
4394
4067
3940
4234
5096
5631
6275
7199
6824
5562
5500
6831
8304
9010
7786
5564
5022
6968
7960
6850
5029
4030
4240
5651
6974
6813
5866
4527
3652
3300
3431
3112
2542
2405
2866
-863
-9596
-13720
-9302
-3898
-3117
-4549
-7888
-10666
-11377
-9679
-6533
-2919
-2145
-3004
-1145
620
-929
-3087
-2388
-645
1214
2217
1373
-756
-3196
-5322
-5542
-4074
-3547
-4515
-5262
-5256
-5497
-6162
-6247
-5233
-4017
-2713
-1536
-766
-904
-1181
-988
226
1065
945
-305
-2076
-2668
-2736
-3109
-4422
-5019
-5610
-5355
-4994
-4914
-5972
-6364
-5571
-4481
-2912
-1847
-1888
-2313
-1586
-920
-443
6
-78
-523
-316
101
-107
-474
-634
-798
-536
-157
-239
-315
216
843
1373
2035
2174
1960
2347
3163
3940
4470
4800
4606
4645
4844
5106
5195
5191
4968
4681
4959
5251
5587
5637
5192
4564
4717
5574
6403
6690
6390
5408
5428
6219
6713
6879
6695
6184
5274
5612
5788
6013
5902
5893
5693
5885
6176
5594
4961
4202
3404
2916
2636
2338
-793
-7557
-11005
-6647
-2076
-3498
-6827
-10630
-12755
-11820
-7967
-4664
-3219
-4774
-6508
-4744
-2447
-1726
-1580
-350
689
1388
1392
484
-764
-1927
-1984
-891
-125
-1559
-4310
-5950
-5855
-5189
-4890
-4997
-5490
-6074
-5804
-4721
-3697
-3292
-3140
-2463
-1304
-395
-308
-1234
-1829
-1984
-887
93
23
-2047
-4055
-4343
-3402
-2615
-3080
-4197
-4871
-4947
-4701
-3369
-3204
-3821
-4002
-3437
-2517
-2036
-2064
-1737
-1225
-460
8
74
134
361
814
1309
1779
1487
949
886
1457
1849
1963
2047
1663
1761
2203
2642
2892
3129
3364
3760
4405
4826
4693
4576
4988
5616
5989
6311
6033
5131
5258
5892
6762
6729
6546
6400
6155
5679
5270
5851
6090
6954
6763
5893
4569
4085
4373
5041
6075
5705
5113
4258
4438
4660
4615
3205
2623
3346
3505
2296
1393
-1930
-7648
-8589
-3393
-226
-3040
-7241
-11052
-11801
-9904
-6184
-3999
-4425
-7584
-9182
-6711
-3832
-2382
-1975
-1274
-1167
-1047
-1000
-777
-325
5
477
841
359
-1752
-3745
-3773
-2570
-1999
-2476
-3757
-5424
-6504
-6025
-4686
-3640
-3544
-4203
-4400
-4457
-4281
-3769
-2537
-2193
-2102
-1979
-2268
-2702
-2984
-2320
-1434
-565
-1312
-2419
-3105
-3092
-2682
-1848
-1328
-2183
-3307
-3845
-3503
-2910
-2257
-2089
-2182
-2453
-2651
-2371
-1142
40
611
783
869
789
1063
1928
2706
3210
3244
3104
2993
3299
3560
3938
4104
3903
3640
3614
3790
3958
4161
4108
4225
4423
4599
4699
4662
4833
4989
5430
5680
5669
5359
5682
6560
7029
6836
5821
5354
5818
6882
7111
6866
5325
4145
4471
6304
6206
5202
5158
5232
3947
2504
2834
3468
4219
3022
1785
618
98
-3359
-5938
-4366
-1183
-1790
-5251
-8009
-10052
-9818
-7795
-4726
-4251
-6518
-9576
-9205
-6501
-4330
-3001
-2237
-2589
-3446
-3127
-1837
-376
423
533
371
208
-719
-1660
-1735
-880
-567
-1064
-2221
-3503
-4490
-4724
-3721
-2930
-3214
-4673
-5224
-5193
-5050
-4005
-2892
-2897
-4341
-4875
-4650
-3355
-2405
-2156
-2298
-2361
-2413
-2640
-1850
-1400
-1401
-1520
-1255
-1357
-1713
-2054
-2343
-2196
-1958
-2044
-2360
-2532
-2618
-2386
-1561
-948
-954
-803
-339
290
991
1659
1907
2119
2567
3020
3427
3673
3627
3557
3944
4312
4389
4321
4365
4331
4503
4582
4403
4242
4437
5136
5332
5247
4808
4690
4873
5460
5829
5717
5948
5581
5417
5806
6531
6679
6420
6123
4940
4964
5265
6087
5938
5827
4788
4155
4684
5172
5272
3934
3283
2726
3474
2979
2166
935
-62
-2645
-4697
-3579
-1697
-2639
-5673
-7733
-8814
-8430
-7203
-5904
-6169
-7728
-9466
-8701
-6670
-5392
-4911
-4381
-4400
-4535
-3760
-2702
-1477
-644
-360
-439
-295
-564
-823
-233
505
438
-467
-1502
-2317
-2548
-2318
-1723
-1764
-2925
-4330
-4641
-4381
-3866
-3793
-3736
-4089
-4816
-5410
-4868
-3674
-3315
-3491
-3826
-3584
-3307
-2615
-1965
-1416
-1477
-1625
-1303
-833
-690
-999
-1065
-843
-707
-933
-1253
-1379
-1333
-946
-622
-725
-1131
-1351
-855
46
774
720
578
641
1084
1914
2674
2877
2635
2675
3111
3830
4366
4277
4187
4258
4535
4642
4872
4958
4887
5464
5914
5673
4706
4298
4851
6225
6686
5742
4593
4630
5077
5663
6119
6068
4915
4410
4577
5031
5367
5254
4816
4643
4891
4712
5062
5283
4778
4060
4169
3996
3682
3539
3083
1992
985
-97
-1796
-2723
-2451
-1910
-3138
-5157
-7142
-7887
-7866
-7148
-6435
-6970
-8504
-9644
-8820
-7424
-6320
-5956
-5985
-6196
-5868
-4553
-3145
-2170
-1744
-1578
-1466
-1143
-459
-17
296
446
371
-43
-441
-641
-805
-679
-616
-926
-1780
-2595
-2932
-2751
-2719
-3067
-3831
-4357
-4982
-5385
-4974
-4137
-4120
-4900
-5181
-4938
-4202
-3519
-2854
-2557
-2423
-2426
-1922
-874
-273
-358
-356
-351
-387
-249
130
325
354
312
115
82
74
139
324
778
787
444
383
690
1111
1544
1941
1994
1980
2243
2629
3086
3407
3482
3639
4132
4520
4625
4714
4894
5343
5892
5984
5705
5283
5106
5498
6499
7024
6350
5235
4862
5150
5732
6061
6058
4918
3757
3744
5043
5742
5051
3673
2963
3476
4290
5136
5068
3658
1940
2065
3429
4104
3262
1556
288
145
599
414
-975
-3023
-3842
-3199
-2998
-4213
-5850
-7015
-7299
-6662
-6074
-6547
-7832
-8769
-8274
-6895
-6023
-6115
-6605
-6752
-6040
-4717
-3705
-3312
-3326
-3378
-2760
-1634
-801
-751
-757
-585
-226
179
198
-115
-669
-710
-401
-83
-452
-1367
-2326
-2519
-2185
-1839
-2112
-3341
-4625
-4591
-3483
-2772
-2999
-4007
-4747
-4459
-3078
-2049
-1724
-2268
-3038
-2947
-1811
-662
-440
-684
-1168
-1079
-537
196
348
207
-57
-89
203
449
390
307
565
742
815
676
586
585
1097
1685
1942
1720
1368
1445
2160
3122
3567
3585
3378
3399
3864
4708
5247
5224
4982
5004
5310
5539
5486
5554
6335
6796
6346
5438
4651
4615
5423
6407
6431
5060
3306
2969
4469
5572
5215
3731
2303
1834
2822
4257
4559
3759
2194
1357
1714
2716
3220
2841
1732
503
4
191
772
606
-739
-2485
-3261
-2987
-2844
-3484
-4271
-5186
-6169
-6498
-6245
-6360
-6921
-7231
-7267
-7106
-7172
-7133
-6800
-6226
-5756
-5245
-4862
-4738
-4351
-3539
-2507
-1792
-1729
-1986
-1841
-1090
-220
194
230
-111
-480
-526
44
281
-188
-710
-921
-946
-1020
-1142
-1549
-2312
-2937
-2697
-2034
-2158
-2835
-3479
-3612
-3200
-2536
-2149
-2292
-2673
-2912
-2485
-1790
-1430
-1430
-1479
-1304
-1004
-732
-556
-387
-147
-6
201
343
401
247
383
757
1015
1039
1031
1048
1078
1244
1501
1696
1800
1873
1892
2090
2306
2614
2776
2980
3215
3506
3686
3697
3820
4284
4996
5240
5056
4763
4850
5361
5927
6099
6090
5826
5466
5449
5735
5347
4674
4281
4605
4904
4531
3737
3214
3198
3191
3309
3083
2444
1848
2075
2556
2623
1909
1056
900
1254
1392
1311
761
-214
-1001
-1275
-895
-962
-2072
-3353
-3594
-3539
-3886
-4442
-4871
-5423
-6036
-6178
-5869
-5767
-6251
-6746
-6627
-6164
-5934
-5714
-5527
-5352
-5151
-4728
-4188
-3631
-3249
-3018
-2592
-1933
-1419
-1319
-1178
-787
-457
-300
-236
-66
19
-173
-312
-244
-222
-482
-741
-1050
-1256
-1371
-1349
-1389
-1712
-2136
-2519
-2566
-2468
-2342
-2315
-2413
-2578
-2637
-2519
-2256
-1892
-1747
-1881
-1929
-1679
-1274
-1003
-800
-580
-497
-420
-156
247
609
802
891
1046
1184
1205
1266
1422
1604
1738
1786
1797
1713
1622
1636
1848
2162
2351
2447
2587
2836
3060
3160
3263
3498
3739
3977
4237
4504
4560
4483
4502
4633
4822
4964
5005
4995
5066
5015
4792
4272
3934
3834
3977
3850
3732
3601
3331
2670
2169
2083
2226
2333
2207
1909
1445
1158
978
1016
980
1039
874
651
356
75
-291
-521
-597
-657
-994
-1698
-2293
-2632
-2847
-3094
-3301
-3662
-4110
-4632
-4948
-5052
-5083
-5190
-5313
-5349
-5272
-5139
-5027
-4905
-4800
-4628
-4421
-4082
-3659
-3235
-3009
-2924
-2824
-2550
-2190
-1813
-1467
-1270
-1161
-1036
-875
-708
-507
-395
-404
-471
-438
-359
-422
-681
-926
-957
-896
-922
-1029
-1174
-1371
-1577
-1713
-1718
-1692
-1742
-1840
-1846
-1771
-1674
-1634
-1664
-1584
-1385
-1067
-761
-487
-297
-134
34
256
538
774
973
1106
1219
1350
1502
1632
1702
1734
1773
1851
1961
2037
2101
2097
2059
2027
2113
2283
2404
2392
2337
2319
2333
2408
2442
2426
2352
2311
2325
2361
2373
2349
2285
2211
2186
2180
2173
2071
1937
1836
1780
1678
1555
1426
1311
1139
1011
947
874
795
680
575
467
404
343
298
259
233
197
135
100
75
61
43
-26
-141
-293
-383
-422
-428
-476
-568
-675
-816
-947
-1060
-1123
-1190
-1290
-1430
-1533
-1587
-1617
-1645
-1707
-1780
-1856
-1918
-1980
-2022
-2053
-2074
-2062
-2043
-2008
-1979
-1922
-1857
-1819
-1782
-1711
-1598
-1476
-1344
-1233
-1151
-1090
-1000
-882
-765
-668
-582
-520
-459
-377
-295
-248
-211
-184
-177
-187
-189
-149
-90
-14
49
112
154
192
222
258
319
381
451
557
646
695
757
812
864
914
952
962
987
997
990
981
994
1026
1064
1127
1159
1199
1250
1329
1357
1340
1309
1308
1334
1372
1428
1479
1519
1511
1487
1458
1434
1428
1431
1447
1425
1381
1329
1297
1282
1278
1240
1185
1177
1193
1218
1236
1261
1244
1216
1172
1146
1144
1104
1056
1046
1020
953
877
764
689
648
621
593
513
394
271
211
191
208
171
63
-85
-189
-245
-290
-346
-365
-369
-391
-411
-441
-495
-540
-547
-536
-531
-560
-600
-639
-653
-639
-630
-633
-667
-739
-810
-892
-955
-1007
-1042
-1064
-1070
-1111
-1220
-1313
-1372
-1378
-1372
-1356
-1360
-1374
-1356
-1350
-1352
-1361
-1340
-1325
-1280
-1221
-1213
-1247
-1296
-1309
-1294
-1235
-1177
-1166
-1151
-1095
-1015
-914
-826
-775
-728
-681
-626
-540
-464
-412
-361
-275
-189
-158
-133
-88
-33
12
75
155
239
286
336
394
435
467
497
516
580
649
728
804
825
829
822
816
814
821
846
867
861
848
811
779
728
649
572
504
465
461
464
470
458
434
423
428
431
413
414
432
490
525
541
538
496
448
435
465
478
484
490
471
417
374
337
298
276
223
151
65
15
-7
-45
-97
-155
-232
-339
-434
-493
-492
-463
-435
-446
-505
-530
-499
-447
-413
-385
-361
-349
-335
-305
-275
-277
-270
-273
-277
-268
-294
-323
-354
-372
-385
-377
-396
-429
-460
-492
-489
-471
-470
-516
-566
-609
-647
-659
-688
-734
-759
-735
-697
-690
-685
-685
-689
-674
-612
-558
-535
-525
-517
-482
-454
-452
-457
-432
-423
-439
-442
-431
-429
-418
-389
-358
-325
-298
-292
-267
-243
-243
-241
-191
-125
-68
-2
34
59
64
98
170
271
359
409
455
518
556
573
582
589
599
634
679
687
669
615
597
602
631
614
608
611
604
623
628
617
600
588
593
588
558
503
472
484
504
535
504
439
398
372
395
393
345
302
269
276
288
280
207
104
67
70
76
54
14
-22
-36
-19
-31
-60
-82
-90
-72
-19
17
29
28
-7
15
53
75
85
86
78
54
32
9
29
27
33
13
1
21
7
0
-11
-26
-41
-47
-88
-135
-181
-207
-217
-220
-231
-278
-312
-323
-341
-329
-315
-328
-364
-355
-334
-333
-340
-391
-440
-471
-487
-501
-504
-502
-548
-584
-591
-582
-593
-603
-602
-595
-572
-564
-575
-606
-616
-606
-580
-540
-546
-552
-532
-520
-509
-497
-488
-488
-465
-408
-347
-327
-328
-339
-318
-251
-224
-207
-209
-228
-225
-192
-135
-116
-135
-154
-141
-106
-64
-65
-81
-70
-65
-31
7
1
-33
-50
-32
15
47
53
32
32
53
85
92
97
100
131
168
181
180
154
126
121
150
191
211
183
151
138
169
191
188
185
184
180
179
192
190
205
219
231
249
245
241
226
238
292
298
292
316
351
366
354
340
331
337
350
375
397
387
338
298
309
295
273
246
222
205
201
215
212
193
178
179
189
183
153
100
85
87
92
75
18
-44
-85
-85
-69
-67
-120
-179
-212
-223
-217
-205
-226
-273
-307
-313
-296
-296
-311
-336
-337
-338
-352
-376
-405
-432
-409
-360
-305
-260
-259
-263
-250
-220
-186
-169
-162
-161
-137
-117
-106
-102
-124
-131
-156
-173
-187
-207
-219
-244
-253
-282
-293
-280
-263
-247
-249
-266
-293
-280
-284
-279
-276
-271
-255
-234
-202
-176
-162
-167
-154
-127
-94
-66
-28
-12
12
53
68
100
129
126
141
156
167
169
158
158
166
187
196
180
181
160
183
227
220
219
218
213
222
249
268
276
281
