-141
-139
-129
-137
-142
-154
-152
-141
-117
-78
-52
-21
29
51
62
92
107
118
137
137
141
132
140
149
144
146
137
133
116
111
99
88
68
48
32
12
5
-17
-18
-25
-48
-56
-64
-65
-59
-49
-35
-24
-11
12
38
68
97
120
152
162
163
170
173
168
159
151
141
122
93
79
64
51
51
41
38
35
29
33
39
34
20
14
1
-10
-18
-8
0
2
-2
-13
-18
-44
-71
-67
-48
-28
0
10
35
48
57
40
21
3
-20
-25
-23
-17
-2
22
36
29
15
22
27
26
3
-18
-31
-25
-29
-22
1
-5
-12
-26
-47
-56
-55
-35
-22
-29
-16
-5
21
66
93
107
123
125
113
92
78
72
59
62
74
84
92
91
101
89
63
41
33
28
25
26
13
6
-7
-8
-22
-24
-26
-31
-31
-27
5
19
39
70
97
95
110
116
101
111
125
149
160
166
179
183
186
181
194
193
185
180
158
168
161
160
162
156
146
121
100
81
82
78
100
118
114
107
91
81
74
83
78
74
75
89
129
153
172
162
167
171
153
149
165
174
157
153
127
106
114
139
177
194
193
176
154
122
102
64
42
35
12
3
1
13
35
64
83
85
93
86
100
118
143
193
233
259
244
183
127
75
36
35
43
47
58
67
92
126
148
165
178
209
235
268
302
336
372
398
435
457
476
480
465
437
411
392
370
340
307
268
214
194
209
208
203
194
172
137
140
162
168
217
283
339
387
419
413
382
365
373
406
425
447
461
447
427
396
341
283
235
194
163
155
139
98
82
90
108
132
129
119
121
123
171
235
270
253
250
222
199
192
172
181
181
188
197
203
190
193
199
174
162
144
125
100
84
36
-15
-12
-18
-19
-20
-35
-46
-44
9
50
65
55
26
12
34
55
73
111
105
72
41
48
77
81
80
83
88
90
123
127
112
96
56
46
77
140
179
215
232
233
240
223
205
190
187
180
202
239
241
204
133
72
23
19
-13
-45
-82
-117
-124
-117
-87
-54
-63
-119
-176
-172
-138
-100
-63
-49
-65
-58
-43
-86
-99
-112
-116
-120
-115
-88
-40
-3
-19
-77
-172
-270
-320
-289
-274
-283
-273
-279
-298
-346
-370
-378
-370
-332
-333
-319
-286
-260
-275
-320
-353
-349
-319
-302
-276
-244
-246
-295
-344
-369
-374
-363
-348
-321
-309
-309
-297
-341
-379
-396
-447
-529
-610
-669
-717
-728
-715
-710
-681
-660
-682
-723
-745
-778
-837
-883
-847
-807
-748
-667
-594
-539
-535
-609
-664
-692
-742
-750
-768
-733
-693
-689
-678
-681
-684
-704
-722
-780
-838
-845
-831
-821
-794
-769
-800
-823
-864
-866
-781
-669
-610
-603
-658
-721
-661
-570
-531
-532
-566
-584
-588
-634
-619
-554
-498
-477
-493
-509
-502
-463
-443
-444
-447
-419
-364
-332
-288
-254
-229
-233
-289
-322
-303
-285
-332
-335
-327
-320
-292
-234
-165
-125
-122
-158
-191
-187
-167
-151
-135
-100
-59
-45
-71
-64
-104
-185
-260
-322
-382
-417
-436
-403
-255
-93
-37
-54
-99
-220
-356
-397
-415
-410
-359
-357
-380
-390
-386
-393
-397
-352
-314
-309
-347
-351
-312
-305
-331
-308
-287
-290
-214
-177
-168
-183
-218
-198
-139
-91
-183
-256
-349
-366
-285
-173
-100
-60
-119
-177
-169
-152
-149
-132
-78
-37
-25
-15
60
80
46
26
23
-4
16
117
119
60
15
-81
-162
-169
-107
-13
98
174
200
230
239
213
205
208
229
201
153
167
225
228
263
328
342
306
225
159
135
100
63
35
50
63
125
206
248
257
188
99
72
46
68
140
224
271
244
210
157
56
-11
28
38
36
127
106
-76
-227
-346
-425
-438
-430
-439
-377
-290
-211
-230
-270
-272
-265
-266
-275
-270
-225
-179
-170
-202
-195
-200
-251
-255
-259
-318
-323
-283
-310
-307
-370
-448
-511
-585
-643
-680
-760
-770
-711
-673
-645
-576
-571
-596
-494
-366
-329
-347
-258
-177
-124
-33
-19
-113
-164
-168
-213
-261
-197
-178
-261
-240
-106
-41
-17
-62
-109
-219
-248
-237
-270
-264
-245
-210
-100
96
158
209
179
141
140
306
514
588
655
632
647
687
789
787
752
769
724
639
589
557
496
521
571
557
547
508
443
445
496
507
499
529
523
559
728
939
1111
1134
1161
1209
1140
1088
989
872
785
715
671
623
556
505
436
427
387
364
419
507
551
553
498
534
592
592
519
506
536
484
407
393
412
375
325
268
238
211
233
277
359
407
459
532
473
465
513
479
478
463
408
395
522
613
488
368
312
225
100
79
62
25
118
102
87
39
86
85
-2
25
57
-48
-91
119
202
133
-45
-56
-23
-41
-19
29
64
67
-114
-392
-462
-475
-359
-355
-469
-562
-613
-599
-503
-434
-389
-375
-368
-315
-476
-556
-544
-500
-470
-646
-836
-836
-834
-956
-1061
-1199
-1183
-1034
-954
-939
-872
-802
-736
-729
-793
-892
-957
-844
-714
-682
-609
-548
-502
-453
-369
-298
-243
-185
-301
-475
-435
-478
-533
-395
-331
-416
-525
-657
-920
-1008
-839
-688
-633
-581
-359
-154
-54
-144
-280
-346
-334
-151
-67
9
-50
-186
-286
-246
-88
-106
-201
-296
-255
-86
4
-43
-66
40
224
431
411
288
179
97
-81
-97
145
291
455
517
485
432
417
276
189
136
133
190
57
-47
-8
52
-12
-112
-167
-211
-35
182
254
292
218
273
347
503
621
713
651
629
552
389
315
314
448
597
688
549
352
113
-18
75
136
91
80
28
69
131
21
54
204
353
459
550
759
750
639
577
574
582
734
772
678
648
640
619
702
925
997
1057
1193
1154
1065
888
798
917
1068
1125
1192
1258
1246
1105
987
1145
1248
1324
1447
1414
1421
1611
1640
1574
1393
1271
1271
1296
1335
1260
1203
1221
1281
1374
1392
1156
1002
957
1067
1210
1232
1201
1233
1297
1283
1169
1118
975
962
1083
1163
1123
933
717
736
788
777
887
880
836
676
497
393
441
530
671
698
629
642
657
800
935
987
873
808
698
689
706
775
853
798
714
665
618
484
326
267
245
287
260
128
135
345
565
611
335
194
327
576
639
488
548
438
391
441
588
734
774
771
742
653
489
338
130
-107
-85
227
541
598
401
234
83
83
276
507
507
366
319
80
-146
-1
387
592
604
433
-14
-309
-181
-28
44
78
161
187
100
119
-18
-238
-255
-20
146
400
359
323
45
-150
-220
-255
-121
9
40
-286
-479
-524
-554
-290
-220
-199
70
-92
-248
-412
-283
-24
47
-79
-333
-487
-393
-359
-500
-585
-553
-521
-536
-326
-182
-334
-518
-650
-914
-1026
-1164
-1000
-868
-657
-588
-846
-947
-854
-729
-666
-552
-597
-806
-807
-637
-709
-901
-901
-938
-1070
-1272
-1358
-1331
-1329
-1293
-1242
-1035
-848
-822
-1004
-1052
-1048
-946
-998
-1082
-1140
-1258
-1527
-1731
-1473
-1278
-1174
-1049
-992
-1236
-1357
-1387
-1342
-1507
-1590
-1571
-1281
-1210
-1303
-1469
-1629
-1668
-1716
-1838
-1758
-1618
-1507
-1150
-947
-1126
-1204
-1160
-1233
-1457
-1444
-1459
-1476
-1694
-1717
-1578
-1434
-1470
-1700
-1721
-1623
-1493
-1709
-1507
-1416
-1489
-1695
-1820
-1902
-1858
-1894
-1753
-1365
-1249
-1232
-1297
-1521
-1738
-1944
-1918
-1700
-1551
-1219
-1156
-972
-1093
-1218
-1324
-1195
-1025
-834
-825
-1024
-1267
-1311
-1222
-954
-602
-371
-508
-700
-935
-1059
-1200
-1178
-999
-935
-728
-647
-524
-358
-201
25
39
-116
-321
-620
-601
-452
-225
18
136
217
89
155
11
73
-88
-37
-299
-295
1
210
460
561
756
640
658
646
552
368
100
211
353
477
680
813
626
688
660
839
529
782
835
1149
945
967
716
526
755
683
948
833
915
602
801
549
720
934
993
889
783
461
319
611
754
687
801
664
731
721
1088
916
669
230
474
296
636
462
556
478
708
845
997
1027
932
864
490
468
108
347
32
140
83
450
668
806
730
345
359
188
245
467
524
219
-42
196
358
386
64
-229
-278
19
141
152
85
332
-44
-82
-215
75
8
416
65
11
-233
-50
-209
-7
376
345
315
182
191
-37
11
75
-14
-11
-64
-30
142
162
-56
102
516
389
399
115
-239
-239
-245
-78
-168
46
-39
209
38
-173
55
123
195
384
453
127
58
68
45
285
451
548
666
805
626
167
223
-149
59
98
462
211
325
287
52
190
63
-104
-7
297
364
98
360
340
603
154
288
-9
182
-34
-143
24
-109
284
317
497
283
217
63
-312
-384
-276
-53
-27
91
23
-48
124
109
404
124
541
579
629
616
431
366
111
313
258
343
304
-25
274
100
267
-137
-13
-87
150
868
661
461
-182
-93
-118
183
267
114
214
26
110
374
168
479
174
330
96
569
247
526
169
294
344
314
338
110
252
-186
377
16
406
164
278
138
1
124
208
483
78
115
-42
-329
-391
-74
2
339
353
344
-9
205
26
237
-444
-52
-181
141
292
156
381
-506
265
-340
257
-426
288
-320
-136
-91
-98
142
-279
111
-64
246
-274
-46
-373
7
-59
-94
-356
-292
-227
-289
-185
-7
-82
170
88
91
-180
-305
-533
-690
-590
-547
-209
-296
-7
-474
-71
-389
-215
-371
-362
-232
-159
-63
-176
-119
-113
182
-232
105
-498
-100
-683
-268
-359
-413
-194
-591
117
-505
56
-684
-215
-801
-329
-360
-186
-158
-455
-54
-543
-94
-558
38
-389
-264
-546
-373
-179
269
-156
2
-431
214
-327
-148
-478
-392
-555
-561
-331
-236
20
-109
-111
-502
-269
-86
-64
-63
-192
-168
-207
299
115
-139
-296
-434
-318
-388
-80
-357
-94
-183
-35
-217
-176
-180
-334
-284
-444
-227
-368
142
-244
62
9
-414
-200
-460
53
-376
63
-377
-256
-171
-262
153
-383
200
-221
157
-263
65
-159
-472
-64
-271
392
-209
286
-88
60
-180
-378
-142
-266
-136
-58
-178
-38
-23
46
-140
-101
92
48
181
-120
125
-133
216
66
226
193
119
42
-25
-6
-96
93
90
325
-76
149
-72
201
205
157
155
216
255
88
243
-50
164
-232
108
20
176
282
189
371
-123
290
122
375
-3
168
171
95
157
98
218
224
227
180
30
221
172
269
384
169
300
56
237
50
249
208
300
286
161
224
224
262
172
260
195
197
227
253
256
224
215
102
75
50
63
148
10
89
-84
-69
-88
76
59
109
87
-17
172
71
129
-30
-23
-24
-17
254
-1
191
-217
92
-281
182
138
300
165
182
199
-181
338
-103
445
-129
295
11
-11
176
-107
107
-305
47
-79
161
-73
-31
27
197
41
63
169
96
14
62
185
107
259
257
152
292
187
99
148
229
413
222
397
24
129
-3
107
-16
49
99
171
131
102
117
19
84
100
-67
122
109
213
-19
-39
-61
-136
30
-18
-44
25
-116
138
84
319
265
76
219
9
147
31
223
216
197
421
331
245
127
88
126
75
329
165
204
-94
106
80
19
300
-6
94
-36
45
175
36
351
61
67
68
-28
-128
190
316
278
292
-63
197
-137
-26
-26
-179
279
39
389
-109
104
-14
-154
-5
-338
154
-12
278
179
49
-56
-244
-36
-52
103
50
63
129
-126
107
-33
25
-85
-36
100
-171
99
-71
317
128
217
-26
-153
63
-143
286
-77
136
-65
226
176
139
131
-117
-189
-199
-205
-306
-76
175
109
53
-322
-101
9
102
135
27
154
-67
248
-119
-121
-61
-210
95
-93
294
-279
243
-211
21
76
-181
-38
-660
67
-325
129
-138
-51
-180
-362
-245
-331
-198
-247
-88
-191
184
-178
138
-422
136
-378
-55
-464
-209
15
197
-63
-128
-216
158
-105
115
108
-254
102
-428
240
-643
314
-593
193
-477
-171
-377
-493
-129
-141
151
-319
75
-453
128
-359
352
-100
65
-86
3
-56
-259
94
-131
25
339
265
85
76
-33
-133
-213
145
-14
52
191
43
77
3
69
-285
-131
42
-136
187
-128
180
-195
-67
-346
-5
210
142
-159
-91
-253
-293
192
-50
-2
-93
129
-136
239
-146
-215
-233
-226
-33
127
-33
-66
-220
4
-105
27
-77
-75
-142
-207
-214
-339
-9
-351
-75
-261
237
-82
32
-14
-90
275
-13
360
-105
25
-152
-108
-227
72
-258
240
-5
-46
27
-210
238
-91
-74
-22
147
-21
160
-106
-45
-59
-137
-392
-142
-241
-229
-98
-47
14
77
130
-134
98
-137
-107
-288
-162
157
-73
285
103
113
-112
-220
0
-225
77
-348
157
156
-19
181
0
413
32
46
71
226
-70
-344
-8
-448
-185
-243
195
-139
413
164
289
-24
-344
-243
-209
285
-239
354
82
72
173
-40
-125
-289
-13
-209
251
95
170
162
-377
-237
-13
93
-12
59
-91
141
297
349
293
174
270
1
-355
-89
-211
-168
-123
-40
126
149
157
-37
10
-106
-142
-264
-128
-85
252
33
57
-261
-413
361
70
474
303
221
113
-104
-299
-283
-45
-49
375
277
16
-135
-261
199
-69
185
99
503
78
216
-243
33
-466
-310
45
-390
-41
-402
170
-184
396
-35
-78
-761
-353
-399
145
-17
119
-192
117
224
-186
19
-145
233
124
447
-187
73
36
135
-506
-62
142
9
23
-17
-148
-720
343
-45
85
53
-34
127
-295
157
-260
262
-268
91
-43
-95
-81
-28
-147
-233
171
134
-300
-16
47
63
-236
-78
-35
-53
448
-279
241
-498
578
-46
239
-255
-169
-324
-69
280
-5
443
-46
376
-242
-275
-511
13
-253
266
-29
130
313
227
-13
-144
-66
-60
358
28
245
-120
205
-157
8
98
156
473
150
718
193
-260
-536
-365
-676
-17
-174
-165
174
243
233
-234
-321
-324
-358
-250
-383
348
-33
124
44
-6
135
164
147
-8
249
29
247
-261
-240
-506
124
-33
229
127
59
488
44
84
-68
-319
-542
-385
-53
162
-336
378
532
441
23
-319
-586
-577
-95
-470
20
-210
366
-59
183
464
285
58
-151
-332
-202
275
-423
-424
118
560
389
279
294
-108
-392
-123
295
276
563
-73
-124
259
-102
297
-238
-399
-540
-96
-220
-493
555
-343
-319
-130
-724
-136
-37
312
-524
283
-571
30
222
257
289
34
133
-283
533
-65
253
149
722
-88
-125
-384
-478
136
580
711
584
102
-717
-1087
-975
-172
-17
169
15
-126
120
591
283
205
19
-1068
-788
-78
-248
-2
0
218
393
-58
-197
-169
128
-204
204
156
111
1256
111
8
222
465
134
749
542
130
-153
-151
-101
63
369
83
-17
-420
-157
-18
-392
-945
-847
163
506
132
-464
-853
89
504
935
803
-157
-511
-1137
-768
-588
-68
132
44
395
337
628
-58
160
-209
712
-575
-531
-294
573
1116
562
345
-102
-174
398
1606
713
221
-951
-871
-962
-308
-391
-354
-21
-368
72
-239
361
-185
-441
257
606
556
835
356
-612
-465
-454
-274
-163
234
98
281
544
352
-101
-845
-587
-702
-240
492
419
-146
150
75
-349
-227
-168
195
205
652
541
155
482
228
-252
-415
-404
-453
-164
-295
-509
-216
562
1200
601
51
-187
-465
36
50
51
-79
301
-191
-314
369
-738
-455
-508
-376
132
869
913
686
960
-106
-793
-483
-1218
-1799
-840
465
892
187
-403
-366
-1204
-172
145
233
406
1351
1437
387
863
-359
-122
-244
736
-354
4
-275
-702
-724
145
26
-1002
-1435
-1597
-884
-332
34
79
611
55
206
-416
-1050
-562
154
-581
-159
279
144
604
128
-288
-726
-1150
-795
-72
-284
-9
-233
-1043
-741
-165
403
606
153
-692
-668
-1146
-1561
-1747
-1164
-1120
-442
146
-320
19
832
708
381
-61
-587
-549
-783
-733
-484
-60
-234
-447
-693
-621
-665
-276
-420
-635
-1319
-1260
-360
-405
-209
-749
-555
-106
1106
1478
1205
550
297
86
-899
-415
317
401
-102
765
498
-278
-43
132
193
-10
61
-653
-1261
-1451
-1004
-1419
-949
-301
-75
286
625
623
22
-553
-879
-631
190
722
711
362
-12
-637
-874
-852
-716
-407
-109
-28
11
224
321
635
435
253
-29
-217
-276
-146
-356
-589
-613
-471
-202
-50
-138
-393
-578
-823
-788
-600
-382
-61
300
-2
-75
-176
-369
-533
-393
-161
63
42
129
43
-52
-273
-331
-364
-445
-464
-555
-802
-1066
-969
-683
-486
-424
-209
-190
-90
-274
-311
-347
-374
-217
22
174
160
-76
-526
-615
-344
-164
-29
179
60
-16
102
10
-216
-144
135
195
60
90
-233
-299
-42
344
339
418
442
156
33
-196
-346
-377
-241
-258
-561
-776
-956
-1248
-1103
-727
-598
-318
-37
108
164
223
146
87
124
-177
-379
-432
-667
-798
-762
-737
-387
62
496
601
340
265
198
328
382
485
633
653
695
843
997
988
1358
1778
1872
1744
1728
1644
1609
1666
1761
1924
2156
2434
2400
2436
2472
2446
2428
2480
2615
2686
2800
2821
2845
3003
3238
3335
3326
3414
3446
3479
3445
3317
3136
3045
3160
3228
3470
3547
3531
3610
3707
3755
3749
3686
3433
3314
3370
3360
3238
3120
2984
3005
2914
2945
2927
2770
2600
2373
2417
2509
2653
2797
2914
3021
2980
2948
2775
2672
2375
2115
1811
1589
1344
1157
1059
956
999
1038
1325
1498
1713
1823
1956
1914
1886
1930
1818
1782
1417
1176
808
566
432
318
319
143
105
9
20
-135
-140
-281
-395
-524
-519
-535
-647
-571
-688
-566
-700
-637
-688
-714
-766
-890
-960
-1108
-1112
-1276
-1373
-1675
-1722
-1934
-1840
-1931
-1830
-1708
-1641
-1553
-1507
-1408
-1521
-1559
-1648
-1577
-1776
-1843
-1986
-1878
-1975
-1846
-1788
-1698
-1718
-1738
-1759
-1927
-2036
-2233
-2311
-2582
-2741
-2731
-2722
-2858
-2942
-2881
-2727
-2663
-2585
-2444
-2427
-2498
-2622
-2513
-2569
-2660
-2731
-2934
-3015
-3256
-3217
-3352
-3367
-3484
-3362
-3400
-3519
-3592
-3438
-3384
-3497
-3531
-3652
-3570
-3655
-3551
-3551
-3544
-3741
-3898
-3981
-3981
-3948
-3846
-3837
-3929
-3989
-3827
-3642
-3498
-3540
-3494
-3456
-3441
-3460
-3432
-3317
-3618
-3877
-4239
-4161
-4250
-4333
-4307
-4343
-4187
-4136
-3761
-3530
-3435
-3427
-3358
-3263
-3217
-3105
-3104
-3051
-3264
-3202
-3207
-3112
-3169
-3068
-2926
-2858
-2743
-2579
-2264
-2093
-2015
-1956
-1890
-1847
-1681
-1677
-1491
-1528
-1230
-1224
-980
-903
-580
-307
-151
111
313
612
556
651
599
762
745
749
683
674
524
508
542
716
881
1008
1018
917
1014
1102
1241
1154
894
765
526
453
449
530
563
415
369
280
297
300
172
139
-111
-270
-301
-365
-351
-446
-279
-220
-158
-197
-54
-50
-170
-369
-399
-475
-627
-720
-906
-1031
-1274
-1375
-1516
-1639
-1802
-1950
-1975
-2029
-2004
-1839
-1685
-1543
-1382
-1110
-835
-639
-454
-215
-16
153
228
445
609
790
937
1119
1342
1482
1746
1938
2186
2360
2651
2973
3318
3678
4002
4339
4598
4841
5070
5310
5517
5691
5777
6044
6247
6399
6515
6812
7001
7328
7459
7722
7612
7517
7489
7351
7449
7281
7573
7526
7668
7472
7939
8123
8385
8124
8115
8019
7644
7348
6800
6637
5896
5415
4967
4362
2613
577
-1615
-3127
-4778
-5402
-5727
-5520
-5128
-4356
-2437
-586
1292
2640
3906
4396
4453
4425
4479
4121
3466
2536
1873
1349
903
763
453
2
-857
-1678
-2280
-2716
-2865
-3004
-2814
-2446
-1639
-419
1127
2559
3729
4529
5056
5258
5170
4815
4133
3231
2066
1007
-35
-863
-1531
-2400
-3307
-4067
-4532
-4717
-5148
-4796
-4549
-3685
-2704
-1451
270
1437
2574
3129
3676
3509
2878
2094
1078
-234
-1370
-2084
-2399
-2578
-2509
-2092
-1592
-1167
-679
-72
509
758
1183
1633
2216
2790
3344
3970
4320
4509
4354
4035
3685
3278
3018
2842
2725
2797
2750
3121
3587
4121
4566
4759
4936
4737
4427
4070
3575
3097
2392
1886
1283
872
690
667
718
352
-1586
-4118
-6934
-8881
-10465
-11147
-10984
-10626
-9401
-8098
-5488
-2952
-653
547
1142
733
-172
-1000
-1574
-2284
-3221
-4054
-4663
-4497
-4420
-3951
-3862
-4306
-5286
-6326
-6796
-6990
-6533
-5992
-5097
-3923
-2313
-435
1436
2755
3328
3107
2302
1261
155
-790
-1873
-2734
-3515
-3767
-3483
-2937
-2320
-1987
-1877
-1972
-2205
-2140
-2164
-2142
-2293
-2430
-2081
-1458
-390
550
1194
1092
519
-167
-889
-1354
-1844
-1989
-2167
-1955
-1481
-577
425
1021
1121
473
-190
-1032
-1140
-1254
-854
-455
119
823
1688
2662
3297
3532
3191
2685
2075
1998
1939
2402
2505
3084
3421
4029
4739
5241
5541
5446
5398
5095
5009
5062
5421
5653
6048
6430
7154
7460
7120
6157
5063
3790
2454
1550
942
599
334
484
835
238
-1743
-4311
-6409
-7742
-8794
-8516
-7789
-6551
-5391
-3552
-1195
778
1980
1971
1294
-239
-1954
-3242
-3997
-4731
-5374
-5816
-5817
-5491
-5041
-4677
-4792
-5283
-6217
-6758
-6543
-5718
-4426
-3241
-1917
-742
413
1238
1645
1365
274
-1363
-3004
-4272
-4987
-5220
-5078
-4745
-4328
-3662
-2833
-2042
-1763
-1723
-1904
-2194
-2324
-2106
-1737
-1679
-1895
-2500
-3512
-4216
-4625
-4676
-4380
-4223
-3703
-3245
-2240
-1249
-200
674
684
688
256
-45
-259
-529
-762
-1254
-1427
-1510
-1330
-802
-659
-345
-382
-458
-702
-666
-199
474
1196
1921
2518
3014
3388
3436
3344
2941
2618
2349
2531
2730
3013
3420
4012
4486
5103
5810
5827
5658
5159
4709
4495
4522
4961
4752
4686
4140
3727
3473
2944
2712
1786
1301
533
656
748
1060
-58
-2735
-5822
-7699
-8092
-8068
-6691
-5544
-4197
-3509
-1888
-66
1434
1817
751
-631
-2273
-3190
-3447
-2935
-2872
-3217
-3862
-4126
-4050
-3902
-3951
-4573
-5200
-5799
-5245
-3842
-1731
57
1155
1674
1793
1798
1471
906
-164
-1606
-3096
-3831
-3764
-3020
-2303
-1774
-1652
-1800
-1680
-1417
-986
-793
-779
-758
-360
398
1140
1009
-36
-2329
-4306
-5730
-5890
-5102
-4044
-2773
-1927
-460
1058
2626
3343
3027
1787
296
-904
-1289
-1255
-937
-968
-1005
-872
-289
392
951
1239
1215
1286
1685
2747
4019
5115
5654
5520
5126
4565
3961
3650
2906
2487
2361
2997
4263
5618
7344
8010
8246
7850
7379
7178
7062
6633
6286
6277
6350
6473
6932
7576
7471
6645
5395
4487
3562
3194
2846
3310
3472
4095
4453
4416
2486
-1503
-5351
-7682
-8245
-7890
-5754
-3268
-1212
199
2080
3644
4371
3612
1631
-485
-2207
-2818
-2611
-1494
-731
-828
-1567
-2322
-2853
-3538
-4230
-5065
-5449
-5168
-3533
-1081
1698
3549
4218
3827
2815
1569
198
-979
-2232
-3226
-3781
-3391
-2317
-1130
-469
-501
-992
-1664
-2035
-1983
-1332
-575
112
811
1697
2361
2510
1278
-844
-3232
-6062
-8409
-9148
-8141
-6424
-4354
-1840
275
1631
2484
2297
1837
429
-912
-1904
-2135
-1845
-1721
-1376
-1392
-1486
-1898
-1828
-1418
-949
-247
712
2157
3253
4524
4834
5052
4140
2887
1632
697
396
133
883
1656
3352
4633
6077
7056
7176
6115
4889
4294
4012
4572
5035
6133
6477
6779
6344
6584
6763
5893
4521
2824
2177
1399
1695
2614
3843
4496
4325
4109
3221
310
-5061
-9904
-11728
-11145
-9407
-5323
-1158
1382
2238
3096
3563
2762
1274
-1110
-3184
-4214
-3785
-2465
-846
108
-745
-2929
-4826
-6085
-6999
-7079
-6451
-5242
-3592
-856
2040
4254
5127
4137
2059
-274
-1959
-3086
-3378
-3269
-3093
-2894
-2289
-1540
-1077
-1330
-1928
-2712
-3088
-2569
-1164
568
1931
2652
2559
2130
1318
222
-1943
-3732
-5598
-7056
-8393
-7796
-6165
-4479
-2819
-1357
-145
-67
128
205
399
170
-216
-444
-534
-719
-1172
-1857
-2297
-2956
-3276
-2822
-1536
-153
1021
2279
3052
3448
3297
3127
2651
1981
1307
971
1306
1577
2122
2518
3181
3771
4162
4989
5865
5900
5745
5043
4933
5145
5034
5565
5657
6449
5914
5581
5578
4822
4577
4758
5630
4812
4024
3581
3397
2553
2384
2996
3382
3605
2731
1192
-3859
-8626
-11430
-10926
-9054
-6012
-1863
211
1350
1926
3004
2722
1295
-752
-2657
-3872
-3554
-2427
-1290
-796
-1852
-4032
-6246
-6772
-7024
-6693
-5697
-4302
-2598
-421
2189
3709
3983
2809
706
-1421
-2586
-2947
-2869
-2796
-2720
-2904
-2905
-2555
-2428
-2684
-3007
-3121
-2873
-1801
-42
1526
2358
2292
1531
413
-462
-2018
-3614
-4802
-5601
-5904
-6416
-5334
-4850
-3770
-3326
-2196
-1347
-913
-227
4
360
136
-146
-720
-1189
-1953
-2723
-3365
-3357
-3381
-2806
-1910
-732
229
1084
1958
2474
2734
2585
2346
1925
1417
1173
993
1299
1503
1774
2343
2807
3598
4112
4844
5208
5419
5360
5250
5061
4417
4537
4294
4848
5250
5899
5993
5495
5018
4215
4780
5180
5848
5423
5313
4790
3791
2814
2174
2342
1773
2047
1503
1100
-2416
-7479
-11061
-10608
-8348
-6011
-1566
1411
1976
1152
1793
1701
562
-864
-2189
-3274
-3121
-1862
-1067
-840
-1994
-4531
-7448
-8061
-7403
-6326
-4409
-2275
-748
530
2331
3184
2838
1577
-243
-1990
-2483
-2029
-1396
-1124
-1313
-2277
-3403
-3709
-3641
-3496
-3105
-2213
-1199
70
1516
2620
2762
1952
630
-761
-1389
-1903
-1853
-2159
-1838
-3148
-5127
-5825
-6807
-6250
-6298
-3347
-2120
-454
460
1196
1513
655
199
-678
-1068
-1273
-1370
-1301
-1520
-2114
-2775
-2885
-2260
-1690
-156
1060
2123
2435
2901
2850
2387
1909
1296
947
845
1337
2106
2851
3462
3470
3226
3137
3686
4657
5523
6096
5703
4544
4075
4369
5392
5789
5750
5220
4661
4493
5215
6317
6290
4957
3930
4359
4811
5228
5253
5210
3346
1718
1698
2621
2960
2464
1462
-953
-6076
-10246
-10589
-7731
-5817
-3483
-215
488
-499
-785
204
-331
-1380
-1842
-1926
-880
563
800
-194
-1783
-4439
-7637
-8494
-7012
-5652
-4198
-2518
-1206
-532
201
708
343
7
-664
-898
-249
869
1232
653
-532
-2517
-4148
-4654
-4418
-4013
-3141
-2098
-1175
-443
353
515
321
-250
-792
-987
-503
310
446
298
-1892
-3332
-4861
-4897
-5366
-4801
-3912
-4144
-3192
-2313
-598
-664
-420
-582
-690
-429
-36
335
120
-810
-2103
-2808
-2506
-2232
-1821
-1000
-501
-90
528
1339
1628
1429
1462
1318
1743
2020
2807
2963
2926
2322
2039
2299
2315
2283
2296
3159
3971
5068
6129
7294
7033
6131
4772
4029
3730
3408
3928
4630
6468
6470
5946
5138
4493
4183
3668
4886
4841
4985
3486
3006
2990
3527
3612
2967
1864
-135
-3364
-8481
-10720
-9166
-6111
-5014
-1813
418
-544
-2474
-2068
-1115
-1623
-748
142
1217
1919
2055
553
-1363
-3486
-6412
-8049
-7168
-5506
-4346
-3081
-2643
-2832
-2995
-2381
-1925
-812
380
1173
1919
2480
2373
1263
-168
-2172
-3658
-3863
-3376
-2884
-2478
-2227
-2697
-3202
-3379
-2809
-2222
-1205
-340
837
1657
1866
1693
988
71
-1180
-1846
-1940
-3238
-5356
-5444
-6076
-5649
-5961
-3321
-3730
-3120
-2092
-598
749
823
1625
1094
1219
559
113
48
-627
-1805
-2355
-2092
-1554
-1450
-599
-12
278
980
1744
2896
3196
3516
3505
3445
3628
3450
4094
3733
3020
1859
1858
2416
3164
4683
5406
5640
5321
5459
5442
5547
5978
6257
6139
6025
5549
5730
5102
4646
4612
4886
4931
3743
4643
3727
3339
2448
3337
3094
2511
2313
655
-1339
-6074
-8951
-8738
-5060
-3472
-1956
-772
-2499
-5595
-5591
-3118
-2049
-457
1222
2181
1502
1375
225
-1372
-3212
-4668
-5162
-4463
-2952
-2834
-3266
-4605
-5561
-6123
-5191
-3140
-1090
216
766
1149
814
501
310
110
-418
-258
93
-32
-563
-1330
-2577
-3995
-4375
-4284
-3301
-2585
-1933
-1767
-1775
-1699
-1466
-527
70
359
-29
-311
-609
-1243
-1843
-2606
-3627
-4266
-4180
-3518
-3214
-3118
-3410
-3446
-2930
-2043
-643
271
631
460
414
517
417
517
315
319
-18
-76
-133
-257
-466
-677
-166
448
1466
2217
2858
3067
3111
3330
3566
3982
4193
4088
3951
4080
4536
4541
4537
4647
4439
4137
4566
5753
5772
5091
5073
5369
5383
5247
5600
5600
5391
5766
6190
5910
4598
3950
2900
2191
3000
4017
3388
1368
-526
-2062
-4928
-8003
-7836
-4470
-3210
-3281
-2049
-3203
-6441
-7283
-4088
-2096
-582
1566
2373
967
-420
-480
-1402
-1950
-1614
-1468
-1910
-2012
-2645
-4664
-5830
-5871
-5860
-4684
-2661
-1794
-2222
-2358
-2546
-2841
-1697
-52
1022
1336
1652
1261
275
-329
-796
-1327
-1714
-1601
-1799
-2150
-2646
-3493
-4179
-4064
-3596
-2688
-1859
-1468
-2613
-3051
-2677
-1753
-1069
47
671
-358
-888
-1417
-1362
-2109
-1709
-1162
-959
-1153
-1710
-2514
-3252
-2815
-2146
-1030
-406
-498
-743
-681
-256
184
851
1559
1699
1649
1744
1662
1488
1362
1766
1925
2555
2782
3142
2606
2282
2269
2940
3431
3716
4361
4256
4497
5180
6547
6514
6018
4879
3992
3915
5476
7001
7051
6557
5160
3458
3472
5338
6527
6107
5056
3561
1822
1526
2635
3756
3539
2823
940
-500
-797
-2820
-6327
-6863
-3813
-2963
-3031
-1958
-3947
-8609
-8905
-4504
-2176
-384
1815
674
-3051
-3598
-1685
-917
428
1695
786
-1014
-1494
-2104
-3288
-3271
-3300
-3895
-3476
-2599
-3246
-4417
-4605
-4789
-4298
-2315
-405
-283
-934
-1258
-1685
-1230
311
1512
1490
1027
360
-651
-1348
-1395
-1259
-1528
-2087
-2189
-2369
-3514
-4764
-4745
-4430
-4104
-2899
-1965
-2520
-3296
-3064
-2599
-2076
-819
128
-51
-409
-425
-563
-707
-452
-301
-324
-368
-326
-401
-525
-718
-942
-744
-391
-52
235
630
600
599
1145
2095
2683
2981
3354
3311
3191
3287
3650
4008
4619
5166
4721
4586
4662
5061
5271
5919
5411
4486
4361
4887
5558
5825
6192
4944
3944
3610
4837
5497
6048
6123
4922
2920
2110
3147
3826
4466
4847
3873
1336
-494
-896
-2038
-4302
-4659
-3004
-2501
-3759
-4146
-5781
-8794
-8967
-5393
-2684
-1959
-1211
-2337
-4814
-5011
-2014
460
1645
2184
1037
-1026
-1948
-1438
-829
-341
-365
-1441
-2561
-3263
-4070
-4659
-4527
-4179
-4073
-3514
-3180
-3640
-4252
-4019
-3112
-1923
-390
481
170
-682
-996
-809
-189
825
1343
652
-435
-1429
-2190
-2476
-2000
-1835
-2191
-2863
-3787
-4616
-4853
-3959
-3015
-2570
-2675
-2836
-3331
-3234
-2195
-803
171
600
684
291
-119
173
973
1516
1739
1531
994
224
-113
130
582
789
917
771
571
400
677
1299
1909
2443
3090
3319
3332
3507
4106
4858
5368
6077
6370
5872
4975
5227
5569
6259
6641
6914
5849
4629
4158
4142
4568
5125
5708
5023
3817
3091
3104
3188
3617
3814
3218
2377
2385
1909
905
337
640
-409
-2905
-3624
-2746
-2332
-3459
-3602
-4663
-6790
-6895
-4533
-3321
-3628
-3313
-3902
-5482
-5110
-2574
-1347
-1363
-922
-910
-1777
-1596
-455
196
-127
-248
-493
-1011
-1346
-1799
-2068
-2342
-2498
-2746
-2783
-3041
-3721
-4260
-4102
-3555
-3006
-2444
-2253
-2540
-2568
-2105
-1491
-1117
-505
-193
-491
-776
-569
-1174
-1904
-836
-122
-810
-1885
-1599
-2675
-3046
-1988
-1635
-2883
-3606
-2889
-3277
-3100
-1954
-1464
-2419
-2202
-1047
-949
-981
-148
256
24
575
1791
1880
1445
1603
1623
1834
2042
2639
2174
1723
1694
1855
2292
2288
2571
2139
2064
2181
2982
3801
4014
4407
4408
4451
4386
4759
5439
5754
6515
6774
6326
5254
5040
5729
6313
7392
7110
5883
4352
4636
4935
4952
4732
4453
3303
2607
2935
2468
880
45
-656
-3275
-4602
-3116
-1801
-3631
-4852
-5681
-7500
-7928
-5223
-3253
-4157
-4556
-4666
-5603
-5194
-2346
-693
-1168
-1213
-893
-1561
-1520
-255
580
181
25
47
-663
-1268
-1495
-1301
-1420
-1481
-1958
-2863
-3691
-4204
-4112
-3633
-3073
-3177
-3768
-4119
-4229
-3776
-3002
-2367
-1865
-1598
-1274
-1998
-2077
-1405
-304
295
680
622
-859
-1732
-1450
-519
-382
-284
-686
-2204
-3227
-2711
-2236
-2261
-2069
-1851
-2684
-3035
-2301
-1670
-1529
-1034
-306
-636
-731
-178
665
932
1652
2196
2137
1752
2041
2475
2783
3230
3470
3162
2622
2714
2973
3273
3306
3470
3118
3029
3180
3872
4093
4147
3994
3860
3851
4525
5358
5659
5348
4997
5045
5120
5519
5618
5374
4650
4677
4805
4828
4415
3724
2880
2680
3011
3248
3127
2145
709
-241
6
416
428
-1149
-3531
-4448
-3330
-2792
-3353
-3954
-5410
-6877
-6286
-4322
-3869
-4433
-4856
-5391
-5410
-3720
-2173
-2286
-2647
-2305
-2156
-1920
-900
-341
-883
-1292
-802
-579
-781
-859
-891
-1178
-1352
-1164
-1312
-1924
-2377
-2479
-2435
-2360
-2428
-2861
-3562
-3688
-3418
-2836
-2594
-3015
-3374
-3196
-2720
-2538
-2058
-1880
-1889
-1555
-1092
-1210
-1626
-1614
-1369
-1083
-496
-306
-1065
-1899
-1722
-1007
-526
-170
-287
-992
-1448
-917
-28
234
224
-110
-252
-73
729
1283
1385
1220
1172
1367
1689
2316
2555
2780
2801
3166
3369
3523
3608
3805
4192
4423
4623
4512
4413
4133
4224
4770
5340
5349
4631
4436
4418
4716
5053
5424
5026
4385
4186
4483
4650
4720
4606
4055
3107
2843
3218
3261
3209
2880
2083
857
740
978
839
107
-1484
-3034
-3106
-2188
-2527
-3640
-4578
-5755
-6194
-5085
-4226
-4919
-5862
-6176
-6339
-5546
-3935
-3472
-4107
-4124
-3366
-2981
-2313
-1286
-1079
-1495
-1297
-498
-387
-538
-277
-41
-144
-246
-271
-771
-1372
-1408
-1238
-1300
-1623
-2034
-2625
-3050
-2860
-2550
-2519
-2929
-3746
-3896
-3433
-2812
-2885
-2895
-2925
-2981
-2577
-2027
-1957
-2047
-1753
-1432
-1469
-1042
-650
-924
-898
-247
245
-189
-152
12
-124
-64
540
731
250
159
526
506
674
985
1010
700
678
1172
1171
1483
1777
1962
1965
2406
2800
2794
2991
3356
3516
3612
4046
4501
4781
4579
4440
4418
4930
5515
5813
5692
4874
4536
4459
5230
5705
5679
5030
4159
4151
4294
4706
4549
3972
2833
2295
2551
3157
3390
2897
1390
433
402
649
840
751
-389
-3028
-3861
-2625
-1506
-2222
-3304
-4671
-6182
-5985
-4347
-3620
-4305
-5157
-5977
-6314
-5133
-3424
-3428
-4033
-4046
-3748
-3750
-2924
-1640
-1491
-1915
-1731
-1180
-1305
-1307
-672
-262
-291
-345
-548
-1113
-1472
-1162
-942
-957
-1240
-1746
-2436
-2700
-2251
-1792
-2235
-2946
-3034
-2740
-2693
-2725
-2541
-2860
-3065
-2719
-2234
-2406
-2600
-2345
-2104
-1898
-1439
-1278
-1641
-1648
-969
-442
-256
-1
-128
-549
-410
535
1129
1035
844
642
526
763
1388
1557
1326
1125
1088
1230
1551
1954
1934
1930
2225
2612
2717
2737
2893
3137
3419
3902
4185
4297
4276
4252
4352
4630
5233
5637
5828
5411
4813
4502
4962
5607
5980
5745
4965
4188
3872
4358
4648
4726
4063
2962
1943
2130
2943
3194
2611
1633
452
-273
-218
304
342
-1032
-2879
-3652
-2808
-2385
-2772
-3621
-4821
-5856
-5693
-4635
-4186
-4531
-5212
-6049
-6058
-4808
-3726
-3805
-4260
-4120
-4123
-3855
-2817
-1803
-1846
-2273
-1963
-1442
-1187
-901
-559
-514
-635
-467
-329
-596
-800
-848
-894
-987
-888
-1012
-1616
-2082
-2040
-2102
-2400
-2397
-2259
-2646
-3078
-2944
-2772
-2900
-3058
-3019
-2996
-2813
-2448
-2289
-2259
-2097
-1863
-1734
-1395
-922
-755
-753
-504
-163
12
194
463
659
733
887
1032
1098
1242
1378
1489
1504
1643
1729
1663
1743
1924
2049
2029
2170
2423
2477
2588
2686
2802
2943
3347
3756
3859
3822
3905
4144
4514
4947
5100
5019
4864
5041
5163
5352
5505
5438
5173
4766
4668
4624
4741
4714
4472
4051
3474
2989
2891
3123
3181
2765
2141
1483
847
419
273
284
-355
-1688
-2746
-2763
-2420
-2642
-3329
-4250
-5274
-5798
-5560
-4952
-4670
-4896
-5610
-6346
-6135
-5218
-4459
-4316
-4300
-4332
-4447
-4127
-3205
-2323
-2005
-2005
-1906
-1686
-1372
-998
-730
-603
-479
-321
-268
-278
-263
-360
-530
-602
-532
-640
-1072
-1517
-1679
-1743
-1976
-2150
-2167
-2248
-2551
-2858
-3033
-3103
-3071
-2938
-2831
-2702
-2596
-2543
-2551
-2387
-2045
-1755
-1565
-1360
-1097
-889
-659
-399
-74
197
433
618
848
1061
1261
1416
1590
1725
1876
2014
2069
2178
2165
2191
2241
2333
2507
2584
2645
2567
2536
2648
2747
2999
3185
3379
3476
3538
3685
3745
3891
4104
4404
4752
5008
5173
5088
5017
5122
5245
5394
5467
5476
5272
5014
4918
4874
4690
4306
3894
3595
3298
2978
2620
2082
1461
806
73
-883
-1571
-1806
-2045
-2649
-3463
-4318
-5116
-5640
-5778
-5829
-5959
-6079
-6330
-6625
-6683
-6370
-5997
-5704
-5308
-4882
-4571
-4320
-3982
-3510
-3020
-2424
-1890
-1445
-1100
-855
-721
-616
-376
-78
171
330
410
354
222
96
1
-114
-225
-359
-592
-954
-1380
-1744
-2019
-2134
-2224
-2420
-2737
-3054
-3278
-3404
-3355
-3144
-2976
-2926
-2855
-2679
-2503
-2298
-2005
-1687
-1406
-1076
-719
-436
-209
60
293
481
742
1101
1392
1513
1592
1651
1727
1861
2058
2197
2207
2239
2292
2264
2272
2345
2418
2432
2497
2659
2705
2714
2756
2858
3012
3178
3365
3465
3539
3638
3756
3846
3939
4010
4042
4049
4170
4402
4550
4485
4266
4137
4114
4176
4236
4238
4097
3912
3703
3433
3082
2814
2590
2276
1930
1614
1288
852
366
-263
-1068
-1728
-2056
-2194
-2475
-2917
-3490
-4146
-4700
-5030
-5168
-5238
-5302
-5454
-5633
-5701
-5579
-5440
-5367
-5273
-5033
-4661
-4279
-3826
-3419
-3132
-2950
-2713
-2357
-1928
-1472
-1126
-936
-776
-555
-342
-203
-58
42
47
35
52
112
6
-243
-513
-691
-764
-846
-938
-1149
-1494
-1812
-2054
-2192
-2191
-2146
-2149
-2281
-2297
-2240
-2202
-2142
-2044
-1852
-1666
-1391
-1064
-787
-492
-272
-51
148
437
800
1060
1271
1443
1656
1794
1880
1997
2066
2108
2169
2238
2272
2216
2187
2122
2081
2165
2215
2226
2189
2125
2201
2287
2410
2555
2571
2533
2577
2706
2782
2811
2917
2919
2907
2982
3099
3193
3198
3245
3207
3210
3349
3388
3325
3165
2989
2977
3059
3200
3181
2981
2585
2166
1863
1687
1581
1447
1181
790
340
-75
-445
-857
-1262
-1680
-2042
-2358
-2625
-2867
-3174
-3516
-3877
-4166
-4355
-4452
-4440
-4410
-4434
-4481
-4474
-4453
-4374
-4219
-4037
-3850
-3610
-3335
-3050
-2764
-2539
-2359
-2195
-1964
-1682
-1386
-1098
-917
-798
-694
-604
-540
-461
-406
-418
-453
-420
-435
-494
-567
-704
-875
-1011
-1033
-1065
-1074
-1085
-1137
-1246
-1317
-1328
-1304
-1240
-1157
-1105
-1063
-955
-775
-552
-299
-68
91
196
349
547
739
923
1089
1290
1479
1600
1571
1518
1599
1738
1902
2031
1979
1846
1762
1797
1868
1987
2106
1990
1834
1880
2005
2110
2216
2285
2174
2100
2176
2262
2279
2248
2306
2419
2502
2479
2274
2083
2089
2203
2282
2293
2266
2163
2154
2153
2115
2081
2047
1998
1969
1982
2001
1956
1848
1676
1464
1266
1072
929
761
576
387
158
-123
-369
-603
-902
-1256
-1583
-1864
-2148
-2365
-2532
-2712
-2931
-3138
-3318
-3494
-3638
-3716
-3747
-3730
-3686
-3610
-3559
-3499
-3397
-3302
-3189
-3046
-2867
-2681
-2467
-2234
-2045
-1870
-1679
-1495
-1301
-1119
-1008
-928
-827
-671
-579
-524
-520
-621
-748
-816
-820
-798
-780
-806
-852
-909
-1026
-1136
-1175
-1093
-926
-797
-727
-695
-570
-393
-265
-217
-219
-128
120
427
596
695
706
744
970
1159
1188
1208
1410
1545
1703
1925
1843
1730
1493
1322
1416
1660
1929
2087
1900
1521
1336
1330
1503
1677
1642
1487
1419
1472
1735
1962
2080
1783
1469
1457
1517
1489
1600
1804
1817
1897
2066
1924
1724
1628
1550
1601
1818
1969
1977
1987
1955
1808
1584
1358
1240
1293
1392
1450
1407
1251
964
690
465
349
287
173
47
-76
-215
-393
-621
-848
-1086
-1310
-1511
-1677
-1778
-1847
-1920
-2122
-2359
-2500
-2589
-2679
-2742
-2783
-2816
-2857
-2851
-2813
-2775
-2715
-2721
-2756
-2748
-2641
-2478
-2329
-2184
-2092
-2018
-1950
-1896
-1788
-1649
-1546
-1461
-1341
-1280
-1327
-1399
-1468
-1412
-1200
-1021
-961
-877
-878
-966
-976
-753
-546
-542
-493
-412
-217
-14
80
74
106
88
4
135
469
705
717
662
780
893
1150
1388
1375
1244
1031
1080
1313
1738
1956
1778
1485
1327
1448
1664
1773
1592
1307
1194
1178
1298
1650
1770
1513
1270
1114
1160
1357
1523
1587
1514
1388
1332
1325
1309
1248
1234
1250
1402
1526
1466
1395
1319
1274
1269
1191
1016
1058
1223
1359
1441
1497
1433
1187
897
646
502
567
800
1022
1140
1128
839
435
132
-83
-233
-233
-167
-76
-61
-248
-543
-803
-1026
-1263
-1450
-1545
-1607
-1670
-1720
-1753
-1806
-1936
-2124
-2315
-2460
-2515
-2497
-2431
-2368
-2352
-2378
-2398
-2401
-2283
-2199
-2188
-2249
-2248
-2114
-1930
-1704
-1532
-1499
-1593
-1651
-1678
-1537
-1260
-1097
-1014
-972
-966
-889
-874
-912
-761
-513
-310
-146
-98
-254
-274
-192
-99
-61
-168
-24
381
623
598
478
398
471
541
511
494
633
859
1120
1285
1403
1284
1107
1115
1114
1015
925
995
1147
1501
1727
1659
1415
1139
1095
1051
980
916
893
1036
1371
1603
1671
1567
1346
1082
837
712
820
1009
1333
1540
1556
1390
1122
1074
1011
1004
1064
1037
972
1038
1108
1051
928
866
884
939
976
913
857
674
426
338
484
669
654
582
523
427
349
238
84
-46
-96
-174
-271
-280
-260
-299
-477
-666
-797
-882
-978
-1092
-1185
-1279
-1340
-1343
-1349
-1370
-1500
-1756
-1919
-1939
-1925
-1889
-1915
-1982
-2007
-1948
-2004
-1998
-1871
-1798
-1812
-1843
-1762
-1667
-1532
-1330
-1269
-1207
-1132
-1245
-1336
-1201
-909
-778
-835
-820
-617
-615
-692
-696
-663
-510
-118
73
-67
-69
-94
-66
156
432
422
302
226
268
501
812
670
434
232
225
554
883
1045
848
721
660
661
900
883
814
901
1089
1302
1329
1286
1166
932
797
952
1097
1272
1401
1375
1170
958
1021
952
820
1095
1272
1257
1072
1007
935
911
1073
1184
1131
1006
904
816
903
997
857
824
820
764
885
983
945
916
901
746
466
458
538
555
676
792
773
539
184
-2
150
261
310
218
-2
-168
-237
-232
-309
-316
-359
-514
-661
-803
-844
-837
-852
-802
-809
-942
-1172
-1258
-1216
-1176
-1147
-1242
-1363
-1425
-1467
-1486
-1409
-1398
-1418
-1404
-1350
-1283
-1420
-1561
-1574
-1388
-1123
-908
-974
-1095
-1037
-1032
-1062
-1026
-1063
-923
-592
-485
-403
-398
-643
-876
-705
-423
-213
-284
-423
-419
-415
6
305
202
-74
-143
-59
-46
-51
-72
0
278
570
606
356
102
-13
253
485
302
304
496
594
686
664
772
1032
896
522
419
643
832
899
1020
1039
1049
906
796
802
797
685
691
730
774
727
811
1087
1080
954
985
994
863
704
632
676
902
880
711
852
971
820
582
146
-164
-139
57
260
402
470
298
199
89
-199
-256
-250
-290
-208
-68
-18
-73
-14
-94
-354
-480
-590
-582
-491
-495
-669
-752
-806
-859
-838
-791
-781
-988
-1261
-1241
-1073
-936
-877
-1007
-1172
-1015
-787
-748
-907
-1145
-1298
-1333
-1142
-763
-608
-601
-745
-1000
-1048
-943
-828
-811
-874
-757
-565
-659
-640
-553
-553
-670
-886
-980
-594
-203
-111
-251
-420
-487
-287
-126
-235
-201
-165
-89
19
230
224
-32
-265
-316
-357
-384
-333
-234
18
294
335
11
26
181
132
-54
-137
17
437
930
1020
854
711
458
-6
-98
197
334
498
854
782
566
562
347
296
467
443
416
923
1268
1103
890
724
519
729
987
880
827
1017
829
529
618
588
298
409
340
-38
166
620
588
209
-28
-14
224
348
232
293
362
405
374
356
347
218
103
-12
-153
-103
-222
-368
-163
-43
52
-52
-295
-494
-547
-641
-723
-582
-390
-366
-418
-420
-487
-510
-724
-892
-785
-553
-401
-332
-400
-436
-372
-514
-747
-730
-624
-522
-390
-115
62
-201
-692
-836
-757
-459
-272
-350
-346
-160
33
-120
-282
-321
-527
-685
-609
-87
353
336
101
-61
31
137
81
-140
-257
-236
-170
100
285
308
369
216
-14
-55
-196
-196
166
420
469
205
-79
-226
-89
109
154
160
146
188
273
272
-70
-264
-180
-165
-168
-214
16
454
459
229
50
-296
-442
71
598
622
613
701
537
446
629
622
459
534
503
103
-28
145
247
283
331
259
-16
-38
-70
-352
-433
-294
77
335
437
395
122
-115
-20
-161
-304
-267
-453
-595
-444
-340
-146
-70
-217
-476
-488
-242
-111
-193
-342
-301
-255
-330
-120
252
335
306
105
-43
-26
-173
-369
-523
-670
-382
163
294
224
142
-97
-537
-934
-979
-653
-344
-18
293
321
19
-179
-109
-45
-135
-361
-526
-336
-50
171
364
448
368
70
-202
-262
-224
-275
-167
197
384
187
244
316
106
-131
-166
77
334
362
148
-27
-191
-110
172
456
426
246
243
265
291
177
-4
-18
53
348
610
543
361
31
-96
150
258
58
-255
-83
108
85
257
234
106
304
386
269
53
-367
-252
343
439
121
-56
-28
98
307
42
-111
-267
-375
-91
-186
-385
-288
18
228
332
308
-192
-806
-957
-664
-163
292
208
-100
-136
-174
-343
-493
-446
-146
127
146
111
-88
-188
-125
98
197
82
-195
-395
-282
-62
-52
-122
-93
-70
-25
127
100
-284
-305
-83
72
80
137
129
48
170
451
518
291
-127
-356
-241
-207
-315
-190
176
546
552
230
-216
-415
-478
-406
-82
279
459
304
216
221
65
-201
-330
-384
-284
118
406
292
74
-9
-100
-65
-104
16
316
482
486
242
-28
-131
-18
111
242
376
433
359
158
132
274
230
36
3
109
22
-226
-254
-195
45
527
635
169
-263
-584
-743
-463
-29
214
334
207
-9
122
252
-10
-408
-574
-481
-233
16
307
590
758
408
-298
-730
-676
-592
-539
-330
-155
-96
-223
-301
-309
-421
-579
-917
-1141
-972
-543
-339
-321
-140
148
26
-283
-481
-670
-673
-615
-396
52
393
340
164
-50
-115
-70
-144
-438
-486
-77
120
-6
-150
-36
30
41
-72
-135
-20
-70
-197
-206
-30
118
-1
-183
-185
-60
54
191
337
183
-124
-380
-525
-196
259
429
482
571
546
406
223
139
162
207
249
116
125
259
499
590
394
327
220
-85
-256
-193
-65
174
466
585
639
576
258
-53
-296
-315
-88
120
363
580
477
204
-19
-110
-68
-99
-48
60
128
243
317
315
303
284
188
6
-83
-60
11
115
126
94
13
5
9
60
94
-188
-499
-688
-756
-629
-449
-410
-240
-103
-148
-197
-278
-504
-812
-955
-942
-643
-158
246
353
205
-66
-382
-569
-596
-598
-580
-438
-196
25
191
168
-19
-164
-219
-340
-406
-372
-199
172
466
435
162
-65
-238
-244
-118
20
135
251
322
228
102
40
-1
-28
56
172
237
220
211
225
177
28
-53
41
153
249
342
302
269
259
232
206
157
184
200
200
208
171
31
-36
13
118
145
117
99
31
61
134
163
169
187
196
234
321
400
474
497
460
368
274
166
102
116
261
550
691
715
595
378
199
116
93
104
206
380
561
649
672
589
334
7
-205
-314
-242
-69
117
371
527
436
127
-201
-413
-459
-314
-79
103
289
401
404
305
142
-5
-148
-169
-122
-80
-144
-153
-91
-104
-223
-313
-337
-363
-290
-196
-100
-100
-191
-300
-374
-337
-171
28
166
258
280
163
-37
-175
-224
-172
15
242
445
559
544
439
336
222
60
-40
-25
100
290
440
533
493
344
214
169
152
206
283
315
395
500
596
647
660
628
569
498
399
303
230
229
252
351
448
451
403
344
314
241
217
293
349
493
689
791
788
817
838
804
767
687
643
611
628
734
849
926
933
850
718
644
586
483
392
335
301
264
280
349
426
405
284
161
24
-37
5
70
88
112
172
252
372
475
486
342
185
51
-52
9
168
321
419
490
458
296
37
-239
-418
-441
-391
-308
-190
-68
-24
-40
-79
-221
-390
-531
-582
-527
-349
-115
54
153
164
74
-83
-282
-461
-522
-493
-368
-142
90
170
154
18
-187
-354
-490
-540
-492
-299
-83
105
177
145
24
-163
-281
-341
-304
-174
2
125
243
311
297
243
143
41
-83
-118
-108
28
168
276
334
298
208
32
-88
-156
-122
13
201
344
366
347
294
228
157
98
59
26
47
102
202
244
227
153
36
-77
-139
-150
-138
-40
63
105
116
124
132
101
38
4
-17
-4
33
66
124
147
137
40
-56
-129
-181
-180
-162
-156
-205
-241
-290
-297
-333
-381
-401
-406
-423
-469
-512
-574
-595
-559
-462
-433
-391
-385
-445
-521
-580
-610
-642
-627
-611
-566
-542
-542
-614
-741
-827
-868
-892
-894
-882
-862
-873
-923
-912
-895
-891
-934
-945
-936
-946
-973
-966
-897
-834
-779
-734
-690
-640
-642
-653
-717
-764
-786
-782
-761
-767
-746
-713
-725
-775
-822
-822
-876
-921
-917
-856
-737
-655
-564
-528
-485
-479
-524
-576
-606
-580
-529
-464
-343
-237
-182
-170
-200
-232
-267
-256
-253
-196
-113
-19
47
33
-11
-93
-144
-217
-260
-250
-200
-155
-145
-179
-217
-264
-343
-405
-447
-407
-388
-361
-352
-292
-254
-239
-177
-146
-116
-137
-180
-209
-197
-157
-138
-121
-153
-185
-231
-305
-400
-472
-522
-599
-668
-697
-690
-669
-663
-676
-690
-735
-771
-800
-769
-754
-741
-715
-682
-612
-542
-481
-502
-560
-620
-656
-671
-674
-615
-565
-525
-546
-590
-622
-671
-709
-771
-764
-757
-738
-721
-731
-705
-693
-659
-665
-681
-654
-625
-595
-610
-555
-472
-455
-457
-455
-462
-475
-436
-381
-334
-283
-249
-222
-263
-278
-256
-253
-260
-226
-173
-158
-172
-207
-212
-243
-249
-273
-276
-250
-197
-141
-77
-60
-65
-85
-88
-92
-84
0
59
152
210
303
298
202
146
119
124
113
140
205
221
242
228
191
138
117
123
122
191
261
301
312
285
300
328
355
384
425
457
438
403
437
459
485
499
510
486
460
479
483
490
519
531
493
434
395
394
379
359
343
372
422
427
401
358
303
284
274
299
340
381
425
398
364
337
327
343
356
386
456
507
491
446
441
464
443
424
419
477
545
602
653
665
690
707
701
665
665
718
728
728
755
792
793
700
640
614
599
570
549
574
515
570
552
526
606
619
689
716
710
662
705
766
713
761
769
730
675
586
524
480
473
386
318
324
262
262
216
181
190
152
140
114
222
296
333
345
333
380
357
314
322
396
461
507
529
526
564
576
534
527
545
540
576
552
542
564
560
531
460
479
476
498
484
467
503
498
455
397
372
363
381
348
303
300
322
303
247
232
175
167
147
174
227
265
298
233
156
105
86
58
25
66
137
154
154
91
4
-57
-99
-125
-140
-76
-21
9
-37
-87
-79
-129
-175
-163
-116
-37
8
21
-11
-45
-42
-77
-83
-85
-8
63
78
87
69
61
-16
-81
-87
-81
-12
6
17
3
-40
-87
-154
-155
-118
-74
-69
-88
-71
-80
-104
-174
-198
-166
-146
-100
-72
-80
-146
-224
-218
-216
-148
-87
-64
-36
-75
-23
-39
-72
-54
-57
-39
-52
-10
62
100
114
115
122
130
104
79
49
32
50
58
57
28
15
6
2
15
0
-36
-71
-26
32
92
126
158
133
104
86
69
63
20
25
43
76
79
62
9
-39
-35
-53
-90
-129
-115
-94
-101
-137
-163
-191
-237
-263
-286
-281
-308
-276
-264
-287
-327
-397
-453
-504
-480
-490
-486
-520
-527
-545
-605
-616
-602
-588
-592
-578
-550
-535
-601
-631
-669
-700
-731
-709
-633
-638
-599
-591
-574
-598
-597
-550
-518
-506
-483
-475
-524
-586
-622
-631
-655
-638
-635
-646
-657
-664
-652
-676
-680
-670
-614
-603
-610
-603
-581
-535
-499
-446
-443
-438
-432
-404
-364
-317
-272
-270
-253
-233
-192
-146
-122
-127
-135
-138
-148
-133
-130
-139
-174
-195
-201
-196
-193
-198
-198
-188
-135
-78
-42
-75
-105
-96
-55
-37
-16
2
-2
-15
-37
-11
0
7
-33
-53
-20
27
68
70
71
69
78
68
67
48
74
106
117
112
70
37
-18
-68
-96
-71
-21
6
21
24
2
-50
-94
-125
-108
-72
-28
-3
-11
-61
-127
-165
-193
-202
-199
-152
-115
-93
-75
-74
-83
-100
-83
-36
30
100
147
145
121
88
61
37
-17
-28
-46
-38
-25
0
46
34
59
55
52
59
45
76
113
139
172
177
173
156
163
200
211
241
280
331
369
408
436
428
425
401
401
386
397
404
389
412
415
414
391
355
317
318
347
356
367
342
317
298
292
307
343
378
421
447
481
450
412
376
340
392
457
529
546
555
544
557
574
565
572
558
579
561
541
518
482
488
502
513
519
538
517
476
466
479
535
570
573
566
544
541
512
470
445
437
485
502
508
515
494
462
418
409
402
365
357
341
345
336
316
283
243
245
234
235
228
212
198
164
143
133
112
78
52
32
30
16
11
11
-15
-14
-26
-47
-65
-72
-43
-24
-17
-16
3
4
-14
-17
6
12
15
23
41
42
41
32
17
1
3
7
-9
-24
-22
5
-4
-38
-67
-69
-79
-88
-92
-116
-137
-146
-132
-123
-105
-82
-77
-98
-111
-100
-84
-81
-48
-8
-8
-23
-42
-61
-99
-90
-57
-42
-37
-36
-25
-57
-84
-100
-119
-123
-117
-84
-75
-85
-86
-104
-122
-147
-161
-162
-165
-163
-150
-134
-147
-173
-166
-146
-159
-171
-178
-185
-184
-182
-182
-204
-210
-228
-256
-269
-263
-250
-259
-278
-274
-255
-279
-319
-334
-340
-351
-350
-347
-361
-370
-379
-409
-467
-490
-485
-493
-517
-529
-503
-500
-532
-544
-535
-520
-511
-511
-527
-538
-532
-523
-521
-526
-487
-456
-445
-438
-415
-382
-375
-379
-385
-357
-338
-338
-329
-328
-325
-333
-345
-358
-355
-326
-335
-363
-381
-373
-376
-373
-369
-352
-339
-346
-358
-375
-374
-369
-341
-328
-312
-290
-279
-293
-288
-251
-229
-214
-206
-193
-169
-137
-124
-104
-92
-75
-64
-67
-76
-61
-62
-35
5
26
31
28
32
28
31
46
54
55
57
65
60
54
64
68
70
76
80
73
65
73
75
87
113
122
117
114
115
110
88
57
56
77
80
77
72
60
51
33
24
11
9
9
5
0
-16
-25
-38
-57
-60
-54
-46
-52
-62
-65
-65
-69
-82
-87
-75
-46
-35
-23
-18
-6
2
-11
12
39
52
60
75
86
87
86
86
83
78
85
83
73
53
42
44
42
33
17
9
-5
-16
-10
-1
-5
3
13
9
5
-19
-35
-35
-20
-11
-11
-11
-15
-3
-2
5
14
22
29
21
11
-16
-18
-6
2
9
14
-3
-14
-26
-45
-41
-34
-35
-27
-23
-28
-24
-38
-33
-12
9
19
24
39
53
66
83
107
110
131
142
140
137
146
142
131
148
149
155
151
132
119
112
99
78
69
58
62
51
42
34
20
13
10
17
9
19
21
7
3
-1
8
16
31
36
47
55
70
85
82
90
94
85
80
91
104
94
97
108
98
91
92
97
102
107
114
110
112
108
92
78
72
64
55
62
65
78
81
84
92
88
88
89
94
109
131
154
