-360
-230
-206
-265
-406
-403
-304
-427
-585
-692
-712
-628
-359
-98
-141
-245
-373
-508
-611
-532
-534
-338
-114
-142
-267
-368
-374
-293
-114
-65
-106
-134
-236
-273
-270
-334
-446
-499
-492
-202
74
34
98
125
102
231
264
89
-205
-514
-677
-499
-264
4
75
24
-76
-218
-253
-260
-303
-281
-220
-32
126
154
34
-43
-73
-62
18
13
25
154
219
89
-43
23
148
128
208
191
165
142
74
39
-35
-62
-30
-14
167
217
157
110
-103
-211
-5
273
257
133
-49
-98
-54
-4
111
400
640
663
605
586
600
494
367
402
547
812
841
702
472
394
341
328
340
296
272
310
453
536
609
751
841
834
776
809
851
987
1006
957
702
589
704
844
954
831
685
507
545
749
813
776
539
485
441
254
117
176
331
561
806
654
524
512
530
301
368
648
680
538
532
426
432
388
255
167
66
172
145
331
445
391
146
177
246
290
391
117
32
70
-93
-114
154
511
480
181
19
-170
-304
-426
-431
-299
-288
-161
-123
-20
130
144
-6
-64
-40
-38
-36
94
-31
-116
-114
-306
-391
-167
221
183
76
-150
-427
-658
-833
-751
-441
-46
331
457
269
-166
-507
-507
-318
234
422
316
49
-158
-209
-190
-177
-47
114
289
343
173
8
-156
-411
-606
-474
-276
-142
89
159
-128
-336
-306
-158
55
-125
-303
-402
-560
-582
-317
-348
-378
-158
28
-142
-240
-148
-137
-78
-27
19
6
-13
-195
-238
-59
-131
-100
17
20
-167
-101
-108
-194
-21
-58
-169
-214
5
-284
-373
-304
-67
274
295
423
173
-147
-437
-561
-534
-544
-409
-34
298
353
397
290
83
83
275
82
68
47
-203
-294
9
253
240
308
148
43
134
381
379
361
137
319
166
220
344
464
616
531
313
-37
-101
-198
0
11
-13
-489
-531
-445
-276
-52
268
705
666
503
273
105
115
407
736
644
434
589
614
365
433
275
146
-109
-216
-270
56
245
216
172
-293
-392
-368
-420
-503
-291
-154
291
610
637
232
-178
-410
-246
96
484
583
33
-323
-59
324
436
323
80
-386
-608
-754
-657
-612
-285
-235
-113
122
-148
-363
-109
161
-22
-136
-557
-588
-399
-273
-103
-173
95
-123
-185
-187
39
80
-18
-355
-512
-210
-121
-95
-285
-170
285
22
-154
-504
-478
-508
-53
291
90
-223
-64
-87
-98
-10
172
340
463
307
-294
-551
-404
-441
-542
-404
-221
-18
56
-34
-145
-176
84
82
90
-151
47
-211
-540
-869
-867
-412
-414
101
17
8
-69
-91
-659
-1068
-800
-598
-456
-193
55
-31
154
178
144
261
200
-213
-767
-859
-1280
-1009
-347
128
283
201
41
-34
-65
-438
-776
-1021
-957
-464
-42
206
-120
-123
-314
22
230
1
-214
-172
-343
-466
-56
160
247
470
432
115
56
-318
-354
216
627
457
52
-478
-479
63
176
-21
-13
381
627
412
11
-180
-471
-605
-399
245
514
164
181
213
-197
-762
-741
-323
124
205
201
44
35
158
72
126
252
808
984
880
642
-325
-758
-331
269
620
797
869
385
117
-358
-435
-705
-379
-236
-199
105
354
734
433
630
47
4
-354
-17
25
249
411
334
265
290
363
275
222
201
960
563
275
-27
123
-86
-46
534
365
606
473
531
433
353
-23
-404
-134
50
588
446
555
139
88
118
128
84
192
206
360
665
538
-76
-172
151
486
657
719
1003
722
470
304
242
228
396
291
-54
204
219
9
145
264
287
324
288
318
411
161
503
377
256
-170
19
180
906
1214
1119
852
524
807
720
397
237
574
474
444
639
643
478
890
702
513
529
719
582
834
343
448
428
540
530
692
848
698
498
217
-66
-119
141
225
96
-174
265
328
732
442
206
-46
650
944
699
80
102
115
414
234
766
706
656
68
330
651
922
511
416
159
261
80
584
612
933
552
139
-102
126
468
314
360
280
214
-264
23
236
294
106
57
-280
-345
-9
401
434
326
-246
-130
-16
-131
-250
337
427
742
821
300
-319
-504
-549
-457
-250
-49
-565
-691
-800
-464
-116
550
275
-578
-1027
-1328
-685
-464
255
148
435
-192
-91
-691
-598
-611
-951
-886
-489
-183
-113
117
42
-470
-692
-1141
-455
28
323
10
-195
-629
-852
-1018
-973
-696
-631
-219
-280
-195
-973
-1293
-1051
-395
-200
-249
-717
-920
-1047
-867
-1059
-959
-639
-555
-627
-838
-1158
-1195
-1006
-1036
-803
-1106
-1254
-1402
-1365
-764
-316
-119
-907
-1645
-1870
-1509
-1162
-1045
-1056
-1585
-1434
-1192
-695
-839
-287
-637
-909
-1347
-1425
-1338
-1005
-922
-1493
-1077
-1007
-570
-219
-614
-705
-1274
-971
-908
-598
-678
-445
-534
-701
-665
-306
-625
-393
-237
-259
-545
-633
-573
-820
-705
-108
-421
-429
-241
-129
-260
-75
190
187
-71
-368
-805
-561
-287
-527
-388
-458
113
33
270
-64
-28
-511
-209
-679
-503
-505
-369
-255
-10
285
-67
103
324
90
-342
-609
-445
-937
-268
-442
216
587
1180
696
684
-202
-16
-150
228
654
782
495
67
591
1113
613
-211
-25
249
661
865
834
611
758
753
514
588
257
629
137
815
1234
1625
1354
897
537
601
913
902
1591
1155
813
318
542
1038
1122
1446
943
1533
1443
1049
424
643
1096
806
1802
1226
1719
950
1044
773
1401
1311
941
1136
1314
1500
813
1275
1058
1563
793
1249
373
1217
1169
1358
867
804
364
188
702
253
670
359
1028
975
1855
1225
1051
709
1398
1081
1467
1444
798
803
666
811
457
594
503
738
782
1299
644
387
-49
353
646
358
229
36
-99
-73
168
400
906
1189
1278
274
566
386
636
729
607
411
259
405
309
676
516
769
896
746
492
-127
142
-96
607
253
398
383
469
127
170
261
271
-32
-12
-19
143
446
168
454
-33
-119
-596
-361
-502
-386
270
659
571
371
-255
-333
-518
-556
-839
-398
-167
62
-20
-17
-120
282
186
62
-425
-1058
-1026
-873
37
-108
191
-628
-155
-277
-104
-347
-376
-72
310
-206
-319
-859
-126
-839
-402
-628
-484
-451
-346
-507
-1292
-601
-1416
-587
-1073
141
-681
-54
-715
-13
-220
-9
-202
-101
-530
-771
-981
-317
-269
125
-104
-192
41
-796
-679
-1587
-1309
-1104
-795
-397
-365
191
-157
-65
-536
-333
-812
-829
143
110
44
-986
-196
-701
193
-1171
-458
-1798
-528
-1564
-33
-1605
-362
-934
-651
-361
419
243
394
-122
-299
-661
-689
-797
-692
-1106
-1139
-1151
-1176
-607
-525
-154
-701
-594
-1208
-332
-585
67
-338
-773
-1145
-1645
-1536
-1482
-832
-289
-544
-591
-1188
-864
-1381
-870
-1112
-413
-517
-7
-263
-63
-741
-852
-1180
-1289
-1465
-700
-54
120
-667
-792
-1332
-1117
-962
-384
-761
-349
-215
207
-392
-371
-337
0
-93
-1478
-608
-1351
-310
-920
65
-771
-286
-340
-164
-554
-29
-250
-441
-323
51
-606
-35
-892
52
-609
329
-512
135
-520
-495
-441
-326
-360
-1104
125
-500
-44
-206
203
-605
-354
2
-861
-638
166
142
-15
-125
221
-164
-203
-176
-430
-683
-407
-360
473
302
733
-124
-31
-254
20
669
553
893
635
116
359
-731
577
-370
438
-75
216
304
140
740
543
556
-125
-10
-102
672
490
780
205
1313
381
1614
191
960
627
320
514
-490
846
370
1239
1261
775
1660
-210
679
-223
365
552
438
648
111
525
87
375
655
410
1099
-279
-219
-194
898
738
855
1093
525
525
571
507
645
915
1077
1193
1019
601
156
638
546
1695
669
1546
167
963
-255
843
-221
764
58
917
114
780
-49
282
4
481
74
133
-493
579
475
957
693
386
291
95
-205
-456
-188
194
-104
361
769
203
927
-624
771
-988
633
-444
605
45
710
518
329
-20
268
132
124
-318
-433
-873
-564
-704
-766
-614
-620
-157
267
500
-34
141
88
610
793
748
142
103
-103
25
19
230
529
381
639
147
-93
-205
-856
-281
-836
-158
-953
-163
-494
-30
336
570
435
-19
397
-1015
-323
-900
-21
-564
288
-465
-116
114
136
391
496
377
-161
19
-73
-340
15
-256
-183
-349
487
35
803
338
904
187
-29
309
239
-5
272
737
504
749
427
-61
501
506
294
-247
-144
107
258
552
294
652
10
450
-22
846
555
150
271
193
774
728
500
59
26
381
237
313
-112
114
-114
341
325
-54
627
-12
813
578
1136
448
946
606
335
862
842
773
997
508
-29
-795
-689
-302
323
362
383
604
-155
323
302
334
76
628
30
357
-132
117
270
603
736
607
460
521
-357
490
242
871
980
1452
511
223
322
58
-99
187
353
192
637
142
-61
173
504
871
-105
-587
-899
-116
498
731
964
-199
157
-143
203
307
326
680
464
912
564
425
-355
-105
-109
-170
-39
-600
134
-487
383
-781
-482
-1007
-461
-92
587
150
-153
-696
-123
-537
216
-1053
-438
-1423
-355
-1133
-221
-561
-363
-383
-237
277
-389
-209
-905
-642
-621
-1037
-1423
-944
-689
-41
-143
-184
-743
-1138
-769
-839
-836
-260
-984
135
-54
530
-559
-187
-1076
-1177
-1409
-1539
-1304
-1037
-1295
-1037
-2065
-1193
-1794
-997
-1657
-400
-1242
-970
-1775
-1307
-2094
-1386
-1259
-999
-701
-957
-1028
-1589
-1561
-1644
-1661
-1839
-1788
-1448
-1695
-862
-685
-542
-898
-683
-1446
-1827
-1649
-1429
-1153
-733
-676
-823
-814
-956
-915
-871
-789
-1141
-736
-932
-621
-924
-549
-1371
-1369
-1769
-1341
-951
-704
-555
-401
-138
-319
-640
-868
-888
-532
-518
-636
-939
-888
-533
81
4
-51
-252
-783
-1145
-519
-1029
-1022
-566
-144
-367
-497
-596
-632
-367
-474
-419
-616
-840
-1443
-1230
-620
138
430
385
176
260
402
354
347
-97
-431
-232
-253
71
331
359
283
628
176
34
-319
187
161
-32
-346
-316
-73
256
706
346
-260
-160
-126
351
352
-356
-642
-630
-146
196
691
387
122
262
139
171
-140
-554
-723
-410
93
517
559
357
11
178
64
382
138
239
81
488
786
593
593
305
157
-712
-771
-470
171
154
382
-140
-574
-698
-213
188
57
221
223
110
-9
-200
-128
-323
-118
81
-312
-741
-559
-477
-478
-303
-467
-788
-1233
-971
-916
-635
-537
-506
-592
-501
-268
-463
-469
-660
-256
-126
156
401
45
-219
-402
-239
-41
450
496
449
65
-533
-746
-846
-702
-594
-483
-438
-421
-186
-27
118
248
246
307
179
215
220
200
253
463
821
1044
1013
873
500
448
312
179
607
939
336
-105
-189
-241
92
348
291
364
652
776
626
503
439
37
-185
79
322
428
721
899
659
812
737
871
963
1058
623
358
429
479
309
402
502
716
733
553
608
637
560
552
682
993
1097
1121
971
840
742
622
569
850
1219
1331
1261
1178
1140
1271
1253
1313
1203
1102
1107
1131
1060
1230
1337
1122
935
1055
1006
821
843
824
1122
1147
1274
1254
1243
1198
1166
1313
1436
1699
1858
2019
2001
2055
1792
1587
1443
1570
1629
1594
1498
1280
985
865
804
893
924
921
1161
1242
1222
822
607
416
564
651
810
920
1002
851
889
930
871
825
693
837
667
679
446
352
284
282
490
398
345
186
-112
-203
-147
71
-39
45
90
140
257
245
221
301
208
21
-141
-267
-287
-253
-308
-384
-367
-521
-669
-668
-962
-849
-429
-14
177
231
322
321
365
293
256
305
155
-10
-68
-175
-389
-459
-346
-302
-85
-91
-101
-244
-390
-379
-357
-293
-438
-318
-191
-54
125
304
454
631
692
668
530
403
455
333
307
150
287
173
93
-86
-192
-196
-338
-211
-258
-256
-310
-216
-102
-107
-170
-177
-258
-67
199
345
400
358
363
291
338
185
166
17
-125
-297
-338
-396
-492
-513
-475
-405
-375
-231
-231
-86
-87
19
37
152
318
406
673
681
923
842
954
898
783
718
528
527
299
289
231
161
196
205
333
277
224
360
448
556
566
661
649
763
901
996
920
1003
936
1113
966
1009
975
843
716
588
602
355
338
143
106
26
73
80
74
95
152
295
275
520
627
821
805
897
883
719
605
484
366
155
88
74
15
-56
-108
-202
-334
-532
-551
-708
-782
-979
-901
-858
-803
-775
-692
-619
-735
-667
-861
-690
-860
-733
-861
-826
-907
-807
-792
-836
-815
-935
-852
-1039
-975
-1124
-1093
-1322
-1239
-1200
-1034
-926
-704
-549
-398
-339
-263
-243
-250
-171
-147
53
38
243
448
586
595
486
515
445
345
447
302
313
-16
-19
-78
-77
-87
-284
-350
-838
-829
-921
-816
-1105
-1258
-1583
-1794
-1886
-1630
-1575
-1715
-1901
-2002
-1892
-2114
-1936
-2102
-2209
-2497
-2708
-2628
-2741
-2585
-2618
-2736
-2776
-2839
-2536
-2543
-2612
-2720
-2863
-3042
-3266
-3223
-3161
-3384
-3630
-4030
-4200
-4441
-4614
-4749
-5096
-5348
-5562
-5589
-5587
-5492
-5271
-5250
-5114
-4975
-4728
-4337
-4227
-4138
-4053
-3916
-3715
-3514
-3260
-3116
-2930
-2746
-2636
-2308
-2007
-1748
-1595
-1417
-1154
-827
-433
-139
130
411
689
963
1296
1524
1808
1984
2138
2290
2559
2859
3052
3340
3537
3878
4207
4619
5227
5406
5577
5653
5707
5716
5431
5520
5278
5315
5221
5506
5777
6001
6365
6404
6506
6050
5757
5110
4652
3922
3482
2742
2170
1664
1076
-214
-2174
-3924
-5307
-6456
-7314
-7876
-7970
-7954
-7299
-6089
-4562
-3129
-1884
-870
-282
88
683
1179
1190
1017
905
919
715
693
644
388
-272
-1278
-2220
-3136
-3883
-4559
-5166
-5596
-5717
-5219
-4403
-3351
-2177
-1106
-263
522
1205
1835
2131
2234
2066
1899
1712
1647
1507
1265
471
-243
-1465
-2361
-3369
-4051
-4710
-5315
-5425
-5524
-4734
-3955
-2618
-1584
-443
400
1282
1897
2148
2237
1968
1605
1377
1152
1112
1017
1033
864
719
436
242
135
34
-17
127
473
915
1698
2482
3378
4161
4884
5396
5905
6169
6300
6134
6048
6055
6055
6191
6146
6382
6399
6347
6320
6082
6064
5574
5799
5708
5889
5815
5635
5333
4976
4562
4369
3918
3609
2892
2361
875
-1441
-3810
-5919
-7117
-8195
-8471
-8555
-7991
-7332
-5928
-4214
-2590
-1565
-740
-453
-474
-378
-95
223
36
-170
-252
-258
-372
-687
-1059
-2056
-3330
-4749
-5807
-6551
-6805
-6822
-6515
-5822
-4696
-3241
-1711
-370
506
1074
1200
1241
1222
1184
1058
830
628
347
280
106
-243
-889
-1728
-3003
-4164
-5196
-5568
-5776
-5475
-4694
-3632
-2126
-752
767
1526
1864
1667
1461
1017
725
529
496
355
319
491
640
617
254
-289
-1136
-1735
-2001
-1618
-1073
-304
710
1607
2806
3618
4556
4720
4644
4394
4018
4091
4091
4665
4942
5298
5893
6470
7036
6897
6746
6322
6056
5852
5915
6055
6223
6491
7060
7748
8114
8632
8248
7726
6432
5866
4863
4236
3616
3247
3301
2812
2870
1420
-635
-3809
-5735
-7227
-8283
-8247
-7677
-6439
-5343
-3270
-944
1236
2347
2852
2618
1800
865
478
289
-324
-678
-1132
-1134
-1417
-1471
-1986
-2984
-4410
-5861
-6712
-7024
-6411
-5383
-4133
-2714
-936
774
2234
3239
3597
3095
2079
1148
335
-184
-670
-883
-1201
-1652
-1758
-1791
-1865
-2728
-3360
-4149
-4398
-4801
-4530
-4088
-3549
-2605
-1739
-207
519
1407
1473
1153
318
-625
-1171
-1578
-1894
-1840
-1887
-1384
-1201
-732
-486
-453
-641
-940
-1453
-1460
-1591
-864
-565
301
992
1454
2190
1965
2325
1600
1710
1455
1745
2236
2865
3699
4161
4662
5167
5355
5560
5397
5188
4838
4643
5108
5734
6496
6878
7045
6856
6380
6204
6128
5794
5191
4365
3944
3355
3415
3189
3084
2933
2674
2876
2490
2372
542
-2544
-6135
-8324
-9049
-9186
-8148
-6687
-5470
-4359
-2778
-709
527
653
152
-853
-1999
-2648
-2083
-1189
-1061
-1159
-1572
-1931
-2456
-3095
-3994
-5497
-6993
-8028
-7953
-6754
-4810
-2709
-1213
-35
1010
1702
2093
2000
1349
161
-985
-1476
-1455
-1080
-768
-714
-1170
-2191
-2922
-3587
-4032
-4697
-5120
-4881
-4271
-2629
-1305
-6
319
-319
-708
-1444
-1307
-1516
-1386
-1451
-1795
-1697
-1634
-945
-760
-1017
-1464
-1876
-2050
-1845
-1221
-746
-708
-851
-817
-499
-69
273
595
521
360
503
1099
1816
2291
2737
2822
3042
3069
3547
3826
4003
3963
3850
4421
4662
5463
6019
6358
5831
5337
4992
5001
5602
6073
6293
6142
6308
6433
7277
7594
7873
7362
6543
5505
4758
4161
3208
2814
2499
2854
3056
3152
2580
-188
-4885
-8866
-10532
-10889
-10366
-8208
-6002
-4280
-2325
78
2402
3022
2195
689
-1133
-2746
-3106
-2019
-1386
-1461
-1863
-2510
-3212
-3969
-5072
-6562
-8232
-9359
-9324
-7739
-4972
-1958
330
1487
2259
2586
2250
1621
597
-930
-2564
-3358
-3233
-2573
-1944
-1840
-2154
-3235
-4479
-5115
-5350
-5535
-5322
-4607
-3264
-1666
470
1816
2643
1639
-275
-2507
-4341
-4981
-5238
-4345
-4088
-3157
-3005
-2661
-2519
-2868
-3555
-4403
-4670
-4291
-3052
-1366
174
1192
1453
1250
927
339
-386
-941
-1429
-1342
-827
458
1652
2893
3337
3326
3042
2696
2606
2385
2551
2544
3089
3824
5016
5988
6528
6394
6745
6129
5771
5118
4867
5212
4698
5451
5652
6137
6061
6049
6804
6468
6671
5697
4852
3999
2979
2716
2528
2845
2858
2435
1940
-828
-5445
-9436
-11172
-10958
-10911
-8493
-5729
-3553
-1572
469
2789
2934
1968
462
-1023
-2200
-2711
-1665
-991
-1258
-1796
-2815
-3822
-5037
-6248
-7436
-8532
-8504
-7672
-5459
-2459
523
2522
3123
3408
3220
2350
1356
386
-694
-1852
-2290
-2007
-1775
-1639
-1963
-2509
-3546
-4643
-4577
-4404
-3892
-3056
-1743
-205
1120
2420
2742
2683
918
-991
-3127
-4705
-5470
-5558
-4690
-4209
-2981
-2452
-1645
-967
-1003
-1111
-1337
-1401
-1268
-696
142
716
845
475
-59
-703
-1575
-2003
-1743
-1434
-412
760
2509
3277
4022
3760
3464
2793
2197
2401
2559
3021
3226
3992
4409
4974
5315
5682
5790
5729
5428
5825
6438
6698
6584
6622
6824
6280
6389
6019
6153
5263
5484
5693
6244
6686
5997
5527
3858
3364
2768
2952
3025
3173
3218
2501
1373
-1939
-6886
-10182
-10993
-10571
-9065
-5972
-2919
-1313
-8
1486
2414
1768
26
-1191
-2559
-3375
-2756
-1283
-627
-1114
-2096
-3723
-5464
-6836
-7906
-8471
-8474
-7471
-5451
-2783
312
2549
3239
2727
1984
982
-189
-824
-1268
-1854
-2234
-2130
-1711
-1731
-2038
-2956
-4225
-5392
-5574
-4728
-3573
-2337
-855
454
1400
1899
1993
1187
-548
-2482
-4379
-5645
-6382
-5971
-5476
-4662
-4162
-3248
-2568
-1933
-1450
-1186
-883
-710
-256
260
602
698
143
-474
-1315
-1817
-2120
-1929
-1423
-554
292
1500
2404
3190
3311
3139
2925
2437
2515
2709
3365
3724
3926
4187
4119
3930
4217
4799
5586
5612
6131
6151
6177
6083
6599
7686
7618
6673
5228
4512
3583
3689
5044
6304
6916
7125
6882
5801
4714
3768
3040
2330
2206
2911
3419
2981
1571
-3322
-8435
-11510
-11080
-10525
-8376
-4704
-2763
-1429
-258
2095
2514
1194
-533
-1783
-2891
-2941
-1258
348
-106
-1213
-3009
-5089
-6412
-7435
-7981
-8397
-7599
-6018
-3604
-495
2018
3165
2440
1381
574
-345
-631
-442
-537
-1082
-1283
-1151
-1484
-2141
-3161
-4386
-5509
-5944
-5168
-3677
-1963
-532
821
1200
1325
1126
622
-348
-2250
-3495
-4839
-4960
-5031
-4427
-4220
-4211
-4304
-3842
-3159
-2287
-1543
-761
-135
194
740
966
959
189
-634
-1429
-1818
-1859
-1501
-858
-225
319
963
1571
2163
2403
2678
2645
2879
2949
3479
3845
4069
3810
3547
3405
3376
3897
4404
5464
5895
6569
6899
7419
7323
6612
6252
5964
5657
4953
5521
5308
5907
5591
6137
5747
5199
5602
5906
5982
4617
4071
3679
2578
2976
3740
4327
3069
1004
-3594
-9209
-11829
-11266
-9598
-7830
-4562
-2539
-1818
-1265
697
781
-529
-1766
-2072
-2394
-1622
625
1716
902
-1113
-3341
-5804
-7428
-7983
-8249
-8087
-6895
-4942
-2860
-620
1123
1299
215
-434
-651
-433
194
1148
1194
524
-106
-839
-1960
-3273
-4322
-5372
-5764
-5486
-4008
-2493
-1296
-623
-453
-458
-742
-913
-1743
-1787
-2138
-2180
-2268
-2230
-2480
-3571
-4015
-4455
-3971
-3443
-2555
-1355
-854
-425
-58
152
-3
-561
-693
-1030
-878
-762
-381
-69
-148
-76
-170
318
427
1191
1569
2390
2638
3098
3376
3644
3671
3473
3778
3357
3090
3133
3773
4516
4918
5644
5877
6066
6140
6405
7228
6884
6860
5901
5677
5412
6051
6399
5973
5843
5076
4585
3840
5205
6275
6671
5367
4834
3842
2687
2397
2683
2446
779
296
-2854
-7702
-10643
-9855
-8759
-8572
-5304
-2831
-2293
-2342
-433
309
-912
-1274
-793
-1023
-783
601
1279
126
-1531
-3484
-6155
-7420
-7700
-7770
-7550
-6184
-4645
-3656
-2055
-646
-399
-832
-546
-3
315
1171
2171
1869
907
-68
-1166
-2727
-3844
-4461
-5098
-5187
-4711
-3653
-3223
-2417
-2085
-1837
-1655
-1355
-773
-1457
-1206
-1231
-969
-1199
-1722
-2028
-3508
-3990
-4592
-3976
-3492
-2798
-2208
-1977
-1784
-1595
-1287
-999
-852
-605
-301
126
561
581
553
119
-166
-350
83
663
1308
1830
2130
2294
2544
2876
3145
3304
3274
3618
3405
3828
4023
4797
4864
5437
5538
5569
6085
6216
6594
6614
7060
7298
7392
7060
5852
4659
4163
4277
4954
5037
6052
5875
5581
5771
6208
5803
3783
3108
2215
2465
3017
3721
2804
1089
-2452
-8553
-12124
-11362
-8734
-8082
-4854
-2543
-2409
-3353
-1598
-837
-2508
-2563
-1305
-466
91
2544
3081
1002
-1689
-4073
-6780
-8039
-7530
-7056
-6497
-5421
-4433
-4190
-3245
-2500
-2688
-2943
-1715
-159
1082
2718
3652
2800
1036
-238
-1658
-3000
-3430
-3394
-3509
-3926
-3742
-3335
-3516
-4064
-4337
-4205
-3774
-2830
-1568
-367
-20
40
-350
-703
-2134
-2878
-3515
-3516
-3575
-2717
-2033
-1770
-2044
-2411
-2568
-2874
-2344
-1537
-557
25
706
1053
899
565
69
-80
-215
226
841
1715
1950
2138
1858
1645
1299
1459
1894
2659
3478
4062
4919
4683
4591
3950
3932
3987
4716
6007
7017
8035
6918
6291
5115
4512
4543
5002
7000
6518
6859
5768
5049
3185
2799
4151
5183
5973
7350
7548
6296
4036
3163
2351
1800
2898
3018
2131
768
-1563
-7236
-11087
-10315
-8317
-7902
-4991
-2815
-3168
-4027
-2500
-2435
-3951
-2632
-686
4
1048
3516
3311
715
-1227
-3211
-5603
-6465
-5705
-5254
-4822
-4154
-4365
-5172
-4932
-4627
-4674
-3810
-1841
-371
694
2222
2585
1653
492
-165
-1053
-1407
-1079
-1017
-1895
-2245
-2666
-4463
-5359
-5320
-4847
-5110
-3661
-2574
-2408
-2438
-1931
-1793
-2237
-1808
-1651
-1844
-1948
-1100
-1217
-1441
-1677
-2060
-2727
-2820
-2408
-2188
-1651
-1299
-1036
-785
-315
-57
-330
19
308
513
738
1494
1839
1708
1938
1919
1987
2080
2776
3022
3424
3746
3964
3796
4052
4535
4786
5197
5744
5766
5517
5865
6475
6385
6618
6146
5297
5814
5939
6977
5732
6421
5628
5097
4919
4379
4998
3973
5702
5639
5250
4582
3725
3138
2030
2833
2625
1599
659
-177
-4153
-8479
-9080
-6779
-6496
-5475
-3426
-4538
-6071
-5818
-3652
-4456
-3412
-1133
-422
-149
1516
2569
385
-1204
-1677
-2748
-3208
-2662
-2652
-3437
-4275
-4976
-6235
-6160
-5605
-5421
-4460
-2842
-1613
-1509
-711
-249
-610
-530
167
578
655
1025
899
-171
-956
-1529
-2441
-3489
-3550
-3521
-3940
-4128
-3987
-4149
-4447
-4076
-4104
-3599
-3047
-2456
-2461
-1939
-1391
-1411
-1113
-624
-697
-1029
-699
-425
-880
-948
-810
-1262
-1607
-1147
-738
-794
-765
-377
-590
-399
228
989
1378
1730
2385
2405
2814
2950
3226
3290
3647
3999
4286
4349
4305
4200
4057
4421
4991
5198
5285
5847
5972
6159
6635
7543
6257
5168
4813
5307
5943
6350
6901
5390
4788
4191
4665
4786
5791
5957
4555
3236
2543
2890
2971
3344
2196
1029
108
-2570
-6633
-7812
-5997
-5258
-5212
-3683
-4581
-7320
-7281
-5257
-4786
-3907
-1020
-620
-1490
-292
852
-300
-1173
-239
-399
-1016
-545
-828
-2400
-3975
-4782
-5450
-5306
-4635
-4663
-4561
-4087
-3992
-4080
-3431
-2643
-2588
-1926
-706
-44
288
603
500
-320
-310
-35
-389
-683
-763
-1559
-2953
-3452
-3604
-4067
-4162
-4039
-3856
-3680
-3643
-3922
-4162
-3901
-3591
-2710
-1662
-1118
-898
-721
-516
-741
-559
-113
-130
-22
170
264
-242
-287
-445
-626
-697
-312
-87
58
566
823
1184
1383
2070
2295
2954
3226
3689
3927
4380
4823
5044
5268
5148
5298
5465
5996
5760
5840
5885
6259
6200
6289
5596
4444
4290
4524
6049
5829
5739
4416
4569
4007
4568
5776
6088
5743
4468
4202
3422
3583
4071
4288
3245
2000
1168
-401
-4234
-6939
-6481
-4742
-4751
-4345
-4487
-7747
-9675
-8014
-5595
-4943
-2781
-1608
-3163
-3333
-1159
-201
-615
545
1216
264
134
566
-506
-2118
-2776
-3058
-3210
-2877
-3300
-4451
-5049
-5349
-5450
-4746
-3553
-3538
-3862
-3312
-2645
-2222
-1383
-519
-546
-509
144
451
172
280
38
-907
-1380
-1396
-1609
-2308
-2218
-2899
-3992
-5076
-5318
-5415
-5269
-4081
-3620
-3435
-3743
-3454
-3274
-2243
-943
-163
208
529
754
751
1162
1516
1448
1313
1385
1313
914
676
376
325
558
961
1085
988
1138
1160
1582
2072
2714
3112
3590
4233
4720
4970
5118
5540
6154
6827
7423
7399
6811
6277
6325
7288
7413
7211
6212
5425
4571
4850
5458
4995
4216
3367
3237
3412
4384
4209
2655
1644
2042
2663
3035
3403
2668
662
-395
-1928
-4155
-4340
-2364
-2322
-4102
-4280
-5941
-8408
-7985
-5117
-4533
-4600
-3592
-4610
-6105
-4788
-2353
-1846
-1185
151
-444
-1575
-1072
-488
-841
-807
-153
-665
-1348
-1686
-2280
-2884
-3104
-2907
-3166
-3168
-3534
-4323
-4707
-4348
-3696
-3345
-2737
-2629
-2996
-3046
-2332
-1692
-1163
-981
-1131
-1423
-1401
-1353
-1318
-1013
-1483
-1839
-2400
-2555
-3222
-3131
-2959
-2966
-3004
-2891
-3023
-3474
-2876
-1994
-1473
-1142
-690
-728
-923
-262
895
1420
1673
1691
1603
1330
1694
2320
2494
2451
2345
2301
2218
2501
2700
2711
2872
3048
3287
3486
3741
3694
4112
4319
4914
5372
5910
6178
5981
6399
5760
6621
6437
7029
6881
7141
6719
5101
5305
4828
5428
5132
5520
4619
3541
2913
2091
2175
2652
3037
2188
933
190
-499
-733
-1467
-3663
-4551
-3866
-2858
-3913
-4373
-5523
-7685
-7491
-5178
-3457
-3904
-3964
-4777
-6147
-4880
-2308
-976
-1258
-1069
-1317
-2181
-1346
-55
213
-514
-763
-799
-1516
-1583
-1677
-1874
-2339
-2589
-2464
-2935
-3337
-4045
-4169
-3946
-3501
-2977
-3152
-3417
-3883
-3575
-3057
-2506
-1964
-1979
-2041
-2115
-1636
-1419
-1504
-1285
-1456
-1701
-1975
-1721
-1816
-2180
-1853
-1806
-1879
-2227
-2222
-2524
-2502
-1822
-1312
-1265
-1283
-1183
-1252
-945
43
764
881
921
1033
1312
1634
2380
2619
2693
2627
2698
3037
3207
3594
3524
3721
3898
4008
3986
3681
3783
4109
4848
5362
5520
5493
5297
5154
5606
5541
5878
5662
6067
6086
5824
5784
5239
5722
5206
5121
4799
4562
4746
4201
3891
2849
2887
3466
3330
2826
1580
696
-221
-182
-787
-2785
-3412
-2930
-3207
-4335
-4592
-5428
-7481
-7082
-5181
-4830
-5353
-5534
-5914
-6843
-5296
-3117
-2711
-2847
-2651
-2428
-2612
-1392
-79
-211
-529
-446
-259
-671
-570
-292
-665
-949
-1175
-1343
-2013
-2630
-2892
-3065
-2798
-2867
-3133
-3697
-4203
-4379
-4146
-3495
-3288
-3322
-3413
-3566
-3507
-3051
-2301
-2003
-1979
-2039
-2375
-2282
-1739
-1092
-940
-908
-1024
-1354
-1313
-852
-456
-521
-716
-948
-1147
-971
-528
-268
-136
-177
-102
-209
118
613
1051
1332
1390
1658
1855
2429
2852
3109
3210
3273
3630
4005
4359
4519
4251
4370
4465
5015
5240
5416
5398
5200
5775
5629
5872
5653
5769
5391
5400
5571
5310
5184
5190
5285
4728
4037
3666
3708
4086
4407
3646
2602
2350
3030
2824
2619
2309
1417
242
-61
-650
-2287
-2617
-1619
-2043
-3749
-4502
-5559
-6935
-6338
-4445
-4716
-5984
-6354
-6843
-7182
-5561
-3557
-3731
-4381
-4042
-3776
-3595
-2328
-942
-1011
-1337
-945
-720
-932
-646
55
192
-87
-302
-725
-1324
-1515
-1292
-1129
-1409
-1961
-2670
-3131
-3331
-3416
-3312
-3210
-3527
-4128
-4185
-3933
-3828
-3496
-2990
-3249
-3572
-3235
-2935
-2988
-2299
-1356
-1508
-1729
-1308
-1085
-1165
-502
254
-168
-683
-490
-231
-291
156
681
229
-145
107
515
469
747
1030
871
946
1503
1935
1901
2151
2447
2742
3082
3426
3623
3519
3799
4245
4798
5135
5248
5107
4958
5306
5809
5879
6058
6277
5934
5460
5519
5906
5585
5741
5722
5100
4373
4632
4799
4460
4025
4447
3754
2758
2394
2935
3129
2749
2775
1722
519
261
773
474
-1138
-2585
-3035
-2477
-2257
-3000
-3964
-5499
-6576
-5908
-4725
-4708
-5785
-6135
-6576
-6583
-5155
-4044
-4368
-4885
-4229
-3737
-3643
-2676
-1914
-2082
-2059
-1143
-675
-1204
-1054
-439
-234
-325
-209
-382
-1166
-1377
-831
-588
-838
-1476
-1910
-2682
-3017
-2511
-2148
-2578
-3787
-4151
-4218
-3794
-3138
-3179
-3640
-4292
-3981
-3544
-2996
-2510
-2631
-2652
-2503
-1719
-1130
-929
-699
-563
-329
-238
45
289
329
574
958
1213
912
597
743
1070
1499
1685
1547
1201
1121
1528
1970
2205
2154
2001
2209
2553
2819
3003
3168
3239
3583
4184
4537
4195
4077
4585
5090
5685
5872
5803
5338
5538
5860
5921
6016
6119
6000
5569
5244
5085
5017
4788
4669
4246
3931
3798
3553
2796
2232
2455
2535
1964
1394
887
280
-283
-185
-248
-1808
-3218
-3187
-2356
-2857
-3665
-4176
-5510
-6272
-5384
-4323
-4896
-5697
-5880
-6351
-6130
-4625
-3935
-4559
-4789
-4092
-3921
-3767
-2664
-2154
-2441
-2270
-1311
-1123
-1479
-1028
-557
-627
-681
-411
-565
-1079
-954
-534
-505
-801
-1230
-1818
-2201
-1929
-1720
-2313
-2865
-3134
-3336
-3340
-2922
-2896
-3461
-3747
-3795
-3731
-3337
-2797
-2919
-3156
-2893
-2489
-2223
-1627
-1000
-1023
-1112
-671
-266
-127
268
808
910
939
1206
1300
1158
1382
1716
1750
1713
1875
1801
1677
1930
2306
2318
2234
2347
2423
2589
2961
3227
3347
3498
3761
3737
3824
4237
4589
4824
5225
5420
5276
5090
5164
5332
5735
6214
6250
5846
5358
4863
4699
5005
5605
5392
4441
3748
3749
3962
3757
3472
2953
2447
1850
1704
1649
1342
673
-104
-599
-1538
-2469
-2721
-2250
-2633
-3727
-4515
-5180
-5708
-5453
-4766
-4950
-5698
-6212
-6503
-6482
-5465
-4538
-4638
-4985
-4728
-4459
-4350
-3461
-2476
-2302
-2494
-2040
-1563
-1533
-1202
-486
-259
-567
-634
-478
-528
-533
-269
-178
-475
-827
-1371
-1844
-1880
-1484
-1654
-2330
-2780
-3083
-3283
-3083
-2602
-2780
-3441
-3811
-3633
-3294
-2810
-2622
-2814
-3055
-2784
-2239
-1734
-1239
-1130
-1308
-1210
-612
-88
57
301
593
683
803
1175
1369
1301
1353
1576
1647
1674
1694
1752
1704
1882
2098
2299
2310
2199
2166
2309
2786
3157
3468
3476
3376
3429
3713
4049
4480
4893
4917
4639
4748
4977
4977
5428
5907
5982
5246
4942
4944
4973
5288
5324
5060
4150
3762
3716
3854
4209
4133
3283
2323
2148
2365
2109
1890
1894
1260
289
-373
-554
-1470
-2246
-1949
-1718
-2566
-3714
-4454
-5178
-5426
-4717
-4297
-4994
-5870
-6425
-6634
-6213
-4967
-4292
-4900
-5423
-5261
-4854
-4376
-3365
-2537
-2727
-3061
-2693
-2071
-1649
-1213
-681
-642
-870
-789
-600
-501
-370
-47
-39
-466
-913
-1107
-1191
-1180
-1266
-1579
-2076
-2450
-2526
-2609
-2704
-2873
-3144
-3401
-3503
-3276
-3162
-3226
-3270
-3122
-2836
-2637
-2354
-2115
-1964
-1769
-1388
-791
-384
-221
-74
194
622
942
1271
1476
1467
1473
1611
1964
2171
2185
2132
2018
2032
2214
2450
2454
2327
2360
2478
2667
2923
3069
3048
3068
3423
3564
3561
3700
4058
4263
4310
4739
4969
4924
4760
4903
4974
5103
5452
5546
5186
4781
4688
4538
4381
4578
4683
4264
3740
3517
3423
3112
3059
2878
2484
2031
1721
1430
986
849
464
-105
-866
-1711
-2322
-2493
-2332
-2655
-3395
-4224
-5021
-5441
-5296
-4998
-4945
-5283
-5653
-6103
-6125
-5592
-5067
-4843
-4844
-4706
-4658
-4504
-3967
-3313
-2927
-2739
-2480
-2242
-2122
-1850
-1434
-1113
-884
-672
-512
-545
-571
-495
-595
-683
-615
-485
-686
-1230
-1583
-1704
-1679
-1698
-1820
-2065
-2514
-2905
-3024
-2902
-2709
-2656
-2756
-2914
-2981
-2792
-2547
-2297
-2037
-1744
-1548
-1415
-1150
-793
-464
-157
236
600
805
844
994
1217
1483
1781
2010
2068
2017
2030
2036
2095
2240
2339
2305
2230
2337
2443
2441
2443
2592
2806
2919
2958
3015
3020
3046
3206
3509
3938
4235
4227
3895
3704
3972
4495
4792
4857
4625
4273
3969
4041
4500
4763
4593
3911
3156
2894
3174
3572
3566
3264
2909
2530
2123
1918
1801
1790
1561
1244
864
558
232
-356
-903
-1318
-1645
-1963
-2174
-2408
-2952
-3715
-4293
-4605
-4553
-4418
-4444
-4748
-5199
-5475
-5597
-5436
-5079
-4747
-4661
-4763
-4719
-4483
-4199
-3857
-3512
-3196
-2977
-2752
-2463
-2215
-1942
-1656
-1377
-1131
-981
-855
-856
-804
-703
-555
-455
-489
-676
-869
-1002
-1064
-1154
-1333
-1498
-1694
-1819
-2014
-2143
-2219
-2242
-2318
-2396
-2371
-2290
-2235
-2189
-2103
-1888
-1594
-1316
-1064
-833
-590
-347
-84
282
642
947
1153
1330
1526
1766
2010
2115
2198
2282
2323
2348
2428
2604
2690
2686
2616
2529
2480
2470
2490
2546
2585
2562
2509
2491
2616
2709
2742
2787
2849
2938
2983
3036
3107
3233
3508
3642
3669
3560
3431
3354
3395
3569
3705
3663
3446
3223
3131
3201
3228
3203
3075
3067
2976
2783
2457
2092
1760
1473
1377
1278
1068
582
-60
-754
-1341
-1755
-2028
-2233
-2499
-2892
-3488
-4065
-4489
-4651
-4736
-4779
-4820
-4923
-5105
-5260
-5270
-5179
-5022
-4805
-4478
-4193
-3956
-3809
-3649
-3485
-3218
-2824
-2382
-1997
-1722
-1545
-1487
-1420
-1258
-968
-729
-525
-449
-425
-531
-621
-641
-672
-713
-827
-840
-872
-989
-1162
-1371
-1577
-1711
-1703
-1616
-1633
-1627
-1669
-1738
-1745
-1578
-1320
-1153
-970
-763
-591
-436
-227
65
346
607
871
1050
1242
1407
1525
1577
1653
1750
1793
1841
1943
2027
2013
1903
1787
1743
1792
1815
1791
1755
1797
1861
1920
2002
2053
2034
1988
2034
2179
2339
2500
2615
2703
2756
2821
2888
2883
2834
2832
2955
3082
3156
3077
2884
2656
2542
2561
2582
2577
2589
2409
2144
1899
1844
1855
1848
1873
1799
1671
1430
1200
966
766
643
563
428
283
97
-177
-544
-927
-1206
-1468
-1665
-1843
-2020
-2281
-2669
-3027
-3312
-3515
-3622
-3684
-3764
-3860
-3953
-4041
-4206
-4273
-4223
-4077
-3894
-3708
-3467
-3316
-3185
-3082
-2936
-2713
-2439
-2137
-1838
-1595
-1383
-1222
-1099
-946
-823
-676
-558
-427
-403
-447
-469
-434
-419
-450
-528
-650
-739
-765
-702
-719
-732
-787
-855
-880
-840
-709
-598
-499
-391
-315
-191
-15
136
271
357
505
624
784
951
1100
1229
1275
1359
1434
1507
1513
1543
1568
1621
1684
1718
1723
1695
1632
1591
1622
1707
1746
1714
1727
1757
1777
1725
1781
1828
1904
2053
2104
2073
2086
2200
2311
2314
2334
2339
2303
2348
2436
2484
2437
2434
2386
2308
2225
2122
1933
1821
1786
1764
1757
1748
1685
1551
1370
1078
902
856
1016
1082
1059
906
721
491
233
73
-46
-132
-300
-426
-608
-805
-1139
-1497
-1857
-2122
-2282
-2410
-2515
-2691
-2879
-3130
-3351
-3485
-3499
-3500
-3479
-3448
-3372
-3288
-3223
-3139
-3099
-3015
-2876
-2601
-2307
-2013
-1785
-1649
-1553
-1454
-1258
-1052
-853
-698
-539
-420
-385
-384
-402
-411
-409
-350
-307
-337
-439
-526
-586
-612
-619
-614
-604
-579
-499
-450
-436
-416
-347
-280
-150
47
234
376
443
470
522
648
765
882
1087
1194
1227
1269
1245
1168
1123
1201
1324
1534
1615
1549
1431
1310
1218
1305
1518
1688
1776
1682
1572
1340
1178
1271
1432
1603
1825
1919
1969
1938
1777
1642
1685
1870
2009
2282
2415
2380
2259
2141
1986
1937
1929
1913
1940
1950
1869
1809
1715
1515
1309
1070
1008
1025
1110
1143
1115
1008
792
630
508
501
493
497
468
379
227
67
-97
-333
-544
-750
-894
-1010
-1074
-1198
-1414
-1686
-1965
-2196
-2391
-2526
-2622
-2680
-2783
-2871
-2993
-3092
-3199
-3247
-3240
-3217
-3142
-3074
-2949
-2858
-2768
-2699
-2577
-2444
-2284
-2138
-1988
-1828
-1692
-1525
-1381
-1266
-1244
-1278
-1340
-1271
-1106
-913
-765
-738
-777
-837
-810
-727
-604
-566
-582
-603
-628
-532
-357
-207
-142
-133
-248
-426
-515
-340
-10
277
458
583
590
460
337
311
511
860
1124
1189
1196
1183
1146
1252
1353
1372
1196
1008
1028
1298
1639
1833
1872
1688
1385
1212
1146
1258
1487
1554
1574
1559
1679
1856
1898
1894
1850
1692
1520
1578
1713
1889
2082
2250
2146
1887
1685
1435
1208
1117
1180
1363
1552
1546
1390
1252
1063
882
749
615
572
648
767
773
754
677
433
150
-99
-307
-287
-112
81
286
310
55
-348
-677
-889
-957
-852
-650
-505
-539
-759
-1097
-1461
-1689
-1700
-1646
-1591
-1535
-1566
-1726
-1913
-1995
-1973
-1945
-1968
-1952
-1913
-1877
-1799
-1723
-1685
-1617
-1547
-1598
-1679
-1659
-1545
-1408
-1256
-1161
-1139
-1121
-1156
-1196
-1157
-1042
-927
-862
-810
-792
-840
-935
-920
-836
-747
-736
-839
-841
-741
-687
-669
-663
-636
-601
-587
-559
-482
-380
-347
-332
-281
-211
-213
-292
-354
-166
66
161
289
391
468
343
214
285
374
439
689
972
971
839
720
686
698
815
931
905
950
968
841
725
721
742
797
832
763
739
851
874
803
748
637
562
612
781
999
1078
934
620
330
174
219
437
616
654
417
136
-115
-244
-251
-306
-399
-431
-375
-380
-419
-462
-459
-426
-473
-625
-825
-888
-844
-820
-716
-578
-436
-417
-523
-648
-753
-880
-1033
-1087
-955
-776
-609
-486
-494
-638
-904
-1178
-1385
-1361
-1222
-1093
-1007
-942
-961
-1101
-1333
-1518
-1579
-1579
-1468
-1302
-1179
-1155
-1131
-1152
-1243
-1341
-1378
-1314
-1225
-1092
-968
-928
-921
-859
-864
-889
-871
-902
-951
-919
-719
-560
-500
-507
-587
-676
-741
-694
-549
-357
-235
-184
-97
-21
-45
-200
-335
-179
276
634
695
548
361
292
364
531
713
855
1018
945
875
937
991
981
996
1064
1080
1089
1097
1279
1470
1466
1313
1135
1144
1196
1258
1224
1163
1187
1132
1128
1157
1219
1244
1134
912
735
586
601
854
1037
969
775
701
624
504
507
521
476
471
609
746
767
732
606
344
198
234
266
298
381
338
192
185
176
-5
-149
-127
-105
-98
-181
-226
-157
-17
31
-42
-125
-218
-316
-404
-378
-205
-43
-26
-78
-175
-289
-283
-242
-319
-359
-302
-164
17
95
-61
-317
-428
-424
-332
-229
-164
-171
-148
-136
-229
-376
-536
-574
-455
-319
-250
-209
-222
-304
-430
-533
-484
-429
-490
-448
-315
-241
-268
-408
-513
-469
-404
-412
-404
-331
-237
-124
-81
-135
-225
-284
-268
-256
-106
122
187
207
235
187
37
21
50
116
223
340
392
355
338
290
147
25
37
146
398
707
839
588
240
42
-28
59
460
750
746
770
643
303
-61
-151
60
429
764
933
932
579
150
61
131
89
254
625
956
880
489
118
-120
-39
204
366
365
415
399
332
305
203
-71
-186
82
467
682
555
297
204
183
92
198
384
420
412
417
334
253
228
179
180
185
147
174
218
205
329
470
391
216
112
83
203
360
387
349
444
531
405
297
264
30
-106
210
455
411
298
208
77
99
345
404
257
157
236
323
376
436
374
251
119
92
280
440
449
348
196
173
197
230
236
237
329
376
297
216
293
389
309
131
37
-73
-19
296
396
365
410
329
95
-49
-57
-96
-86
120
288
299
289
211
58
-115
-348
-575
-453
-87
188
273
281
178
-111
-444
-514
-449
-418
-163
175
310
224
-40
-211
-214
-219
-287
-328
-276
-111
196
339
232
29
-271
-478
-308
12
154
38
-38
-122
-163
-64
-60
-239
-268
-102
-19
-32
-19
-82
-195
-329
-422
-250
-117
-141
-68
49
-78
-357
-610
-696
-578
-318
-105
-46
-87
-269
-444
-518
-563
-577
-444
-491
-481
-208
-30
-82
-194
-261
-308
-369
-437
-249
8
83
19
-131
-237
-225
-258
-404
-454
-361
-234
-192
-252
-385
-532
-608
-505
-473
-535
-526
-448
-400
-502
-577
-557
-517
-597
-537
-394
-381
-398
-314
-396
-635
-721
-718
-630
-457
-352
-496
-670
-787
-906
-960
-929
-782
-591
-554
-653
-740
-854
-903
-1096
-1249
-1277
-1066
-618
-414
-543
-908
-1174
-1288
-1239
-1039
-686
-502
-577
-685
-763
-754
-786
-850
-804
-697
-667
-582
-531
-596
-501
-498
-570
-419
-370
-429
-453
-490
-451
-360
-317
-221
-197
-233
-244
-361
-382
-204
-15
10
-54
17
197
323
358
186
17
37
76
203
479
630
525
397
318
307
389
431
435
451
524
774
805
630
634
537
348
380
532
603
639
625
664
827
821
638
516
539
472
367
368
439
617
861
969
713
524
490
227
-9
88
377
646
775
772
748
607
377
179
119
79
200
412
490
578
712
700
417
145
-14
-127
-137
-11
119
213
207
74
27
6
-109
-320
-542
-596
-537
-368
-71
176
276
145
-203
-624
-765
-650
-422
-139
120
184
-1
-267
-537
-744
-788
-630
-547
-437
-245
-235
-527
-668
-636
-652
-598
-513
-546
-590
-449
-408
-391
-187
-109
-362
-674
-726
-423
-223
-202
-54
126
190
115
-74
-331
-523
-523
-213
146
307
284
294
202
39
-95
-354
-523
-242
238
495
483
358
283
129
-15
-120
-256
-234
63
433
655
697
510
165
-59
-67
107
355
412
411
381
374
502
633
643
459
118
-12
171
520
915
1041
822
507
391
391
438
555
667
712
818
992
1052
1041
1018
929
720
630
719
939
1267
1550
1605
1391
1105
954
894
793
716
900
1201
1309
1378
1350
964
669
613
612
646
795
1139
1416
1354
1201
1138
983
811
707
672
789
1183
1418
1460
1477
1306
831
479
552
783
1103
1304
1361
1309
1195
1025
931
782
541
418
405
640
1153
1446
1299
1021
626
304
162
243
476
721
904
976
938
648
355
276
223
210
240
294
428
521
550
564
497
289
15
-150
-97
94
240
367
596
632
292
-196
-560
-610
-299
-79
-121
-5
147
107
-87
-422
-784
-919
-791
-458
-180
-28
-39
-148
-283
-618
-1113
-1479
-1405
-938
-407
-217
-278
-398
-610
-896
-1140
-1283
-1242
-1025
-827
-728
-555
-398
-439
-723
-1159
-1516
-1684
-1695
-1590
-1296
-828
-528
-440
-659
-1206
-1710
-2004
-2076
-1896
-1405
-844
-551
-617
-918
-1287
-1708
-2037
-2139
-2026
-1723
-1267
-811
-692
-841
-1332
-1899
-2219
-2281
-2101
-1761
-1398
-1206
-1032
-1010
-1154
-1510
-1926
-2201
-2366
-2127
-1601
-1049
-714
-719
-1056
-1575
-1928
-2010
-1936
-1684
-1280
-997
-919
-948
-1064
-1142
-1320
-1598
-1691
-1566
-1245
-1011
-835
-684
-701
-850
-1057
-1038
-939
-962
-1039
-1049
-974
-821
-641
-521
-460
-509
-751
-1081
-1230
-1228
-1029
-773
-518
-326
-283
-392
-568
-777
-909
-793
-638
-494
-312
-103
1
-37
-166
-321
-514
-620
-645
-544
-336
-129
71
222
88
-289
-542
-667
-515
-207
36
94
200
298
175
71
-18
-189
-275
-201
-16
175
253
226
92
-31
-199
-272
-98
91
65
-137
-282
-218
-19
176
191
33
-185
-327
-259
-86
170
387
323
101
37
74
57
-3
122
390
516
563
561
419
170
14
99
328
525
703
744
745
796
586
315
190
270
584
896
1013
954
832
788
810
815
916
897
878
1083
1320
1360
1304
1219
1174
1306
1373
1457
1602
1540
1494
1601
1587
1497
1458
1474
1481
1634
1732
1691
1639
1535
1345
1302
1423
1544
1767
1968
1983
1818
1703
1627
1494
1422
1560
1831
2037
2130
2128
1984
1751
1601
1570
1543
1565
1522
1418
1422
1518
1666
1756
1662
1481
1387
1283
1234
1252
1269
1354
1575
1782
1822
1691
1394
1065
861
800
924
1138
1278
1312
1270
1122
935
809
707
672
693
817
983
1129
1148
1014
807
586
443
415
513
642
706
711
651
558
380
100
-91
-101
48
240
347
316
139
-132
-319
-427
-472
-444
-360
-205
-153
-242
-374
-484
-537
-554
-638
-796
-851
-804
-705
-548
-376
-351
-490
-690
-869
-932
-836
-694
-625
-616
-615
-567
-586
-678
-745
-890
-1005
-1041
-930
-722
-569
-542
-595
-699
-869
-1028
-1045
-963
-886
-721
-661
-707
-750
-789
-877
-1002
-1030
-927
-859
-888
-897
-883
-856
-812
-778
-796
-855
-846
-790
-759
-676
-636
-809
-1003
-973
-795
-611
-477
-483
-638
-815
-930
-956
-834
-632
-478
-421
-424
-423
-367
-345
-465
-542
-521
-537
-497
-390
-356
-398
-376
-282
-129
21
32
-148
-266
-293
-221
-18
189
367
431
442
375
211
72
5
-42
56
251
417
527
535
419
248
72
-38
11
145
258
334
403
364
300
259
187
110
62
83
78
63
104
143
197
270
233
133
38
-44
-93
-48
59
160
265
279
196
96
24
-48
-55
36
179
295
303
242
124
17
-84
-152
-82
-33
-5
25
30
5
-109
-297
-431
-429
-308
-136
-12
54
48
-32
-148
-248
-244
-211
-196
-162
-67
60
174
253
266
183
75
-40
-166
-215
-104
108
271
317
242
109
-32
-121
-138
-76
38
86
83
79
89
138
181
216
269
310
312
235
121
51
53
94
174
278
351
310
193
90
-105
-318
-449
-439
-278
-59
81
46
-103
-288
-483
-646
-707
-679
-551
-383
-263
-241
-294
-397
-511
-562
-585
-583
-609
-671
-774
-823
-811
-805
-792
-793
-811
-890
-995
-1128
-1250
-1237
-1135
-1052
-994
-876
-799
-774
-771
-814
-902
-988
-1024
-981
-845
-692
-548
-497
-532
-608
-737
-915
-1068
-1101
-1031
-971
-964
-962
-917
-897
-888
-832
-824
-822
-777
-727
-730
-718
-604
-442
-289
-132
-22
-55
-144
-238
-301
-289
-164
32
181
240
201
98
-18
-36
25
94
73
-5
-37
-69
-115
-111
-12
100
137
94
44
29
31
15
-15
35
150
318
448
457
439
463
490
579
680
697
669
654
691
780
891
984
1022
967
846
690
550
490
556
684
818
912
941
909
806
683
628
684
799
869
902
938
912
843
774
742
714
703
726
750
751
730
693
642
618
584
547
529
516
524
512
467
372
313
283
274
300
333
351
293
214
114
48
-4
-46
-31
3
41
40
17
-53
-99
-149
-204
-138
-73
-105
-152
-145
-124
-131
-161
-185
-257
-288
-242
-197
-188
-219
-245
-301
-338
-313
-315
-350
-331
-325
-347
-331
-315
-334
-390
-454
-518
-575
-611
-630
-603
-546
-535
-543
-589
-675
-740
-784
-783
-704
-586
-504
-477
-527
-635
-732
-761
-708
-608
-474
-378
-343
-368
-437
-499
-529
-482
-400
-300
-237
-208
-204
-192
-188
-209
-211
-191
-153
-131
-127
-106
-42
4
23
31
44
83
137
162
199
268
314
351
427
512
586
605
593
602
619
659
660
623
594
593
637
677
694
669
593
563
548
567
580
565
554
575
636
708
784
804
781
770
759
725
764
864
934
934
885
840
772
709
654
612
606
634
658
678
684
631
534
445
425
482
552
587
595
619
607
569
537
534
546
547
531
514
470
416
387
365
354
332
271
185
123
73
36
-14
-55
-86
-124
-172
-231
-263
-279
-306
-337
-379
-417
-437
-455
-463
-445
-419
-426
-476
-560
-634
-682
-699
-676
-631
-614
-608
-643
-738
-838
-917
-969
-1013
-1025
-1034
-1040
-1033
-1025
-1036
-1081
-1124
-1150
-1171
-1192
-1196
-1191
-1212
-1225
-1230
-1247
-1254
-1267
-1288
-1326
-1369
-1399
-1431
-1456
-1470
-1470
-1481
-1493
-1508
-1524
-1538
-1532
-1553
-1587
-1620
-1658
-1670
-1648
-1618
-1600
-1558
-1502
-1459
-1433
-1413
-1402
-1430
-1467
-1459
-1367
-1257
-1161
-1099
-1081
-1028
-985
-967
-976
-973
-946
-899
-835
-762
-699
-667
-667
-679
-673
-645
-614
-599
-598
-556
-506
-468
-443
-414
-396
-395
-385
-380
-346
-313
-286
-263
-223
-163
-122
-102
-108
-105
-120
-132
-106
-70
-23
11
48
65
65
63
65
77
113
197
296
386
439
482
497
503
523
563
645
734
826
890
906
920
936
963
996
1033
1061
1091
1137
1189
1237
1262
1280
1319
1358
1411
1470
1522
1565
1616
1664
1706
1744
1784
1846
1892
1920
1960
2001
2049
2093
2096
2075
2048
2012
2000
2013
2046
2095
2136
2152
2145
2142
2123
2104
2107
2124
2147
2163
2177
2171
2171
2171
2140
2103
2062
2020
1971
1940
1925
1912
1911
1885
1849
1805
1771
1734
1715
1722
1733
1748
1748
1727
1690
1651
1605
1565
1522
1470
1422
1371
1342
1341
1342
1300
1231
1138
1050
997
974
959
952
952
920
894
842
770
707
641
602
598
575
523
476
432
385
357
352
338
300
250
189
133
59
-29
-100
-143
-175
-212
-262
-341
-439
-520
-578
-630
-680
-746
-829
-901
-960
-1021
-1072
-1109
-1120
-1131
-1146
-1189
-1268
-1338
-1398
-1452
-1478
-1500
-1517
-1543
-1578
-1612
-1649
-1674
-1718
-1759
-1796
-1823
-1850
-1872
-1895
-1903
-1894
-1891
-1895
-1905
-1915
-1952
-1992
-2013
-2016
-2012
-2003
-1974
-1948
-1927
-1898
-1881
-1899
-1906
-1899
-1892
-1860
-1823
-1788
-1763
-1744
-1740
-1720
-1707
-1709
-1711
-1707
-1684
-1642
-1593
-1561
-1512
-1469
-1428
-1382
-1371
-1358
-1349
-1319
-1263
-1208
-1103
-1016
-953
-887
-835
-785
-761
-736
-708
-675
-618
-549
-489
-436
-382
-352
-332
-331
-334
-331
-299
-247
-192
-130
-68
-9
42
91
129
153
176
207
255
321
392
449
519
592
656
720
791
842
858
867
883
887
919
973
1005
1027
1031
1006
973
948
926
907
894
879
873
875
877
884
894
904
920
920
898
873
856
855
873
900
922
938
921
883
827
767
723
685
664
658
666
656
620
565
489
427
372
327
290
269
235
207
192
159
138
117
86
59
26
-11
-45
-83
-92
-96
-108
-128
-174
-222
-274
-334
-390
-447
-487
-522
-557
-596
-640
-670
-710
-741
-770
-805
-844
-890
-918
-949
-964
-971
-960
-942
-939
-926
-925
-927
-944
-947
-946
-949
-948
-933
-921
-907
-891
-889
-898
-909
-915
-910
-881
-862
-834
-819
-802
-776
-752
-730
-700
-666
-633
-609
-570
-518
-478
-422
-381
-350
-308
-262
-232
-184
-133
-95
-53
-7
25
51
91
126
158
210
257
313
348
390
427
458
490
522
563
612
642
685
745
749
761
782
812
861
901
948
980
994
1004
1005
1018
1033
1047
1062
1086
1088
1084
1093
1112
1131
1156
1180
1208
1216
1214
1226
1246
1279
1322
1360
1388
1400
1401
1386
1360
1338
1322
1340
1362
1369
1365
1342
1316
1270
1237
1205
1191
1178
1152
1143
1127
1113
1080
1055
1024
1001
969
946
936
901
871
837
827
821
814
819
804
775
740
709
672
642
626
609
591
565
523
489
466
444
420
409
391
380
352
341
325
310
298
273
268
237
221
179
143
117
73
35
-1
-37
-67
-79
-82
-95
-124
-143
-142
-128
-92
-53
-5
61
114
195
253
305
373
430
486
538
596
655
707
755
796
835
888
929
962
999
1019
1029
1026
1042
1057
1072
1091
1098
1096
1107
1116
1125
1155
1189
1220
1243
1255
1258
1267
1297
1327
1359
1401
1425
1443
1439
1432
1420
1417
1422
1413
1416
1411
1397
1369
1345
1316
1263
1238
1193
1151
1106
1056
1006
927
853
797
740
669
600
510
420
361
299
217
159
81
5
-75
-166
-242
-323
-412
-489
-577
-653
-737
-815
-891
-984
-1073
-1166
-1245
-1327
-1404
-1490
-1560
-1636
-1739
-1827
-1920
-2012
-2088
-2152
-2209
-2276
-2343
-2418
-2482
-2540
-2586
-2650
-2695
-2741
-2804
-2853
-2900
-2946
-2994
-3021
-3066
-3102
-3137
-3188
-3229
-3270
-3293
-3331
-3359
-3377
-3397
-3420
-3439
-3452
-3456
-3454
-3461
-3432
-3426
-3420
-3411
-3395
-3374
-3361
-3344
-3331
-3316
-3299
-3271
-3245
-3233
-3211
-3181
-3149
-3115
-3067
-3007
-2943
-2881
-2836
-2789
-2720
-2644
-2545
-2447
-2377
-2311
-2233
-2147
-2070
-1996
-1922
-1841
-1778
-1700
-1636
-1558
-1490
-1425
-1373
-1301
-1237
-1168
-1124
-1054
-1004
-925
-754
-716
-705
-793
-725
-700
-597
-479
-314
-168
-104
-166
-262
-252
-201
-149
-52
120
282
349
322
236
209
245
298
342
440
565
620
611
587
602
633
674
716
749
790
835
822
783
809
860
914
944
974
1003
1027
1023
1018
1056
1123
1192
1228
1266
1300
1327
1340
1337
1357
1398
1441
1460
1476
1486
1498
1516
1509
1522
1543
1562
1555
1524
1514
1509
1517
1523
1533
1546
1544
1526
1501
1478
1472
1494
1490
1503
1514
1517
1509
1471
1446
1418
1413
1404
1410
1417
1422
1410
1383
1364
1345
1355
1355
1348
1337
1327
1309
1288
1270
1251
1230
1203
1178
1149
1117
1088
1055
1027
1005
967
925
883
848
808
788
767
733
691
662
634
597
560
508
470
453
418
413
392
341
333
292
276
241
197
158
118
82
46
7
-41
-88
-151
-183
-216
-246
-275
-302
-331
-377
-421
-460
-467
-483
-489
-501
-522
-543
-570
-584
-589
-585
-600
-614
-618
-619
-612
-606
-593
-580
-563
-557
-540
-522
-512
-497
-471
-447
-431
-409
-392
-386
-376
-364
-341
-338
-323
-317
-298
-282
-284
-258
-246
-226
-218
-208
-186
-172
-164
-157
-143
-121
-96
-67
-34
-8
17
44
65
89
127
165
218
249
284
312
341
374
401
439
476
490
510
539
550
575
597
630
668
703
723
729
748
755
760
767
792
812
845
873
885
922
927
929
933
943
960
983
1011
1029
1044
1054
1070
1071
1062
1060
1057
1047
1033
1026
1027
1021
1014
999
985
955
940
919
917
916
900
894
877
856
841
825
800
784
771
762
758
754
739
712
687
691
682
691
697
685
675
660
654
633
622
596
575
554
534
500
475
455
417
383
337
309
256
216
179
137
103
71
43
7
-30
-83
-118
-165
-212
-244
-284
-335
-398
-453
-520
-572
-637
-678
-710
-724
-683
-611
-694
-927
-1042
-1019
-1037
-1030
-933
-813
-719
-756
-975
-1166
-1193
-1202
-1250
-1181
-976
-836
-827
-909
-1014
-1046
-1012
-1024
-1071
-1009
-883
-850
-885
-879
-808
-764
-744
-744
-753
-737
-735
-755
-750
-646
-504
-438
-427
-414
-401
-418
-460
-467
-407
-294
-198
-165
-152
-139
-143
-170
-189
-168
-136
-104
-99
-105
-91
-70
-64
-65
-55
-23
-2
-26
-54
-39
-5
15
41
65
112
126
108
75
68
90
104
120
130
150
151
143
121
104
114
112
102
101
96
91
77
57
46
55
49
28
8
-11
-26
-32
-26
-25
-26
-19
-12
-13
-35
-30
-33
-20
-6
-10
-2
-5
9
4
-7
-26
-45
-65
-74
-84
-90
-104
-119
-119
-120
-125
-150
-169
-196
-207
-223
-234
-227
-221
-224
-231
-236
-242
-257
-277
-290
-281
-280
-280
-278
-281
-282
-290
-284
-288
-289
-300
-291
-288
-292
-279
-274
-276
-285
-279
-283
-291
-292
-293
-289
-277
-255
-263
-266
-266
-282
-292
-292
-279
-275
-262
-251
-246
-252
-256
-250
-246
-236
-237
-219
-204
-203
-204
-205
-202
-203
-196
-196
-189
-183
-188
-187
-191
-183
-187
-181
-172
-169
-161
-159
-160
-162
-145
-130
-118
-114
-102
-85
-68
-46
-38
-17
-12
-15
-4
-4
11
10
22
33
41
43
42
44
36
35
27
33
44
49
50
47
43
36
50
57
62
71
77
84
89
104
104
117
129
130
136
137
144
149
149
151
165
173
170
171
177
177
168
153
158
167
195
208
195
191
187
185
185
187
187
195
193
190
198
206
216
216
221
231
238
237
244
257
260
270
264
254
252
250
233
234
238
227
224
215
207
191
173
154
144
128
106
96
92
89
79
80
73
59
60
57
59
51
49
47
48
50
49
51
37
37
34
30
21
17
5
-16
-33
-49
-51
-55
-69
-92
-114
-116
-122
-128
-157
-174
-191
-205
-209
-209
-219
-233
-225
-222
-220
-223
-231
-233
-226
-217
-217
-215
-211
-214
-214
-220
-226
-233
-240
-251
-260
-273
-291
-300
-319
-329
-351
-362
-376
-400
-415
-427
-439
-457
-457
-461
-467
-472
-473
-455
-447
-438
-438
-433
-404
-384
-375
-349
-331
-322
-293
-272
-250
-236
-222
-208
-196
-175
-169
-149
-134
-123
-100
-90
-82
-79
-64
-55
-46
-28
-14
11
22
36
52
58
77
105
130
160
183
195
217
233
247
256
265
284
310
335
345
360
366
375
386
393
402
397
411
416
421
