593
554
500
457
411
361
274
211
188
158
135
131
175
237
208
74
-135
-315
-307
-167
-61
30
86
165
260
266
188
103
-46
-139
-147
-141
-107
-46
-30
-26
-22
-63
-42
3
-45
-184
-231
-247
-206
-153
-113
-141
-242
-354
-459
-524
-572
-557
-488
-479
-540
-631
-699
-611
-494
-420
-481
-503
-455
-346
-356
-482
-611
-679
-691
-690
-679
-737
-725
-597
-620
-676
-719
-827
-860
-699
-559
-531
-638
-835
-981
-1005
-979
-885
-739
-624
-606
-698
-855
-1010
-1034
-928
-731
-586
-535
-567
-663
-728
-663
-644
-709
-729
-775
-826
-882
-783
-669
-625
-538
-524
-508
-483
-455
-458
-479
-543
-598
-726
-827
-854
-819
-689
-584
-456
-426
-439
-495
-550
-547
-516
-474
-377
-335
-382
-408
-379
-414
-497
-556
-649
-645
-568
-565
-606
-555
-432
-387
-425
-406
-274
-223
-336
-406
-405
-354
-258
-204
-250
-201
-300
-264
-152
-99
-22
17
6
-6
87
180
231
174
6
-101
-89
-126
-245
-276
-163
-105
-102
-120
-238
-270
-196
-67
-38
-66
-165
-206
-175
78
281
398
362
194
6
10
137
159
85
-24
-37
-20
-18
-112
-266
-325
-325
-290
-212
-182
-227
-250
-134
-45
-34
52
62
46
39
14
-1
28
37
107
128
63
-69
-227
-240
-260
-134
-159
-159
-137
-168
-222
-267
-302
-288
-100
6
139
152
172
229
217
96
-9
47
52
140
41
-47
-93
-23
74
213
315
250
193
104
114
157
247
365
331
190
82
68
156
329
454
411
360
344
402
508
681
857
805
769
732
843
868
758
624
550
702
931
1185
1294
1207
1073
887
686
739
846
952
935
905
837
932
942
1003
819
792
650
483
374
388
434
488
491
341
78
158
225
193
163
142
411
632
591
373
182
194
278
261
439
445
334
32
-181
-386
-394
-426
-460
-451
-435
-374
-456
-395
-438
-463
-436
-399
-500
-390
-305
-430
-676
-928
-1095
-1025
-758
-606
-600
-423
-256
-294
-321
-216
-292
-186
-226
-469
-515
-422
-442
-566
-727
-964
-1045
-786
-605
-533
-706
-787
-684
-590
-506
-576
-742
-815
-872
-776
-650
-523
-372
-326
-296
-328
-508
-493
-569
-373
-341
-418
-639
-637
-544
-550
-563
-469
-440
-538
-586
-660
-614
-473
-298
-28
59
101
44
-290
-698
-962
-893
-870
-902
-959
-929
-861
-829
-700
-631
-645
-630
-526
-522
-367
-482
-692
-820
-893
-877
-670
-526
-466
-634
-803
-1082
-1073
-1077
-1003
-845
-784
-842
-1005
-1088
-1084
-1203
-1255
-1157
-816
-624
-630
-667
-843
-923
-916
-841
-667
-479
-364
-473
-547
-701
-1062
-1056
-1002
-881
-767
-502
-434
-554
-891
-978
-921
-506
-423
-539
-751
-805
-753
-639
-440
-64
-90
-126
-230
-181
-229
-436
-638
-637
-650
-487
-542
-508
-498
-342
-321
-452
-441
-455
-588
-637
-596
-471
-206
-202
-180
-451
-508
-409
-52
252
259
32
-472
-565
-512
-345
-208
-6
84
340
582
811
783
521
214
-119
-394
-432
-415
-222
32
151
225
497
772
868
586
214
-372
-317
-322
27
286
422
264
364
334
458
563
673
624
628
610
700
792
701
598
716
994
1043
992
768
718
579
491
169
-175
-344
-99
219
530
772
928
848
478
236
-40
95
83
-39
-5
326
759
1001
818
685
847
977
848
889
862
716
697
827
651
441
398
692
916
1004
982
903
733
556
439
331
587
749
685
836
586
672
652
766
633
395
116
179
648
1041
1113
1006
1165
1275
1040
882
889
912
1422
1638
1113
473
394
368
675
846
1251
1219
732
307
455
208
82
508
1112
911
1349
1608
1229
886
724
712
845
1317
973
558
598
594
363
347
420
683
779
593
361
283
361
330
394
441
436
146
-110
-451
-269
-99
106
343
345
247
158
256
183
126
358
464
438
124
-55
-133
209
529
606
568
251
-10
-231
-227
-306
-242
-192
-339
-381
-277
-200
20
87
146
-79
-57
-85
-157
-392
-232
-92
-215
-488
54
-5
164
56
44
-160
-148
-676
-895
-823
-707
-844
-564
-497
-503
-428
-661
-485
-335
-273
-626
-586
-812
-657
-405
-107
-289
-347
-810
-667
-263
107
61
61
-253
-260
-726
-982
-750
-770
-808
-499
-510
-519
-274
-16
-239
-121
-103
-127
-311
-202
176
-90
63
443
631
393
667
197
-171
-223
-321
-383
-388
127
-26
155
-21
15
152
275
318
692
674
610
330
312
254
71
84
597
750
694
266
10
-401
169
305
566
667
819
791
680
759
430
338
156
378
783
820
834
1021
1210
1171
1047
990
887
768
564
463
337
195
191
372
629
383
589
518
561
595
348
-13
41
525
993
1140
843
940
666
920
957
881
524
671
496
758
458
875
492
558
556
1320
1439
1279
654
511
-84
-2
33
357
615
764
445
291
555
585
785
871
677
347
363
-136
314
1067
1777
1015
808
579
507
242
173
-87
171
490
900
808
318
133
-39
-25
164
330
208
116
556
587
407
107
473
612
425
-115
284
778
881
454
140
29
10
46
86
63
9
-34
-66
-59
209
534
251
3
9
-117
-247
-290
-80
202
349
545
213
637
266
362
284
211
-200
-506
-466
-500
-151
175
133
-172
-570
1
249
524
449
209
-54
-489
-252
-122
-48
-36
145
134
465
481
106
-324
41
107
526
825
913
804
463
-119
-176
7
95
190
352
263
311
165
-28
-155
96
-95
-394
-578
-790
-793
-958
-368
225
24
-370
-17
367
573
604
156
-480
-122
-588
-345
-935
-308
-17
93
174
116
-498
-1108
-955
-856
-683
-529
-501
-221
48
289
166
-363
-228
-838
-432
-263
70
-128
10
-495
-69
-4
-36
-328
-264
-83
-225
144
-648
-452
-268
63
-370
-284
-235
-196
-54
42
-352
-532
185
690
866
546
328
34
372
127
404
-96
-394
-413
-313
162
134
42
-363
-72
-286
-137
110
588
441
197
-52
-7
-19
-34
116
-144
-118
-56
61
187
283
445
509
116
-69
-312
-188
-562
-94
-203
-191
-483
-73
-369
117
324
208
85
-494
-244
-1101
-651
-1434
-624
-643
-80
-740
-283
-866
-184
-401
-8
87
-266
-806
-1032
-583
-678
-214
-625
-333
-254
-208
-446
-864
-1126
-1590
-1742
-1421
-964
-838
-938
-1149
-1125
-840
-964
-303
-562
-140
-633
-952
-1703
-1730
-1388
-1148
-873
-483
-851
-963
-1360
-1160
-1630
-1508
-1706
-1606
-1420
-964
-811
-1178
-1324
-1499
-1538
-1637
-1004
-1321
-1105
-1647
-2061
-2068
-1683
-1883
-1582
-1117
-662
-1129
-1343
-1360
-1421
-1916
-2029
-2028
-1976
-1501
-1427
-1547
-1802
-1671
-1479
-1322
-954
-1001
-1054
-1413
-1496
-1213
-1249
-949
-1082
-1204
-1167
-701
-548
-825
-1462
-1544
-1370
-1109
-1012
-1113
-1149
-1524
-1249
-1507
-1539
-1331
-888
-619
-333
-263
-713
-1249
-1197
-1102
-601
-815
-870
-770
-361
-88
-110
116
-224
-167
150
449
425
384
308
-233
-612
-1143
-728
-640
-319
-280
-327
-647
-1248
-414
-162
376
-150
-294
-394
-569
-287
-266
-163
125
448
8
59
104
339
551
489
50
14
-534
-107
25
357
81
-75
-63
-282
202
474
416
287
236
203
-546
440
587
837
715
885
438
830
741
645
474
557
127
-17
370
599
412
14
249
257
769
938
880
1019
1546
1067
1047
1377
1820
1389
1036
871
851
519
684
1004
793
1594
1000
694
437
715
840
1010
1140
644
1265
1336
1031
1284
1023
1063
1174
1622
1563
452
357
482
842
1086
949
589
967
720
774
-137
688
37
576
112
537
396
576
713
803
560
851
809
752
1413
878
1360
317
917
359
259
50
24
122
473
965
623
981
184
797
397
920
202
902
522
386
452
330
561
766
1083
354
183
74
-29
327
452
174
708
379
771
155
833
159
320
209
674
708
-120
225
11
368
494
773
-39
129
-56
214
-3
724
337
-562
-190
-457
409
465
979
53
210
-27
321
399
528
615
214
292
330
325
-167
98
-110
75
157
532
176
205
-145
126
543
419
-37
-284
-308
-200
215
-298
-675
-64
220
419
623
806
542
177
441
353
148
-494
-71
-329
-499
-597
-551
92
90
179
425
35
-700
-19
-748
-301
-768
-140
-723
-843
-120
483
492
12
134
132
750
174
670
209
417
-159
-251
-460
-96
243
396
-468
-89
-1236
-549
-1098
-146
-303
-624
-561
-1110
18
-937
745
-216
-79
-718
-228
-394
-549
-219
-1164
-701
-1292
552
22
708
-95
77
-409
-771
-610
-1214
-606
-1099
-127
-540
351
329
323
237
-184
39
-1102
-740
-1365
177
-611
-115
-527
-636
-57
-208
58
-1203
-219
-221
277
-564
-174
-352
-481
-48
-323
-261
-249
409
-244
591
-764
231
-405
742
15
1009
402
391
147
104
520
-307
619
-425
137
-803
449
-403
482
-4
472
83
547
502
234
717
306
734
69
597
-141
839
134
442
19
349
373
769
786
970
1206
959
681
-51
9
-135
721
401
795
394
929
627
680
10
302
659
808
1087
881
1161
346
280
-67
705
430
1138
160
832
-125
625
584
613
65
144
529
543
837
479
512
430
399
-429
-172
75
614
292
168
95
36
160
490
716
1063
378
936
933
1369
582
373
203
-64
-497
-8
164
814
450
334
-198
-89
-252
181
430
305
310
-72
751
29
371
-208
-24
-562
175
45
773
243
75
-201
28
11
-8
186
-697
-477
-365
386
149
202
-334
-680
-842
-782
-656
-627
-430
150
-74
-888
-280
-429
-125
-179
0
-680
58
-414
1
-143
-77
-291
7
-60
-147
-500
-435
-530
-91
-85
-86
49
-41
794
505
585
-224
-580
-1114
-530
-1055
-25
-181
795
181
399
-393
-281
-276
112
-4
-96
-673
-321
-506
-375
-171
-88
795
523
100
-703
-643
-363
-330
130
-449
314
4
67
-409
231
117
208
6
-74
-150
396
889
485
752
-7
220
-307
-390
-666
-690
-175
208
27
79
-452
-125
-588
232
99
242
-400
-465
-589
-327
102
90
973
491
311
-513
-184
-461
-397
-8
-117
-88
322
237
298
218
766
83
706
382
675
226
333
-247
-619
-296
-19
-277
-467
-79
-301
-250
69
76
-239
51
-20
252
-553
163
-824
-391
-557
-242
-217
574
763
122
-328
-490
-183
-205
27
-92
289
3
179
-152
-194
-473
-401
-249
-1003
-483
-291
-616
-14
24
81
-847
-252
175
456
427
212
293
-421
390
-422
-493
-1082
-322
-253
-626
-565
-324
-32
-87
-250
-306
-306
427
123
462
-252
-858
-692
-810
-1006
-967
-54
-136
896
494
-10
-457
-685
-819
-1305
-649
-662
335
143
-120
-775
-1005
-942
-636
-589
-792
-1061
-871
-536
-730
113
-326
-32
-759
-288
-499
68
-55
164
-487
-957
-364
270
392
401
-292
-631
-1412
-1445
-1011
-1019
-805
-505
292
-171
110
-76
-83
-7
116
114
225
264
274
28
138
-153
-306
-1496
-1353
-1079
-358
81
-51
264
-118
-683
-974
-1000
-469
-279
220
-71
130
-398
-714
-803
-596
-235
-490
-441
-684
-297
-618
-619
-744
-418
64
-628
-557
-948
-803
-796
-651
-456
-185
-58
-933
-658
-550
-340
-954
-340
-317
-89
-82
-81
-106
-101
-72
-108
-388
-439
-819
-1254
-1556
-1415
-565
-602
-162
-27
372
615
748
249
256
44
-308
-458
-885
-749
-596
-291
-165
50
-80
-436
-474
-275
-121
-513
-339
-431
-458
-1034
-504
-125
275
176
8
-645
-720
-304
345
906
653
398
181
-156
-536
-228
339
396
212
-235
-985
-625
-397
264
-191
-278
117
-111
-118
-659
-508
-1055
-837
-712
-227
227
51
228
232
498
597
311
-257
-295
-119
-75
51
149
228
639
654
574
92
-71
-179
389
411
141
-163
-158
-2
3
-250
-542
-259
371
1094
780
649
543
380
537
581
461
343
180
248
883
1312
1207
461
-283
-508
-544
-35
315
585
333
581
238
80
42
52
43
132
364
396
510
467
396
123
210
694
876
1133
1205
780
921
763
375
-217
-209
-320
-220
145
398
468
476
307
163
41
-246
-602
-658
-313
-133
336
568
954
1199
1239
1209
877
433
52
-370
-308
-221
-121
-158
-28
112
176
402
514
315
238
85
-45
100
189
306
197
152
146
337
347
123
424
795
895
981
1050
787
615
793
611
597
736
1177
1157
1279
1464
1512
1473
1352
1075
769
418
402
223
329
672
868
946
1231
1451
1393
1394
1306
1153
1159
1208
1190
1275
1356
1111
904
903
910
960
1012
1037
1003
1087
1078
1045
1073
1377
1720
1705
1722
1565
1460
1283
1085
1072
1256
1601
1911
2256
2275
2222
2243
2053
1866
1922
1981
1886
1838
1911
1943
1785
1660
1665
1671
1677
1629
1713
2139
2437
2614
2720
3058
3319
3593
3658
3415
3226
3106
2964
2825
2746
2627
2510
2294
2455
2560
2691
2804
2909
3118
3417
3668
3500
3402
3438
3355
3297
3531
3624
3409
3288
3064
3027
3079
3152
3101
2848
2712
2610
2692
2715
2529
2315
2024
1739
1728
1759
1822
1862
1831
1846
1853
1788
1679
1671
1753
1678
1737
1541
1382
901
609
458
253
30
-241
-322
-424
-376
-263
-203
-355
-547
-917
-1190
-1398
-1462
-1533
-1697
-1717
-1568
-1287
-1273
-1094
-1018
-1001
-1196
-1462
-1951
-2377
-2709
-2990
-3079
-3235
-3276
-3378
-3366
-3542
-3570
-3579
-3764
-3931
-4083
-4240
-4491
-4764
-4869
-4946
-5001
-5043
-4942
-4836
-4811
-4832
-4799
-4981
-5254
-5516
-5582
-5775
-5967
-5999
-6081
-5880
-5956
-5695
-5731
-5811
-5949
-6019
-6031
-6284
-6188
-6159
-6006
-6021
-5772
-5587
-5608
-5754
-5740
-5852
-5918
-6065
-6139
-6144
-6355
-6287
-6280
-6079
-6019
-5749
-5521
-5437
-5352
-5202
-5099
-5135
-5107
-4907
-4757
-4713
-4598
-4377
-4136
-4144
-4145
-4131
-4186
-4122
-4105
-3979
-3967
-3987
-3881
-3873
-3621
-3600
-3352
-3344
-3334
-3164
-2956
-2652
-2491
-2221
-2151
-1871
-1680
-1310
-935
-764
-538
-559
-385
-423
-371
-359
-456
-438
-468
-299
-187
-149
-64
-77
80
101
307
456
401
468
511
652
691
784
870
942
942
1080
1263
1446
1485
1519
1647
1505
1486
1281
1305
1147
1069
984
862
821
712
895
881
911
949
1145
1114
1211
1226
1337
1203
1196
1254
1306
1387
1446
1631
1628
1633
1648
1605
1430
1372
1317
1375
1202
1322
1333
1440
1402
1412
1587
1428
1565
1461
1630
1556
1594
1649
1667
1785
1894
2035
2113
2188
2229
2375
2307
2345
2443
2485
2643
2595
2826
2862
2940
3048
3043
3284
3209
3336
3408
3604
3836
4029
4150
4292
4433
4647
4836
4901
4933
4471
4288
4103
3919
3773
3626
3851
3717
3786
3922
4067
4267
4087
4234
4075
3770
3478
3365
3258
2902
2802
2958
2965
2978
3054
3207
2935
2609
2443
2328
2061
1588
1513
1279
1260
1207
1404
1352
1145
1152
1059
936
652
678
511
247
-38
-72
-131
-380
-592
-769
-999
-1416
-1632
-1853
-2098
-2443
-2649
-2828
-2956
-2928
-2798
-2641
-2601
-2484
-2224
-2069
-1922
-1791
-1568
-1544
-1451
-1301
-1089
-907
-747
-518
-338
-65
125
442
622
836
1058
1310
1525
1712
1991
2214
2429
2664
2911
3143
3194
3322
3393
3510
3652
3838
4231
4732
5334
5808
6409
6697
6764
6623
6446
6314
6113
5871
5586
5543
5659
5595
5670
5558
5508
5273
4848
4360
3747
3433
2859
2440
1876
1657
1524
553
-1434
-3270
-4526
-5580
-6551
-6991
-7152
-7030
-6457
-5550
-4095
-2761
-1714
-979
-759
-894
-736
-263
-495
-1088
-1243
-1291
-1453
-1682
-1742
-1903
-2691
-3921
-4989
-5711
-6565
-7309
-7700
-8069
-8087
-7474
-6550
-5674
-4862
-4121
-3635
-3491
-3490
-3390
-3408
-3904
-4553
-4810
-5256
-5838
-6482
-7145
-7702
-8385
-8912
-9581
-9899
-10293
-10229
-9940
-9481
-8718
-7665
-6622
-5888
-5168
-4621
-4290
-4292
-4485
-4755
-4966
-5280
-5418
-5374
-5152
-4981
-4725
-4594
-4334
-4076
-3755
-3527
-3243
-2922
-2531
-1853
-1173
-478
305
801
1264
1661
1975
2285
2464
2727
2887
3175
3697
4083
4827
5165
5415
5799
5617
5979
6053
6547
6607
6631
7029
6811
7007
6640
6424
5918
4905
3919
2541
658
-2541
-5380
-7139
-8082
-8322
-7636
-6488
-5231
-3692
-1813
199
1632
2691
3076
3220
2882
2926
3657
4054
3901
3541
3466
3000
2061
1081
-142
-1802
-3760
-5220
-5650
-5517
-4817
-3674
-2313
-910
603
2308
3454
4068
4227
4073
3657
3159
3027
3175
3020
2595
2087
1653
1041
244
-822
-2500
-4020
-5561
-5970
-5789
-4784
-3389
-1822
-293
898
2247
2902
2885
2394
1611
840
384
229
460
551
706
494
383
33
-626
-1051
-1888
-2470
-2650
-2132
-997
277
1797
2997
3897
4547
4582
4735
4227
3637
3268
2971
3498
4020
5114
5714
6275
6473
6173
5949
5691
5487
5362
5381
5953
6825
7634
8351
8508
9303
9514
10067
9806
9485
9069
7916
7072
5936
6071
5564
5282
3723
2289
69
-3465
-6357
-8146
-8651
-9206
-7806
-6240
-4450
-2014
349
2382
3263
3548
3310
3248
2499
1856
2274
2541
1734
1262
1057
338
-960
-2547
-4061
-5627
-6858
-7369
-6581
-5220
-3709
-1489
463
1885
3211
4254
4497
3943
3305
2674
2166
1729
1457
1649
1391
693
38
-625
-1612
-2708
-3866
-5072
-5374
-5037
-3652
-2088
-256
1052
2397
3151
3305
3368
2718
1633
358
-337
-662
-357
64
325
388
248
-260
-546
-1052
-1395
-1695
-1697
-1309
-471
1001
1976
2738
2907
2706
2568
2104
1962
1540
1449
1418
1601
2373
2812
3836
3997
4056
3764
3757
3787
3893
4241
4809
5068
5184
5531
5775
6405
6096
6367
5496
5293
4838
4960
5848
6209
6410
5572
4703
3557
2823
2448
1481
-97
-1502
-2895
-5721
-8629
-9765
-9563
-9594
-8884
-7364
-6217
-4495
-3059
-1452
-594
-292
-503
-538
-637
-1324
-1070
-671
-1750
-3060
-3873
-4664
-6066
-7316
-8152
-8771
-9117
-9000
-7705
-5870
-4455
-2904
-1572
-775
-222
365
544
73
-373
-810
-1179
-1502
-1905
-2090
-2665
-3830
-4731
-5244
-5573
-6085
-5927
-5677
-5349
-4367
-3461
-2596
-1919
-1393
-1078
-941
-966
-1036
-980
-1274
-2235
-2665
-3065
-3350
-3348
-3079
-2989
-2818
-2509
-2251
-1764
-1449
-1124
-1012
-868
-1066
-898
-670
-583
-535
-285
-161
66
327
689
957
1169
1576
1710
2342
2477
3066
3615
3992
4279
4526
5028
4702
5035
4987
5495
5476
5866
5884
6311
6605
6677
6869
6845
6791
6510
6952
6997
6734
5965
5311
4327
4101
3520
2880
1066
-116
-3503
-7439
-9543
-9813
-8862
-7961
-5409
-4165
-2578
-1096
165
1242
1075
396
-143
-231
-568
-232
809
411
-1397
-2772
-4289
-5694
-7155
-7994
-8283
-8359
-7589
-5889
-3329
-1430
-89
896
919
755
840
939
762
322
33
-331
-666
-1093
-1690
-2513
-4000
-5111
-5857
-5948
-5244
-4075
-3141
-2291
-1586
-954
-644
-373
-452
-557
-675
-817
-729
-836
-1380
-1978
-2623
-3530
-3921
-3955
-3404
-3051
-2265
-1650
-843
-256
78
391
284
-49
-258
-274
-289
-151
335
508
779
751
1184
1263
1590
1745
2217
2770
3015
3391
3781
4473
4962
5490
5276
5203
5193
5600
5960
6705
7097
6937
6577
6494
6304
6168
5866
5751
6175
6792
7647
8332
8783
7812
6931
5915
5072
4547
4961
4427
2131
-2878
-8112
-10467
-10776
-9693
-8121
-5418
-4815
-3360
-1430
526
1539
1620
967
140
-76
341
1896
2930
1663
-673
-2673
-4974
-6688
-7681
-8314
-8954
-9001
-7861
-5466
-2490
-573
588
897
527
582
1216
1677
1732
1533
977
310
-211
-852
-1838
-3236
-5161
-6230
-6624
-5962
-4538
-3356
-2335
-1521
-547
-74
634
1051
714
645
-503
-1292
-1787
-2821
-3335
-4008
-4124
-4958
-4347
-3717
-3242
-2063
-1540
-663
71
267
637
532
467
-412
-497
-913
-1821
-1873
-2398
-2260
-2199
-1590
-749
92
986
1472
2340
2640
2943
3375
3515
3185
3077
3026
3030
3231
3485
4076
4481
4758
4929
5469
5401
5608
5421
5658
5434
6088
6599
6261
5793
4246
4686
4992
6332
7174
7158
6467
4722
3874
3267
3736
3625
2437
1029
173
-1892
-5828
-8663
-9231
-9128
-9144
-6604
-4360
-2543
-1334
-163
246
-128
-441
-516
-60
-676
-868
184
229
-1496
-2837
-4122
-6018
-7876
-8218
-7821
-6966
-5849
-4341
-2275
-976
-95
539
601
249
226
476
442
603
725
379
-383
-1555
-2740
-3714
-4679
-5062
-4820
-4629
-3917
-2842
-1802
-1110
-346
-82
-252
317
-88
-564
-1479
-2089
-2761
-3159
-3227
-3574
-3187
-3266
-2932
-2394
-1868
-1421
-872
-571
-669
-456
-177
-285
-511
-702
-913
-968
-1002
-628
-88
152
393
990
1596
2146
2745
3429
3403
3557
3676
3969
3881
3651
3750
3697
3348
3586
4498
5594
6370
7056
7237
6599
6793
6614
7282
6698
6999
6165
6647
6414
6563
7264
7166
7776
6831
7061
5314
5314
4930
4809
3617
1934
-420
-6001
-10383
-11418
-9821
-8750
-6104
-3619
-2652
-2016
-921
18
303
13
-403
469
685
1165
2381
2566
-303
-3324
-5452
-7738
-9054
-9033
-8309
-7555
-6424
-4797
-2704
-1231
-591
-339
-290
-330
598
1792
2340
2406
1751
605
-891
-2245
-3657
-4765
-5648
-5999
-5328
-4224
-3370
-2501
-1842
-1783
-1547
-1123
-609
191
1063
1447
1716
1608
129
-2004
-3978
-6181
-7093
-6986
-6014
-4762
-3182
-2003
-1191
-654
-861
-709
-654
-773
-590
99
358
385
158
-542
-1443
-2080
-2259
-1916
-951
-233
1223
2058
2886
3294
3720
3361
2908
3112
2807
3081
3066
3655
3916
4473
5028
5608
5585
5687
5821
6833
6865
7432
7772
7720
7547
6143
6146
4907
5022
4978
5891
6835
7072
8067
7526
6280
4704
3736
3480
2644
1888
974
26
-3955
-8359
-9909
-9162
-8850
-7016
-4655
-3621
-2780
-1587
-81
95
-17
-181
500
361
268
1343
1376
-888
-3281
-4967
-6929
-8228
-8279
-7542
-6869
-5948
-4796
-3209
-1938
-1175
-540
-519
-316
470
1369
1840
2082
1624
493
-834
-2063
-3345
-4146
-4975
-5231
-4765
-3858
-3077
-2792
-2211
-2069
-1615
-1343
-512
-267
-701
-337
-561
-275
-906
-1177
-2006
-3154
-3852
-4307
-3794
-3864
-3023
-2053
-1838
-1590
-1261
-956
-1193
-1333
-956
-787
-351
-261
236
124
-303
-492
-597
-461
-126
872
1431
1998
2432
2737
2592
2311
2273
2562
2963
3286
3789
4333
4378
4436
4480
4579
4748
5059
5818
6366
6644
6829
6583
6564
6358
7083
6942
6727
5605
4691
4472
4814
5630
6095
6671
6763
6416
5048
3517
2688
2608
2568
2031
1272
20
-4557
-9117
-10615
-9313
-8346
-6308
-3406
-2759
-2314
-1842
-795
-1359
-1924
-1458
-387
-327
183
1569
1170
-1718
-3830
-5455
-7520
-8398
-7791
-6577
-5861
-4917
-4029
-3240
-2605
-2140
-1528
-1320
-570
777
1650
2205
2221
1364
-184
-1541
-2503
-3309
-3518
-3883
-4005
-3680
-3343
-3264
-3415
-2956
-2788
-2584
-1894
-648
699
1173
1662
964
6
-1365
-2026
-3388
-5062
-4839
-4783
-4191
-4195
-2701
-2815
-3166
-2999
-2232
-1266
-1040
140
673
439
374
407
133
-871
-855
-757
-803
-382
127
680
453
708
994
1406
1710
2339
3060
3336
3709
3907
3878
3790
3800
3950
4172
5104
5321
5420
5582
6025
6950
7041
7371
6430
6415
6107
6536
6160
6088
6328
6292
5882
5449
6262
6520
6452
5533
4456
3720
3485
4069
3515
2456
931
-1434
-6572
-10161
-9570
-7426
-6391
-4444
-3041
-3883
-4341
-3908
-2814
-3247
-2184
-575
872
1148
2180
2361
-268
-3045
-4148
-5239
-6075
-5667
-4804
-4716
-4908
-5008
-5347
-5314
-4981
-3989
-2672
-1148
662
1533
1953
1808
1281
152
-525
-709
-955
-903
-1041
-1684
-2564
-3227
-3854
-4472
-4247
-3826
-3197
-2555
-1602
-424
-153
-145
-360
-10
-120
158
-125
-1548
-3419
-4167
-4524
-4281
-3973
-3336
-3228
-3156
-2659
-2009
-1541
-1610
-766
-82
318
946
1380
923
-154
-570
-795
-614
-347
246
618
507
481
531
856
917
1827
2339
3113
3776
4545
4672
4426
4029
3618
3706
4050
4725
5182
5805
6190
6797
6618
6771
5543
5047
5666
7058
6979
6252
6099
5461
4892
5219
5914
5554
4720
5360
5613
4884
4296
3813
3084
2207
2936
2046
1188
-1940
-6444
-9379
-8377
-6001
-5198
-3749
-4073
-5378
-6036
-4450
-3241
-3501
-2158
-224
441
941
2541
1913
-1152
-2823
-2797
-3322
-3457
-2912
-3071
-4344
-5237
-5275
-5664
-5789
-5129
-4053
-2989
-1463
87
335
228
187
163
389
852
1189
988
589
-168
-1153
-2103
-2872
-3616
-4304
-4068
-3865
-3628
-3148
-2639
-2838
-3053
-2367
-1905
-1245
-729
311
427
602
663
-126
-1378
-2144
-2467
-3130
-3019
-2349
-2342
-2801
-3046
-2954
-3047
-2642
-1600
-739
-109
612
1039
888
857
1040
986
856
1122
1153
1135
1050
1317
1153
1135
1222
1594
2227
2775
3391
3229
3443
3669
4154
4844
5381
5644
5504
5749
6218
6268
6753
5971
5364
4568
5347
5802
5898
5553
4937
4611
3957
4957
5760
5940
5504
5372
4847
4201
3874
3803
3300
3251
2430
1621
-57
-662
-3975
-7730
-8264
-6091
-4952
-4710
-3607
-5416
-7315
-6613
-4062
-3350
-2207
-135
-131
-850
401
1105
-600
-1758
-1282
-1381
-1761
-1379
-1800
-3482
-4933
-5218
-5338
-5123
-4463
-4406
-4363
-3614
-2798
-2293
-1737
-1113
-942
-405
474
1010
1014
789
375
-455
-631
-602
-1203
-1870
-2144
-2376
-3133
-3349
-3090
-3059
-3065
-2721
-2183
-2254
-1942
-1374
-1343
-2504
-2782
-2616
-2510
-2297
-1190
-953
-1914
-1889
-1721
-1847
-1820
-770
-661
-1165
-745
-255
-490
-750
-345
-345
-428
24
563
624
747
909
967
1029
1459
1833
2292
2725
3034
3199
3463
3479
3653
4098
4335
4217
3825
4174
4095
4508
4743
5404
5255
5142
5209
4860
4674
5044
5917
6326
6202
6703
6603
6329
5598
5369
5412
5759
6689
5464
4258
3276
3895
3703
3601
2561
277
-2528
-6169
-7414
-5510
-3008
-3411
-4318
-5984
-8499
-8653
-5897
-4021
-3020
-1394
-1181
-2390
-1620
-95
-516
-932
-4
466
-135
-53
-403
-1937
-3361
-3751
-3796
-3710
-3550
-4184
-5020
-5222
-5008
-4653
-3846
-3025
-2705
-2302
-1537
-909
-371
216
421
420
722
1023
703
226
-138
-623
-1166
-1305
-1726
-2538
-3540
-4088
-4409
-4171
-3802
-3915
-3926
-3764
-3009
-2611
-1780
-1213
-930
-982
-664
-68
131
212
121
-182
-522
-374
-120
-697
-1434
-1711
-1741
-1647
-1116
-465
-662
-763
-438
168
459
948
1444
1697
2050
2562
3029
3159
3127
3100
2866
2949
2935
3360
3640
4045
3891
3743
3679
3603
4111
4683
5130
4906
5227
4871
5081
5909
6314
5497
4824
5028
5021
5404
5903
5692
4297
3676
4189
4436
4336
4107
3265
1890
1952
2971
2771
1621
721
-502
-2758
-4782
-4627
-3366
-2958
-3665
-4299
-5960
-7762
-7303
-5215
-3974
-3219
-2292
-2872
-3952
-3176
-1529
-934
-463
464
416
-545
-783
-619
-950
-1451
-1422
-1607
-2206
-2774
-3318
-3830
-4205
-4146
-4023
-3757
-3551
-3576
-3524
-3199
-2611
-1989
-1332
-937
-905
-673
-319
80
284
563
307
-372
-838
-934
-1080
-1274
-1401
-1942
-2452
-2667
-2653
-2877
-2837
-2853
-3210
-2969
-2581
-2458
-2820
-2379
-1995
-1793
-1037
-557
-570
-922
-259
99
189
628
772
335
-93
450
733
572
661
630
350
172
642
967
950
1302
1491
1748
1802
2469
2860
3020
3296
3619
3875
3796
4253
4521
4946
5032
5034
4944
5200
5455
5327
5253
5006
4669
4833
5365
5335
4465
4115
3687
3621
3873
4647
4803
4255
3731
3072
2760
2987
4177
4326
3297
1857
1084
310
-111
-955
-2449
-3537
-3297
-3290
-4094
-4721
-6043
-7291
-7015
-5166
-4157
-3795
-3861
-4854
-5388
-4024
-1835
-854
-435
-245
-843
-1401
-680
365
366
-133
-483
-1171
-1867
-1991
-1923
-2301
-2853
-3037
-3362
-3701
-3929
-4032
-4144
-3919
-3270
-2837
-2659
-2598
-2476
-2243
-1549
-737
-372
-277
-165
-113
0
317
664
463
229
12
-241
-578
-893
-1613
-2527
-2964
-2849
-2770
-2785
-2940
-3395
-3608
-3368
-2720
-2048
-1503
-1239
-1182
-892
-424
15
483
794
1047
1147
1439
1493
1415
1328
1477
1534
1606
1695
1491
1193
1165
1583
1746
1992
2033
1838
1609
1841
2541
3000
3415
3323
3126
3091
3553
4480
4927
5291
5175
5016
4762
5097
5638
5645
5738
5588
5482
4794
4700
4425
4479
4857
5262
4573
3166
2509
2369
2877
3603
3918
2536
1009
182
-6
-303
-1000
-2209
-3043
-3106
-3379
-3846
-4397
-5481
-6477
-5874
-4669
-4287
-4450
-4654
-5258
-5093
-3408
-1826
-1571
-1789
-1838
-2115
-1872
-648
248
-84
-704
-975
-1315
-1522
-1219
-1080
-1598
-2162
-2426
-2672
-3042
-3147
-3161
-3256
-3267
-3174
-3225
-3408
-3249
-2865
-2402
-1888
-1507
-1400
-1481
-1308
-978
-446
137
240
1
-10
-238
-580
-456
189
-230
-1058
-1211
-1533
-1867
-1745
-955
-1527
-2332
-2334
-2324
-2426
-1750
-772
-991
-1415
-895
-655
-767
-196
776
813
459
913
1056
991
1330
2032
1925
1408
1588
1693
1691
2004
2472
2436
1922
1964
1993
1957
2261
2742
2804
2554
2776
3277
3277
3544
3603
3946
3894
4204
4542
4370
4427
4170
4647
4798
4882
4622
4362
4464
4404
4559
4577
4341
4285
3569
3401
3088
3351
3271
3113
2708
1701
1110
588
515
418
-124
-1933
-3791
-3743
-2797
-2875
-3420
-4433
-5973
-6928
-5750
-4283
-4315
-4654
-5202
-5728
-5441
-3743
-2536
-2664
-2561
-2329
-2237
-1962
-1070
-554
-824
-694
-382
-501
-896
-1002
-887
-1094
-1079
-1140
-1644
-2334
-2674
-2512
-2427
-2272
-2334
-2756
-3133
-3045
-2586
-2155
-1831
-1799
-2095
-2017
-1662
-1364
-883
-481
-168
-508
-532
-594
-578
-297
-113
141
-235
-485
-902
-1023
-585
-302
-347
-1080
-1475
-1643
-1413
-791
-453
-486
-1039
-1208
-979
-495
3
92
135
52
231
652
1035
1301
1372
1488
1676
1720
1943
2053
2231
2397
2648
2852
2520
2534
2453
2624
2807
3107
3356
3030
3048
3083
3500
3629
3460
3192
2993
3803
4372
4562
3898
3424
3394
4014
4751
4695
3851
3347
3196
3775
4279
4635
3933
2663
2473
2708
3350
2917
2733
1795
986
843
856
313
-685
-1494
-2716
-3389
-2744
-2569
-3831
-4957
-5500
-5847
-5760
-4750
-4676
-5505
-5853
-5629
-5121
-4419
-3468
-3426
-3665
-3299
-2766
-2362
-1942
-1182
-928
-912
-582
-397
-615
-697
-314
-41
-237
-428
-768
-1187
-1290
-1056
-978
-1410
-1815
-2206
-2366
-2186
-1913
-1850
-2177
-2256
-2460
-2231
-1830
-1531
-1755
-1755
-1180
-754
-649
-674
-963
-1177
-625
411
742
204
-358
-974
-854
-130
649
277
-579
-991
-1067
-765
-263
61
-444
-1042
-942
-584
-321
-151
73
-43
-120
199
513
588
822
1125
1429
1501
1571
1609
1682
2254
2735
2940
2680
2568
2661
2954
3440
3849
3844
3178
2775
2997
3639
3898
3903
3565
3122
3055
3257
3419
3298
3362
3304
3192
2981
2787
2626
2761
3092
3282
2818
2461
2081
2236
2490
2886
2643
1902
1331
1277
1750
2005
1643
780
72
-77
-70
-197
-372
-1233
-2689
-3525
-2897
-2326
-2963
-3921
-4827
-5557
-5395
-4434
-4041
-4663
-5119
-5370
-5352
-4612
-3604
-3472
-3939
-3667
-3088
-2821
-2405
-1647
-1398
-1526
-1172
-531
-462
-474
-136
263
350
419
391
-15
-322
-195
9
-145
-411
-769
-1174
-1493
-1339
-1203
-1253
-1709
-1859
-2015
-2055
-1793
-1877
-2042
-1930
-1234
-1226
-1858
-2117
-1583
-829
-347
-466
-963
-1493
-964
-81
405
287
-254
-682
-650
232
906
632
34
-274
-140
116
638
852
407
106
166
602
719
881
943
832
1011
1374
1583
1468
1522
1907
2203
2500
2567
2505
2529
2766
3192
3375
3338
3130
3066
3160
3269
3476
3779
3609
3101
2888
3147
3267
3488
3653
3219
2379
2264
2513
2594
2831
2916
2428
1603
1685
1835
1729
1597
1768
1501
742
447
626
814
886
830
511
-49
-110
49
19
-186
-382
-988
-2167
-2493
-1748
-1376
-2186
-3118
-3829
-4432
-4379
-3556
-3341
-3996
-4738
-5000
-5021
-4473
-3607
-3388
-3688
-3729
-3323
-3028
-2558
-1830
-1432
-1532
-1394
-946
-695
-594
-161
227
240
138
155
40
-87
150
405
322
5
-312
-577
-707
-554
-526
-682
-1094
-1508
-1668
-1495
-1302
-1530
-1779
-2087
-2280
-2211
-1645
-1228
-1370
-1823
-2098
-2076
-1464
-662
-402
-740
-1017
-863
-532
72
629
567
72
-108
296
704
921
1009
900
637
567
907
1053
945
984
1017
1067
1046
1231
1190
1164
1461
1766
1777
1604
1663
1764
1900
2161
2416
2456
2383
2343
2464
2575
2858
3013
2999
2835
2800
3081
3280
3304
3075
2783
2612
2594
2683
2823
2743
2346
1984
1824
1869
1872
1900
1787
1452
1228
1113
1296
1270
1286
1010
743
730
852
869
619
589
582
435
235
118
-57
-348
-508
-834
-1518
-1899
-1724
-1724
-2248
-2802
-3259
-3727
-3765
-3451
-3403
-3706
-4090
-4359
-4489
-4053
-3405
-3239
-3505
-3573
-3296
-3048
-2583
-1966
-1717
-1845
-1772
-1344
-975
-693
-372
-286
-356
-259
38
188
175
238
186
54
77
207
74
-448
-659
-682
-677
-899
-1199
-1596
-2030
-1901
-1532
-1421
-1716
-2104
-2239
-2140
-1698
-1364
-1371
-1491
-1488
-1275
-965
-614
-394
-443
-469
-325
9
253
322
358
416
588
713
778
818
806
819
869
1025
1084
998
895
866
983
1170
1361
1287
1082
995
1182
1426
1667
1737
1614
1385
1496
1880
2235
2406
2364
2241
2048
2160
2499
2921
3067
2935
2537
2326
2481
2913
3008
2814
2500
2247
2048
2111
2351
2439
2182
1824
1585
1547
1697
1704
1617
1420
1392
1422
1354
1260
1082
971
989
1133
1257
924
599
405
460
423
315
159
-192
-539
-765
-1033
-1430
-1707
-1723
-1835
-2178
-2505
-2970
-3369
-3514
-3363
-3247
-3416
-3662
-4011
-4232
-4148
-3742
-3351
-3241
-3216
-3180
-3065
-2741
-2267
-1797
-1593
-1506
-1391
-1254
-989
-695
-427
-312
-325
-272
-285
-285
-310
-202
-72
-49
-143
-309
-540
-761
-821
-672
-578
-695
-909
-1245
-1502
-1590
-1424
-1296
-1232
-1290
-1517
-1733
-1714
-1406
-1139
-1039
-971
-959
-958
-929
-681
-342
-103
41
59
53
96
237
433
560
705
774
786
806
883
1005
1068
1153
1252
1328
1328
1303
1295
1345
1434
1548
1597
1552
1542
1497
1434
1403
1555
1804
1830
1803
1774
1766
1816
1951
2150
2235
2285
2399
2433
2500
2478
2464
2460
2484
2601
2615
2564
2407
2230
2085
1979
2068
2172
2086
1819
1484
1354
1306
1347
1394
1374
1343
1253
1157
998
825
785
841
997
1045
923
660
285
59
31
120
117
-127
-490
-971
-1428
-1719
-1796
-1777
-1892
-2164
-2577
-2999
-3274
-3363
-3349
-3300
-3279
-3371
-3569
-3725
-3718
-3593
-3412
-3216
-3006
-2881
-2813
-2703
-2554
-2359
-2113
-1827
-1580
-1378
-1193
-1074
-991
-865
-668
-488
-393
-347
-331
-353
-413
-444
-375
-291
-360
-514
-702
-842
-1010
-1077
-1112
-1148
-1226
-1340
-1459
-1535
-1533
-1535
-1596
-1539
-1370
-1186
-1083
-1032
-979
-916
-716
-471
-257
-69
101
237
338
529
693
793
888
978
1089
1184
1297
1375
1399
1390
1375
1377
1397
1453
1466
1418
1361
1442
1545
1580
1524
1454
1442
1406
1468
1539
1680
1788
1936
2002
2050
2045
1975
1851
1893
2144
2466
2599
2455
2259
2061
2050
2087
2240
2329
2348
2210
1962
1798
1719
1692
1646
1602
1570
1512
1373
1156
967
922
905
952
1000
1058
984
756
469
326
379
566
650
638
424
141
-144
-287
-263
-253
-290
-452
-672
-927
-1154
-1386
-1648
-1874
-1995
-2098
-2203
-2347
-2555
-2794
-3015
-3116
-3119
-3052
-2991
-3022
-3105
-3175
-3142
-3022
-2875
-2694
-2550
-2423
-2335
-2210
-2084
-1938
-1760
-1572
-1417
-1291
-1164
-1079
-1045
-1016
-889
-748
-667
-629
-604
-637
-771
-858
-860
-828
-753
-752
-829
-975
-1030
-1044
-1093
-1110
-1094
-1045
-1011
-916
-812
-723
-653
-561
-464
-305
-114
71
197
313
461
616
747
836
925
1000
1081
1178
1250
1244
1203
1199
1227
1243
1262
1279
1244
1183
1204
1262
1282
1252
1215
1180
1229
1331
1446
1470
1385
1281
1242
1363
1557
1759
1837
1772
1677
1679
1785
1916
1985
2099
2188
2238
2180
2100
2027
2006
2023
2040
2031
1983
1868
1710
1538
1432
1392
1278
1171
1109
1118
1033
857
652
499
425
442
451
460
439
432
399
333
308
268
227
171
179
185
206
125
-21
-236
-421
-591
-700
-787
-866
-1004
-1229
-1473
-1711
-1861
-1979
-2078
-2203
-2325
-2425
-2477
-2545
-2623
-2719
-2767
-2791
-2730
-2586
-2438
-2342
-2335
-2353
-2300
-2163
-1965
-1794
-1649
-1501
-1413
-1312
-1184
-1069
-1033
-1016
-969
-850
-731
-640
-680
-761
-826
-787
-722
-684
-646
-677
-757
-836
-814
-765
-698
-689
-723
-781
-747
-649
-534
-464
-397
-362
-324
-212
-96
4
105
212
307
459
628
743
771
778
800
883
973
1027
1071
1122
1146
1151
1096
1017
938
920
994
1113
1217
1212
1145
1028
954
931
1039
1207
1403
1474
1480
1443
1432
1461
1512
1588
1669
1786
1866
1919
1880
1779
1604
1532
1534
1616
1680
1657
1544
1367
1195
1028
907
844
797
762
721
620
516
390
230
65
-3
14
39
82
77
45
-3
-38
-50
-78
-57
31
105
193
212
219
175
136
84
17
10
-36
-49
-85
-184
-312
-432
-558
-707
-808
-870
-968
-1084
-1214
-1301
-1388
-1491
-1572
-1665
-1735
-1776
-1845
-1885
-1920
-1914
-1900
-1930
-1940
-1902
-1813
-1749
-1708
-1644
-1569
-1481
-1381
-1278
-1152
-1078
-1051
-1065
-1075
-991
-896
-772
-692
-652
-662
-676
-682
-690
-636
-567
-516
-484
-422
-358
-314
-315
-314
-317
-258
-152
-2
108
166
202
192
194
242
348
449
512
628
751
764
740
710
681
677
789
958
1056
1116
1106
1035
975
1005
1070
1089
1121
1208
1301
1370
1361
1266
1195
1141
1070
1055
1088
1143
1113
1084
1064
1037
1049
1068
1068
1030
1059
1078
1102
1149
1228
1266
1232
1072
841
658
735
852
872
826
690
516
353
301
336
420
440
431
437
421
360
270
148
128
160
274
368
329
263
135
49
16
37
66
65
93
134
148
175
106
-15
-85
-57
12
73
97
61
-8
-91
-178
-258
-317
-377
-368
-376
-392
-415
-438
-520
-600
-661
-723
-728
-677
-628
-616
-655
-711
-738
-762
-743
-716
-675
-698
-736
-761
-813
-850
-861
-858
-839
-755
-629
-530
-513
-537
-652
-738
-726
-548
-311
-121
17
76
102
33
-40
-74
-36
112
317
556
813
875
641
383
250
193
357
628
882
1034
1033
908
643
422
384
555
779
998
1175
1081
876
818
727
685
884
1081
1233
1304
1161
901
789
825
959
1206
1400
1443
1329
1096
874
823
1069
1299
1395
1441
1287
1087
1033
1021
973
1064
1142
1177
1244
1229
1080
981
976
922
879
884
896
790
733
739
665
645
644
631
558
397
213
179
380
632
721
563
400
305
264
275
379
453
323
237
299
414
482
396
219
62
-23
53
15
-50
-13
24
-70
-212
-211
-255
-332
-344
-347
-338
-346
-442
-499
-544
-546
-525
-522
-540
-559
-563
-675
-784
-840
-830
-756
-678
-610
-523
-560
-714
-893
-989
-950
-859
-752
-761
-771
-867
-997
-1065
-1068
-1033
-917
-915
-1063
-1245
-1335
-1317
-1350
-1284
-1102
-971
-948
-1031
-1119
-1142
-1284
-1461
-1452
-1230
-848
-545
-535
-784
-966
-933
-909
-959
-982
-837
-621
-409
-221
-293
-501
-678
-912
-1005
-884
-727
-550
-258
-87
-256
-555
-796
-906
-757
-558
-386
-135
-12
-180
-440
-459
-381
-403
-320
-350
-440
-431
-375
-353
-287
-211
-343
-508
-534
-638
-643
-552
-459
-493
-591
-627
-806
-860
-936
-888
-905
-925
-971
-1070
-961
-985
-1027
-972
-983
-1126
-1071
-919
-982
-1056
-1093
-1306
-1451
-1390
-1471
-1472
-1406
-1423
-1420
-1335
-1269
-1337
-1509
-1686
-1730
-1617
-1464
-1299
-1223
-1258
-1433
-1530
-1533
-1562
-1561
-1524
-1442
-1357
-1230
-1131
-1097
-1054
-1032
-1116
-1106
-1175
-1167
-1032
-849
-656
-462
-302
-380
-554
-819
-1044
-1039
-814
-542
-295
-262
-370
-416
-463
-577
-668
-664
-671
-593
-457
-303
-268
-338
-492
-752
-847
-856
-744
-658
-519
-489
-604
-623
-608
-575
-647
-632
-563
-506
-439
-499
-706
-855
-764
-600
-449
-392
-330
-302
-344
-512
-518
-423
-198
120
195
-16
-113
13
88
148
150
-78
-153
-108
-90
-67
-116
-142
-125
-2
-50
-153
-134
-30
106
100
-52
-142
-54
19
245
493
412
265
327
367
337
422
434
342
318
476
562
617
629
390
206
130
44
-45
31
178
355
616
733
627
421
148
27
173
419
577
706
699
667
676
585
457
283
270
348
597
844
1008
1162
1089
803
466
507
709
930
1008
1019
1137
1116
897
682
496
600
791
757
809
835
757
812
857
951
902
710
647
815
1014
1184
1178
1027
991
975
820
656
763
860
1005
1071
1104
953
733
682
826
828
774
839
822
674
609
789
854
767
691
540
570
721
667
619
646
723
729
687
616
603
620
560
427
459
633
639
571
637
720
645
579
699
855
751
656
782
845
832
768
604
568
754
734
504
260
203
499
789
995
1002
736
322
28
-29
103
482
898
1027
1007
935
740
446
371
436
497
618
758
810
759
636
403
314
341
312
100
-18
128
343
522
663
567
502
509
360
101
107
260
444
482
583
768
889
730
358
-78
-383
-90
357
637
868
819
517
302
220
123
-20
57
336
718
819
821
743
601
437
193
15
19
212
463
569
406
237
130
0
-242
-397
-224
25
226
441
365
162
123
15
-196
-280
-207
-164
-36
271
306
150
-130
-255
-100
49
43
-27
-35
-64
-113
-96
94
22
-282
-394
-351
-324
-294
-321
-521
-589
-458
-320
-244
-76
-119
-402
-623
-602
-592
-445
-366
-253
-159
-271
-427
-614
-614
-555
-479
-353
-155
-141
-363
-635
-783
-768
-573
-355
-230
-102
-299
-557
-644
-673
-745
-760
-625
-471
-263
-198
-332
-612
-786
-727
-604
-478
-456
-548
-615
-514
-461
-351
-152
51
12
-236
-307
-373
-333
117
331
152
130
182
22
-285
-333
-298
-163
37
51
-10
-23
-168
-372
-501
-429
-327
-218
-35
3
-42
-34
-69
-123
-136
-66
103
156
135
125
230
341
285
212
181
51
-99
70
265
222
113
88
-29
-39
6
9
164
307
295
-8
-227
-213
-126
-72
-142
-271
-187
-149
-168
-121
-32
81
-183
-286
-127
94
333
468
527
327
221
69
-62
88
357
385
205
13
-168
-89
104
161
209
237
-74
-356
-282
-50
58
298
444
324
30
-338
-548
-493
-317
-251
-73
34
40
-77
-241
-446
-293
-26
1
-18
-189
-148
14
58
-100
-102
-127
-150
-2
17
-176
-331
-236
-203
-143
-94
-99
-44
-94
-284
-460
-438
-353
-299
-308
-296
-235
-215
-306
-468
-494
-522
-378
-230
-102
53
133
158
-21
-360
-525
-513
-386
-174
-182
-228
-207
-91
-148
-134
-237
-759
-872
-522
-237
-80
151
139
168
204
-88
-451
-505
-237
-45
-202
-279
-287
-367
-253
-50
28
52
-85
-521
-506
-84
111
215
223
159
31
104
97
34
-47
-51
20
133
270
262
158
-221
-470
-446
-271
-325
-206
57
186
134
-176
-501
-546
-231
76
348
468
520
255
19
204
246
14
-238
-359
-165
235
275
150
-19
-323
-611
-660
-225
343
508
159
-158
-217
2
271
164
-113
-113
1
279
702
484
-19
-393
-570
-362
-118
-151
-172
-1
42
30
-105
-223
-265
-555
-793
-659
-251
373
755
596
298
-66
-533
-757
-551
-136
193
422
543
372
89
-158
-279
-331
-86
148
233
318
228
-3
-217
-208
-91
9
100
93
141
327
387
310
267
165
-84
-183
-84
28
262
496
467
294
36
-121
-157
-123
50
197
297
351
422
454
529
372
45
-49
32
248
410
413
233
221
234
142
10
-27
97
258
248
95
34
-105
-199
-154
91
384
550
366
46
-108
112
426
321
-79
-148
-50
-51
171
305
291
81
-123
-193
-151
-111
-124
-82
29
198
286
325
152
-27
-35
119
216
265
242
66
-108
-183
-212
-64
166
137
24
-29
-237
-520
-585
-449
-234
-23
121
102
119
39
-190
-212
-205
-125
110
315
316
428
499
261
100
187
241
322
325
163
228
335
297
303
373
432
501
496
327
221
249
270
173
24
80
281
430
509
427
155
68
268
387
457
474
578
587
428
424
423
327
377
772
1200
1264
912
534
371
406
564
766
878
875
945
916
838
783
678
499
219
187
278
430
814
1047
879
579
412
133
12
126
273
328
628
791
565
394
288
194
260
503
480
295
295
454
613
588
335
-131
-363
-343
-158
98
185
8
-175
-359
-394
-289
-231
-310
-580
-687
-666
-317
-122
-183
-250
-525
-756
-846
-975
-1019
-891
-680
-509
-408
-440
-617
-778
-910
-967
-893
-767
-671
-603
-490
-548
-739
-828
-953
-924
-689
-812
-1065
-1057
-860
-869
-848
-884
-880
-775
-789
-773
-717
-654
-850
-902
-745
-756
-750
-737
-781
-777
-712
-624
-606
-723
-831
-854
-848
-838
-755
-705
-754
-903
-1076
-1094
-1018
-944
-884
-800
-806
-904
-957
-928
-1002
-1150
-1044
-873
-860
-834
-567
-428
-689
-944
-1052
-1216
-1187
-902
-738
-658
-474
-433
-571
-660
-767
-840
-808
-741
-612
-471
-450
-480
-470
-513
-501
-416
-317
-333
-400
-421
-523
-577
-509
-432
-530
-689
-708
-509
-313
-228
-326
-513
-656
-722
-825
-753
-489
-153
160
325
77
-289
-442
-369
-331
-376
-317
-204
-107
132
336
199
-67
-313
-438
-369
-228
-27
154
232
230
271
237
70
23
23
32
2
-39
54
230
274
162
15
24
171
129
-68
-236
-210
-42
174
323
356
213
67
10
47
54
-48
-79
-76
80
274
279
214
178
101
102
129
160
138
-47
-182
-109
75
278
399
423
338
203
88
-40
-36
93
109
162
315
465
473
358
172
-12
-10
56
80
101
121
244
392
462
529
549
439
379
356
214
74
142
261
406
583
519
470
388
265
321
325
191
120
146
275
427
564
602
512
475
456
336
164
162
271
367
419
529
683
734
692
693
597
410
433
605
778
804
725
677
660
695
829
884
833
791
730
673
638
664
617
494
466
566
682
653
634
520
364
371
426
559
575
426
316
416
484
468
527
568
505
409
281
173
166
126
39
37
111
149
193
190
137
99
5
-25
22
120
175
171
130
93
127
158
178
210
164
61
-11
-151
-310
-323
-183
-52
60
147
134
47
42
34
-79
-111
13
215
329
368
264
69
-35
-152
-132
103
281
339
330
264
167
23
-21
59
176
306
330
357
367
298
136
15
-11
-38
-60
-58
66
160
241
245
199
271
351
393
389
462
560
627
680
697
672
613
622
668
777
860
874
836
751
595
568
696
828
882
802
677
580
625
738
742
710
776
897
980
1037
1086
896
729
725
865
960
970
987
884
715
586
525
531
561
639
613
579
685
777
725
600
482
399
364
437
518
550
519
424
233
114
167
201
187
167
133
166
192
230
253
189
113
54
22
58
193
183
186
242
290
222
177
177
220
295
306
328
277
234
323
337
236
77
-28
-25
35
134
225
217
113
38
-67
-112
-70
-91
-163
-119
-66
18
56
-1
-50
-117
-223
-304
-267
-156
-142
-134
-63
36
127
51
-95
-195
-227
-182
-166
-153
-111
-60
15
-4
-44
-20
-47
-141
-165
-133
-179
-222
-198
-157
-2
192
199
-37
-256
-251
-166
-41
78
126
118
52
14
44
85
48
-8
59
151
190
154
70
5
46
143
215
305
355
293
103
-19
-47
27
145
118
70
99
52
-27
-16
40
5
-143
-210
-183
-146
-39
-81
-221
-239
-255
-293
-376
-410
-430
-423
-426
-480
-511
-439
-374
-355
-327
-431
-577
-723
-867
-924
-876
-776
-673
-544
-478
-693
-1026
-1158
-1138
-1114
-1055
-1013
-1007
-972
-903
-894
-1003
-1209
-1421
-1500
-1428
-1278
-1120
-1106
-1156
-1207
-1299
-1363
-1414
-1492
-1486
-1422
-1299
-1243
-1301
-1530
-1807
-1918
-1909
-1735
-1591
-1541
-1511
-1598
-1765
-1898
-1999
-1983
-1833
-1602
-1412
-1328
-1334
-1378
-1450
-1501
-1415
-1299
-1314
-1406
-1484
-1537
-1531
-1498
-1486
-1464
-1405
-1455
-1549
-1609
-1663
-1547
-1400
-1332
-1280
-1199
-1112
-1038
-967
-947
-939
-923
-906
-931
-892
-772
-667
-628
-703
-762
-804
-782
-713
-617
-555
-585
-613
-629
-589
-518
-385
-225
-175
-143
-129
-119
-86
9
43
-26
-41
121
307
441
495
421
361
344
344
412
498
568
683
784
790
713
679
703
698
700
715
765
818
921
1006
969
945
951
944
958
941
913
868
907
1017
1088
1068
1070
1098
1100
1088
1077
1095
1098
1134
1168
1191
1197
1165
1103
1059
1049
1081
1140
1102
1070
1114
1138
1127
1124
1142
1181
1227
1213
1193
1201
1219
1256
1249
1201
1129
1064
1031
1048
1044
1041
1085
1122
1088
965
846
775
765
830
941
1061
1114
1095
1031
924
753
625
598
665
750
803
866
886
819
734
640
536
400
334
345
360
414
455
479
455
377
247
113
92
118
128
183
264
348
387
357
315
261
244
255
284
322
334
308
226
139
82
78
115
203
246
208
151
75
-16
-92
-118
-74
32
134
207
169
38
-105
-179
-200
-244
-264
-245
-223
-166
-165
-258
-370
-479
-547
-563
-510
-449
-442
-427
-400
-418
-449
-445
-422
-377
-318
-266
-262
-312
-329
-312
-328
-369
-360
-335
-363
-407
-454
-487
-490
-467
-512
-534
-513
-543
-584
-596
-573
-578
-621
-586
-487
-399
-390
-471
-526
-533
-554
-616
-663
-652
-605
-516
-451
-464
-509
-575
-671
-704
-647
-570
-539
-517
-472
-438
-447
-511
-563
-593
-641
-657
-666
-692
-768
-845
-889
-911
-886
-808
-735
-712
-752
-816
-865
-862
-822
-794
-740
-692
-689
-701
-730
-761
-745
-746
-778
-805
-839
-857
-898
-910
-886
-803
-761
-948
-996
-1061
-1222
-1056
-905
-727
-519
-465
-546
-692
-697
-662
-599
-495
-477
-410
-423
-596
-653
-719
-811
-854
-1005
-1089
-1043
-993
-908
-912
-819
-783
-737
-641
-618
-392
-261
-197
-112
-13
163
300
364
420
481
500
516
520
549
616
690
720
716
765
753
735
714
663
699
717
686
690
723
747
775
796
801
829
885
897
882
868
861
854
802
772
806
830
809
790
756
715
710
675
648
681
691
722
780
850
913
994
1012
981
1003
1027
1047
1109
1178
1249
1325
1381
1420
1443
1454
1430
1400
1372
1370
1404
1431
1470
1516
1555
1575
1559
1519
1492
1465
1438
1424
1426
1442
1471
1497
1513
1520
1521
1478
1447
1409
1378
1390
1416
1463
1531
1598
1626
1627
1615
1591
1551
1521
1492
1471
1483
1503
1517
1509
1489
1467
1431
1383
1334
1299
1278
1261
1251
1251
1264
1275
1273
1251
1198
1156
1110
1061
1028
1014
1002
985
957
913
876
805
711
616
565
524
484
444
390
315
231
171
124
69
1
-55
-113
-169
-213
-271
-309
-334
-368
-400
-430
-465
-519
-565
-620
-666
-713
-767
-813
-854
-907
-960
-1002
-1052
-1107
-1165
-1230
-1301
-1369
-1416
-1460
-1493
-1506
-1538
-1569
-1625
-1685
-1747
-1792
-1821
-1838
-1862
-1862
-1859
-1869
-1886
-1916
-1935
-1973
-2007
-2036
-2071
-2095
-2119
-2142
-2142
-2166
-2169
-2167
-2198
-2225
-2243
-2256
-2275
-2284
-2288
-2284
-2291
-2287
-2283
-2276
-2274
-2278
-2279
-2265
-2231
-2214
-2207
-2184
-2173
-2155
-2134
-2107
-2072
-2040
-2023
-1984
-1936
-1893
-1839
-1791
-1741
-1705
-1675
-1655
-1619
-1564
-1498
-1441
-1411
-1384
-1348
-1318
-1282
-1254
-1245
-1234
-1196
-1178
-1169
-1162
-1139
-1125
-1130
-1104
-1109
-1095
-1080
-1053
-1030
-997
-966
-945
-906
-884
-849
-803
-749
-698
-649
-615
-597
-567
-528
-472
-415
-374
-356
-349
-345
-349
-320
-311
-286
-272
-269
-255
-247
-229
-249
-247
-248
-244
-232
-232
-217
-206
-206
-201
-183
-172
-159
-139
-128
-108
-99
-84
-72
-62
-51
-43
-40
-33
-21
-21
-9
-4
-1
25
39
49
54
68
90
98
109
116
121
120
123
121
134
136
132
142
143
147
153
169
183
199
209
211
216
216
235
262
289
309
323
326
332
347
362
380
424
454
467
483
499
524
535
550
566
588
613
642
668
708
713
710
724
742
767
793
819
841
865
898
925
944
967
987
1009
1039
1066
1118
1161
1192
1221
1249
1279
1313
1357
1389
1433
1468
1502
1539
1580
1628
1661
1698
1726
1753
1770
1785
1797
1811
1819
1827
1839
1860
1874
1906
1909
1963
1957
1927
1974
1955
1957
1948
1943
1942
1976
1971
1977
1978
1984
1976
1964
1941
1944
1950
1952
1896
1903
1897
1886
1877
1857
1844
1820
1785
1745
1724
1703
1689
1679
1669
1655
1638
1605
1553
1501
1453
1412
1370
1323
1288
1257
1216
1179
1136
1081
1047
1008
952
888
838
793
754
719
683
651
611
559
504
447
403
345
286
246
202
168
122
74
19
-19
-73
-137
-190
-241
-281
-322
-365
-411
-452
-493
-533
-574
-624
-667
-679
-719
-750
-765
-773
-792
-822
-847
-857
-869
-892
-896
-929
-926
-913
-916
-915
-920
-917
-929
-921
-920
-935
-937
-939
-950
-959
-971
-983
-1005
-1031
-1054
-1068
-1068
-1070
-1076
-1085
-1096
-1090
-1082
-1069
-1048
-1032
-1019
-1007
-993
-973
-950
-935
-911
-889
-862
-840
-825
-809
-788
-771
-766
-761
-760
-761
-741
-727
-725
-721
-727
-737
-744
-757
-773
-778
-782
-778
-776
-752
-743
-741
-739
-746
-742
-734
-719
-699
-687
-680
-672
-652
-620
-601
-611
-608
-598
-580
-549
-524
-503
-494
-496
-490
-474
-454
-432
-411
-410
-402
-404
-402
-392
-381
-384
-376
-372
-365
-346
-337
-334
-343
-338
-322
-292
-273
-261
-236
-210
-205
-182
-170
-164
-162
-147
-124
-100
-72
-49
-32
-24
-10
-4
22
42
42
43
48
51
57
64
64
66
64
59
60
64
57
48
57
63
60
76
95
107
105
113
126
131
138
152
170
174
183
193
197
208
217
219
231
225
225
226
221
213
209
207
188
179
169
157
137
125
121
110
106
88
83
84
84
89
96
102
105
115
118
125
141
147
160
168
164
156
147
144
141
135
131
124
107
91
85
83
83
67
46
31
3
-3
-5
-8
-4
5
20
23
23
22
21
30
51
66
97
121
144
172
200
216
237
254
266
277
286
306
326
341
354
367
389
392
399
409
420
434
438
452
473
482
488
507
521
533
541
560
580
596
622
636
656
690
706
731
764
796
811
819
833
863
889
902
929
958
963
979
1005
1014
1030
1034
1044
1040
1037
1045
1041
1050
1052
1044
1035
1037
1024
1019
1019
1020
1013
1003
1006
1003
995
995
989
991
974
973
982
946
927
909
891
885
871
852
842
812
799
778
766
742
709
697
672
664
673
644
615
588
559
535
503
481
460
432
417
388
378
359
325
307
283
251
221
197
174
154
118
89
59
32
24
-19
-37
-56
-83
-109
-143
-158
-182
-212
-255
-281
-302
-328
-345
-359
-373
-402
-420
-444
-460
-471
-490
-511
-530
-541
-561
-589
-617
-638
-653
-678
-694
-714
-744
-768
-789
-811
-835
-862
-879
-901
-918
-935
-950
-961
-977
-983
-992
-1004
-1005
-1004
-1015
-1009
-1007
-1007
-997
-1002
-1008
-1010
-1002
-1006
-997
-989
-980
-989
-986
-973
-988
-986
-998
-999
-994
-1000
-1001
-1010
-1017
-1025
-1033
-1036
-1036
-1055
-1052
-1041
-1033
-1017
-1017
-1014
-1014
-999
-977
-962
-947
-939
-924
-908
-884
-861
-846
-845
-844
-827
-805
-771
