-36
-46
-44
-57
-77
-88
-71
-37
-11
8
-20
-55
-43
-43
9
36
44
-8
-43
-33
14
66
22
-10
7
-2
-12
39
92
75
70
55
42
28
17
40
5
11
44
65
50
10
42
33
17
0
6
11
103
160
128
114
74
34
53
102
92
62
147
134
56
54
61
33
76
142
100
53
37
46
41
58
75
68
109
89
56
19
36
51
90
115
77
43
17
6
19
82
67
20
14
41
9
-1
60
32
42
49
52
36
59
24
-39
-7
15
-16
9
27
-27
13
61
-51
-139
-51
-76
-51
13
71
45
-8
-60
-78
-117
-70
-27
61
56
-15
-90
-149
-155
-11
69
41
23
-108
-242
-162
34
14
0
2
22
-50
-159
-116
-76
-51
-24
-47
17
45
24
-19
4
-24
-37
-38
-35
44
83
61
-27
-33
-84
-77
-15
29
-3
-26
-75
-57
-43
-53
11
7
2
-36
-75
-39
-51
-142
-179
-47
39
35
66
-29
-89
-36
65
7
84
-81
-88
-8
75
93
18
64
-91
-71
-123
-70
-47
69
-13
-148
-160
-126
-167
-1
12
-44
8
-122
-67
-58
42
-81
-70
-39
-86
-44
44
-34
-24
-50
-32
-86
-10
-60
-166
-81
-41
-79
-38
-9
-45
-86
-87
-175
-161
-133
5
-52
-118
-82
-157
-68
-30
12
-25
-5
-86
-135
22
-6
-13
-48
-102
-125
-44
68
6
56
-98
-106
-123
-60
-98
-108
-38
-81
-98
-71
-121
-143
-111
-95
-89
-80
-6
-106
-117
-98
-23
-9
-65
-166
-197
-143
-83
-8
-6
-19
-98
-207
-129
-70
-59
-71
-106
-102
-85
-111
-76
-40
-135
-200
-88
-43
-113
-75
-191
-198
15
74
13
-38
-139
-216
-210
-14
87
166
-107
-36
-29
-94
66
108
125
42
16
-76
-104
31
36
-5
102
113
-11
-21
101
-3
-172
0
179
146
140
-2
-133
-145
-9
-91
-41
28
-45
-87
-172
71
96
-52
-51
-177
-139
-87
30
-7
-77
-31
-211
36
120
-195
-248
-130
22
115
191
113
-62
-30
52
7
117
57
-40
-80
98
-36
-220
-23
67
23
-26
11
13
-9
-21
-188
-191
40
128
24
-110
-89
-102
-7
35
146
13
-137
-238
-174
-38
79
124
48
-90
-46
-109
17
61
149
21
-135
26
-64
21
142
-123
92
160
-4
23
163
52
13
41
-169
-65
81
20
60
-27
-80
-186
-96
-90
-196
-152
-73
90
52
-86
-312
-260
-196
-33
410
321
20
-208
-139
-118
-109
84
-42
-212
-141
41
65
-74
71
14
-279
-228
-73
94
12
1
68
22
-226
-236
50
-38
-86
98
-88
-140
-21
112
-81
5
72
-19
21
-72
-89
55
154
129
-22
-98
119
233
174
116
-36
76
110
22
-23
1
102
64
208
57
145
126
-212
-195
35
115
260
211
37
72
7
247
210
93
-32
41
-127
-37
211
103
181
98
-246
-80
84
155
108
308
2
-210
-221
-231
7
-34
-210
28
5
-56
-23
-169
108
122
252
-199
-168
-105
-50
111
158
146
112
-106
-137
-125
-87
-94
-72
254
62
119
14
-97
98
145
13
169
186
-13
151
51
83
-37
-98
-123
25
67
53
118
-48
141
5
-306
102
44
-23
58
-304
65
253
99
110
-142
41
70
26
116
122
62
-184
-48
183
55
10
5
-209
-100
-82
0
64
86
118
38
-125
-98
119
-115
165
7
-197
-108
144
-62
243
-63
-339
29
14
-31
53
103
6
306
-38
-49
132
-403
-95
-132
54
186
149
-98
-24
115
-101
-272
44
182
-18
-67
-190
-358
13
444
-183
58
99
-181
-169
80
49
-68
198
-167
-221
203
-138
71
331
-10
-336
122
12
-122
-28
-53
-82
121
120
68
-80
-112
-168
-8
-193
-93
71
-429
-83
-113
-155
51
170
3
-173
166
-23
-366
-64
212
-75
-49
75
-251
-259
31
52
-157
334
-75
-213
-202
-37
-98
-55
36
160
-105
156
-38
-330
-59
93
-162
2
44
-269
0
-319
-339
-38
66
-45
57
14
-476
63
47
-12
59
-204
-412
-4
-24
-31
48
239
72
88
-197
28
-185
-246
130
24
297
86
-77
-265
193
47
-65
-111
-295
98
116
-226
35
120
-403
-136
341
-552
-244
-93
-238
504
-34
-381
-583
-102
544
269
-271
-461
-69
-222
151
-449
-403
296
567
-226
-269
93
-397
206
579
205
-843
-205
69
221
399
582
-874
-886
401
-120
103
75
-87
-1051
-397
-6
-289
377
155
-502
125
-601
-1081
-714
444
295
-61
316
-23
42
-191
-53
-217
504
-42
110
686
-59
-502
-66
324
81
115
110
-24
-31
-20
43
-106
123
323
8
-108
184
-513
-106
198
-406
624
-702
-777
536
53
-362
270
597
-162
-352
177
101
351
-46
-20
725
-524
307
272
-235
-284
-123
399
-422
620
207
-474
5
-126
-123
-530
365
-141
-7
407
105
-495
-501
-161
253
451
93
356
50
-196
-737
290
-264
-213
385
-430
-165
104
129
220
17
-274
-901
-806
-68
-77
564
970
173
-824
241
570
-576
273
730
659
336
-533
-696
-483
788
667
82
436
-729
-396
-551
159
868
322
-222
-39
-97
-612
708
319
-313
442
-192
-464
36
-410
764
762
564
-866
-114
379
-674
688
474
170
91
644
-38
-439
-75
67
-128
50
81
725
179
-488
-315
119
246
-414
-516
320
441
537
64
-507
-105
287
366
477
-367
-206
456
-358
-509
703
608
664
-455
-1081
-760
598
182
238
603
311
-347
208
-308
-453
620
-434
498
171
494
-387
104
-721
-86
363
203
-56
720
-145
-679
-532
-25
-364
377
341
-218
205
663
-487
-445
-131
-308
402
740
-300
137
-276
-708
-605
824
731
-201
-80
-855
-390
628
-645
-128
359
5
-1325
296
504
-206
613
327
-531
-332
81
-326
412
45
-44
-529
-406
-250
115
-28
-32
-391
190
-67
-177
310
-403
-416
-153
-372
-226
282
543
85
-509
-337
-745
215
-523
91
717
-448
545
-171
-1236
-623
-163
409
469
294
-304
-701
-532
-159
268
5
573
-685
-256
-132
-277
-215
282
-16
159
917
220
-1036
48
92
-416
204
635
-405
-241
-667
-375
-126
69
-31
587
-274
245
-75
-242
-350
73
862
-61
219
-733
-82
-74
1064
-192
-281
-95
740
-462
61
-474
293
-212
-386
630
-236
-69
408
-58
-263
0
176
-293
20
-93
-545
-468
410
637
0
-53
-469
-287
147
417
493
-173
-327
-224
-424
200
601
-61
314
-197
-527
-193
-358
310
159
413
-12
-287
-608
587
-477
-47
658
-495
-850
409
272
105
-567
-409
-229
-7
112
304
38
-141
-197
-147
27
389
258
-581
127
252
-76
-91
-163
-222
-173
15
-201
52
272
-213
-294
-400
-113
-211
-209
-287
124
87
-55
-383
-47
-86
135
210
-29
-400
-118
91
767
271
-239
-443
-169
236
82
7
177
192
-245
207
76
-68
-217
262
141
-146
55
18
62
470
-148
-80
102
448
444
-247
-56
-44
-488
518
665
337
-76
-82
-212
-240
169
52
22
179
607
298
-257
70
333
-432
246
39
117
-163
-158
72
41
454
104
9
-453
-295
-184
600
47
-56
-38
166
196
398
338
-145
50
-189
-315
168
69
427
-218
810
149
103
-160
-583
-69
-51
-2
-59
-261
408
142
34
431
-744
-67
-43
344
32
380
391
-626
455
90
-5
-178
186
-925
-94
1
-442
558
-92
-70
547
-331
-928
118
612
-319
-232
270
-67
325
-84
177
-493
-168
-293
192
500
-92
-64
12
-241
-170
-129
-48
-4
-94
232
-259
-168
-742
-320
159
-89
778
360
-507
-617
44
-174
-64
375
283
213
-69
-592
21
-142
478
130
-416
-73
36
-282
-268
398
537
504
-178
-354
-338
-164
-172
696
10
-48
352
452
-920
-468
-308
556
327
1086
-345
-424
138
124
179
-293
350
-53
-232
645
-89
-408
-363
472
-294
-589
815
-286
251
254
-90
-338
-24
274
175
0
380
103
14
-685
-185
-6
241
968
238
-38
395
-756
-589
-316
395
195
164
415
-133
165
-477
-355
114
273
180
474
246
-390
-146
-183
-2
89
552
-371
-279
-216
-474
-215
166
321
870
-2
-201
-120
-443
-248
411
-346
132
546
113
-495
377
-525
-529
236
126
49
316
-57
-282
509
-188
-340
-303
-475
-220
116
246
-187
181
-26
-176
-433
-215
314
-369
-116
230
-340
498
-490
-115
-189
-336
-231
-8
77
-274
-50
-561
-656
-208
306
429
290
-620
-490
-251
401
-25
354
90
-4
-719
217
-102
-123
330
119
-933
-744
-33
-571
166
372
215
-399
-127
-491
-722
216
14
-83
18
-407
-38
140
340
54
88
-127
1
-297
215
-357
-206
25
581
-257
48
311
-780
126
653
220
65
160
-110
-532
124
378
-217
134
203
-166
-191
163
116
-721
304
33
20
449
114
-138
-326
384
-81
439
-87
189
111
-140
605
102
99
-126
365
-557
146
425
392
502
-15
-37
156
-221
-183
407
-256
-231
232
666
452
-306
-241
-1262
228
170
340
-63
353
93
-742
672
-49
-139
-68
312
345
-304
-400
-220
53
15
4
281
188
-271
211
99
-829
-31
-466
17
36
528
-776
-230
171
-140
-84
451
-195
-248
-568
-342
218
545
-305
421
9
-602
-464
226
-272
215
79
577
-771
-341
-93
-262
313
452
64
-451
-366
75
574
634
-513
-643
285
-684
772
-263
-284
-384
233
425
384
-87
-565
-376
-10
279
-531
352
205
106
-648
455
203
55
513
-406
-250
-214
-85
-94
-130
111
-29
670
300
487
381
-589
249
231
-76
440
776
-414
487
-952
-198
125
629
-603
260
-429
-239
-477
369
361
838
293
-195
-704
404
-321
-690
387
189
131
349
384
-683
-150
418
-129
-50
418
-48
107
27
-56
-155
547
205
447
515
-374
-392
-430
-417
67
644
-50
567
-1100
71
-483
769
229
-725
562
-326
688
-413
-128
-227
-138
-82
384
-368
207
-268
304
230
333
-684
-202
203
550
-180
655
-684
-1377
-96
208
302
-483
778
-808
-365
202
-476
-479
159
283
-183
-132
-457
212
-323
865
41
-119
-361
-182
-189
739
173
-509
-117
-2
-682
476
317
275
-755
105
-1067
-452
-302
126
427
-59
-812
-175
-857
-565
750
-215
-194
283
357
-883
-145
-483
103
131
1043
529
364
-314
-381
-321
-326
868
25
-433
-290
-248
483
242
-1219
-1095
428
115
-6
39
-689
-99
-851
156
618
298
-130
133
337
-1085
429
186
-286
269
144
398
-1374
-1163
-248
555
90
211
39
343
386
392
-889
-201
-427
417
773
543
36
-192
-393
-373
-531
-629
1009
194
698
-123
-432
-718
-376
718
-334
411
623
-389
200
676
962
-781
-251
-119
-444
649
477
-7
-303
-542
655
-641
295
-440
185
438
-539
-1885
68
892
217
364
300
361
-210
257
210
160
921
-863
422
97
491
-513
429
-1162
249
376
260
-342
-377
149
527
172
-532
888
-934
-311
-256
677
286
350
-14
-728
-624
643
53
945
-657
-496
-670
88
-101
745
504
130
-922
338
567
-5
23
-424
-448
-786
735
-119
-43
-293
-526
-359
-95
73
-177
-559
481
-49
-72
-234
238
-245
732
200
-554
-92
-287
2
827
363
-339
-957
-241
266
139
1070
-563
-230
-161
314
-700
-902
1721
-892
264
272
83
-246
45
45
354
-840
-402
213
251
923
-549
-34
-1695
-36
-91
684
578
-72
-712
-446
546
971
-563
376
-943
-729
296
514
-452
776
728
-309
-453
374
-190
-455
137
2
-398
-300
486
208
38
-45
283
630
-61
-371
-104
-596
-946
468
573
143
924
-166
-721
376
19
84
702
781
-236
644
-422
-533
524
433
-193
-927
-333
-34
367
-255
126
-674
596
792
324
-680
-252
73
-962
350
169
472
194
427
-253
-784
-273
228
116
618
-965
-492
-627
-841
358
726
408
-144
-527
226
-149
-579
42
-42
-424
262
-398
-680
-286
-590
42
-206
440
-438
444
-86
-367
-309
93
-116
-51
-804
281
676
-399
25
-61
352
-96
640
-127
332
98
-624
-302
-86
485
98
-528
-110
-198
176
551
180
-120
156
-66
-238
-70
-379
117
729
46
-87
135
145
-473
-508
-998
-345
-216
-212
198
-213
-362
-257
-386
-275
60
499
-23
-289
13
-547
-132
-82
409
543
90
-195
-475
598
133
337
785
-263
-294
144
197
-648
236
73
-294
-119
178
157
141
136
625
-290
631
157
-9
771
554
467
260
740
305
23
-109
336
-204
522
-197
126
-202
-207
-45
-559
-374
-64
394
117
419
72
111
-63
343
660
233
386
-87
-92
62
519
27
341
597
-180
-600
-795
39
-189
412
-13
476
-282
148
-104
-309
-475
-28
43
183
313
120
114
-87
-32
-307
112
47
-353
-316
135
-206
-8
351
662
308
-159
-429
-335
538
-119
-76
-170
-265
484
-308
-13
0
-28
-25
-82
-56
-488
-531
-326
-334
-315
144
459
387
257
405
-692
317
82
-479
262
172
758
130
-560
-351
-159
-237
-156
405
621
-654
-873
-391
-545
-631
465
-344
68
-4
-185
-107
-180
596
-947
3
-56
-772
474
-246
-321
-390
-776
-342
-583
745
229
-270
148
-630
-668
-84
136
-209
257
285
53
-199
216
-395
-524
121
298
420
-101
-131
-458
-304
86
215
-52
573
109
-12
-252
-92
233
-108
40
58
208
135
-334
-407
-688
151
778
-83
445
233
-68
-138
211
74
-355
202
-46
507
788
28
-345
-57
244
270
940
320
382
106
-157
498
270
296
-336
169
743
427
45
-558
-430
-57
-60
429
393
230
-163
391
553
283
273
10
-638
107
-34
-585
-187
766
-109
-621
-355
-325
-95
34
-586
-15
439
431
493
302
-13
-533
-532
-195
300
449
60
212
-28
-452
-280
-387
-804
-428
24
-63
87
15
-265
-173
109
-133
-414
-503
-17
-73
-77
-336
-483
-215
-63
-40
-27
-364
-256
-104
-26
150
150
-248
-576
-132
-185
-138
-40
83
-245
-68
-41
-42
149
213
7
-377
-278
-82
-105
-60
98
137
-133
66
454
38
-64
-449
-738
21
477
264
-55
-211
-376
-347
-173
35
-130
-133
-188
-62
40
-8
-68
-403
-350
-22
-110
61
493
4
-64
261
214
-207
18
-34
-236
-171
-85
-17
-54
-357
-343
-210
-151
-16
-137
-38
-40
-61
-179
-104
-244
-415
-223
-40
-173
-87
45
-2
133
346
422
346
465
281
44
-62
57
-28
-199
-166
-173
48
63
109
218
127
150
60
69
215
-11
-210
-158
-31
107
200
207
-9
117
192
128
308
281
101
37
-152
-66
-6
-49
68
251
309
198
373
390
95
292
496
656
722
804
666
448
611
578
552
682
609
416
333
470
355
244
301
384
337
250
184
198
149
211
253
253
274
303
268
133
150
29
-143
-232
-209
-328
-537
-649
-704
-748
-722
-722
-712
-697
-645
-652
-793
-831
-799
-892
-934
-922
-955
-1040
-1014
-917
-862
-860
-827
-758
-792
-775
-782
-827
-919
-986
-932
-929
-883
-828
-794
-788
-727
-605
-619
-600
-524
-499
-447
-466
-116
113
331
514
573
587
642
841
967
1184
1218
1198
1137
1150
1167
1327
1455
1668
1919
1966
1989
2100
2412
2619
2698
2819
2895
2764
2621
2742
2611
2606
2556
2619
2230
1873
1744
1487
1011
729
615
211
-110
-171
-117
-265
-207
-186
-366
-634
-720
-850
-1200
-1496
-1742
-2138
-2531
-2657
-2641
-2672
-2557
-2375
-2247
-2157
-2044
-1949
-1996
-2001
-1977
-2058
-2120
-2106
-2051
-2045
-1891
-1620
-1501
-1507
-1597
-1648
-1819
-2122
-2336
-2567
-2665
-2710
-2546
-2351
-2366
-2340
-2218
-2042
-1815
-1353
-903
-662
-371
72
512
852
1190
1498
1542
1449
1355
1359
1175
1008
934
820
741
790
1078
1383
1770
2209
2725
3242
3818
4286
4789
5014
5137
5254
5341
5305
5203
5275
5198
5316
5390
5722
5822
5957
5929
5403
4693
3941
3200
2459
1990
1773
885
-1349
-4171
-6584
-8124
-8884
-8822
-8229
-7769
-7156
-6131
-4405
-2148
362
2401
3194
3166
2888
2730
2565
2327
1974
1144
-281
-1761
-2809
-3259
-3512
-3817
-4563
-5564
-6330
-6614
-6346
-5463
-4242
-3105
-2221
-1252
8
1355
2390
2950
2861
2139
870
-323
-1348
-2136
-2658
-3179
-3572
-3868
-3613
-3118
-2496
-1865
-1240
-744
-482
-65
17
-87
-133
-283
-248
-202
230
395
335
240
126
-88
-291
-196
-196
-264
-188
46
364
693
1150
1551
1642
1660
1912
2201
2790
3247
3742
4023
4266
4317
4681
5068
5304
5371
5324
5370
5118
5229
5403
5810
5726
6016
5677
5176
4206
3243
2302
1446
855
-238
-2587
-5717
-8530
-9886
-9985
-9101
-7541
-6091
-4822
-3639
-1808
657
2901
4524
4808
3935
2660
1739
1366
1041
533
-403
-2000
-3856
-5189
-5642
-5723
-5959
-6360
-6809
-6924
-6212
-4593
-2456
-332
1276
2129
2395
2657
2858
2662
1407
-379
-2113
-3790
-4759
-4939
-4480
-4245
-4046
-3729
-3219
-2484
-1573
-673
-166
37
582
1202
1810
2306
2570
2302
1240
163
-816
-1618
-2384
-2976
-3159
-3190
-2712
-1718
-599
407
1201
1704
1848
1872
1924
1943
1790
1707
1721
2106
2470
3026
3319
3297
3019
2662
2519
2739
3057
3449
3942
4227
4615
5098
5686
5690
5458
4901
4582
4377
4797
5199
4866
4377
3247
1575
411
-81
-717
-3146
-6333
-9284
-10940
-10420
-8418
-5898
-3876
-2151
-966
49
1707
3737
4743
4181
2583
878
-348
-624
-404
-653
-1574
-3292
-5314
-6833
-7161
-6624
-6087
-5963
-5755
-4932
-3172
-787
1614
3352
3995
3456
2308
1382
760
-222
-2124
-3798
-5224
-5900
-5587
-4364
-3205
-2761
-2286
-1753
-1107
-2
1266
2184
2216
2073
2224
2340
2281
1946
1183
-264
-1849
-2898
-3228
-3011
-2578
-2153
-1528
-962
31
1163
2125
2485
2180
1944
1474
1426
1559
1916
1850
1481
1303
1369
1844
2267
2706
2790
2572
2503
2936
3629
4314
4896
4849
4533
4166
3851
3683
3795
3873
3912
4402
4995
5685
6485
7193
6382
4336
2034
161
-1196
-1358
-1622
-4217
-7937
-10301
-10140
-8652
-5888
-2878
-1426
-1388
-1038
245
2061
4089
5295
4418
2076
267
-371
-442
-560
-1330
-3347
-6278
-8503
-8853
-7542
-5720
-4185
-3307
-2777
-1661
375
2541
3853
4129
3169
1269
-412
-1082
-1259
-1870
-3114
-4719
-6007
-6328
-5557
-4119
-2697
-1783
-1246
-500
877
2471
3830
4370
3667
2108
842
-68
-770
-1212
-1825
-2791
-3632
-3611
-2868
-1681
-632
96
249
517
1212
2072
2840
2945
2480
1431
533
26
-147
-87
-347
-469
-403
419
1697
3011
4086
4530
4513
4080
3720
3514
3213
2717
2345
1730
1849
2663
3580
4159
4297
4135
4412
5205
6731
8009
7595
6352
4648
2468
150
-1018
-1178
-1995
-4402
-7808
-11282
-12246
-9799
-5937
-2894
-618
801
1051
1563
3374
5317
5827
4615
1986
-799
-2294
-2371
-2334
-3026
-4694
-6983
-8904
-9194
-7513
-4840
-2511
-1222
-374
890
2700
4431
5349
4888
3078
658
-1500
-2714
-2929
-2906
-3579
-4816
-5755
-6296
-7728
-7871
-6113
-4050
-1556
1753
4560
5341
5821
5770
4134
2310
1170
-339
-2123
-3304
-3655
-3647
-3348
-2973
-2865
-2426
-2066
-1437
46
1641
2911
3537
3984
3399
2300
1421
421
-854
-1642
-1671
-1290
-690
311
1535
2257
2763
2935
3332
3322
3397
3397
3226
2992
2465
2308
2117
1850
1847
2376
2327
2649
3095
3827
4531
5103
6091
6281
6515
6489
5943
4964
3727
1380
-1861
-3793
-3933
-3813
-5215
-7682
-9982
-10148
-7556
-3981
-720
1509
2420
2026
1835
2861
4236
4640
3108
197
-2504
-3888
-4170
-4034
-4258
-5354
-7049
-7935
-7015
-4510
-1386
826
1699
1851
2290
3104
3669
3711
2756
857
-1469
-3181
-3780
-3518
-3601
-4184
-5043
-5235
-6301
-6485
-4029
-1659
701
2807
4705
4061
3586
3676
2290
938
266
-774
-2409
-2650
-2435
-2143
-1612
-1535
-1984
-1950
-1410
-929
378
1848
2378
2403
2760
2407
1524
892
116
-1184
-1633
-1217
-529
337
1030
1318
1270
1391
1432
1822
2059
1902
1776
1995
2496
2945
3395
3109
2464
2148
1875
2364
3188
3833
3957
3857
3965
4034
4606
5325
5776
6566
6992
6101
4474
3001
383
-2967
-4102
-3213
-2592
-3433
-5944
-9385
-10357
-7395
-3103
119
2295
2728
1489
810
1885
3658
4210
2618
-635
-3592
-4823
-4603
-3737
-3593
-4918
-6797
-7637
-6629
-3670
-30
2126
2249
1768
1725
1983
2489
2585
1474
-774
-2998
-4520
-4597
-3764
-3170
-3763
-4426
-5606
-6011
-4017
-1679
703
2349
3647
2943
2634
2903
2013
750
-269
-1242
-2214
-2179
-1969
-1843
-2230
-2412
-2445
-1738
-538
524
1930
2292
2198
1790
1567
976
79
-245
-951
-1096
-910
-294
101
145
184
101
316
759
1482
2056
2360
2280
2334
2155
2066
2277
2204
1976
1343
1374
1915
2659
3691
4014
3915
3032
2414
2106
2575
3111
3415
4293
4670
5873
6811
7502
6298
4318
1869
-2008
-4122
-4170
-1878
-751
-1420
-5524
-10492
-11443
-8412
-3679
143
2780
2594
1474
1333
2651
4170
4316
2278
-1308
-3605
-3821
-2558
-1741
-2536
-5030
-7870
-9053
-7679
-3971
-362
1515
1616
1389
1626
2439
3166
2663
987
-1066
-2487
-2896
-2295
-1813
-2525
-4219
-6345
-6933
-5690
-3306
-715
1314
2331
2189
2416
2590
2448
1807
969
-131
-1033
-1164
-1437
-1409
-1827
-2344
-2616
-2237
-1275
-176
1266
1848
1918
1668
1466
1050
674
333
-177
-608
-547
-348
-246
-152
-379
-152
-57
448
1072
1600
2039
1931
1997
1863
1849
1888
1800
1684
1347
1501
1841
2248
2613
2623
2518
2500
2693
2954
3322
2928
2696
2756
3276
4025
5799
7170
6837
5295
4317
3395
1003
-2080
-3881
-3014
-1778
-260
-1518
-5820
-10683
-10860
-7381
-3100
1672
4448
3488
869
626
1511
2271
2718
1967
-515
-2571
-2565
-2179
-2662
-4260
-6624
-9031
-9249
-6234
-1914
1161
2087
1728
863
568
1440
2527
2527
1559
505
-542
-1231
-1700
-2682
-4493
-5987
-6104
-4701
-3139
-2842
-1413
-432
273
1382
3082
2954
1980
2284
1585
968
1097
784
-1186
-2612
-2968
-3042
-2713
-1776
-1229
-535
37
291
1096
1470
1545
1590
1830
1711
1242
1215
347
-672
-1304
-1242
-1327
-1076
-374
14
143
404
888
1243
1514
1843
2290
2520
2466
2111
1674
971
1101
1509
1840
1888
1995
2037
2128
2423
2745
2926
2416
2349
2948
3931
4577
5357
6171
5985
5318
4176
3353
1047
-1224
-3553
-3435
-1502
768
1251
-3119
-9447
-13117
-9965
-4124
1768
5054
3989
-65
-2418
-1575
242
2452
3506
2040
-473
-848
-438
-1599
-3910
-6380
-8262
-8265
-5158
-1277
926
713
-935
-2593
-2525
-239
2243
3391
3165
2390
1023
-314
-1295
-2227
-3486
-4419
-4321
-3349
-2597
-3378
-3444
-3233
-2707
-1269
993
1834
1615
2522
2251
1321
1218
1246
215
-316
-86
-589
-1597
-2010
-2239
-2097
-1655
-796
-11
119
121
382
824
829
1210
1382
1092
451
321
-60
-841
-1000
-1095
-1071
-982
-165
389
726
972
1419
1917
2196
2755
2742
2485
2322
2511
2356
2537
2271
1424
1339
1390
1746
2157
2648
2304
2596
3520
4361
5401
5859
6020
5138
5120
4691
4415
3448
1288
-621
-2210
-1226
-449
-846
-4600
-9906
-12193
-9170
-2696
1668
2739
323
-3253
-4299
-1578
2623
5573
6217
4080
1001
-305
-229
-1457
-3526
-5030
-5641
-5240
-3709
-2433
-3279
-5034
-5977
-4982
-1947
1665
3646
3164
1885
1149
1027
1272
1515
1064
-234
-1473
-1977
-2405
-3495
-5810
-6756
-5394
-3424
-1337
293
-183
-2155
-1476
631
2111
4033
4857
2666
405
510
262
-461
-524
-1049
-2348
-2352
-1656
-1900
-2252
-2377
-1891
-781
867
1822
1766
1099
191
193
875
1272
1158
821
-74
-993
-853
-741
-868
-369
597
1006
1523
2038
2053
1883
2384
2979
3111
3672
3499
3204
2806
2285
2187
2663
3227
3296
3594
3476
3203
4422
6003
6247
5650
4719
3389
2409
2409
2370
2594
2522
1411
-607
-3605
-7553
-10703
-9061
-4144
300
1175
-1878
-6256
-8241
-5550
-611
4436
7092
5804
1868
-946
-888
43
600
771
322
-1035
-2700
-4330
-5896
-7079
-7111
-5626
-3109
-884
-713
-2349
-3843
-3480
-1181
1816
3902
3913
2081
-292
-1364
-1044
-400
-705
-1434
-1979
-2815
-3400
-3590
-3606
-3822
-3035
-1322
-119
309
36
-794
-1090
222
2028
2624
2077
1091
-388
-1226
-795
-126
-397
-912
-971
-1181
-931
-845
-760
-1005
-754
32
408
869
625
372
179
487
1129
1161
1114
567
626
1252
1907
2523
2364
1930
1458
2102
3025
3424
3575
3217
2853
3196
3492
3116
2590
2369
2577
3745
5198
5269
4790
3960
3034
2676
3504
4142
3661
3593
3354
2354
1166
402
-1127
-3473
-4384
-4816
-4922
-3248
-1831
-3500
-6279
-6677
-5882
-3894
-90
2329
1511
-95
-840
-1168
205
2737
3317
1814
522
-861
-2749
-3218
-2567
-2594
-2960
-2802
-3310
-4614
-5278
-5262
-4478
-2639
-700
-153
-826
-1674
-2145
-1553
79
1555
1691
820
-181
-919
-1061
-705
-429
-655
-1029
-1554
-2094
-2294
-2318
-2389
-1906
-1114
-909
-968
-927
-1034
-774
310
1214
1435
1336
706
-15
189
895
1301
1233
842
-95
-819
-831
-551
72
337
234
-167
-523
-299
351
1199
1724
2192
2455
2231
2349
2317
2125
2943
4046
4176
3680
3411
2895
2403
3135
3921
3388
3201
3290
2758
2670
3649
3947
3141
3303
3605
3046
3198
4027
3561
2163
1933
1581
383
-288
-1021
-2989
-4719
-4062
-2844
-2722
-3546
-5460
-7191
-6687
-3921
-1584
-747
-1070
-2581
-3585
-2234
606
2261
2181
1336
61
-832
-589
132
275
-84
-790
-1824
-2846
-3543
-4014
-4111
-3456
-2840
-2987
-3632
-4179
-4307
-3723
-2281
-993
-812
-1201
-1300
-1009
-336
691
1119
775
392
147
-41
26
143
-32
-198
-440
-858
-1189
-1404
-1525
-1245
-833
-719
-899
-1073
-1151
-747
21
412
368
306
478
631
1002
1405
1447
1129
1266
1376
923
768
854
856
991
1321
1101
465
724
1351
1848
2218
2405
2286
1988
2822
3912
4203
3846
3447
2693
2600
3911
5023
4549
3766
3170
2385
2287
3378
4256
3605
2579
2091
2122
2290
2547
1793
356
-468
-1011
-1485
-1991
-2642
-3622
-3749
-3396
-4245
-5360
-5532
-5040
-4209
-3058
-2576
-3156
-3722
-3388
-2108
-240
792
294
-406
-469
-261
342
1219
1268
305
-457
-861
-1377
-1587
-1652
-2000
-2438
-2845
-3423
-3887
-3912
-3762
-3532
-3246
-3188
-3198
-2840
-2220
-1600
-1082
-748
-551
-276
-10
216
513
841
1060
1169
850
285
230
596
875
869
483
-337
-781
-508
-63
154
-32
-424
-774
-523
-96
262
322
309
361
490
655
1068
1368
1278
1163
1179
1180
1423
1998
2077
2180
2430
2371
2334
2497
2538
2453
2764
3005
3118
3257
2845
2336
2382
2713
3783
4370
4001
2947
2588
2776
3548
4019
3436
2986
2471
2345
3119
3970
2184
-22
-311
-244
52
300
-1299
-3692
-3591
-2745
-3777
-4102
-3973
-5273
-5436
-3598
-3443
-4893
-4676
-4034
-3660
-2063
-1052
-2042
-2284
-909
-272
244
1214
817
-9
574
1249
747
456
353
-492
-948
-1047
-1701
-2399
-2438
-2571
-3062
-3348
-3699
-3874
-3430
-2779
-2492
-2715
-2891
-2635
-2064
-1581
-929
-273
-396
-444
-54
245
552
1397
1682
1242
1207
1342
1199
1415
1896
1498
892
819
688
244
339
510
144
-383
-252
-273
-454
-271
-83
-321
-501
131
442
468
889
1301
1404
1737
2533
2589
2315
2827
3175
3211
3415
3805
3303
3193
3769
3831
3902
3714
3329
3203
3756
3857
3602
3568
2845
2464
3154
3558
3144
2432
2020
1789
1751
1346
614
5
-520
-1039
-1589
-2085
-2548
-3312
-3952
-4100
-4333
-4734
-4783
-4481
-4714
-4910
-4752
-4479
-3953
-3207
-2761
-2721
-2278
-1705
-1228
-522
36
46
126
561
700
650
771
694
378
146
-208
-733
-1122
-1296
-1602
-1991
-2356
-2714
-2932
-2964
-2911
-2941
-3059
-3466
-3472
-2731
-2092
-1985
-1887
-1802
-1807
-1178
-232
83
140
275
428
797
1400
1644
1411
1423
1502
1432
1536
1691
1516
1170
1112
913
516
654
700
529
311
312
-72
-370
-47
145
320
295
267
235
631
1346
1672
1828
2024
2080
2248
2610
3641
3787
3773
3554
3245
3466
4128
4515
4165
3860
3477
3498
4018
4061
3532
3260
2801
2872
3119
2957
2107
1173
793
157
60
-387
-1758
-2916
-2749
-2349
-3756
-4893
-5097
-5217
-4962
-4592
-4818
-5558
-5580
-4945
-4155
-3211
-3259
-3665
-3089
-2141
-1731
-1309
-408
-279
-340
244
505
425
706
1396
1486
1053
640
272
259
291
2
-534
-1138
-1639
-1901
-1850
-2178
-2702
-2800
-3026
-3324
-3183
-2764
-2660
-2603
-2365
-2284
-2006
-1419
-801
-359
-241
-165
187
808
1340
1551
1461
1307
1411
1706
2011
2101
1923
1686
1616
1524
1259
1301
1296
1358
975
813
459
468
662
690
750
397
298
503
995
1240
1445
1686
1501
1750
2263
2545
2963
3372
3201
2980
3443
3597
3760
4432
4127
3251
3548
3774
3412
3849
4113
3559
3223
3377
2433
2298
2934
2210
1176
754
70
-1407
-1576
-1298
-1804
-2932
-4352
-5353
-5133
-4554
-4726
-5216
-5525
-6235
-6473
-5103
-4042
-4093
-4227
-3859
-3681
-3363
-2297
-1338
-934
-891
-785
-510
-92
535
1131
1479
1211
667
689
953
1032
928
706
153
-471
-613
-659
-1179
-1556
-1592
-2129
-2828
-2742
-2484
-2800
-2818
-2693
-2992
-2801
-2128
-1730
-1484
-1157
-1150
-1106
-255
506
834
1089
1188
1104
1232
1900
2124
1936
2072
2083
1840
1798
1868
1458
1297
1480
1474
1210
1220
1069
835
798
834
850
720
1007
1190
1245
1056
1176
1397
1706
2019
2122
2113
2390
2968
2963
3452
3556
3664
3288
3863
3837
3694
4104
3881
3269
3313
4240
3754
2615
2385
2419
2232
2357
1665
846
117
-483
-1110
-729
-751
-2912
-4108
-3870
-4152
-4857
-4758
-4897
-6190
-6488
-5926
-5689
-5214
-4949
-4927
-4676
-4270
-3877
-3094
-1762
-1606
-1791
-1191
-862
-685
25
815
553
180
434
533
734
993
893
547
308
314
120
-106
-314
-557
-758
-1230
-1745
-1898
-1794
-1839
-2276
-2620
-2815
-2901
-2414
-1704
-1610
-2015
-1915
-1375
-808
-163
242
312
486
766
1124
1438
1655
1658
1817
1966
1833
1629
1681
1799
1682
1589
1538
1404
1206
1463
1561
1407
1146
1147
1276
1360
1389
1437
1614
1656
1507
1660
1873
2024
2267
2529
2743
2361
2576
3126
3495
3183
2969
3268
3546
3530
3315
3316
3482
3504
3438
2852
2151
2147
2502
2275
1574
893
-175
-878
-362
103
-1305
-3094
-3593
-3377
-3408
-3608
-4219
-5068
-5691
-5827
-5329
-4723
-4943
-5398
-4962
-4521
-4705
-4264
-2999
-2564
-2767
-2443
-1978
-1676
-884
57
214
-230
-284
305
1083
1363
1147
799
557
465
764
1159
779
-75
-464
-425
-613
-792
-763
-1058
-1651
-1823
-1718
-1772
-1847
-1701
-1781
-1945
-1829
-1512
-1163
-855
-798
-822
-420
63
344
555
820
830
990
1520
1874
1740
1655
1790
1872
1737
1635
1513
1416
1570
1586
1494
1247
1028
1031
1492
1886
1602
1179
1584
2106
2167
2240
2482
2294
2016
2497
2805
2813
2733
2523
2500
2750
2730
2712
3061
3072
2408
2834
3389
2863
2379
2593
2458
1928
2081
1804
883
285
-344
-868
-416
-348
-1947
-3315
-3148
-3190
-3337
-2986
-3555
-4830
-5191
-4742
-4484
-4208
-4265
-4960
-4962
-4461
-4402
-3950
-3095
-3022
-3310
-2745
-2176
-1997
-1225
-514
-658
-857
-491
61
576
941
694
147
93
318
511
647
519
14
-451
-525
-569
-412
-209
-577
-1244
-1381
-1379
-1263
-908
-874
-1553
-1934
-1576
-1131
-660
-535
-826
-1062
-773
-134
465
653
573
423
671
1160
1606
1747
1684
1687
1523
1685
1922
1920
1856
1804
1644
1458
1592
1806
1831
1860
1535
1284
1649
2293
2381
2141
1944
1925
2126
2670
2827
2606
2409
2365
2417
2835
2675
2376
2615
2939
2495
2182
2688
2537
2171
2120
2153
1778
1637
1654
1370
883
726
159
-727
-883
-192
-405
-2239
-3265
-2904
-2559
-2961
-3338
-3644
-4471
-5079
-4490
-3696
-3931
-4832
-4688
-3981
-4060
-4129
-3346
-2740
-3161
-3226
-2473
-2161
-2108
-1447
-799
-1040
-1503
-918
-16
252
78
-41
-57
-89
357
856
578
21
-159
-4
20
-102
-314
-602
-684
-790
-815
-778
-933
-1161
-1028
-795
-839
-899
-627
-496
-491
-380
-218
-60
115
405
489
550
660
877
1027
1196
1248
1195
1283
1510
1617
1575
1606
1587
1477
1607
1842
1806
1586
1525
1620
1669
1825
2043
1922
1788
1951
2367
2582
2412
2301
2415
2895
2862
2744
2661
2800
2679
2690
2875
2849
2503
2529
2701
2352
1803
1871
2048
1779
1552
1208
688
396
318
-360
-905
-611
-674
-1931
-2822
-2729
-2648
-2963
-3250
-3663
-4378
-4738
-4438
-3818
-3808
-4551
-4798
-4130
-3765
-3863
-3553
-3096
-3295
-3269
-2506
-2063
-2132
-1904
-1381
-1187
-1224
-980
-578
-375
-224
8
70
-165
-91
276
462
306
121
14
-34
38
57
-97
-320
-472
-547
-425
-394
-527
-683
-568
-536
-553
-394
-287
-346
-275
-87
20
110
324
458
506
636
697
837
1045
1209
1231
1226
1149
1240
1428
1592
1463
1251
1214
1343
1580
1669
1623
1426
1408
1752
2042
2006
1944
2099
2128
2160
2526
2569
2310
2302
2752
2700
2117
2154
2809
3103
2318
1768
2096
2667
2859
2656
1912
1038
1134
2089
2444
1694
578
-194
60
453
15
-837
-1027
-1092
-1873
-2451
-2419
-2456
-2759
-3011
-3309
-3867
-4358
-4119
-3414
-3244
-4135
-4787
-4280
-3571
-3285
-3087
-3039
-3398
-3363
-2438
-1636
-1634
-1768
-1631
-1321
-1085
-680
-272
-233
-515
-639
-277
125
171
-24
-141
-282
-347
-112
185
35
-368
-588
-569
-387
-213
-229
-396
-580
-688
-549
-214
-78
-315
-467
-341
-192
7
306
423
249
190
501
895
1069
1035
1030
1094
1219
1352
1467
1507
1452
1577
1661
1607
1459
1571
1921
1901
1631
1524
1744
2004
2196
2389
2216
1807
1926
2537
2945
2690
2195
1944
2129
2685
3301
2943
1777
1290
2275
3231
2957
2378
1932
1421
1173
1846
2577
2115
959
393
494
615
480
158
-536
-1319
-1306
-1003
-1510
-2475
-2626
-2298
-2684
-3336
-3432
-3504
-3829
-3752
-3406
-3689
-4375
-4325
-3676
-3297
-3364
-3447
-3374
-3218
-2747
-2085
-1814
-1959
-1991
-1565
-1017
-699
-537
-480
-459
-432
-210
174
329
182
-65
-98
105
349
335
94
-131
-180
-127
36
130
-101
-377
-317
-67
-38
-144
-155
-148
-119
14
128
70
15
182
415
439
364
322
460
698
833
829
700
658
794
1115
1300
1139
874
900
1195
1554
1579
1296
1154
1288
1532
1745
1897
1790
1539
1619
2005
2314
2149
1891
1959
2297
2482
2424
2404
2213
2091
2159
2381
2562
2453
2115
1910
1997
2235
2220
1929
1266
827
1216
1687
1421
552
-179
-522
-545
-322
-287
-865
-1773
-2552
-2705
-2362
-2131
-2438
-3246
-3902
-4022
-3677
-3324
-3362
-3678
-4058
-4267
-4008
-3440
-3054
-3147
-3358
-3308
-3098
-2703
-2168
-1813
-1803
-1908
-1744
-1364
-958
-597
-446
-479
-529
-443
-232
-28
203
300
131
-127
-174
-29
130
174
73
-225
-469
-402
-113
169
122
-156
-396
-363
-115
158
299
208
34
1
179
464
694
709
577
483
590
808
928
1057
1100
1056
963
1029
1231
1388
1468
1428
1387
1375
1419
1521
1767
1940
1934
1802
1805
1963
2103
2181
2234
2337
2257
2138
2139
2363
2566
2464
2216
2202
2463
2454
2127
2033
2257
2254
2148
2121
1999
1358
854
1191
1747
1630
834
128
-228
-434
-451
-242
-332
-1070
-2069
-2521
-2464
-2329
-2305
-2635
-3252
-3763
-3872
-3682
-3429
-3281
-3469
-3935
-4102
-3771
-3323
-3139
-3108
-3049
-3080
-3044
-2698
-2195
-1926
-1916
-1822
-1576
-1360
-1147
-852
-566
-408
-358
-283
-218
-118
40
161
210
170
108
9
-86
-51
58
41
-89
-211
-260
-260
-167
9
51
-62
-209
-203
1
269
379
356
293
311
410
556
706
839
899
821
772
891
1119
1270
1309
1235
1191
1194
1342
1505
1598
1534
1485
1546
1703
1809
1858
1798
1712
1804
2016
2195
2239
2152
1992
1895
1963
2199
2398
2385
2150
1891
1857
1999
2103
2148
2072
2068
1950
1661
1290
1223
1388
1412
1228
1014
652
111
-228
-234
-114
-357
-847
-1374
-1717
-1947
-2113
-2226
-2357
-2602
-2965
-3262
-3355
-3282
-3267
-3353
-3476
-3470
-3415
-3385
-3261
-3059
-2939
-2913
-2760
-2477
-2245
-2103
-1961
-1820
-1604
-1355
-1108
-906
-802
-757
-660
-399
-147
-33
-55
-142
-171
-92
56
151
134
-9
-161
-219
-155
-117
-130
-179
-215
-205
-155
-115
-95
-71
-22
76
215
353
409
393
370
457
612
770
874
911
856
851
957
1088
1175
1204
1177
1118
1148
1300
1411
1450
1442
1388
1345
1427
1571
1670
1672
1684
1709
1702
1700
1716
1850
1977
2028
1954
1875
1824
1791
1827
1945
2050
2066
1970
1744
1617
1655
1778
1840
1748
1491
1171
1031
1046
1024
881
683
399
13
-406
-663
-789
-914
-1138
-1502
-1869
-2246
-2540
-2720
-2814
-2895
-2980
-3102
-3261
-3439
-3526
-3538
-3492
-3362
-3239
-3159
-3154
-3119
-2976
-2784
-2587
-2341
-2105
-1914
-1779
-1601
-1371
-1180
-990
-758
-523
-366
-250
-158
-108
-57
49
177
273
290
220
149
131
169
192
181
196
223
249
268
243
205
164
191
311
452
516
524
524
526
519
605
717
845
914
928
924
920
967
994
1070
1134
1193
1216
1222
1163
1132
1222
1362
1464
1519
1572
1509
1425
1463
1635
1743
1812
1800
1719
1678
1699
1755
1764
1739
1714
1697
1631
1567
1562
1586
1590
1547
1474
1426
1425
1423
1380
1297
1164
1057
972
897
807
703
514
255
46
-80
-233
-448
-672
-954
-1238
-1457
-1597
-1798
-2046
-2256
-2395
-2514
-2637
-2727
-2818
-2928
-3056
-3118
-3082
-3024
-2986
-2920
-2861
-2832
-2757
-2621
-2458
-2306
-2149
-1971
-1795
-1618
-1429
-1263
-1139
-1013
-880
-777
-721
-617
-449
-320
-283
-313
-292
-275
-248
-141
-18
18
4
-1
5
14
9
14
37
101
177
218
221
212
245
313
417
537
618
686
725
770
839
930
1020
1113
1186
1273
1259
1163
1113
1138
1241
1353
1431
1433
1407
1328
1245
1294
1424
1522
1633
1740
1781
1698
1557
1518
1553
1621
1750
1859
1860
1708
1588
1574
1628
1647
1664
1696
1785
1827
1747
1666
1663
1685
1559
1430
1377
1387
1286
1136
979
810
590
323
80
-97
-228
-473
-773
-1056
-1297
-1542
-1765
-1983
-2234
-2456
-2616
-2751
-2860
-2919
-3001
-3137
-3243
-3231
-3175
-3137
-3099
-3017
-2889
-2764
-2654
-2519
-2351
-2199
-2044
-1858
-1649
-1472
-1355
-1251
-1120
-950
-788
-697
-658
-589
-473
-373
-303
-236
-214
-247
-256
-214
-166
-128
-77
-39
-25
-27
-54
-115
-152
-119
-12
125
250
307
295
288
295
377
523
691
783
815
823
853
901
961
1016
1072
1115
1062
1020
1034
1105
1145
1103
1101
1131
1130
1148
1217
1239
1189
1161
1229
1308
1412
1476
1449
1455
1471
1504
1522
1544
1546
1529
1501
1541
1630
1664
1615
1522
1468
1422
1439
1475
1558
1651
1662
1562
1354
1151
1014
971
956
931
855
711
432
82
-193
-378
-571
-800
-1016
-1195
-1356
-1583
-1839
-2100
-2349
-2559
-2674
-2678
-2675
-2711
-2792
-2900
-2973
-2970
-2912
-2846
-2759
-2640
-2507
-2385
-2252
-2104
-2016
-1954
-1834
-1628
-1402
-1217
-1048
-912
-840
-780
-695
-596
-493
-367
-279
-218
-202
-175
-153
-169
-177
-130
-50
-5
-5
-34
-53
-57
-15
80
166
185
174
181
238
310
425
560
655
716
725
717
727
763
819
932
1002
1035
1068
1051
1024
1035
1090
1150
1189
1175
1146
1126
1166
1261
1359
1388
1391
1351
1298
1269
1295
1394
1475
1546
1552
1470
1365
1331
1345
1378
1388
1405
1409
1411
1410
1415
1435
1425
1424
1387
1366
1366
1399
1376
1261
1110
977
885
768
642
512
381
214
38
-142
-344
-579
-820
-1056
-1270
-1434
-1596
-1775
-1983
-2177
-2349
-2495
-2613
-2684
-2735
-2772
-2807
-2810
-2763
-2740
-2730
-2694
-2629
-2533
-2409
-2260
-2102
-1994
-1902
-1774
-1609
-1444
-1302
-1179
-1106
-1018
-899
-761
-650
-588
-553
-524
-464
-393
-305
-239
-213
-226
-248
-252
-229
-194
-144
-92
-72
-27
36
84
129
153
199
301
412
517
637
704
662
689
772
882
1002
1038
966
934
1010
1157
1276
1252
1202
1141
1060
1042
1187
1361
1392
1399
1358
1288
1250
1294
1333
1339
1356
1392
1497
1623
1637
1528
1468
1450
1453
1471
1484
1503
1514
1564
1564
1476
1331
1241
1249
1292
1301
1247
1212
1187
1158
1126
1085
967
797
653
608
614
536
408
238
54
-133
-315
-486
-655
-834
-1019
-1200
-1377
-1519
-1655
-1819
-1998
-2157
-2240
-2299
-2366
-2406
-2438
-2493
-2547
-2520
-2470
-2442
-2427
-2399
-2340
-2238
-2123
-2009
-1892
-1803
-1717
-1610
-1496
-1391
-1293
-1201
-1102
-978
-860
-745
-689
-667
-630
-558
-490
-421
-355
-340
-354
-326
-255
-219
-173
-122
-81
-17
34
23
41
83
174
333
451
514
560
533
495
522
619
754
948
1007
969
885
830
904
1019
1133
1188
1263
1267
1138
1073
1084
1106
1143
1234
1316
1305
1257
1182
1168
1225
1313
1348
1362
1408
1393
1329
1370
1424
1384
1311
1237
1219
1215
1197
1184
1111
1056
1073
1090
1083
1039
988
912
890
916
926
941
909
857
807
732
620
521
444
382
283
170
50
-106
-289
-511
-700
-853
-1007
-1159
-1321
-1493
-1681
-1855
-1982
-2074
-2176
-2273
-2357
-2418
-2448
-2433
-2415
-2423
-2417
-2369
-2294
-2212
-2123
-2032
-1904
-1786
-1674
-1545
-1438
-1342
-1265
-1197
-1092
-982
-889
-797
-696
-602
-538
-517
-539
-554
-551
-499
-407
-289
-223
-206
-184
-224
-273
-248
-197
-125
-17
106
121
98
128
188
243
279
373
508
607
597
597
524
527
745
929
1048
1079
988
858
849
922
1035
1179
1248
1231
1192
1100
1060
1057
1086
1196
1349
1383
1318
1280
1183
1110
1188
1268
1346
1356
1266
1173
1153
1214
1248
1181
1043
978
957
1008
1119
1157
1079
984
890
813
828
846
853
837
826
814
787
762
717
629
489
364
290
257
178
48
-89
-247
-420
-608
-807
-1001
-1162
-1297
-1406
-1536
-1673
-1789
-1906
-2009
-2078
-2105
-2122
-2157
-2175
-2165
-2107
-2038
-1949
-1851
-1773
-1737
-1677
-1605
-1517
-1405
-1296
-1191
-1103
-1001
-897
-805
-715
-654
-623
-604
-574
-509
-435
-388
-350
-294
-270
-306
-349
-338
-304
-256
-160
-99
-114
-132
-99
39
138
176
190
162
166
223
362
528
618
528
500
613
735
809
775
761
841
922
997
1012
1044
1048
1132
1211
1150
1059
995
1045
1175
1247
1246
1252
1195
1169
1154
1084
1007
972
975
1062
1155
1178
1164
1106
1027
983
965
853
819
949
981
1015
1028
932
798
760
770
743
747
739
716
706
720
698
627
532
424
374
356
340
265
164
58
-68
-173
-266
-365
-477
-600
-738
-849
-950
-1045
-1136
-1256
-1365
-1487
-1605
-1662
-1701
-1730
-1746
-1772
-1809
-1833
-1834
-1807
-1757
-1713
-1683
-1636
-1585
-1523
-1447
-1381
-1311
-1251
-1195
-1150
-1086
-1016
-954
-921
-903
-814
-689
-603
-575
-599
-633
-598
-523
-470
-436
-389
-355
-276
-193
-150
-145
-189
-246
-261
-179
-20
123
232
290
241
184
103
145
331
441
533
644
722
648
581
547
592
736
803
941
994
921
922
867
748
765
863
1034
1114
1125
1041
910
820
846
1040
1130
1111
1079
1067
1043
1101
1105
1063
1084
1087
1079
1012
912
883
906
957
990
928
835
700
579
599
676
664
669
693
585
401
303
275
280
382
411
344
212
95
16
-9
-36
-71
-108
-161
-258
-385
-454
-553
-652
-732
-796
-864
-954
-1034
-1108
-1202
-1289
-1348
-1393
-1430
-1479
-1513
-1536
-1539
-1520
-1497
-1474
-1475
-1498
-1500
-1492
-1421
-1299
-1214
-1190
-1188
-1124
-1046
-992
-946
-917
-891
-862
-815
-718
-668
-670
-649
-639
-624
-640
-624
-581
-535
-490
-460
-415
-364
-335
-271
-243
-255
-257
-197
-72
-10
96
145
111
36
6
134
227
242
208
179
401
625
671
582
450
392
480
609
692
823
861
831
955
1078
959
827
851
871
950
1151
1236
1243
1265
1112
937
952
1019
1101
1296
1343
1226
1195
1121
998
965
933
940
990
1013
1028
989
931
820
673
558
531
566
658
771
813
700
511
403
329
291
287
269
253
269
268
194
122
27
-90
-196
-249
-279
-306
-343
-365
-390
-471
-580
-705
-786
-814
-833
-884
-927
-975
-1026
-1049
-1008
-984
-1034
-1099
-1148
-1165
-1118
-1069
-1048
-1050
-1071
-1073
-1035
-981
-948
-900
-886
-869
-858
-865
-880
-877
-809
-691
-625
-686
-760
-770
-781
-751
-659
-578
-529
-515
-541
-549
-541
-493
-450
-442
-382
-288
-203
-176
-154
-143
-161
-194
-159
8
147
150
144
209
265
306
307
355
424
523
635
705
720
716
681
657
711
784
894
1028
1065
891
718
714
803
928
1011
972
911
934
985
972
914
867
927
947
947
967
886
812
943
1048
988
938
832
661
693
866
980
999
975
775
518
388
331
391
528
628
633
490
317
152
14
-28
13
65
98
117
91
29
-67
-164
-280
-361
-389
-405
-360
-314
-296
-327
-419
-544
-655
-756
-832
-853
-795
-719
-694
-703
-792
-916
-1054
-1130
-1092
-1007
-947
-884
-839
-854
-924
-1052
-1126
-1148
-1088
-918
-747
-703
-777
-855
-954
-1015
-940
-815
-742
-672
-608
-628
-657
-679
-714
-702
-657
-623
-547
-450
-416
-432
-429
-383
-332
-328
-345
-333
-311
-277
-163
-40
61
108
23
-134
-151
10
179
228
266
333
344
327
407
441
426
456
502
530
601
619
605
677
671
690
636
600
722
858
899
879
792
684
681
731
780
933
1080
1029
925
877
784
641
572
645
716
800
848
765
706
682
560
420
383
363
448
545
621
637
561
373
209
183
224
269
293
281
290
241
123
80
85
41
-58
-149
-206
-167
-144
-161
-208
-264
-332
-385
-374
-406
-460
-526
-571
-601
-627
-619
-649
-708
-759
-790
-819
-880
-921
-906
-877
-861
-855
-803
-780
-817
-865
-919
-900
-828
-768
-748
-683
-627
-605
-594
-641
-695
-680
-667
-660
-535
-411
-392
-382
-357
-393
-491
-593
-609
-514
-397
-265
-191
-164
-186
-289
-376
-369
-283
-103
24
73
51
26
52
12
21
60
122
276
442
518
477
374
248
231
317
397
471
601
683
681
657
607
449
285
239
363
584
822
988
934
761
512
377
440
559
632
726
848
916
944
907
739
501
307
216
365
663
845
837
667
496
336
176
129
182
278
368
482
561
491
339
143
-7
-98
-125
-43
104
268
337
280
85
-194
-399
-469
-446
-267
-57
54
20
-161
-351
-524
-634
-636
-550
-472
-420
-386
-377
-420
-544
-679
-754
-796
-831
-780
-658
-480
-356
-393
-525
-669
-762
-805
-818
-732
-620
-496
-339
-293
-358
-496
-682
-806
-785
-636
-474
-323
-226
-231
-269
-389
-519
-553
-508
-463
-380
-269
-161
-80
-31
-48
-158
-303
-359
-295
-92
127
239
287
223
132
78
64
15
23
164
273
344
470
516
459
390
290
218
289
422
574
682
721
659
554
517
492
529
598
591
530
584
689
722
698
653
602
550
552
547
575
649
714
779
723
626
513
396
384
429
505
533
512
455
327
194
124
98
106
141
157
138
92
-26
-141
-176
-170
-142
-121
-95
-112
-114
-146
-209
-267
-353
-443
-443
-388
-313
-218
-198
-292
-433
-527
-582
-546
-509
-477
-454
-463
-477
-511
-585
-660
-719
-745
-693
-573
-498
-503
-526
-595
-632
-637
-653
-654
-596
-532
-475
-406
-335
-313
-368
-412
-404
-395
-362
-274
-188
-137
-104
-126
-179
-214
-275
-333
-332
-249
-112
26
49
-53
-157
-252
-299
-244
-111
6
13
-6
13
65
75
18
71
124
140
216
268
302
312
313
311
325
381
358
342
354
382
425
455
424
402
375
331
313
362
426
454
422
404
397
350
311
327
373
375
363
371
362
336
311
247
192
185
235
285
311
294
259
221
171
145
134
135
183
227
226
175
96
16
-51
-68
-53
-24
-35
-90
-121
-126
-118
-144
-210
-237
-240
-258
-277
-266
-287
-307
-301
-297
-312
-368
-414
-409
-382
-380
-383
-356
-365
-412
-457
-510
-513
-467
-419
-429
-461
-441
-426
-461
-523
-570
-586
-552
-474
-372
-306
-294
-345
-439
-445
-405
-376
-329
-223
-133
-101
-106
-153
-205
-272
-273
-226
-117
20
104
80
34
-20
-109
-154
-145
-79
22
145
221
232
179
71
0
22
51
132
238
278
305
284
250
248
237
231
226
238
248
244
255
256
272
269
275
298
261
218
194
194
211
249
271
277
236
197
151
96
115
199
225
209
241
227
159
98
99
117
154
206
212
190
153
80
52
60
87
106
110
91
36
-2
-58
-103
-108
-100
-52
-25
-20
-71
-149
-204
-230
-203
-171
-146
-133
-122
-132
-156
-191
-240
-252
-231
-178
-161
-138
-122
-123
-135
-161
-172
-190
-197
-191
-157
-114
-108
-97
-96
-102
-139
-209
-219
-202
-157
-94
-21
0
-23
-75
-119
-110
-101
-71
-25
38
111
175
175
111
7
-51
-54
5
110
216
265
234
187
106
-8
-53
-30
40
152
229
264
231
151
58
4
20
59
115
179
236
252
254
187
98
8
-65
-36
47
134
193
234
195
104
2
-93
-89
-14
41
82
146
197
193
162
96
3
-73
-79
-28
54
129
154
124
55
-29
-99
-132
-172
-151
-44
59
107
84
-33
-189
-316
-359
-323
-236
-160
-96
-87
-139
-224
-325
-400
-428
-421
-345
-218
-114
-60
-94
-211
-316
-380
-378
-331
-240
-129
-51
-33
-104
-207
-280
-326
-341
-285
-201
-137
-94
-83
-80
-129
-218
-288
-307
-256
-164
-70
-3
32
6
-57
-91
-108
-89
-35
10
59
123
150
152
131
105
86
80
105
165
234
266
240
191
163
154
143
153
189
234
274
274
252
226
189
157
131
129
144
161
174
171
188
161
88
14
-19
-8
21
67
90
89
91
71
26
-6
-26
-16
30
79
132
150
123
58
-2
-5
9
23
31
47
48
55
46
24
21
10
-5
-25
-9
-4
-15
-27
-46
-62
-74
-92
-119
-127
-137
-122
-118
-103
-80
-90
-93
-84
-54
-43
-55
-74
-80
-72
-52
-23
8
45
31
-1
-26
-22
0
-14
-34
-51
-54
-82
-70
-59
-18
14
3
29
17
20
29
84
147
195
243
197
128
80
84
100
160
245
260
251
216
201
167
147
155
159
189
240
294
313
304
261
234
232
260
325
403
448
444
425
393
337
318
340
376
427
468
507
514
491
435
397
400
424
461
490
496
485
475
441
402
374
363
374
384
386
369
339
305
280
274
263
270
275
288
270
239
217
199
208
224
235
224
189
173
171
168
160
146
129
99
94
100
101
77
40
2
-17
-42
-39
-30
-36
-61
-99
-110
-100
-90
-100
-86
-77
-78
-67
-105
-131
-145
-134
-100
-68
-52
-66
-91
-120
-138
-146
-137
-131
-105
-65
-23
6
-7
-49
-93
-122
-106
-89
-40
-2
12
0
-37
-66
-102
-101
-112
-96
-47
-4
19
24
6
-16
-33
-12
47
103
116
88
65
55
63
78
105
136
147
160
183
195
193
166
158
137
136
167
195
214
231
194
163
140
115
120
118
146
185
195
188
159
107
54
28
24
27
50
50
22
-24
-49
-62
-58
-40
-43
-69
-81
-71
-67
-80
-124
-165
-179
-158
-141
-137
-157
-206
-268
-314
-334
-344
-348
-365
-379
-398
-419
-452
-485
-501
-501
-495
-489
-452
-423
-420
-460
-477
-506
-505
-475
-441
-415
-414
-397
-409
-413
-431
-443
-447
-422
-397
-375
-365
-390
-421
-452
-449
-444
-422
-401
-391
-385
-387
-391
-411
-408
-403
-395
-378
-353
-325
-313
-295
-306
-295
-310
-312
-258
-260
-230
-205
-193
-191
-204
-219
-232
-247
-211
-170
-133
-103
-83
-86
-110
-99
-87
-76
-38
-16
-20
-52
-76
-88
-77
-43
-39
-27
-45
-50
-42
-41
-37
-34
-34
-55
-48
-34
4
21
5
-18
-46
-49
-36
-19
9
16
15
21
1
18
33
7
-14
-34
-26
-27
-45
-63
-62
-71
-101
-126
-141
-154
-166
-183
-188
-192
-202
-233
-252
-271
-290
-291
-310
-304
-296
-295
-310
-317
-315
-310
-318
-341
-333
-344
-342
-353
-351
-342
-353
-347
-365
-362
-350
-350
-351
-379
-389
-392
-401
-409
-407
-407
-413
-428
-422
-406
-402
-400
-402
-391
-391
-362
-343
-335
-313
-311
-311
-320
-332
-331
-317
-287
-273
-259
-253
-270
-257
-239
-244
-253
-263
-258
-232
-212
-175
-189
-206
-190
-185
-147
-130
-107
-95
-83
-83
-63
-30
-33
-34
-27
23
59
71
65
51
45
56
83
112
125
101
85
83
85
78
76
62
50
53
51
59
49
45
22
30
38
69
66
28
7
8
20
24
33
11
8
13
21
34
19
-12
-32
-25
4
27
17
-10
-41
-52
-57
-60
-62
-40
-22
-29
-44
-96
-128
-145
-140
-117
-114
-115
-139
-161
-182
-174
-160
-153
-161
-182
-184
-198
-205
-213
-216
-207
-199
-186
-183
-176
-186
-197
-200
-188
-167
-158
-153
-156
-148
-135
-136
-129
-120
-110
-115
-100
-101
-104
-97
-103
-90
-67
-62
-66
-69
-86
-98
-103
-78
-48
-39
-25
-36
-16
10
44
94
109
121
119
107
114
151
195
216
245
257
262
272
276
282
279
292
306
315
329
335
319
296
282
285
317
336
371
381
367
355
368
378
398
425
419
426
420
430
440
447
446
436
436
421
419
424
424
413
406
395
397
400
396
387
379
365
367
372
367
376
386
397
381
357
362
376
379
388
382
364
327
311
311
319
329
310
288
264
259
271
258
215
182
169
194
225
243
225
187
134
95
110
115
116
130
121
94
71
60
47
48
61
62
67
48
21
8
17
9
-3
3
12
24
18
16
-3
-29
-48
-65
-53
-8
15
2
-12
-49
-42
-35
-17
-11
-10
-11
1
20
18
-2
-22
-16
-7
29
24
7
-22
-28
-25
22
55
47
40
12
1
2
14
12
18
12
23
22
5
-8
-16
-14
-15
-3
9
31
31
32
32
12
-3
-12
-9
12
16
-16
-65
-82
-102
-104
-75
-63
-59
-57
-65
-75
-65
-72
-79
-68
-73
-54
-37
-48
-66
-76
-77
-92
-94
-85
-74
-60
-75
-103
-116
-125
-127
