-114
-155
-188
-217
-261
-288
-321
-346
-368
-382
-399
-415
-442
-463
-469
-462
-479
-487
-497
-500
-509
-527
-532
-551
-563
-578
-584
-594
-602
-619
-638
-665
-678
-698
-732
-735
-756
-785
-797
-810
-826
-847
-857
-859
-858
-855
-839
-813
-795
-777
-752
-734
-721
-696
-663
-635
-617
-604
-598
-581
-570
-557
-548
-529
-530
-531
-520
-514
-497
-484
-466
-450
-435
-416
-391
-369
-336
-321
-292
-239
-220
-198
-174
-156
-139
-129
-111
-94
-75
-54
-41
-33
-22
-9
12
40
46
56
66
75
94
121
130
137
155
180
179
192
201
200
219
227
248
251
257
254
239
231
223
203
174
166
148
130
105
87
92
84
79
69
74
98
115
147
175
208
241
271
297
316
340
375
404
429
444
461
474
492
510
525
535
526
515
500
494
485
492
495
487
489
476
464
448
442
435
418
410
405
405
406
404
403
399
393
385
385
389
389
391
403
418
422
420
407
396
382
364
354
342
334
320
314
294
258
250
225
178
140
117
93
64
45
21
0
-7
-14
-29
-49
-65
-71
-84
-92
-103
-125
-141
-150
-153
-164
-185
-213
-243
-261
-262
-285
-328
-386
-450
-493
-526
-557
-591
-636
-680
-735
-782
-819
-850
-873
-907
-932
-968
-1006
-1033
-1057
-1087
-1107
-1128
-1151
-1163
-1159
-1148
-1140
-1126
-1108
-1098
-1081
-1058
-1033
-1000
-968
-931
-897
-858
-836
-820
-813
-792
-768
-736
-704
-674
-646
-605
-555
-488
-412
-344
-278
-226
-169
-120
-63
-16
41
85
139
208
272
323
377
420
448
466
482
498
530
564
587
617
639
645
654
649
657
656
649
658
640
620
589
552
524
489
454
410
382
349
320
305
275
247
212
172
137
100
72
40
15
-14
-53
-94
-145
-199
-261
-307
-337
-391
-438
-492
-536
-578
-629
-658
-698
-743
-777
-806
-819
-823
-830
-836
-841
-822
-802
-788
-762
-750
-742
-716
-704
-681
-667
-664
-648
-623
-597
-567
-538
-535
-509
-498
-475
-452
-436
-417
-397
-374
-350
-336
-316
-271
-228
-191
-151
-137
-102
-50
16
80
121
167
210
254
292
330
361
395
424
443
452
460
481
508
539
569
588
604
628
634
649
656
677
698
721
746
768
777
782
788
797
804
799
808
804
796
778
757
743
736
726
718
714
688
655
610
566
528
485
442
399
353
306
273
234
214
191
152
134
97
55
23
-8
-26
-49
-74
-97
-137
-163
-192
-220
-259
-299
-320
-318
-331
-362
-415
-448
-477
-482
-465
-445
-449
-458
-459
-442
-393
-377
-351
-330
-315
-287
-250
-213
-178
-160
-136
-121
-107
-86
-66
-38
-8
36
65
103
120
156
186
226
277
314
354
392
441
484
514
539
558
585
616
643
679
715
742
790
842
840
826
816
800
793
784
756
715
661
621
582
542
505
471
425
380
330
282
247
211
181
141
110
83
62
36
-1
-41
-90
-119
-139
-162
-188
-215
-236
-253
-255
-268
-296
-329
-386
-442
-487
-516
-542
-574
-615
-675
-745
-799
-837
-879
-922
-974
-1025
-1076
-1115
-1146
-1186
-1229
-1268
-1307
-1340
-1376
-1417
-1462
-1504
-1536
-1556
-1561
-1560
-1558
-1560
-1556
-1541
-1546
-1532
-1517
-1524
-1553
-1575
-1589
-1614
-1602
-1583
-1561
-1567
-1608
-1682
-1733
-1721
-1688
-1632
-1590
-1553
-1511
-1460
-1413
-1387
-1349
-1313
-1263
-1222
-1183
-1143
-1085
-1012
-976
-928
-896
-843
-791
-746
-672
-575
-436
-300
-172
-56
51
155
237
309
382
469
572
672
723
762
803
863
925
965
993
1012
1068
1134
1204
1278
1349
1406
1442
1492
1543
1566
1554
1561
1589
1615
1622
1621
1586
1561
1587
1624
1634
1613
1600
1641
1678
1662
1627
1583
1565
1574
1574
1552
1496
1401
1322
1282
1259
1263
1238
1202
1174
1128
1088
1061
1021
964
894
802
705
591
468
354
238
151
33
-92
-204
-317
-399
-469
-554
-654
-758
-836
-890
-945
-1010
-1045
-1053
-1031
-1029
-1031
-1026
-998
-928
-880
-861
-809
-759
-751
-771
-780
-786
-783
-769
-774
-768
-760
-783
-822
-851
-860
-875
-878
-879
-873
-827
-750
-677
-614
-583
-575
-518
-424
-345
-253
-125
26
128
224
294
308
374
509
668
843
989
1067
1097
1169
1252
1327
1407
1446
1474
1469
1392
1296
1289
1304
1300
1258
1212
1155
1133
1142
1120
1072
1005
939
901
890
836
759
721
691
628
558
503
480
448
390
304
230
157
48
-41
-107
-126
-161
-257
-338
-370
-410
-501
-509
-438
-454
-558
-627
-644
-673
-708
-767
-840
-896
-945
-1022
-1103
-1182
-1257
-1304
-1319
-1327
-1363
-1366
-1357
-1379
-1428
-1478
-1540
-1590
-1649
-1733
-1782
-1794
-1777
-1760
-1782
-1805
-1828
-1867
-1914
-1952
-1963
-1871
-1778
-1759
-1774
-1764
-1730
-1676
-1559
-1510
-1535
-1547
-1535
-1482
-1408
-1365
-1337
-1291
-1276
-1237
-1137
-1033
-925
-842
-714
-523
-315
-92
115
264
429
667
826
941
1089
1244
1413
1624
1786
1863
1928
2055
2133
2166
2258
2313
2298
2319
2401
2426
2370
2342
2351
2288
2273
2293
2294
2248
2165
2140
2087
2035
2016
1977
1978
1986
1911
1838
1812
1768
1656
1507
1389
1302
1101
816
601
583
540
381
318
275
162
58
-41
-257
-489
-632
-607
-566
-602
-732
-834
-873
-969
-1088
-1095
-1122
-1221
-1298
-1369
-1349
-1338
-1331
-1380
-1480
-1540
-1592
-1611
-1584
-1562
-1517
-1371
-1345
-1482
-1474
-1320
-1143
-1004
-947
-868
-688
-491
-310
-160
-14
101
202
388
593
793
1017
1200
1306
1451
1600
1688
1830
2050
2277
2358
2312
2264
2273
2325
2361
2440
2439
2300
2332
2422
2247
2101
2129
2081
1976
2025
2066
2052
2026
1939
1756
1547
1490
1493
1595
1706
1668
1478
1267
1183
1149
1046
851
614
425
308
175
109
-63
-257
-316
-434
-607
-675
-750
-869
-894
-897
-1003
-1097
-1143
-1312
-1472
-1532
-1526
-1579
-1653
-1681
-1744
-1829
-1759
-1720
-1755
-1738
-1722
-1703
-1693
-1671
-1678
-1722
-1772
-1908
-2088
-2038
-1869
-1785
-1684
-1688
-1826
-1920
-2105
-2101
-1905
-1750
-1644
-1632
-1751
-1888
-1946
-1906
-1728
-1622
-1582
-1581
-1571
-1614
-1545
-1393
-1397
-1554
-1600
-1510
-1421
-1331
-1343
-1465
-1521
-1344
-1139
-939
-811
-757
-721
-582
-496
-436
-278
-138
-53
-106
-156
-79
59
125
228
267
323
376
434
643
743
773
853
983
980
883
924
1045
986
990
973
947
956
939
945
933
917
935
958
1017
1106
1067
1086
1130
1088
998
973
1045
1179
1202
1192
1330
1554
1875
2222
2337
2302
2392
2466
2677
3039
3296
3413
3380
3320
3347
3409
3485
3545
3466
3318
3318
3383
3287
3167
3089
2951
2901
2823
2641
2610
2623
2549
2585
2760
2656
2262
1836
1738
1877
1990
1883
1746
1512
1188
1029
932
832
623
467
384
394
256
4
-228
-257
-268
-330
-419
-530
-638
-771
-890
-1041
-1043
-1245
-1479
-1414
-1315
-1441
-1702
-1882
-1934
-2130
-2404
-2602
-2695
-2858
-2972
-2987
-3098
-3157
-3293
-3380
-3507
-3547
-3536
-3466
-3508
-3665
-3656
-3694
-3775
-3795
-3789
-3967
-4124
-3939
-3857
-4029
-3954
-3755
-3765
-3749
-3400
-3180
-3251
-3366
-3316
-3048
-2997
-3001
-3007
-2933
-2772
-2602
-2498
-2370
-2366
-2624
-2584
-2229
-1979
-2007
-1982
-2005
-2015
-2086
-1972
-1737
-1815
-1824
-1634
-1336
-1224
-1502
-1873
-1887
-1512
-1203
-1143
-1161
-1329
-1266
-870
-771
-829
-737
-958
-995
-660
-574
-556
-408
-384
-334
-165
7
133
336
464
665
803
720
805
1213
1546
1602
1943
2225
2090
2164
2414
2494
2761
3100
3169
3177
3404
3880
4270
4689
4968
4833
4855
5126
5151
5165
5361
5335
5294
5571
5879
6050
6160
6257
6287
6291
6417
6254
6169
6332
6224
6100
6095
6036
5886
5926
5660
5179
5001
4662
4280
4050
3848
3792
3847
3627
3324
3051
2591
2245
2140
2031
1770
1365
1116
1016
641
81
-120
-282
-696
-803
-979
-1486
-1981
-2189
-2613
-2929
-2998
-3542
-3899
-3964
-4073
-4240
-4359
-4596
-5072
-5509
-5695
-5840
-6218
-6482
-6395
-6147
-6143
-6396
-6730
-6824
-6643
-6525
-6285
-5830
-5812
-5941
-5429
-4898
-4957
-4753
-4174
-4128
-4315
-4221
-3956
-3579
-3323
-3104
-2727
-2235
-2051
-1845
-1466
-1341
-1113
-639
-313
-102
100
27
83
359
557
725
1009
1140
1093
1123
1283
1206
1035
1384
1593
1756
2108
2039
2059
2327
2311
2191
2022
1702
1718
1976
1950
1765
1726
1654
1716
1736
1746
1852
1915
2047
1899
1727
1790
1653
1562
1578
1416
1018
868
778
589
566
560
326
-266
-620
-696
-860
-930
-1083
-1457
-1727
-1809
-1880
-2266
-2472
-2481
-2611
-2649
-2855
-3081
-3342
-3759
-4159
-4430
-4614
-4686
-4547
-4759
-4776
-4916
-5354
-5286
-4968
-5283
-5916
-5790
-5473
-5364
-5614
-5536
-5318
-5338
-5206
-5103
-5302
-5554
-5418
-4847
-4587
-4680
-4389
-3738
-2999
-2427
-2028
-1717
-1163
-559
-49
435
1008
1654
2555
3574
4282
4983
5747
6411
7069
7652
8104
8636
9502
10293
11011
11776
12311
12547
12541
13079
13588
13944
14250
14738
14914
14679
14818
15189
15470
15317
15184
14907
14758
14498
14060
13590
13492
13652
13093
12432
12005
11499
11045
10789
10533
9820
9073
8376
8211
7997
7335
7231
6782
5995
5671
5137
4161
3644
3252
2940
2586
1974
1515
1232
766
461
258
-119
-837
-1185
-1332
-1705
-1567
-1376
-1814
-2226
-2140
-2506
-2629
-2816
-2950
-2856
-2933
-3313
-3468
-3224
-2985
-2792
-3363
-4207
-4292
-4353
-4678
-4349
-4230
-4595
-4881
-4967
-5251
-5363
-5406
-5717
-5867
-5447
-5414
-5676
-5509
-5808
-6096
-6314
-6613
-6872
-7064
-7350
-7706
-7979
-8157
-8455
-8823
-8914
-9190
-9452
-9525
-9446
-9588
-9758
-9960
-10221
-10013
-9726
-9979
-9687
-9252
-9409
-9328
-9191
-9327
-9548
-9441
-9107
-8998
-8964
-8734
-8438
-7981
-7899
-8064
-7732
-7268
-7059
-6594
-6096
-5671
-5364
-5407
-5039
-4518
-4166
-3655
-3320
-3189
-2564
-2179
-2036
-1052
-155
149
258
393
943
1357
1922
2782
3333
3581
3747
3972
4288
4827
5277
5310
5240
5249
5463
5906
6191
6172
6235
6076
5964
6370
6856
7050
7620
8364
8230
8325
8861
8758
8474
9075
9679
9860
10210
10131
10198
10876
11640
11669
11767
11971
11908
12038
12316
12634
13215
13734
14139
14523
14237
14267
14924
15345
15285
15241
15124
15199
15346
15545
15310
14940
15095
15158
14689
14075
14430
14219
13641
13566
12867
12101
11513
10965
10572
10194
9590
8709
8118
8019
7652
6955
6262
5473
4688
3684
3371
2959
1525
660
382
194
-465
-1314
-1657
-2489
-3369
-4176
-5051
-5156
-5794
-6493
-6216
-6192
-7032
-7731
-8081
-8448
-8936
-9041
-9336
-9633
-9356
-9606
-9848
-9900
-9850
-10526
-11095
-10710
-10614
-10990
-10987
-10710
-10913
-11094
-10918
-10805
-10783
-10881
-11128
-10795
-10375
-10316
-10209
-10310
-10094
-9923
-10131
-9628
-9222
-9360
-9586
-9695
-9232
-8885
-8616
-8464
-8680
-8274
-7718
-7746
-7680
-7797
-7890
-7845
-7248
-6523
-6584
-6589
-6357
-6593
-6651
-6253
-5791
-5679
-5748
-5779
-5753
-5905
-6287
-5573
-5274
-5593
-5314
-4788
-5024
-4963
-4700
-5317
-5407
-5239
-5191
-4355
-3938
-3985
-3863
-3627
-3904
-4142
-3847
-3874
-3990
-3513
-3175
-3476
-3501
-3485
-3441
-3476
-3360
-4032
-4232
-3640
-3478
-3359
-3345
-3536
-3834
-3625
-3300
-3256
-3327
-3352
-3438
-3106
-3159
-3381
-3143
-2942
-3261
-3399
-3313
-3644
-3649
-2886
-2868
-3390
-3396
-3308
-3961
-3614
-2113
-1760
-2000
-2063
-3032
-3356
-2899
-2515
-2102
-2067
-1682
-891
-860
-1268
-821
-826
-518
110
-6
-228
-516
-68
584
491
788
1308
1399
931
944
470
383
1296
1522
1784
2399
2448
2042
2665
3038
2431
2036
2050
2099
2403
3015
3467
3359
2714
2526
2696
3393
3871
2717
2490
3505
3260
3081
3991
3608
3006
3415
3125
2878
3381
3291
2824
3527
4017
3101
3047
2709
2066
2595
2940
2785
2501
2454
2464
2273
2144
2038
1736
1405
1425
1262
1387
2075
2326
1726
1031
1253
1499
1398
677
398
1025
1422
1499
1056
869
384
-132
-144
210
267
408
1179
1214
404
-384
-522
-331
96
168
-194
820
714
-1127
-972
266
232
89
61
-713
-954
-625
-1064
-1250
-631
-689
-1215
-839
-667
-1523
-1655
-1501
-1678
-1561
-1455
-1572
-1765
-1577
-1386
-1245
-1037
-1578
-2283
-1994
-805
-670
-1568
-1639
-987
-1143
-1481
-955
-1024
-1195
-843
-1057
-1214
-773
-905
-1259
-1313
-762
-298
-970
-752
-401
-1643
-2271
-1279
-177
-700
-711
-405
-747
-1143
-1170
-277
467
-265
-891
-480
-822
-924
-781
-896
-569
-751
-1559
-748
-63
-105
87
206
175
-213
-1080
-419
768
129
-1264
-893
636
1186
1226
673
315
126
312
261
110
595
1302
1554
1496
1301
176
400
1613
981
-582
-371
1619
2393
1908
452
-239
64
144
-210
-77
297
442
1596
1839
1136
119
-43
-464
712
1454
188
307
186
8
231
863
1215
996
798
96
-578
-793
-412
990
2229
1555
989
597
369
807
671
142
121
809
402
-406
693
1679
818
977
963
-215
2
843
309
832
1246
1421
1468
1159
629
107
294
336
101
723
1215
860
626
1306
1181
493
1312
1421
847
659
946
336
689
1398
390
-201
711
1005
199
584
555
-239
234
206
-32
-34
290
863
848
-120
-341
644
622
198
131
-1
62
549
-53
-640
-158
581
637
487
383
332
104
450
742
328
51
881
1428
704
674
1226
1290
623
977
1605
1702
1617
1102
360
900
1919
1495
551
1008
1682
1763
1804
1886
1464
827
696
1137
1411
1586
2102
2471
1867
1408
1513
1001
432
496
814
1372
2034
1851
1488
955
605
495
921
1304
1367
1519
1150
1378
1530
1241
1385
1816
1940
1862
1747
878
548
650
750
1025
874
1478
2003
1397
1311
1372
1069
1166
2368
2076
853
985
1400
1535
1411
2075
2057
1832
1272
375
689
1125
917
890
742
-57
808
1320
874
436
-31
-466
-543
-286
-248
-414
-477
-780
-1029
-514
-942
-1652
-1963
-1974
-1049
-747
-1556
-2909
-2747
-2102
-1998
-816
-1174
-1889
-1942
-1746
-1305
-1753
-2318
-1689
-788
-1292
-1744
-1857
-1971
-1976
-1292
-645
-710
-1232
-1640
-1996
-2247
-2161
-2206
-1668
-1773
-2241
-1891
-2357
-3055
-2582
-2838
-3280
-2474
-2117
-2673
-2353
-2489
-2602
-2397
-3283
-2776
-1721
-2427
-3614
-3037
-2238
-1793
-1911
-2246
-2647
-2453
-1766
-1860
-2186
-2774
-2320
-1755
-2081
-1894
-1209
-1374
-1022
-608
-1367
-1611
-752
-473
-1158
-1086
-1057
-898
337
1005
836
261
737
378
-66
149
-48
183
536
1383
1038
366
286
794
554
384
118
-132
603
845
899
741
460
-267
283
400
-375
-86
578
583
423
419
21
-583
-341
714
664
552
752
281
-506
-304
393
21
-24
661
363
-29
993
1642
1262
969
976
29
-853
330
1352
1050
1168
1066
194
583
1063
830
928
1219
1145
1567
1965
1268
875
1859
3024
2164
1193
965
965
2533
3257
3454
3084
1992
1388
1923
2768
2376
2038
1750
1688
1323
2083
2374
1210
844
1756
1841
762
1692
546
-375
1477
2256
1853
1329
610
-593
-452
478
1471
1097
436
-94
-824
-452
-127
83
-336
-272
-43
886
1870
816
526
442
731
519
469
354
-280
49
1049
685
381
1112
876
614
-26
-281
272
976
734
-19
542
-92
-430
1145
1600
774
530
1268
2001
2087
2551
2162
1827
2694
3606
3195
3395
4497
4549
5302
5692
5029
4680
5491
5255
5612
6379
6969
7438
7565
8167
8784
9055
9073
9905
9717
9353
9610
11010
11575
10754
11202
11303
11346
11595
11555
10959
10763
10755
10546
9650
9299
8661
7016
6803
7151
6801
5591
4810
3688
2318
1112
301
-1136
-2459
-2878
-3939
-5606
-6767
-7694
-9784
-11243
-12082
-13834
-15355
-16875
-19831
-22212
-22517
-23246
-25258
-26817
-28252
-31008
-32768
-32720
-32768
-32752
-32768
-32762
-32768
-32768
-32767
-32768
-32766
-32768
-32765
-32768
-32766
-32768
-32766
-32768
-32767
-32768
-32767
-32768
-32767
-32768
-32768
-32768
-32768
-32766
-32768
-32764
-32768
-32762
-32768
-32758
-32768
-32754
-32768
-32746
-32768
-32732
-32768
-31670
-29974
-28315
-25181
-22855
-20286
-16677
-12362
-8698
-5440
-1592
1622
4742
8492
12962
17065
21105
24360
27870
31775
32767
32727
32767
32758
32767
32764
32767
32765
32767
32766
32767
32767
32767
32767
32766
32767
32767
32767
32766
32767
32766
32767
32766
32767
32766
32767
32767
32767
32767
32766
32767
32765
32767
32765
32767
32767
32735
30933
28018
25531
22509
18825
14827
10754
7330
4730
1263
-2677
-6143
-9448
-13417
-17262
-21284
-25598
-30324
-32768
-32715
-32768
-32749
-32768
-32760
-32768
-32766
-32768
-32768
-32766
-32768
-32766
-32768
-32766
-32768
-32766
-32768
-32767
-32768
-32767
-32768
-32767
-32768
-32768
-32768
-32767
-32768
-32768
-32768
-32768
-32768
-32768
-32768
-32768
-32765
-32768
-32763
-32768
-32759
-32768
-32752
-32768
-32738
-32768
-32700
-32768
-32215
-30850
-28880
-27147
-25592
-22922
-20474
-18329
-16125
-13966
-12285
-10591
-8291
-5298
-2687
85
3323
5967
8316
10961
13982
16869
19493
22177
25199
28540
32160
32767
32697
32767
32728
32767
32740
32767
32748
32767
32754
32767
32759
32767
32762
32767
32765
32767
32765
32767
32767
32767
32767
32766
32767
32767
32767
32767
32766
32767
32767
32767
32767
32767
32765
32767
32766
32767
32766
32767
32766
32767
32766
32767
32767
32767
32767
32763
32767
32757
32767
32746
32767
32723
32767
30193
25890
22044
17928
13810
9847
6062
2501
-88
-3000
-5760
-8251
-10502
-12881
-14590
-16697
-19566
-21450
-22889
-24295
-26854
-28938
-30060
-32064
-32768
-32729
-32768
-32755
-32768
-32768
-32756
-32768
-32725
-32768
-31616
-29477
-26401
-23435
-22021
-19817
-18133
-16108
-13202
-9727
-6702
-4957
-3245
-1120
798
2900
5323
7748
10472
12731
14350
15520
16986
18942
20174
20767
21499
21406
21327
22205
22598
22058
21160
20292
19376
18453
18322
18569
18014
17195
16512
15596
14763
13968
13063
11759
10484
9537
8125
6415
5160
4133
3220
2394
1377
-167
-1600
-2691
-3841
-5263
-6326
-6776
-7574
-8751
-9699
-9926
-9627
-9384
-9508
-9970
-10341
-10383
-10544
-10593
-10379
-10523
-10584
-10182
-9610
-9001
-7979
-7375
-6258
-4928
-3703
-2097
-29
1942
4177
6468
7541
8674
10377
12792
15356
17796
19650
20675
21332
22265
23511
24665
25807
26250
26184
26443
26542
26639
26472
26100
25092
23698
22491
21316
20008
18559
17053
15242
13238
11179
9546
7967
6360
4965
3744
2630
1185
-264
-2008
-3374
-4233
-5085
-5718
-6089
-6468
-6921
-6812
-6776
-6720
-6664
-6730
-6705
-6692
-6413
-6021
-5368
-4774
-4167
-3535
-2895
-2038
-1217
-636
-109
922
1551
1719
1649
2103
2562
2210
2135
1932
1718
1547
1350
792
-202
-1068
-1548
-2263
-3429
-4127
-4612
-5481
-6941
-8078
-9462
-11194
-12827
-13940
-14518
-15090
-14932
-14429
-14222
-14148
-14011
-14313
-14516
-14833
-14823
-14313
-13595
-13140
-13128
-13075
-13188
-12723
-11901
-10836
-10592
-10789
-10972
-11346
-11182
-10626
-9409
-7934
-6478
-5517
-4205
-3127
-2384
-1264
-195
960
2555
4879
6969
9362
11425
12582
13163
13838
15188
16618
17991
19091
20293
21232
22422
23493
24215
25119
25633
26661
27667
28693
29549
30649
31429
31581
31964
32260
32446
32225
32135
31736
31132
30277
29551
28935
28364
27905
27111
26497
25518
24689
23841
22798
21498
19690
17973
15846
13818
11950
9956
7771
5490
3156
471
-1777
-3489
-4899
-6531
-7634
-9001
-10441
-11489
-12314
-12637
-13055
-13034
-12756
-12438
-12377
-12016
-11777
-11490
-11225
-11356
-11375
-11455
-11180
-10742
-10530
-10666
-10374
-9720
-9357
-9018
-8965
-9261
-9383
-8744
-8155
-7621
-6805
-6150
-5754
-5711
-5168
-4598
-4078
-3342
-2491
-1951
-2124
-2085
-2091
-1809
-1507
-1094
-648
-191
98
148
212
-451
-974
-1661
-1774
-1762
-1772
-1624
-1445
-910
-650
-157
-33
37
-304
-512
-742
-920
-908
-1020
-895
-965
-822
-1050
-1218
-1685
-2136
-2682
-3046
-3036
-3227
-3508
-3827
-3559
-3578
-3574
-3516
-3118
-3074
-3213
-3110
-3194
-3213
-3533
-3512
-3770
-3910
-4111
-4179
-4078
-3908
-3681
-3718
-3448
-3203
-2688
-2324
-1851
-1603
-1341
-962
-628
-196
91
309
261
361
374
-34
-670
-1098
-1671
-2364
-2783
-2896
-3339
-3888
-4101
-4316
-4675
-4770
-4629
-4739
-5205
-5535
-5917
-6585
-7268
-7926
-8461
-9206
-9584
-9680
-9573
-9591
-9436
-9033
-8743
-8416
-8000
-7570
-7399
-7302
-7040
-6775
-6842
-6757
-6617
-6476
-6292
-5869
-5242
-4504
-3788
-3026
-2705
-2528
-2320
-2289
-2384
-2604
-2527
-2520
-2414
-2247
-1567
-1126
-699
-336
130
354
300
604
703
651
235
202
-29
-131
-222
-390
-833
-1309
-1172
-1342
-1347
-1253
-1149
-1280
-1498
-1076
-801
-721
-947
-943
-1219
-1601
-1566
-1615
-1494
-1940
-1638
-1482
-1070
-794
-373
-130
-37
489
229
576
394
813
471
557
824
683
738
700
1530
1611
2185
2394
2936
2952
2932
3133
3063
3555
3707
4288
4372
4866
5161
5404
5750
5834
6029
5635
5759
5612
5450
5249
5371
5579
5468
5992
6422
7103
7081
7419
7329
7221
7132
6820
6707
6123
6405
6096
6579
6887
7486
7729
7790
8436
8523
8842
8831
9040
8588
8572
8648
8894
8929
9001
9301
9541
9930
9797
9758
9516
8975
8247
7755
7371
6632
5854
5658
5549
5878
5971
6409
6502
6628
6754
6714
6845
6485
6414
5557
5363
5028
4835
4155
3545
3218
2319
1614
803
246
-1062
-2143
-3065
-3874
-4664
-5354
-5718
-6252
-6472
-6580
-6395
-6309
-6376
-6428
-6575
-6500
-6516
-6424
-6533
-6508
-6370
-6193
-5941
-5654
-5254
-5198
-5078
-4926
-4581
-4444
-4297
-4075
-3842
-3515
-3280
-2723
-2310
-1992
-1860
-1636
-1351
-1268
-1213
-1338
-1412
-1742
-1751
-1833
-1738
-1545
-1450
-1004
-775
-329
-147
308
565
877
1113
1294
1378
1050
990
774
848
542
731
706
241
50
117
28
-717
-1019
-1238
-1525
-1437
-1035
-749
-1022
-957
-1052
-2082
-3480
-5446
-7881
-11058
-13858
-16601
-19613
-22601
-25669
-28751
-31826
-32768
-32768
-32742
-32768
-32443
-30830
-29191
-26916
-24175
-21860
-20562
-19324
-18158
-17171
-16627
-16648
-17140
-17844
-18457
-19559
-21024
-22341
-23470
-24976
-26195
-26602
-26216
-25622
-24554
-22324
-19646
-16753
-13915
-10930
-8393
-6561
-5288
-4426
-3869
-3808
-4022
-4523
-4721
-4761
-4485
-4062
-3290
-2363
-1467
-366
949
2443
3783
5229
6781
8417
9841
11187
12410
13480
14161
14585
14772
14959
15247
15423
15815
16595
17698
18777
20268
21468
22477
23223
23739
23929
23640
23784
23034
22496
21992
22215
22692
23447
24916
25976
27349
28266
29654
30487
30747
29059
25858
21839
17557
13133
7827
2511
-3315
-8708
-12771
-14335
-14168
-13432
-12371
-10591
-8166
-5354
-2331
137
1827
2683
2804
2905
3113
3124
2147
315
-1680
-3785
-6159
-8646
-11063
-13817
-16553
-18643
-19294
-19338
-18737
-17468
-15572
-13035
-10448
-7629
-5518
-4172
-3861
-4348
-5089
-5920
-7083
-8494
-9813
-10819
-11401
-11596
-11271
-10791
-10560
-10322
-9713
-8582
-7235
-5998
-4636
-3366
-2164
-1127
-80
498
586
67
-417
-772
-952
-923
-840
-456
24
839
1832
3079
4156
5059
5873
6593
7305
7839
8425
9031
9914
10279
10786
12181
12779
12771
12760
13210
12876
12342
12857
14034
14722
15723
17267
18538
20024
21232
20562
17639
13342
9080
4039
-1919
-7427
-13277
-18789
-22739
-22659
-20441
-17436
-14145
-10115
-6652
-3538
21
2334
3310
2915
2302
1147
492
271
-540
-2599
-4890
-6988
-9473
-12006
-14157
-15921
-17536
-18044
-16498
-13601
-10677
-7837
-4839
-2193
-363
963
1360
612
-1164
-2952
-4349
-5342
-6145
-6796
-7127
-6951
-6128
-5408
-4587
-4104
-3373
-2545
-1425
238
2062
3386
4219
5176
5812
5782
5116
4440
3387
2389
2067
2556
3471
4538
5722
6875
7986
8749
9019
8915
8433
8145
8022
8645
9524
10500
11216
11959
12873
13760
14710
14903
15506
15492
15438
14896
14811
14996
14246
13935
14248
14986
15971
17490
19364
21002
21878
22352
20932
17052
11718
6332
1356
-3463
-8101
-12448
-16470
-18643
-17571
-14956
-11927
-9315
-7181
-5288
-3279
-840
881
1400
1115
335
-886
-1707
-2655
-4732
-8066
-11681
-14593
-17029
-18726
-19373
-19246
-18571
-16729
-13617
-9816
-6747
-5165
-4218
-4239
-4641
-4983
-5695
-6873
-8364
-9468
-10114
-10132
-9656
-9582
-10310
-10972
-10903
-10174
-8798
-7021
-5668
-4439
-3282
-1683
-361
-27
-567
-1735
-2754
-3386
-3065
-2492
-1822
-1181
-23
1150
2415
3361
3380
2961
2425
2264
2508
3138
3574
3959
4502
5602
6882
7803
8571
8732
8864
8922
9429
10538
11444
12429
13097
13793
13527
13455
12843
11575
10542
9756
9920
10323
12743
15552
18217
20070
22127
22338
19616
14724
8220
2288
-3303
-6968
-10524
-13743
-16583
-17331
-16180
-13493
-10344
-8613
-7755
-6610
-3786
-941
1479
3135
3461
2101
314
-1172
-3289
-6953
-11392
-15309
-18333
-19552
-18918
-17373
-15795
-13906
-11404
-8442
-5410
-3016
-2498
-3498
-4052
-4524
-4768
-5310
-6201
-7591
-9158
-9792
-9809
-9837
-10018
-9728
-9162
-7883
-6107
-4079
-2533
-1975
-1454
-1195
-1203
-1238
-1719
-2628
-3336
-3178
-2543
-1558
-417
819
1423
2185
3007
3615
3800
3641
3719
3614
3988
4232
4500
4429
4266
4146
4708
5800
7276
9018
10476
11861
12447
12712
12693
12877
12783
12566
12289
11837
11640
11659
12040
11990
12070
12817
14191
15716
17202
18772
20003
20813
21239
20067
16107
10524
5230
701
-2764
-5649
-8932
-13309
-17312
-18429
-17092
-14157
-11073
-8640
-6315
-3002
1051
4375
5953
5590
3551
345
-2526
-4787
-7551
-11322
-14963
-17243
-18160
-17956
-16605
-15073
-13838
-11993
-9082
-5618
-2531
-380
48
-900
-1901
-3068
-4830
-6883
-8979
-10982
-12026
-11611
-10217
-8670
-7582
-6457
-5390
-4275
-3293
-2754
-2624
-2825
-2737
-2360
-2078
-2059
-1849
-2480
-3106
-3222
-2634
-1818
-844
464
1572
2563
3508
4226
4096
3699
3047
2636
2629
2966
3581
3881
3914
4314
5072
6046
7300
8468
8932
9305
9880
10999
11172
10680
11310
11643
12227
12745
12855
11321
11050
11308
12317
12820
13000
14165
13729
15512
16788
18339
18714
19197
18624
15792
11312
5237
258
-4606
-7419
-10630
-13098
-14255
-14442
-13157
-11405
-8633
-5983
-4160
-2636
-408
1791
2913
2848
1498
-566
-3422
-6403
-9377
-12418
-14972
-16919
-17698
-16918
-15182
-13181
-11151
-8922
-6536
-4519
-2971
-1751
-1305
-2276
-4030
-5499
-6998
-8665
-9732
-10598
-11510
-11491
-10597
-9033
-7183
-5367
-3888
-2933
-2005
-1610
-1985
-2779
-3479
-4171
-4376
-4479
-4513
-3788
-3544
-2855
-1850
-805
141
949
1937
2622
3147
3416
3464
2599
2204
1719
1516
1937
2235
2500
2774
3625
4691
6301
7079
7678
8143
9163
10606
11533
12324
11807
11321
11348
11611
11284
10704
10347
10019
10378
10728
10821
10665
10983
12101
14263
16668
18409
19289
18451
17850
16663
14115
9825
4125
-632
-4193
-6573
-8158
-9572
-10948
-11657
-12371
-11989
-9977
-7085
-4334
-2302
98
2463
3611
3472
1830
-1232
-4775
-8224
-10844
-12705
-14082
-14825
-15146
-14669
-13174
-11545
-10170
-8757
-7115
-5433
-3739
-2013
-918
-1530
-3209
-5354
-7647
-9087
-10250
-11015
-11219
-10405
-8685
-6927
-4935
-3408
-2871
-2571
-2298
-2107
-2134
-2617
-3264
-3883
-4200
-4138
-4066
-3963
-3580
-3045
-2019
-644
908
2305
3037
3394
3512
3307
2630
1958
1308
857
836
1250
2004
2622
3433
4349
5021
6268
7679
8204
8971
9514
9812
10655
10678
9981
9457
10030
10556
10553
11041
10783
10160
10858
12005
12273
12506
12402
11861
11682
13133
14771
15753
16863
17456
17141
16118
12987
7409
2078
-2327
-4574
-5854
-6909
-8229
-9433
-9919
-10432
-10286
-9266
-7937
-6350
-3855
-930
1825
3324
2714
675
-2287
-5469
-8437
-10835
-12527
-13652
-13996
-13481
-12511
-11445
-10736
-10326
-9376
-7849
-6119
-4275
-2649
-1778
-1899
-3323
-5388
-7649
-9579
-11451
-11939
-11013
-9817
-8080
-6133
-4331
-3497
-2936
-2916
-3082
-3381
-3295
-3584
-3878
-3364
-3745
-4007
-4233
-3995
-3867
-3541
-2334
-1030
133
1358
2254
2478
2479
2122
1765
1394
1002
1130
1591
2169
2738
3037
3495
3733
4482
5137
6317
7333
8571
9500
9754
9975
8956
8359
8036
8678
9561
10128
10650
10787
10723
11319
11784
10995
10144
10855
12515
13271
14506
15250
16019
16915
17379
17402
15761
11625
5847
1049
-1752
-3099
-4873
-5846
-6807
-8436
-9986
-11864
-11791
-10482
-8724
-5998
-2349
1152
3095
3485
2507
34
-3441
-6302
-8744
-10332
-11304
-12125
-12554
-12857
-13020
-13066
-12851
-11933
-10161
-7987
-5409
-2808
-1135
-617
-1386
-2864
-5441
-7321
-8565
-10060
-10706
-10671
-9355
-8223
-6667
-5955
-5762
-5076
-4126
-3170
-2098
-1163
-1716
-2359
-3183
-3852
-5115
-5773
-5956
-5615
-4230
-2297
-524
427
1087
1247
1838
1954
2226
2030
1961
1704
1672
1618
1331
1144
1035
1587
2609
4455
5326
6244
7033
7730
8579
9136
9084
8706
8637
8605
9271
9790
10257
10381
9993
10407
10416
10652
10210
10669
11063
10564
10876
10923
11888
12564
14561
15921
17323
18037
17360
13367
8221
3532
-1168
-3348
-4175
-4068
-6102
-8450
-10016
-10764
-11393
-11427
-10633
-8341
-4679
-902
2325
3697
3203
723
-2376
-4584
-6223
-7920
-9226
-9996
-10567
-11383
-12099
-12671
-13471
-13625
-12083
-9252
-6165
-3346
-1581
-1093
-1569
-2238
-3820
-6018
-7127
-8123
-8232
-8717
-8575
-8087
-8366
-8102
-8440
-7953
-6357
-4373
-2373
-642
-101
-560
-2131
-3595
-4989
-6185
-6011
-4905
-3156
-1912
-1254
-1004
-538
-495
-341
352
1322
2387
3255
4116
3681
2587
1331
704
906
1537
2491
3516
4920
5686
6447
6797
7183
7425
7732
8978
10065
11168
11111
10593
10075
9844
9125
8670
9426
9279
9624
10082
10696
10667
10402
10551
10925
12306
13898
15363
16393
18404
18197
14874
9343
2349
-2076
-3725
-2732
-2785
-4975
-7787
-10471
-11842
-11991
-11840
-11202
-8577
-4759
-466
2956
4662
3750
326
-2625
-4400
-5208
-5764
-6731
-7981
-9657
-11392
-12853
-14170
-15182
-15101
-13432
-9921
-5946
-3209
-1967
-1961
-2330
-3045
-3276
-3793
-4695
-5203
-6378
-7468
-8259
-8655
-10331
-10949
-10155
-9124
-7056
-3816
-1593
-1470
-881
-903
-1415
-1640
-1560
-2427
-2925
-2711
-3189
-3613
-3453
-3736
-4062
-3066
-1258
112
1316
2561
3188
3293
3373
3349
3108
2901
2834
2988
3093
3489
3521
3656
3633
4460
5593
6907
8202
8891
9237
8985
9080
9297
10010
10953
12055
11988
11756
11100
9551
9619
9701
9435
8525
8908
9604
9978
12099
14510
15840
15726
15173
12836
10562
7639
4688
1868
679
-92
-1802
-4034
-7089
-10088
-12431
-13134
-12768
-10564
-7633
-4324
-2231
-1325
-1109
-1248
-1766
-2539
-2392
-2017
-2367
-3592
-5205
-7641
-10375
-12460
-13667
-13802
-12758
-11016
-9565
-8221
-7232
-6856
-6582
-5557
-4048
-3066
-2221
-2256
-2881
-3927
-5501
-7384
-8775
-8874
-8943
-8366
-7289
-6514
-6338
-5818
-5041
-4534
-3375
-1817
-609
72
131
-647
-1783
-2838
-3932
-4345
-3033
-1455
-710
-650
-740
-986
-922
253
1498
2700
3633
4403
4795
4612
3976
3312
2956
3351
3908
5029
5615
5926
6178
6059
6323
7163
8947
9458
10360
10327
10558
10893
11207
11478
10630
11359
11143
10783
10474
9325
8962
8923
9730
9954
10560
11897
13646
15715
15016
11226
6469
3862
2091
2270
3109
2017
-1072
-5059
-8691
-11746
-12655
-12794
-11721
-8495
-4982
-4090
-3964
-3534
-4109
-4601
-3459
-1328
-208
149
-800
-3210
-5883
-8335
-10398
-11294
-11052
-10748
-10598
-10286
-10330
-10834
-10855
-9458
-7510
-5446
-3504
-1931
-2189
-3651
-4034
-4424
-5107
-5767
-5724
-6045
-6467
-6651
-7584
-8296
-7738
-6731
-5320
-3364
-2210
-1987
-1800
-1379
-1731
-2290
-2367
-1738
-771
79
233
-800
-1966
-2520
-1650
-356
954
2215
2673
3182
3222
3239
2614
2743
3393
4054
5091
5577
5672
4980
4828
4699
5844
7026
8120
8657
8955
9668
9673
10434
9993
10420
10912
11934
11815
10528
10048
8205
7894
8277
10842
11751
12673
12922
12842
13261
12862
11139
7395
5623
4023
4445
4611
3037
-1925
-6090
-8019
-9693
-10225
-10689
-10240
-9799
-7673
-6878
-6959
-6391
-5579
-4283
-2567
-504
-328
-790
-1883
-3195
-4529
-5324
-6292
-7696
-8643
-9831
-10714
-11709
-12282
-12391
-11526
-10052
-8590
-7294
-6646
-5797
-4638
-4196
-4247
-2893
-2545
-4153
-4722
-4759
-5679
-6198
-5639
-6086
-6767
-5912
-5422
-5523
-4337
-3703
-3878
-2510
-1482
-1302
-1650
-1454
-1894
-1856
-198
369
315
-65
-345
-927
-475
471
1476
2096
2470
2901
2937
2975
2633
3149
3282
4148
4865
5266
4852
4565
5125
5679
7475
8171
8684
9147
9848
10174
10630
11222
10785
10376
10452
10455
9858
10030
9709
8881
8599
9338
9980
10003
11455
12523
12785
12152
10268
7044
5343
6403
5967
4890
3425
588
-3819
-5748
-6403
-8123
-8787
-9240
-10075
-10094
-8049
-8272
-9311
-8232
-6367
-4920
-2935
-1356
-2229
-2891
-2738
-2656
-2919
-2930
-4143
-5946
-6770
-7602
-8979
-10283
-10695
-11056
-10693
-9796
-9263
-9341
-9203
-8054
-7041
-6476
-4906
-3666
-3760
-4353
-3961
-3786
-4245
-3424
-3540
-4169
-4093
-3744
-4713
-4994
-4393
-4467
-3806
-2410
-2596
-3529
-3299
-3487
-3403
-1877
82
615
733
395
-371
277
1537
2255
2586
3062
2971
2558
2708
2515
2803
3302
4035
4419
4869
4625
4175
5251
6201
7378
8514
9200
8517
8972
9667
9739
9884
11358
11044
10904
11790
10616
8943
8933
10574
10324
10851
11061
9678
9507
11259
11638
10797
10182
8430
5848
5570
6099
4459
3193
2068
-767
-3804
-4916
-6273
-8099
-8755
-8894
-9493
-9103
-8924
-10121
-9786
-7947
-6309
-5451
-4298
-4002
-4431
-3891
-2866
-2514
-2699
-2988
-3752
-4608
-5399
-6173
-7279
-8075
-8392
-8888
-9284
-9580
-9929
-10040
-9198
-8147
-8772
-8426
-6952
-6352
-5648
-4545
-4643
-5028
-3304
-2640
-3168
-2769
-3016
-3990
-2565
-1633
-2856
-2836
-2438
-3309
-3318
-2575
-3913
-4211
-2197
-1321
-1210
-601
-1449
-2125
-197
1906
2331
2626
2630
2068
2874
4084
4017
3568
4044
4082
4885
5087
4443
3937
4604
6165
7033
7768
6795
6789
7047
8664
9498
9922
10613
10455
10677
10316
11332
10844
11104
11382
10901
10192
10691
11282
11075
12087
11592
10993
9560
8269
5800
5631
6475
5173
3747
1765
-1148
-4455
-4449
-4845
-6089
-7415
-8749
-10594
-10816
-9294
-9341
-9030
-8350
-7642
-7150
-5702
-5042
-4970
-3812
-2794
-2548
-2533
-2634
-3799
-4290
-4196
-4649
-5774
-6669
-7554
-8404
-8561
-8840
-9376
-9518
-9186
-9030
-9705
-9962
-8795
-7354
-6508
-6215
-5718
-6024
-5484
-3872
-2994
-2856
-2526
-2256
-2210
-1352
-1260
-1882
-1840
-1184
-2046
-2684
-2659
-3145
-2342
-974
-767
-1905
-2408
-2330
-1428
518
1819
1669
1451
1487
1942
3223
4148
4467
4737
4915
4799
4978
5181
5559
5790
6405
6536
6458
6477
6599
7104
7854
8626
8885
8666
9131
10170
10232
10591
10851
10494
10275
11208
11506
10416
10324
10777
11692
12061
11433
10288
9106
8089
6550
6738
5887
4196
2447
1026
-908
-3103
-4193
-5085
-5470
-6695
-7729
-9357
-10338
-10363
-8600
-7533
-8207
-8440
-8131
-7333
-6490
-4828
-4151
-4097
-3996
-3732
-3527
-3232
-3109
-3555
-3749
-4258
-5042
-5858
-6299
-6861
-7265
-7335
-8019
-8876
-9673
-10526
-9878
-8327
-8004
-8156
-8280
-8309
-7686
-5393
-4169
-4044
-3482
-3549
-3393
-1756
-570
-963
-381
-151
-746
-1248
-1262
-1839
-1400
-199
-673
-1598
-2133
-2519
-2129
-86
697
297
43
462
829
2065
3616
3997
4320
4145
4326
4719
5866
6337
6760
6967
6477
6354
6885
7342
7401
8251
8157
7892
7796
8150
8138
9364
10359
9685
9605
9152
8846
9659
10959
10160
10053
10943
10375
10115
11297
11462
9687
8895
7332
5648
6411
6872
4752
2187
932
-1461
-2852
-2318
-3531
-6449
-7344
-8027
-10392
-10479
-9103
-9310
-10264
-9594
-9723
-10118
-8546
-7012
-6359
-5423
-4577
-5046
-4684
-3354
-2744
-2762
-2415
-2901
-4095
-4261
-4124
-4670
-5492
-5878
-6633
-7805
-8606
-9434
-9716
-8816
-8074
-8709
-9607
-9476
-8875
-7657
-5899
-5267
-5668
-5229
-4149
-2955
-1671
-711
-640
-579
-49
-45
-194
51
-60
-86
508
61
-749
-1012
-961
-1147
-467
354
-214
-354
-233
-55
967
2427
2774
2454
2497
2769
3758
5298
6405
6222
6323
6592
7081
7674
7932
8542
8802
9040
9154
9242
9100
8656
9139
10116
9583
8770
8916
9121
9201
9331
9205
8559
9200
9991
9582
9048
8973
8748
8620
8243
7119
6127
5081
4327
3794
3226
1451
-1044
-2944
-3670
-3895
-4631
-6265
-8662
-10250
-10254
-9051
-9029
-10068
-10821
-10825
-10078
-8913
-7512
-7120
-7093
-6541
-5464
-4723
-4206
-3764
-3476
-3125
-2927
-3002
-3425
-3696
-3844
-3917
-4229
-5321
-6491
-7009
-7209
-7074
-6928
-7691
-9274
-9470
-8603
-7926
-7249
-6795
-7301
-7199
-5635
-4368
-3565
-2787
-2289
-2047
-1069
-242
-71
589
758
231
484
1231
1173
890
1006
176
-465
420
869
648
828
830
234
562
1356
1569
1866
2658
2951
3195
4176
4616
5109
5972
6905
6869
7167
7954
7869
8104
9214
10195
9627
8412
8484
9203
10622
11342
10627
9303
8384
9034
9866
10491
10622
9821
9007
8785
9400
9665
8534
7118
6335
6718
6469
5341
3429
1879
840
307
-506
-2058
-3584
-5369
-6140
-7000
-8160
-9105
-9215
-9171
-9905
-10181
-10250
-10059
-9328
-8175
-7503
-7431
-7367
-6906
-5597
-4329
-3746
-3886
-3885
-3911
-3566
-2787
-2686
-3319
-3922
-4064
-4410
-4747
-5162
-5859
-6916
-7059
-7002
-7246
-7790
-8304
-8498
-8265
-7188
-6956
-7176
-6995
-6247
-5402
-4170
-3127
-2939
-2519
-1520
-522
161
572
360
379
1178
1988
2010
1620
1249
921
1105
1626
1552
732
504
760
774
809
1168
1175
1170
1903
2348
2339
2763
3726
4351
4926
5249
5446
6236
7059
7565
7932
8460
8511
9088
9867
9798
9855
10518
10679
10230
10136
10114
10048
9948
9186
8527
8689
8974
8834
8804
8843
8023
7032
6003
5377
5663
6115
5152
3283
1600
312
-304
-180
-494
-2486
-4691
-6160
-7224
-7539
-6975
-6747
-8224
-10133
-10801
-10240
-9284
-8595
-8276
-8430
-8760
-8706
-7618
-6212
-5432
-5262
-5087
-4964
-4865
-4143
-3123
-2605
-2816
-3208
-3458
-3671
-3765
-3748
-3858
-4628
-5725
-5881
-5937
-6572
-6857
-6592
-6925
-7418
-7190
-7027
-7151
-6325
-5209
-4860
-4736
-4429
-3878
-2909
-1444
-784
-818
-615
-56
522
1089
1657
1631
1604
1839
1565
1121
1441
2115
2074
1841
1619
759
699
1912
2624
2182
1721
1649
1813
2818
4121
4385
3980
4192
4870
5618
6563
7310
6919
6886
7877
9164
9456
9349
9433
9354
9811
10398
10600
10247
10173
10230
9818
9721
10062
9903
9726
9900
9429
7692
6429
6782
7242
7008
5706
3357
1511
1029
1190
663
-528
-2595
-4887
-5567
-5372
-6166
-7411
-7801
-8312
-9467
-9901
-9404
-9215
-9246
-8869
-8523
-8489
-8585
-8072
-6908
-5818
-5494
-5558
-5237
-4753
-4096
-3124
-2550
-2856
-3500
-3561
-3097
-2642
-2874
-3727
-4433
-5076
-5542
-5405
-5342
-6233
-7142
-7282
-7278
-7253
-6755
-6595
-6936
-6705
-5988
-5514
-4766
-3699
-3193
-2852
-2076
-1365
-1026
-222
415
614
1056
1452
1406
1527
2205
2161
1701
1827
1861
1479
1710
2267
2047
1418
1565
1809
1816
2297
2664
2393
2102
2790
3443
3769
4227
4386
4443
5080
6379
6822
6768
6827
7325
8258
9404
10104
9528
9343
9973
10632
10603
10568
10552
9748
9491
9992
10258
9611
9278
9034
7943
6887
6548
6624
6244
5660
4064
2128
1088
1044
908
-51
-1641
-3818
-5084
-5343
-5754
-6499
-7036
-7813
-9368
-10041
-9570
-9227
-9398
-9318
-9173
-9313
-9086
-8302
-7334
-6600
-6100
-5876
-5533
-5047
-4405
-3486
-2755
-2735
-3203
-3269
-3030
-2872
-2753
-2947
-3630
-4395
-4824
-4894
-4707
-4840
-5739
-6725
-6759
-6378
-6283
-6156
-6125
-6302
-6300
-5614
-4821
-4390
-4055
-3605
-3071
-2407
-1766
-1134
-489
58
237
380
1042
1605
1977
2231
2316
1948
1867
2428
2747
2572
2214
1912
1830
2052
2191
2061
1881
1970
2087
2358
2747
2886
3153
3816
4429
4565
4821
5750
6664
6979
7418
7892
8101
8361
9159
10160
10240
9774
9335
9453
10052
10475
10321
9752
9205
9007
9317
9929
9351
7171
5368
5577
6873
6807
4765
2062
335
521
1311
979
-1140
-3695
-4941
-4818
-4382
-5095
-6821
-8224
-8506
-7949
-7664
-8158
-9025
-9309
-8579
-7595
-7127
-7261
-7562
-7187
-5954
-4714
-4439
-4799
-4834
-4310
-3445
-2717
-2715
-3270
-3589
-3295
-2818
-2641
-3086
-4059
-4600
-4628
-4698
-4824
-4959
-5607
-6523
-6609
-6312
-6366
-6457
-6184
-6166
-6385
-6045
-5302
-4837
-4360
-3781
-3336
-2957
-2235
-1433
-878
-217
309
552
703
1030
1442
2089
2569
2448
1898
1783
1951
2201
2664
2761
2072
1244
1302
1847
2306
2475
2221
1735
1816
2582
3269
3481
3559
3968
4380
5079
5666
5910
6329
7255
7965
8237
8496
8683
8835
9556
10364
10070
9641
9448
9624
9756
10053
9982
9409
9281
9079
8490
7311
6452
6435
6906
6386
4353
2373
1599
1451
1225
573
-987
-2895
-4173
-4648
-4864
-5134
-6015
-7459
-8117
-7992
-8117
-8701
-8670
-8014
-8212
-8408
-7986
-7701
-7615
-7088
-6151
-5435
-5225
-5268
-5028
-4152
-3438
-3138
-2850
-2807
-3070
-3162
-2713
-2421
-2508
-3021
-3612
-4051
-4301
-4390
-4393
-4493
-5140
-5924
-6201
-6021
-5855
-5684
-5613
-5886
-6061
-5711
-5050
-4421
-3820
-3396
-3224
-2862
-2151
-1312
-499
88
488
706
922
1344
1833
2370
2627
2630
2423
2277
2428
2639
2781
2648
2428
2219
2091
2090
2242
2415
2492
2487
2536
2746
3031
3419
3634
3917
4192
4665
5378
6127
6405
6291
6597
7354
8182
9055
9346
8862
8719
9318
9838
9994
10393
10387
9787
9484
9631
9463
9068
8583
7730
7073
6734
5914
4563
3735
3316
2390
1224
-45
-1340
-2286
-2832
-3582
-4552
-5401
-6601
-7748
-7871
-7531
-7893
-8556
-8829
-9023
-9058
-8479
-7822
-7549
-7411
-7279
-7021
-6305
-5400
-4915
-4571
-4063
-3698
-3478
-3092
-2743
-2532
-2313
-2102
-2098
-2272
-2682
-3135
-3226
-3318
-3618
-3937
-4182
-4929
-5748
-5863
-5587
-5549
-5709
-5880
-6134
-6279
-6052
-5414
-4744
-4357
-4270
-3992
-3405
-2719
-2051
-1345
-721
-302
15
458
943
1310
1634
1949
2357
2620
2622
2421
2463
2768
2896
2897
2808
2564
2205
2143
2341
2416
2388
2343
2387
2449
2603
2721
3144
3752
4319
4527
4768
5238
5753
6579
7217
7630
7724
8209
8761
9052
9115
9376
9689
9720
9589
9525
9696
9589
9291
8665
8338
7878
7218
6605
6299
5931
4616
3048
2214
2192
1682
369
-1015
-1904
-2887
-3909
-4491
-4715
-5433
-6810
-7673
-7774
-7679
-8093
-8461
-8492
-8427
-8458
-8292
-7782
-7341
-7168
-6998
-6402
-5706
-5204
-5001
-4712
-4229
-3698
-3268
-2941
-2666
-2626
-2761
-2779
-2459
-2146
-2314
-2926
-3349
-3489
-3576
-3727
-3849
-4100
-4637
-5132
-5314
-5175
-5095
-5191
-5308
-5288
-5157
-4996
-4773
-4416
-3973
-3517
-3077
-2608
-2127
-1679
-1186
-548
150
788
1154
1375
1645
1965
2287
2512
2831
3028
3013
2909
2828
2805
2767
2753
2742
2664
2565
2493
2486
2491
2485
2591
2799
3079
3361
3576
3797
3936
4247
4763
5427
5932
6197
6442
6769
7258
7575
7787
8111
8709
9030
8880
8676
8727
8961
9117
9169
8846
8170
7376
6880
6687
6533
6112
5163
3871
2721
2053
1463
645
-413
-1437
-2360
-3284
-4173
-4948
-5687
-6559
-7253
-7493
-7541
-7888
-8421
-8854
-9055
-8993
-8629
-8096
-7728
-7641
-7581
-7259
-6790
-6176
-5582
-5104
-4676
-4164
-3615
-3261
-2988
-2744
-2461
-2204
-1900
-1644
-1711
-2027
-2289
-2344
-2398
-2541
-2714
-3036
-3450
-3735
-3822
-3925
-4160
-4330
-4376
-4323
-4250
-4121
-4036
-3967
-3749
-3328
-2834
-2385
-1991
-1620
-1183
-711
-193
356
908
1414
1811
2157
2447
2718
2973
3119
3145
3228
3337
3410
3338
3208
3100
2966
2916
2888
2828
2568
2309
2248
2370
2526
2538
2549
2579
2757
3052
3432
3830
4167
4445
4716
5073
5454
5941
6354
6700
6904
7017
7078
7079
7201
7375
7545
7457
7108
6636
6183
5763
5404
5095
4783
4388
3709
2877
2092
1463
827
169
-409
-938
-1498
-2110
-2790
-3519
-4245
-4892
-5348
-5594
-5672
-5864
-6214
-6560
-6777
-6905
-6959
-6849
-6646
-6413
-6235
-6013
-5769
-5533
-5371
-5200
-4922
-4518
-4090
-3761
-3527
-3359
-3231
-3147
-3032
-2846
-2760
-2781
-2815
-2796
-2717
-2752
-2935
-3172
-3289
-3310
-3300
-3281
-3243
-3226
-3282
-3294
-3190
-2982
-2801
-2614
-2332
-1979
-1602
-1289
-1004
-701
-323
83
518
951
1341
1617
1802
2020
2304
2539
2612
2667
2770
2917
3011
2936
2729
2503
2376
2317
2322
2324
2200
1968
1784
1797
1913
1967
1871
1878
2151
2435
2573
2643
2711
2769
2976
3429
3847
4160
4371
4503
4539
4664
4845
4957
5041
5142
5261
5317
5312
5303
5187
4844
4439
4126
3956
3821
3632
3351
3021
2675
2193
1617
1092
638
227
-188
-589
-949
-1307
-1708
-2183
-2669
-3094
-3511
-3889
-4129
-4255
-4359
-4514
-4661
-4738
-4836
-4993
-5119
-5132
-5042
-4928
-4739
-4532
-4358
-4267
-4235
-4153
-4014
-3794
-3581
-3385
-3187
-2997
-2841
-2746
-2665
-2677
-2719
-2703
-2560
-2375
-2282
-2283
-2292
-2275
-2209
-2112
-2060
-2045
-2001
-1840
-1613
-1364
-1172
-1046
-882
-649
-345
-13
326
618
847
1127
1402
1617
1798
1965
2132
2302
2488
2629
2769
2797
2837
2895
2903
2942
2911
2827
2679
2638
2762
2804
2858
2965
2870
2705
2630
2547
2599
2734
2836
2931
3079
3297
3362
3305
3203
3008
2979
3247
3626
3986
4089
3980
3818
3750
3786
3900
3994
4158
4315
4429
4449
4307
4160
3974
3876
3881
3863
3830
3772
3682
3509
3315
3116
2832
2512
2269
2094
1919
1777
1604
1348
1033
750
468
147
-122
-359
-555
-727
-848
-999
-1185
-1347
-1522
-1726
-1905
-2010
-2129
-2221
-2234
-2221
-2259
-2292
-2319
-2397
-2458
-2466
-2434
-2407
-2370
-2321
-2287
-2270
-2236
-2196
-2161
-2130
-2117
-2105
-2091
-2029
-1951
-1865
-1801
-1765
-1768
-1768
-1746
-1706
-1652
-1591
-1510
-1444
-1380
-1315
-1199
-1088
-992
-931
-875
-836
-757
-500
-388
-328
-296
-286
-346
-288
-111
-11
32
98
1
-211
-209
-99
87
236
165
42
-246
-443
-177
109
-98
-423
-560
-651
-481
-279
-320
-570
-597
-572
-656
-745
-922
-1152
-1094
-778
-554
-456
-539
-769
-1014
-1106
-1065
-1002
-991
-970
-945
-901
-856
-912
-1121
-1383
-1533
-1601
-1584
-1605
-1710
-1800
-1784
-1739
-1766
-1909
-2133
-2351
-2535
-2637
-2680
-2644
-2608
-2611
-2640
-2636
-2650
-2777
-2936
-3036
-3098
-3148
-3141
-3075
-3071
-3111
-3154
-3231
-3341
-3463
-3588
-3695
-3750
-3688
-3596
-3556
-3529
-3546
-3554
-3553
-3563
-3547
-3554
-3510
-3397
-3236
-3043
-2873
-2746
-2666
-2584
-2519
-2432
-2293
-2088
-1796
-1526
-1384
-1308
-1249
-1194
-1023
-804
-593
-369
-178
-135
-87
112
328
448
557
838
966
891
832
949
1247
1456
1660
1847
1905
1835
1814
1832
2104
2489
2763
2856
2884
3006
2982
3071
3311
3424
3390
3551
3721
3744
3829
3930
4005
3902
3883
4044
4089
3892
3809
3852
3963
4153
4465
4476
4192
4047
3911
3990
4004
3954
4035
4276
4458
4297
4121
3939
4013
4062
3819
3677
3603
3559
3557
3711
3757
3597
3407
3261
3111
2940
2777
2641
2579
2629
2629
2493
2283
2099
1943
1803
1673
1525
1321
1082
950
837
723
636
564
395
114
-100
-292
-524
-691
-777
-907
-1047
-1134
-1184
-1271
-1401
-1563
-1767
-1983
-2099
-2144
-2179
-2204
-2160
-2130
-2168
-2220
-2294
-2421
-2552
-2554
-2515
-2469
-2373
-2332
-2372
-2463
-2501
-2614
-2792
-2758
-2712
-2679
-2559
-2566
-2625
-2707
-2773
-2673
-2490
-2391
-2454
-2469
-2339
-2237
-2040
-2033
-2124
-2085
-2008
-1791
-1542
-1513
-1584
-1470
-1256
-1104
-994
-903
-1088
-1091
-970
-772
-544
-372
-372
-453
-347
-363
-370
-316
-189
-140
17
40
-98
111
492
691
536
415
297
285
411
597
896
1209
1362
1352
1165
1138
1282
1462
1562
1596
1828
1859
1868
2078
2135
1823
1718
1685
1680
1924
2003
1989
1931
1885
1795
1766
1852
1843
1818
1814
1892
1851
1736
1654
1617
1697
1802
1868
1646
1465
1460
1394
1357
1401
1538
1564
1542
1519
1382
1264
1189
1133
1183
1218
1116
913
833
826
738
798
924
930
817
579
379
330
339
390
321
67
-21
107
279
354
252
90
-78
-229
-210
-102
50
149
345
540
520
346
149
-22
1
283
395
450
557
626
637
697
714
636
685
802
899
944
1100
1299
1393
1394
1493
1669
1629
1564
1579
1583
1759
1805
1841
1940
2078
2167
2158
2114
1789
1692
1932
2120
1965
1864
1946
2118
2228
2415
2304
1762
1560
1595
1621
1807
1908
1819
1610
1407
1409
1541
1526
1424
1219
1058
1042
1034
1084
1189
1200
1113
1036
1061
1009
772
529
350
348
547
515
296
165
144
128
116
31
-311
-684
-794
-809
-770
-587
-544
-776
-864
-734
-862
-1073
-1181
-1247
-1334
-1336
-1245
-1244
-1365
-1422
-1527
-1655
-1712
-1821
-1949
-1974
-1929
-1944
-2014
-2043
-2009
-2171
-2289
-2243
-2231
-2254
-2289
-2334
-2467
-2542
-2456
-2359
-2231
-2225
-2272
-2453
-2555
-2421
-2368
-2386
-2374
-2298
-2375
-2353
-2309
-2178
-2251
-2358
-2327
-2173
-2059
-2026
-2203
-2364
-2134
-1868
-1771
-1796
-1865
-2025
-1977
-1805
-1653
-1440
-1490
-1550
-1429
-1454
-1488
-1357
-1377
-1425
-1444
-1254
-866
-711
-909
-1161
-1455
-1135
-549
-489
-779
-680
-592
-699
-731
-848
-872
-562
-437
-513
-653
-781
-735
-441
-210
-403
-311
-120
-161
-296
-209
21
-58
-401
-503
-385
-100
121
58
-16
-79
-303
-496
-548
-509
-519
-314
77
100
31
-24
-170
-464
-613
-646
-792
-509
-106
-207
-304
-341
-594
-608
-408
-334
-505
-705
-914
-1094
-885
-534
-524
-615
-436
-350
-570
-955
-1020
-952
-927
-796
-762
-786
-705
-570
-601
-762
-821
-866
-1062
-1168
-1148
-1117
-1064
-907
-637
-554
-714
-859
-981
-1019
-961
-859
-931
-943
-748
-521
-364
-368
-621
-780
-623
-524
-493
-500
-647
-665
-602
-687
-593
-503
-354
-120
-24
-277
-734
-880
-1018
-693
-275
-241
-377
-513
-552
-267
-207
-406
-560
-716
-698
-408
189
205
9
-42
158
247
94
112
-31
-268
-29
411
376
200
117
101
151
302
164
-265
-324
124
308
339
208
7
7
-45
39
212
131
-134
-219
-143
-10
313
457
347
53
-36
165
189
130
79
125
304
436
490
555
286
-97
-359
-422
-104
124
95
106
268
219
149
302
13
-225
-276
-406
-123
146
311
465
272
-131
-426
-416
-147
-93
-50
-25
81
309
504
440
206
-39
-147
-202
-123
63
175
400
582
622
444
218
33
67
69
317
765
1032
982
834
758
526
253
143
268
367
385
462
456
384
359
248
266
250
261
263
395
427
53
42
303
470
679
663
570
318
0
117
255
284
534
486
347
575
1002
1113
789
695
399
81
467
1177
1300
1299
1171
824
595
532
578
630
680
785
1247
1327
1210
977
749
933
897
674
660
918
1090
1026
1031
823
529
678
909
640
530
555
421
546
774
1009
963
833
754
797
918
802
586
368
478
843
1093
1152
1036
728
407
485
625
690
596
630
723
896
1118
992
920
696
442
462
560
636
698
760
744
450
151
50
-23
-129
-18
316
300
484
663
379
-186
-378
-419
-465
-58
457
654
566
477
195
-51
-243
-408
-684
-877
-707
114
717
619
166
-67
-359
-739
-657
-504
-172
21
-22
34
-7
235
305
-183
-446
-614
-1083
-1352
-1026
-308
278
483
244
-302
-679
-947
-867
-473
-220
-147
-70
-23
-191
4
334
453
371
70
-181
-183
162
187
-22
-60
118
498
851
692
417
353
242
-89
-234
-55
83
390
676
648
698
772
363
-3
-180
-367
-326
-166
101
211
322
558
841
735
-9
-678
-782
-615
-485
-140
104
173
345
219
-214
-417
-478
-581
-246
8
-525
-880
-529
-136
-117
-247
-597
-933
-968
-827
-776
-894
-1037
-1044
-1144
-986
-518
-511
-635
-614
-1065
-1424
-1252
-976
-983
-977
-820
-854
-762
-621
-670
-1015
-1161
-937
-850
-748
-694
-909
-1238
-954
-577
-694
-815
-878
-821
-746
-522
-476
-848
-1001
-854
-789
-663
-598
-532
-486
-289
-202
-372
-556
-626
-615
-563
-257
-423
-687
-562
-203
371
649
157
-578
-862
-572
-97
13
397
438
203
309
699
724
434
59
36
64
-26
410
431
225
152
-46
-15
139
484
544
592
557
145
-46
-160
5
434
874
987
867
888
735
478
193
174
328
524
369
259
483
786
701
893
944
482
66
-316
-218
-17
255
222
421
797
770
632
371
-141
-389
-409
-375
-106
227
373
508
573
333
61
-315
-574
-750
-595
-320
-397
-8
318
454
38
-127
-338
-768
-841
-770
-579
-288
316
358
344
313
179
16
-362
-691
-631
-352
-188
14
-82
-521
-556
-250
-147
-397
-840
-1279
-1172
-725
-636
-657
-817
-912
-891
-693
-557
-582
-499
-299
-229
-695
-1024
-1218
-1092
-433
1
329
472
258
-40
49
-293
-931
-805
-460
-201
-167
37
125
212
149
-79
-516
-792
-848
-1011
-865
-448
35
101
201
267
44
-367
-774
-1052
-816
-618
-772
-433
108
340
229
118
-1
-365
-736
-810
-574
-444
-248
-97
-283
-384
-290
-258
-72
150
27
-96
-309
-851
-1007
-576
109
568
935
688
61
-329
-631
-773
-758
-479
-295
-208
61
236
21
-8
-73
-174
-275
-505
-811
-614
81
452
529
547
464
99
-156
-81
-58
363
729
373
49
213
448
359
79
-28
-138
-120
270
216
108
93
92
18
-37
-18
-210
-203
152
219
263
573
627
589
287
-24
-209
-246
-64
52
314
848
981
727
230
-4
43
-70
-233
41
433
553
396
399
527
307
377
79
-285
-219
182
545
475
392
121
124
295
253
93
-79
-151
49
349
382
608
684
422
224
173
154
340
580
464
527
632
442
94
101
529
451
257
373
201
174
237
240
256
450
789
808
623
416
298
268
430
580
558
643
908
853
653
825
840
391
124
88
127
483
975
1174
1100
937
710
602
598
546
542
432
610
1014
948
935
611
504
754
1044
777
282
157
158
309
436
570
857
1340
1627
1431
934
524
86
-30
424
907
1297
1324
1275
1064
1155
1334
939
368
-113
-122
141
659
961
1027
986
785
728
577
224
22
120
127
313
406
470
995
1444
1254
837
325
-197
-51
613
709
701
963
955
927
998
839
649
500
365
345
225
229
425
725
911
991
872
635
411
385
553
835
945
721
499
353
619
1062
1234
1052
925
811
493
279
135
-234
-177
238
603
787
926
812
447
-36
-376
-598
-664
-564
-437
-301
-269
-469
-467
-337
-297
-356
-878
-1314
-1431
-1551
-1399
-1031
-825
-543
-450
-863
-1214
-1280
-1471
-1839
-2010
-1947
-1818
-1777
-1740
-1746
-1833
-1735
-1656
-1834
-2009
-2061
-2037
-2178
-2265
-2339
-2457
-2514
-2282
-2161
-2198
-2245
-2023
-1908
-2029
-2241
-2572
-2584
-2754
-2926
-2865
-2513
-2157
-2035
-2150
-2416
-2837
-3014
-3075
-3058
-2851
-2818
-2690
-2640
-2802
-2766
-2640
-2582
-2480
-2420
-2504
-2676
-2763
-2825
-3069
-2965
-2714
-2429
-2225
-2134
-2092
-2215
-2378
-2359
-2312
-2550
-2431
-2118
-1936
-2014
-2184
-2130
-1860
-1573
-1575
-1710
-1951
-2032
-1874
-1576
-1127
-667
-552
-695
-929
-1204
-1295
-929
-485
-180
-2
-100
-175
-248
-198
-191
-30
192
282
359
455
542
652
925
1057
1002
1006
1189
1325
1405
1473
1549
1757
1904
1934
1962
1902
1777
1817
1997
2275
2330
2170
1836
1651
1812
2038
2133
2115
2121
2056
2142
2294
2387
2349
2210
2110
2074
2171
2362
2531
2730
2879
2770
2596
2568
2350
2203
2193
2367
2694
2888
2982
2769
2442
2189
2205
2324
2466
2616
2750
2512
2317
2501
2690
2777
2697
2622
2648
2813
2817
2799
2721
2821
3010
3163
3292
3276
3053
2820
2904
3115
3335
3390
3283
3234
3226
3328
3491
3347
3119
2935
2678
2698
3113
3481
3596
3591
3531
3384
3323
3352
3263
3004
2906
3014
3153
3279
3513
3720
3644
3295
2754
2238
1979
2035
2304
2700
3037
3183
3017
2729
2364
2078
2003
2040
2082
2153
2321
2395
2374
2350
2131
1734
1436
1365
1430
1431
1415
1262
993
807
665
608
502
493
439
258
165
-66
-454
-629
-575
-689
-865
-1138
-1344
-1314
-1197
-1138
-1211
-1449
-1824
-2198
-2529
-2672
-2764
-2786
-2827
-2867
-2982
-3113
-3281
-3780
-4245
-4534
-4651
-4698
-4556
-4454
-4462
-4516
-4710
-4886
-5058
-5157
-5236
-5202
-5137
-5286
-5553
-5654
-5596
-5486
-5410
-5400
-5477
-5602
-5612
-5590
-5524
-5491
-5615
-5825
-5840
-5726
-5603
-5552
-5501
-5421
-5381
-5374
-5341
-5339
-5398
-5420
-5421
-5295
-5051
-4733
-4517
-4579
-4780
-4887
-4970
-4929
-4774
-4666
-4512
-4344
-4197
-4145
-4150
-4138
-4140
-4079
-4016
-3897
-3780
-3689
-3556
-3426
-3346
-3299
-3277
-3186
-3149
-3050
-2927
-2776
-2611
-2520
-2468
-2501
-2487
-2502
-2497
-2396
-2311
-2220
-2123
-2066
-1969
-1883
-1893
-1913
-1808
-1686
-1630
-1637
-1597
-1497
-1379
-1182
-1061
-1057
-1112
-1149
-1216
-1207
-1091
-905
-738
-645
-626
-700
-771
-821
-909
-1087
-1224
-1278
-1239
-1035
-869
-824
-895
-1009
-1103
-1220
-1331
-1381
-1326
-1142
-933
-796
-735
-809
-969
-1147
-1256
-1294
-1312
-1255
-1178
-1130
-1108
-1173
-1322
-1444
-1542
-1632
-1768
-1855
-1858
-1857
-1811
-1839
-1921
-1985
-2033
-2203
-2342
-2336
-2306
-2313
-2267
-2180
-2251
-2374
-2492
-2608
-2646
-2649
-2634
-2636
-2696
-2766
-2819
-2895
-3029
-3121
-3233
-3386
-3505
-3576
-3667
-3759
-3770
-3760
-3848
-3975
-4135
-4342
-4470
-4458
-4428
-4375
-4240
-4061
-3919
-3742
-3507
-3315
-3165
-3029
-2834
-2548
-2217
-2072
-1918
-1634
-1209
-900
-699
-494
-218
142
445
785
1115
1366
1501
1827
2239
2652
3050
3350
3654
4102
4666
5138
5568
5983
6425
6911
7397
7881
8388
8788
9055
9388
9832
10244
10659
11111
11598
12181
12717
13171
13618
14029
14338
14644
14914
15155
15438
15695
15868
15990
16120
16171
16180
16176
16210
16267
16278
16310
16360
16359
16273
16154
16021
15916
15852
15800
15709
15611
15468
15250
15029
14815
14572
14258
13867
13540
13265
12996
12733
12458
12244
11974
11700
11392
11092
10811
10505
10175
9859
9587
9278
8961
8548
8195
7820
7467
7060
6669
6219
5787
5416
5049
4672
4252
3851
3435
3157
2925
2708
2445
2181
1899
1642
1340
1011
680
277
-105
-467
-736
-1023
-1329
-1658
-1978
-2316
-2692
-3093
-3477
-3823
-4161
-4440
-4744
-5083
-5469
-5874
-6278
-6640
-6957
-7237
-7528
-7845
-8154
-8449
-8713
-8965
-9206
-9457
-9693
-9948
-10187
-10384
-10514
-10621
-10677
-10710
-10800
-10919
-11025
-11047
-11034
-10956
-10867
-10747
-10628
-10510
-10397
-10271
-10112
-9955
-9725
-9476
-9196
-8926
-8688
-8479
-8238
-7956
-7631
-7300
-6964
-6595
-6249
-5902
-5546
-5212
-4899
-4609
-4334
-4022
-3684
-3313
-2940
-2579
-2241
-1928
-1645
-1369
-1098
-837
-575
-312
-19
282
587
861
1124
1381
1583
1735
1871
2025
2162
2289
2416
2560
2728
2885
3020
3112
3168
3183
3188
3227
3322
3435
3585
3744
3921
4067
4099
4065
4006
3979
4005
4091
4180
4254
4301
4292
4266
4196
4101
3940
3761
3628
3540
3506
3474
3457
3408
3362
3277
3150
2975
2756
2555
2367
2231
2151
2135
2098
2036
1954
1859
1750
1655
1613
1590
1577
1520
1482
1445
1379
1318
1260
1217
1176
1121
1048
1001
1011
1046
1102
1174
1215
1253
1270
1278
1294
1309
1304
1284
1277
1247
1255
1263
1275
1288
1305
1319
1300
1262
1175
1113
1029
962
910
892
866
818
772
688
589
454
316
193
110
33
-44
-121
-196
-286
-400
-511
-658
-809
-978
-1108
-1205
-1274
-1363
-1475
-1586
-1704
-1798
-1950
-2129
-2314
-2464
-2567
-2640
-2710
-2786
-2873
-2983
-3101
-3237
-3391
-3571
-3752
-3934
-4036
-4119
-4191
-4275
-4410
-4546
-4668
-4759
-4879
-5001
-5119
-5194
-5223
-5253
-5318
-5364
-5406
-5446
-5473
-5521
-5568
-5590
-5574
-5549
-5514
-5473
-5430
-5359
-5286
-5265
-5209
-5130
-5033
-4948
-4872
-4801
-4694
-4560
-4438
-4308
-4178
-4061
-3932
-3782
-3644
-3525
-3426
-3331
-3212
-3065
-2913
-2767
-2626
-2486
-2364
-2244
-2147
-2031
-1916
-1781
-1642
-1487
-1329
-1189
-1048
-952
-830
-742
-676
-632
-567
-475
-380
-293
-198
-99
-27
7
51
100
150
209
257
323
405
500
555
603
637
655
682
712
753
766
767
772
787
809
836
838
831
843
856
830
773
700
655
645
634
662
671
680
661
627
609
566
544
494
479
508
548
579
584
572
537
507
445
359
307
253
246
260
274
259
222
182
112
62
-3
-56
-102
-115
-115
-95
-79
-77
-75
-88
-99
-102
-111
-124
-120
-136
-123
-109
-80
-78
-79
-83
-106
-122
-137
-182
-228
-268
-303
-321
-354
-369
-377
-390
-400
-413
-413
-419
-436
-428
-377
-352
-331
-363
-386
-429
-479
-526
-566
-594
-623
-652
-717
-766
-796
-829
-839
-867
-886
-901
-939
-989
-1031
-1070
-1103
-1137
-1163
-1186
-1214
-1263
-1299
-1310
-1312
-1311
-1313
-1300
-1302
-1296
-1333
-1375
-1402
-1432
-1434
-1425
-1399
-1373
-1381
-1428
-1477
-1545
-1560
-1523
-1462
-1431
-1411
-1395
-1368
-1342
-1329
-1310
-1312
-1293
-1304
-1301
-1316
-1348
-1365
-1360
-1315
-1304
-1308
-1319
-1291
-1228
-1170
-1103
-1035
-967
-903
-839
-767
-698
-633
-596
-550
-487
-419
-355
-310
-245
-170
-91
-35
25
109
163
209
226
259
288
334
373
437
508
570
635
657
673
678
685
706
741
778
806
832
863
883
866
842
809
790
750
718
651
608
573
551
526
489
440
357
293
224
198
196
208
215
219
200
173
120
50
-45
-87
-129
-175
-218
-273
-302
-360
-366
-394
-411
-427
-458
-490
-539
-559
-578
-588
-568
-570
-568
-592
-603
-611
-616
-632
-633
-603
-567
-540
-559
-581
-593
-596
-593
-602
-615
-626
-612
-575
-544
-527
-533
-560
-580
-604
-616
-631
-626
-589
-555
-505
-493
-489
-498
-524
-537
-543
-524
-497
-451
-398
-341
-264
-211
-167
-132
-88
-39
-2
22
45
75
121
195
251
304
331
380
450
530
611
682
764
875
977
1043
1091
1132
1207
1275
1359
1420
1488
1560
1653
1755
1824
1888
1928
1952
1954
1963
1975
1984
2009
2042
2067
2084
2085
2080
2087
2108
2110
2099
2053
1994
1967
1954
1985
2009
2014
2009
1973
1919
1846
1765
1701
1679
1697
1711
1715
1670
1602
1539
1490
1452
1422
1413
1410
1421
1412
1405
1380
1345
1278
1226
1189
1150
1115
1093
1084
1083
1105
1097
1082
1054
1010
964
922
895
889
888
884
890
900
907
895
866
825
801
777
745
702
663
645
641
643
659
685
717
734
737
733
718
702
695
705
713
714
737
772
815
850
866
903
962
1025
1061
1078
1091
1105
1141
1165
1155
1150
1144
1141
1156
1190
1218
1238
1243
1247
1248
1240
1214
1211
1220
1234
1272
1290
1312
1321
1325
1307
1304
1305
1309
1317
1319
1326
1326
1313
1302
1293
1309
1326
1343
1330
1303
1278
1244
1192
1146
1121
1133
1149
1143
1139
1143
1117
1047
984
924
892
884
907
949
993
990
920
835
760
723
685
673
679
704
707
666
608
534
468
390
302
218
168
134
117
103
89
27
-84
-243
-398
-504
-564
-594
-601
-572
-578
-588
-641
-710
-776
-822
-836
-860
-888
-934
-984
-1041
-1101
-1173
-1218
-1264
-1313
-1350
-1388
-1427
-1474
-1500
-1539
-1541
-1563
-1581
-1621
-1688
-1764
-1845
-1932
-1998
-2046
-2111
-2121
-2129
-2112
-2133
-2159
-2185
-2227
-2258
-2286
-2313
-2348
-2362
-2407
-2434
-2472
-2512
-2543
-2540
-2515
-2488
-2461
-2453
-2428
-2403
-2375
-2350
-2337
-2330
-2334
-2319
-2305
-2287
-2241
-2217
-2190
-2149
-2104
-2051
-1996
-1937
-1872
-1787
-1687
-1628
-1606
-1606
-1637
-1659
-1633
-1580
-1516
-1438
-1379
-1333
-1287
-1261
-1220
-1184
-1155
-1138
-1157
-1153
-1131
-1110
-1088
-1050
-1007
-973
-934
-892
-813
-719
-613
-551
-516
-502
-493
-447
-395
-344
-268
-210
-142
-77
8
62
138
177
183
172
172
200
215
302
287
418
347
750
-72
637
453
307
634
391
545
528
462
527
688
479
615
571
609
599
629
670
829
458
868
570
510
819
407
806
659
596
731
670
722
653
711
569
686
603
637
702
652
761
634
699
663
553
531
552
489
645
606
609
662
676
637
694
644
589
663
560
627
587
561
623
569
634
595
622
675
655
650
690
636
630
653
616
692
751
737
812
790
765
790
764
784
788
814
839
830
846
830
799
763
734
687
715
758
780
853
893
925
953
922
911
917
922
984
1066
1134
1184
1209
1214
1205
1177
1166
1169
1187
1227
1233
1273
1310
1292
1293
1262
1227
1199
1165
1136
1141
1138
1112
1099
1071
1020
972
941
932
937
935
934
918
887
825
766
685
609
535
498
479
447
451
439
428
418
412
407
381
349
331
329
324
319
285
263
250
225
193
142
106
92
57
33
29
1
-33
-88
-146
-175
-219
-260
-329
-408
-442
-475
-515
-545
-531
-507
-485
-492
-505
-540
-559
-561
-559
-530
-498
-483
-460
-437
-434
-450
-459
-453
-436
-405
-372
-353
-323
-287
-250
-211
-216
-240
-260
-265
-254
-248
-255
-235
-229
-200
-188
-179
-152
-111
-77
-47
-21
-7
5
5
16
23
51
66
75
111
140
162
169
191
211
236
238
227
219
202
200
186
164
143
119
111
111
123
139
119
108
96
96
86
60
45
39
50
36
22
-2
-33
-47
-54
-63
-77
-86
-106
-109
-109
-112
-121
-139
-142
-149
-156
-171
-185
-207
-201
-222
-243
-278
-315
-323
-338
-352
-376
-408
-427
-437
-449
-465
-475
-503
-519
-547
-585
-622
-657
-674
-685
-693
-696
-694
-690
-684
-683
-670
-661
-657
-655
-669
-686
-702
-707
-711
-710
-716
-716
-700
-683
-666
-675
-673
-660
-662
-676
-684
-692
-687
-677
-683
-695
-720
-729
-736
-719
-696
-677
-671
-664
-661
-668
-678
-679
-677
-668
-654
-643
-647
-643
-633
-629
-614
-611
-609
-613
-611
-606
-593
-568
-545
-518
-505
-501
-510
-537
-534
-513
-493
-494
-499
-488
-467
-450
-450
-445
-436
-412
-412
-407
-408
-421
-432
-435
-426
-416
-416
-410
-398
-345
-297
-266
-237
-216
-206
-204
-213
-220
-204
-197
-193
-162
-151
-128
-96
-65
-39
-29
15
50
74
115
148
176
173
169
169
161
157
161
195
218
244
268
280
300
328
326
325
340
350
368
371
392
396
390
385
376
377
393
423
438
462
473
472
484
494
497
512
516
519
510
504
497
479
482
488
488
481
467
458
470
473
471
472
466
469
468
460
452
435
415
402
390
384
382
371
355
342
327
304
281
255
230
220
216
207
210
212
210
202
156
117
88
77
73
77
93
110
122
107
85
61
56
59
64
67
64
53
47
43
36
35
35
49
60
77
96
93
90
85
83
63
43
16
-18
-37
-61
-73
-81
-91
-86
-82
-77
-67
-76
-72
-80
-78
-68
-82
-96
-106
-108
-105
-104
-102
-97
-98
-99
-94
-83
-79
-66
-53
-27
-25
-17
-14
-6
0
-4
-23
-48
-42
-42
-9
18
30
52
72
77
79
72
61
54
46
46
61
73
82
102
123
153
170
188
205
240
266
296
312
319
315
305
287
276
260
254
272
299
319
339
364
384
385
361
338
313
305
297
306
319
326
338
337
342
334
332
332
334
330
313
311
298
292
291
298
298
288
289
293
298
290
293
291
300
294
277
262
247
244
236
227
206
170
141
126
123
119
111
110
106
100
84
65
44
18
0
-26
-53
-79
-108
-126
-149
-166
-171
-178
-196
-204
-220
-233
-261
-292
-326
-356
-379
-408
-430
-451
-476
-504
-524
-548
-554
-574
-574
-567
-562
-573
-593
-603
-608
-621
-634
-630
-643
-644
-655
-659
-679
-686
-694
-709
-719
-735
-749
-763
-771
-791
-797
-804
-802
-815
-815
-828
-843
-846
-850
-857
-854
-868
-872
-896
-912
-889
-889
-868
-865
-857
-844
-855
-862
-864
-870
-879
-893
-876
-872
-876
-862
-873
-886
-897
-902
-912
-916
-929
-925
-915
-910
-899
-906
-918
-935
-945
-938
-942
-923
-908
-899
-887
-864
-849
-842
-847
-863
-869
-877
-864
-863
-856
-840
-849
-833
-828
-818
-799
-784
-770
-745
-721
-696
-679
-672
-677
-687
-682
-677
-656
-639
-619
-603
-582
-562
-558
-538
-532
-509
-492
-465
-446
-431
-413
-394
-376
-363
-337
-328
-306
-290
-268
-244
-228
-208
-196
-197
-197
-204
-208
-194
-193
-185
-172
-151
-128
-104
-79
-63
-41
-26
-8
24
34
54
76
97
116
141
168
195
220
251
285
316
351
367
383
401
413
432
450
470
478
511
530
549
581
596
623
645
680
698
723
741
756
764
776
792
790
794
796
811
822
839
857
874
897
929
957
963
975
978
973
953
928
940
949
945
956
970
967
969
960
966
971
985
989
984
970
