-175
-153
-67
-16
-14
-13
-59
-81
-123
-159
-96
-64
-43
-9
12
-30
-58
-31
6
51
54
-17
-112
-157
-131
-48
61
148
140
34
-88
-137
-124
-68
-12
34
43
5
-2
-8
-12
29
104
117
93
37
-66
-144
-149
-100
-71
-93
-140
-169
-134
-41
90
206
199
97
10
-48
-16
70
45
-16
-43
-10
45
66
59
16
-109
-195
-126
-31
-8
7
16
-17
-73
-146
-138
5
93
103
89
10
-28
9
21
-22
-91
-133
-117
-77
-61
-89
-149
-153
-137
-142
-157
-211
-237
-176
-44
84
176
133
-14
-75
-35
-79
-142
-117
-98
-86
-52
-27
-47
-44
-52
-94
-115
-75
-13
22
44
-22
-188
-262
-195
-63
-6
14
29
-32
-139
-147
-127
-70
-15
31
-10
-118
-229
-238
-194
-4
145
131
112
104
-8
-175
-182
-193
-74
76
26
3
92
98
36
-1
-39
-147
-182
-176
-237
-228
-171
-193
-165
-39
27
-4
4
12
-2
10
-128
-235
-64
184
269
196
44
-53
-24
107
162
255
319
229
122
48
-2
46
195
270
267
248
122
-10
-4
38
100
80
9
-16
-3
58
147
141
157
184
145
46
123
144
95
4
-166
-70
-42
90
229
207
149
36
-84
-107
-30
-34
-130
-130
-77
-97
-26
90
138
37
82
113
88
161
36
-187
-196
4
186
117
-77
-124
-129
-47
13
-44
-124
-224
-322
-287
-276
-153
6
61
-12
-48
-51
-72
-69
-101
-210
-264
-177
-135
-125
-61
-28
-37
-126
-7
35
-16
-5
-26
-52
-85
-29
52
71
167
204
156
24
-122
-71
32
-1
23
-19
-230
-166
-38
-164
23
227
64
-160
-134
-179
-288
-247
-282
-267
-135
-116
-174
-121
-129
-51
93
158
157
73
-105
-173
-154
25
315
424
384
48
-102
-79
-15
102
131
68
-7
-160
-300
-272
-148
-15
89
186
0
-194
-347
-446
-301
-99
145
313
290
178
75
-66
-164
-96
4
105
211
151
-48
-203
-233
-203
-46
213
237
58
-185
-322
-187
-79
-91
-153
-239
-325
-256
-168
-81
-40
-104
-174
-323
-404
-324
-24
172
244
150
-107
-315
-282
-110
-78
-29
9
63
-27
-192
-312
-217
-94
-2
233
68
-222
-265
-87
158
180
71
-225
-508
-499
-235
-47
-63
74
8
-240
-311
-230
-146
-37
-9
-82
-82
-146
-279
-325
-152
-15
106
294
188
-11
-17
-17
-16
39
117
112
-43
-129
-226
-287
-115
274
376
114
-251
-496
-466
-240
-18
65
-45
-161
-38
-35
-180
93
99
-194
-45
-4
11
46
247
353
49
2
-29
7
28
122
-60
-318
-205
-141
-133
-76
105
115
227
254
12
-151
-262
-375
-289
-76
8
142
394
338
273
187
58
11
-54
-190
-317
-87
95
291
463
377
82
-91
-58
-123
-113
14
-10
-127
-12
95
266
250
148
153
161
87
309
394
134
58
-49
-31
259
447
404
273
120
-120
-120
-48
-92
82
230
188
234
73
-212
-148
135
202
129
271
167
246
239
224
219
302
353
72
-185
-231
-98
99
141
262
247
-2
-259
-383
-266
-140
-27
85
97
257
120
-362
-237
-68
19
350
585
512
281
81
-60
-115
-171
-31
218
79
127
146
133
246
216
84
-219
-302
-306
-82
75
-50
34
18
26
143
62
-215
-210
104
407
471
304
273
111
-119
-14
350
388
381
379
114
-162
-164
-13
196
208
203
69
-37
141
149
-108
-197
-59
-61
116
419
515
470
322
121
45
86
46
-66
-37
-32
99
250
130
-130
28
390
392
298
32
-338
-337
-158
-71
156
518
546
462
330
-84
-282
-307
-225
-78
-35
-217
-176
66
227
494
624
277
31
40
-344
-432
-190
104
135
22
187
249
131
80
-270
-235
-141
-23
177
75
-303
-685
-786
-871
-707
-199
-22
-192
-141
45
89
34
-116
-488
-620
-691
-461
-24
286
368
-46
-177
-240
-400
-341
-170
34
22
-502
-870
-700
-401
178
601
507
266
-285
-655
-433
-101
-116
-251
-295
-354
-247
-118
160
277
355
292
221
-3
-190
-121
97
221
315
104
78
153
115
176
-121
-305
-387
-404
-290
81
237
181
460
652
310
151
61
-39
211
144
119
52
69
284
124
98
401
499
446
211
308
482
430
469
428
487
560
892
863
328
176
261
189
182
252
123
395
828
961
716
809
1090
588
363
313
117
529
1039
1093
852
535
287
552
1053
1322
1224
1248
1189
999
866
852
768
596
863
1177
1167
1090
1041
617
291
691
993
1113
1472
1142
690
682
843
928
900
730
742
859
741
834
944
796
311
312
278
294
781
1033
1022
1021
816
472
377
405
272
103
153
67
-4
97
-2
26
335
375
223
-97
-583
-595
-360
-480
-458
-141
114
-46
-247
-708
-959
-949
-918
-869
-654
-782
-894
-826
-1146
-1107
-1072
-1021
-951
-1126
-1531
-1671
-1508
-1366
-1348
-1142
-1279
-1175
-949
-1253
-1593
-1476
-1323
-1158
-1032
-1244
-1424
-1544
-1331
-898
-857
-912
-967
-1148
-1409
-1330
-1881
-2370
-2247
-2436
-2545
-2133
-1363
-980
-799
-1277
-1449
-1570
-1968
-2243
-1779
-1609
-1564
-1164
-1108
-1144
-965
-988
-1239
-1262
-1529
-1723
-1508
-956
-934
-1138
-1222
-1040
-768
-725
-770
-954
-1462
-1487
-1201
-674
-840
-1243
-1339
-1440
-1099
-394
-3
-399
-697
-788
-707
-451
-102
-150
-508
-733
-1097
-972
-765
-289
113
-254
-611
-812
-420
-252
-600
-816
-771
-752
-491
-333
-221
-324
-389
-600
-621
-532
-623
-703
-460
-211
-270
-624
-917
-1081
-1092
-599
-180
-400
-985
-1286
-1449
-1337
-1186
-889
-522
-730
-1024
-1258
-1695
-1708
-1162
-1035
-1211
-1551
-1751
-2005
-2158
-1772
-1549
-1625
-1540
-1426
-1814
-1649
-1435
-1831
-2361
-2378
-2400
-2598
-2329
-1879
-1704
-1820
-2189
-2674
-2724
-3009
-3213
-2836
-2313
-2166
-2466
-2556
-2554
-2245
-1759
-1789
-1762
-2039
-2685
-2992
-2956
-2625
-1810
-1345
-1372
-1655
-1755
-1862
-1999
-1568
-1417
-1786
-1830
-1472
-1362
-1385
-1005
-443
-138
-83
-330
-686
-652
-241
417
994
773
562
263
398
1354
1860
1944
2336
2464
2243
2141
1684
1843
2735
3486
3567
3619
3770
3842
3785
3879
4110
3995
4228
4341
4470
4548
4627
4500
4772
5310
5758
5551
4844
4664
4920
5087
5240
5943
6494
6423
6182
6011
5372
5429
5920
6703
7121
6842
6286
5855
5492
5261
5586
6138
6239
6071
5905
5574
5655
6133
6126
6062
6097
5763
5314
4750
4634
4991
5453
5754
5690
5679
5648
5262
4788
4435
4366
4467
4784
5625
6181
5773
4854
4349
4401
4506
4877
5147
4905
5256
5971
6059
5743
5626
5844
6199
6258
6221
6138
5908
6117
6458
6506
6842
7590
7359
7087
7074
6764
7099
7386
7539
7765
7682
7664
7653
7448
7366
7324
7309
7125
6960
6935
7102
7301
6863
6556
6057
5655
5675
5933
6078
5926
5406
4716
4848
4810
3941
3201
2430
2167
2382
2856
3234
2837
2374
1640
1300
1158
430
-180
-587
-615
-288
-512
-1161
-2044
-2597
-3037
-3682
-3748
-4121
-4622
-4372
-4873
-5605
-6514
-7120
-7049
-7316
-7792
-8907
-9622
-9785
-9645
-9782
-10009
-10629
-11315
-11757
-11697
-11809
-12549
-12979
-13108
-13116
-13451
-13356
-14081
-14569
-14485
-14569
-15000
-15246
-15390
-15902
-15905
-15057
-14798
-15389
-15815
-16148
-16405
-15859
-15590
-16261
-16567
-16420
-16420
-16169
-15970
-16115
-16090
-16535
-16861
-16602
-15947
-15284
-14885
-15148
-15370
-15571
-15537
-14807
-14563
-14850
-14831
-14293
-14076
-13794
-13239
-12770
-12296
-12293
-12465
-12598
-12317
-12262
-12487
-12083
-11321
-10716
-10134
-10112
-10486
-10555
-10038
-9200
-8863
-9108
-9111
-8824
-8391
-8014
-7463
-6835
-6341
-5718
-6027
-6057
-5992
-6203
-6589
-6117
-5461
-5224
-4298
-3428
-2907
-2375
-2142
-2480
-3174
-3496
-3639
-3087
-1888
-935
-813
-922
-1049
-1595
-1027
301
644
-159
-490
-437
-182
287
1116
1051
1031
1278
1803
1657
1872
2358
1685
756
1052
1765
1791
2286
3032
3686
3385
2808
2818
2865
3057
3481
3845
3726
3372
3778
3848
3553
3200
3603
4408
4505
4250
4008
3097
2880
3739
4817
5234
5430
5219
4520
4482
4714
5105
5589
5576
5787
5615
5047
4811
5617
6136
6955
6933
6465
6787
7646
8039
7980
7855
7697
7861
8289
8345
8928
9138
9761
10144
10344
9935
10091
10484
11161
11113
10404
10705
11514
12117
12198
12681
12630
12831
13060
12867
12666
12226
12320
12726
12841
12752
12970
13110
13399
13333
13414
13823
14119
14137
14004
13566
13302
13492
14002
14438
14538
14419
14606
14881
14758
14630
14672
14569
14548
14261
14359
15052
15112
15096
15026
14588
14534
15065
14847
14364
14192
13964
14321
14413
14030
14211
13845
13491
14064
14059
13681
14240
14256
13181
13027
13152
12438
12755
13281
12862
12198
11438
11000
10464
10371
10540
9976
9257
9502
9778
9336
8961
8952
7850
7393
7553
7567
6994
6269
5742
5862
5591
5483
5494
5006
4470
4364
4461
3955
3278
2618
1914
1736
1529
1532
1882
1543
903
887
-386
-1802
-2342
-2694
-3233
-2532
-2412
-3206
-3614
-4144
-4932
-5287
-5523
-5637
-6440
-7405
-8013
-8260
-8829
-8401
-8357
-9633
-10445
-9991
-10514
-10761
-10850
-11748
-12406
-11891
-12078
-11985
-12193
-12370
-12336
-12364
-12725
-12785
-13188
-13431
-12987
-12801
-12455
-12443
-13302
-13383
-13221
-13042
-12577
-12370
-12723
-12666
-12762
-12695
-13060
-12887
-12590
-12183
-12158
-12413
-13406
-14143
-13821
-13314
-12289
-11643
-11177
-11360
-12040
-12345
-12730
-12439
-12381
-12435
-12142
-10974
-10287
-10001
-10545
-11314
-11560
-10899
-10608
-10200
-9395
-9739
-10036
-10003
-10069
-9742
-9105
-9029
-8946
-8678
-8749
-8842
-8477
-8475
-8776
-8749
-8545
-7896
-7337
-7015
-6475
-5929
-6124
-6517
-6252
-6016
-5850
-5781
-6611
-6407
-5523
-5116
-5390
-5142
-4935
-4323
-3624
-3431
-3429
-4207
-4620
-4390
-3845
-3463
-3369
-3547
-3608
-3602
-3134
-2465
-2439
-2300
-2465
-2425
-2304
-2126
-2110
-2381
-1895
-832
-269
-499
-798
-1091
-1370
-1192
-489
72
52
319
463
148
-160
-107
-92
153
352
972
1585
1887
1496
1127
998
841
286
98
402
1165
1423
1327
993
488
796
1724
1802
1153
628
598
216
44
191
251
849
1736
1749
1464
966
741
-190
-674
-1180
-1110
-908
-355
-14
95
-42
163
465
4
-622
-1335
-1285
-1084
-217
128
214
33
604
815
799
826
429
-237
-414
-154
-129
-32
409
769
736
435
259
166
-106
-598
-337
-63
25
-216
-143
-127
-44
183
-356
-739
-682
-637
-487
-300
-116
-96
-89
-526
-1134
-1422
-1557
-1205
-112
496
452
-181
-631
-379
-24
520
815
1040
782
932
1318
1190
1119
1579
2153
2834
3745
3548
3349
3325
3332
3743
4268
4799
5134
5547
6138
6525
7080
7919
8204
8555
9205
9779
9520
9421
9942
10110
10681
11473
11997
12755
13120
13380
13494
13018
12911
12874
13210
13318
13366
13712
13470
13325
13487
12954
12645
12665
12608
12422
11883
11742
11465
11014
10278
9951
9903
10004
9818
9191
8209
7768
7675
7354
6605
5809
4866
4474
4373
4007
3378
2943
2466
1711
1037
1011
474
-271
-732
-1387
-1903
-2151
-2320
-2264
-2463
-3096
-3917
-4413
-4574
-4628
-4698
-4644
-4517
-4653
-4946
-5162
-5301
-5487
-5674
-5509
-5000
-4641
-4399
-4582
-4574
-4233
-3959
-3655
-3110
-2816
-2711
-2622
-2624
-2617
-2027
-1380
-732
53
36
-360
-208
198
145
214
94
373
1179
1643
1644
1737
1795
1555
1760
2123
2089
1584
1393
1512
1573
1727
1840
1595
1273
993
630
581
523
604
612
432
76
-424
-1050
-1131
-1430
-1604
-1715
-1361
-957
-1152
-1387
-1328
-1521
-2061
-1977
-1986
-1701
-1536
-1393
-1098
-1056
-1093
-819
-914
-1061
-1098
-1285
-1711
-1731
-1613
-1477
-337
459
881
1035
992
402
204
393
950
1543
1898
2108
2264
2391
3030
4110
4663
5042
5512
6008
6139
6790
7324
7461
7711
7776
8039
8517
8892
9158
9579
9751
9981
10351
10682
10825
11046
11247
11191
10763
10430
10064
9539
9268
9500
9097
8358
7839
7020
6437
5766
4950
4142
3311
2804
2383
1635
964
382
-224
-1297
-2564
-3807
-4948
-5762
-6876
-7942
-8981
-9875
-10476
-10960
-11690
-12584
-13766
-14946
-15802
-16286
-16676
-17220
-17686
-18339
-18936
-19639
-20204
-20696
-20939
-21351
-21621
-21785
-22257
-22674
-22836
-22937
-23093
-22956
-22744
-22723
-22839
-22899
-22834
-22294
-21669
-21095
-20758
-20441
-19816
-19326
-18756
-18107
-17672
-17188
-16482
-15810
-15130
-14333
-13234
-12502
-11853
-10991
-9978
-9266
-8575
-7647
-6824
-6150
-5237
-4218
-3290
-2312
-1386
-716
-191
647
1566
2302
2882
3543
4093
4686
5317
5980
6474
6727
7089
7444
7806
8269
8801
9199
9399
9507
9544
9584
9799
9944
10085
10340
10544
10709
10742
10528
10194
10147
10241
10311
10400
10347
10099
9802
9567
9198
8929
8827
8797
8741
8566
8218
7926
7697
7391
7112
6774
6433
6281
6339
6204
5985
5718
5660
5722
5902
6081
5980
5658
5257
4985
4778
4836
4985
5014
4829
4556
4267
4095
3948
3830
3608
3523
3238
3090
3206
3206
3344
3481
3560
3634
3775
3798
3706
3437
3115
2930
2926
2948
2988
3061
3081
3297
3515
3683
3781
3811
3743
3593
3422
3387
3281
3160
3117
3132
3168
3221
3185
3198
3283
3165
2939
2919
2891
2787
2801
2873
2892
2971
3155
3127
3021
2860
2570
2319
2220
2027
1807
1715
1616
1455
1349
1250
1077
1034
993
935
858
960
1023
803
488
233
-10
-274
-329
-363
-466
-590
-704
-819
-972
-1075
-1285
-1454
-1588
-1616
-1673
-1727
-1605
-1533
-1508
-1489
-1468
-1571
-1734
-1909
-2052
-2092
-2157
-2240
-2194
-2182
-2219
-2100
-1973
-2046
-2152
-2227
-2430
-2504
-2382
-2326
-2326
-2358
-2417
-2499
-2418
-2369
-2383
-2319
-2337
-2218
-2069
-2012
-1997
-1807
-1747
-1843
-1745
-1646
-1651
-1522
-1265
-1249
-1208
-1181
-1197
-1273
-1275
-1423
-1484
-1435
-1428
-1375
-1211
-917
-796
-654
-574
-514
-547
-509
-464
-470
-421
-369
-406
-491
-386
-406
-448
-510
-523
-577
-550
-476
-525
-489
-411
-308
-110
121
253
234
285
258
161
242
409
518
641
929
1086
1296
1504
1645
1778
1920
1858
1765
1831
1864
1986
2159
2251
2236
2295
2295
2253
2342
2506
2600
2599
2601
2646
2739
2909
3081
3220
3207
3317
3389
3347
3248
3077
2985
2808
2839
2872
2889
2773
2666
2504
2332
2292
2199
1985
1733
1513
1384
1511
1671
1806
1725
1671
1483
1421
1237
1147
1059
886
563
269
180
50
-79
-342
-652
-997
-1191
-1346
-1487
-1770
-2106
-2460
-2631
-2683
-2592
-2553
-2687
-2815
-2856
-2845
-2853
-2844
-2952
-3243
-3379
-3392
-3252
-3189
-3057
-3061
-3127
-3014
-2785
-2503
-2380
-2240
-2246
-2228
-2241
-2171
-2130
-2204
-2301
-2309
-2181
-2068
-1793
-1570
-1329
-1080
-782
-535
-294
-84
-16
-35
-147
56
259
452
535
812
912
1135
1362
1456
1554
1589
1736
1670
1726
1592
1657
1581
1527
1447
1500
1608
1669
1865
1825
1906
1944
1996
1845
1962
2034
1858
1678
1494
1340
1093
1197
1178
1189
1069
1073
875
596
133
-593
-1481
-2581
-3514
-4266
-4779
-5111
-5020
-4951
-4866
-4637
-4343
-4249
-4136
-4071
-4152
-4256
-4256
-4213
-4147
-4037
-3877
-3716
-3649
-3679
-3788
-3992
-4317
-4534
-4649
-4755
-4759
-4534
-4252
-3929
-3539
-3142
-2898
-2814
-2760
-2763
-2794
-2765
-2656
-2474
-2190
-1865
-1465
-1114
-764
-554
-407
-535
-692
-732
-695
-623
-342
147
525
1058
1359
1449
1398
1497
1498
1632
1837
1810
1715
1506
1193
1150
1053
848
681
739
219
-65
-15
-107
-73
170
497
427
1040
1331
1627
1759
2032
1942
1819
1409
307
-1171
-3144
-4913
-6714
-8345
-9821
-10469
-10658
-10597
-9955
-8930
-8049
-7100
-5955
-5104
-4220
-3265
-2594
-2164
-1429
-851
-560
-357
-360
-833
-1608
-2552
-3676
-4639
-5577
-6410
-6920
-6996
-6818
-6214
-5344
-4450
-3479
-2500
-1654
-852
22
735
1318
1839
2300
2635
2832
2730
2057
1178
346
-238
-550
-482
-200
386
1356
2542
3855
5185
6268
6839
7191
7370
7473
7539
7526
7431
7358
7239
7148
7121
7074
6991
6967
7074
7310
7809
8529
9222
9869
10354
10664
10823
10894
10873
10590
10096
9383
8732
8348
8190
8435
8532
8638
8426
8373
8172
7990
7750
7357
6994
6756
7022
7284
7740
8055
8434
8116
6728
4276
1192
-2194
-5647
-8183
-9207
-8963
-8118
-6965
-5646
-4261
-2719
-1484
-862
-593
-321
-177
-11
686
1853
2806
3194
3004
2387
1132
-741
-2974
-5243
-7361
-8943
-9622
-9369
-8333
-6823
-5243
-3988
-2969
-2169
-1657
-1414
-1213
-936
-600
-178
300
706
765
384
-430
-1578
-2896
-4140
-5168
-6068
-6508
-6244
-5498
-4394
-3209
-2314
-1794
-1463
-1246
-1043
-715
-397
-202
-36
136
180
94
-315
-1027
-1850
-2629
-3093
-3130
-2846
-2367
-1753
-942
-59
710
1352
1659
1653
1390
1273
1345
1553
2163
2662
2700
2659
2814
2634
2651
2752
2618
2303
1994
1979
2146
2824
3373
3632
3912
4001
3905
3955
3873
3800
4328
5369
5686
4762
3083
668
-2500
-5364
-7783
-10130
-11333
-10991
-10151
-8923
-6715
-4539
-3247
-2198
-1196
-548
103
945
1609
2245
2950
3362
3338
2811
1521
-616
-3355
-6154
-8272
-9318
-9463
-8873
-7625
-6055
-4406
-2741
-1228
-105
592
916
1065
1319
1728
2171
2403
2209
1610
691
-513
-1804
-2968
-3896
-4504
-4728
-4420
-3514
-2392
-1162
-78
669
1011
1119
1150
1101
1303
1564
1666
1613
1503
1155
641
-12
-761
-1382
-1708
-1580
-1021
-244
611
1364
1934
2331
2521
2486
2253
1955
1726
1740
1939
2177
2442
2488
2519
2461
2476
2656
2759
2747
2788
3141
3317
3433
3864
3550
2565
1942
1882
1866
2083
2647
3063
3033
3240
3681
4087
4569
4584
3951
2554
1208
276
-1511
-4274
-7500
-10458
-12000
-11608
-9655
-7789
-6424
-5475
-4866
-3887
-2294
-617
616
1133
983
882
1204
1749
1842
990
-954
-3867
-6816
-9053
-10088
-10129
-9731
-9154
-8256
-6907
-5206
-3366
-1890
-932
-474
-242
59
653
1320
1515
1077
83
-1201
-2481
-3549
-4447
-5164
-5621
-5606
-5109
-4184
-2921
-2089
-1443
-1152
-984
-478
136
870
1245
1481
1339
1132
972
710
291
-234
-830
-1253
-1028
-507
364
1082
1535
1771
1889
2041
2062
2106
2080
2041
2237
2691
3309
3806
4005
3848
3689
3600
3705
3891
4058
4349
4713
5194
5583
5726
5575
4484
3613
3078
2524
2928
3969
4665
4819
5533
5307
4984
5779
6181
5984
5771
5283
3436
2178
1305
-941
-3603
-7004
-9835
-10429
-8808
-6641
-4813
-3243
-2699
-2108
-1057
326
1799
3028
3115
2632
2541
2635
2809
2225
617
-2023
-4979
-7666
-9111
-8831
-7922
-6913
-5939
-4927
-3813
-2293
-844
131
803
1083
1232
1594
2224
2484
2027
798
-989
-2656
-3937
-4664
-4913
-4885
-4649
-4034
-3063
-2207
-1314
-746
-652
-704
-467
114
764
1283
1311
887
212
-387
-895
-1411
-1838
-2045
-2036
-1752
-1050
-170
462
639
589
676
588
813
1190
1351
1263
1100
1146
1049
1349
1749
2092
2102
2078
2218
2807
3224
3440
3707
3108
2678
3173
3682
3613
3778
3492
2924
2525
3249
3657
4197
4975
4718
4998
5543
5912
4813
3374
1726
-10
-1995
-4460
-7849
-10772
-10745
-9108
-6583
-4388
-2463
-2339
-2958
-2124
-459
1500
3303
4512
4077
3297
3101
2680
1264
-426
-2463
-5314
-7444
-7932
-7168
-6263
-5217
-4399
-4153
-3489
-2175
-788
306
1383
2112
2426
2721
2940
2472
1253
-310
-2112
-3538
-4289
-4431
-4248
-3884
-3442
-2993
-2393
-1677
-965
-478
-48
253
475
943
1324
1136
358
-325
-1128
-1757
-1663
-1390
-1280
-1089
-832
-711
-453
255
614
712
699
680
863
982
1123
1077
844
365
310
233
490
811
1331
1643
2122
2864
3319
3858
4064
4262
4143
4136
4014
3888
3471
3382
3034
2998
3133
3240
3468
3176
3422
3735
4815
5791
6634
6805
6276
5992
5067
4161
2905
2100
-239
-4125
-8873
-12604
-12236
-9277
-5264
-3247
-2442
-3073
-3551
-2584
-249
2718
4709
5460
4731
4401
4423
4235
2453
-317
-3406
-6458
-8112
-8108
-6749
-5710
-5177
-5247
-5207
-4119
-2223
-265
1305
2701
3562
4142
4518
4577
3650
1907
-126
-1986
-2963
-3244
-3235
-3468
-3702
-3903
-3806
-3211
-2093
-1076
-189
638
1326
2246
2839
2966
2169
1113
-140
-1175
-1278
-1038
-863
-802
-754
-897
-898
-363
49
310
745
1262
1631
2109
2637
2636
1975
1325
818
247
161
546
931
1164
1525
1972
2344
2909
3428
3581
3586
3686
3749
3879
3924
4078
3934
3603
3091
2519
2575
2621
3276
4078
4663
4288
4517
4967
4821
5459
5947
5652
4198
3815
2902
1384
-264
-3924
-9212
-13322
-12019
-8397
-4433
-1792
-1451
-3704
-5221
-3921
-1452
2009
4978
6078
4754
4156
4113
3214
1277
-1216
-4096
-6873
-7622
-6884
-5743
-5274
-5761
-7015
-7507
-6010
-3350
-540
1662
3137
3631
3788
3873
3604
2671
1156
-318
-1405
-1846
-2135
-2774
-3952
-5209
-5901
-5700
-4399
-2517
-673
480
795
960
1318
1760
1877
1745
1357
836
461
-62
-647
-1203
-1724
-2036
-2092
-1694
-1101
-397
-1
292
764
1123
1396
1712
1986
1798
1453
953
492
-38
-205
-212
-65
493
1259
1876
2205
2505
2526
2400
2727
3425
4173
4574
4482
3911
3262
2842
2462
2029
1993
2328
2276
2583
3096
3801
3985
4337
4658
4993
5955
6201
5388
4042
2939
2045
693
-1722
-5869
-10531
-11876
-9766
-5909
-3263
-2867
-4705
-7106
-6732
-3997
203
4055
5991
5287
3851
3268
2855
1736
364
-1394
-3444
-4604
-4899
-5029
-6004
-7455
-8970
-9269
-7331
-4251
-1387
381
1174
1324
1535
2404
3366
3675
3247
2370
1348
431
-557
-1914
-3610
-4989
-5528
-5123
-4035
-2987
-2872
-3238
-3150
-2220
-846
826
2034
2157
1920
1679
1438
826
441
67
-627
-855
-807
-1038
-1654
-1859
-1817
-1711
-771
349
1005
995
1014
880
720
990
1482
1401
1179
1012
651
458
348
414
460
1034
1545
2286
2906
3327
3610
3607
3508
3716
3867
3675
3420
3212
2863
2518
2418
2386
2811
3443
3412
3494
4030
4299
5276
5399
4725
3896
3729
2973
1938
2037
-352
-4658
-9255
-10598
-8468
-4344
-1618
-2731
-5672
-8201
-8111
-5270
-280
3794
5209
3777
2215
1824
2081
2194
1740
1069
-256
-1257
-2150
-3316
-5072
-7066
-8284
-7864
-5714
-3518
-2499
-2602
-3026
-3009
-1775
511
2589
3433
3066
2336
1684
1288
885
301
-578
-1426
-1916
-2235
-2702
-3423
-4097
-4367
-3791
-2712
-1735
-1171
-847
-912
-923
-555
140
947
1402
1303
923
580
48
-463
-708
-682
-645
-457
-581
-1015
-1289
-1390
-1125
-510
-3
242
350
375
408
668
810
839
959
1183
1623
2033
2415
2397
2129
2149
2587
2961
3346
3483
3074
2627
2688
2996
2897
3053
2623
2558
3176
4157
4235
3470
3161
3978
5320
5763
5871
4943
4284
4013
4134
3293
3081
2101
-2051
-7202
-9589
-7527
-4274
-1722
-2792
-6319
-9972
-10399
-7363
-2391
2266
3710
2095
-176
-13
1214
2506
3507
4134
3535
2218
905
-1075
-3415
-5312
-5792
-5084
-3656
-3208
-4668
-6839
-7835
-6903
-4373
-1067
1075
1249
325
-140
331
1434
2614
3180
2979
2118
1100
69
-930
-1746
-2203
-2117
-1999
-2230
-3052
-4077
-4525
-4077
-2968
-1676
-309
322
116
-205
-126
410
1215
2060
2313
2048
1432
633
64
-39
36
52
-143
-519
-974
-1648
-1705
-1447
-756
2
279
204
139
504
941
1969
2824
3110
3100
3161
3172
3259
3713
3795
3646
3873
4231
3937
3018
2692
2451
2467
3518
3800
3138
2028
2216
2817
3923
5086
4569
3617
3181
4105
4704
4566
3875
3089
2579
2412
1512
-1427
-5818
-7688
-5356
-2545
-1757
-3789
-7789
-11166
-10025
-5470
-1441
829
473
-2380
-3873
-1656
1270
2857
3883
3792
2098
972
662
-389
-1665
-1938
-1770
-1748
-1972
-3602
-6405
-7918
-7131
-5193
-3081
-1952
-2818
-4539
-4875
-3312
-955
1097
1919
1477
764
546
802
1225
1596
1543
1121
87
-1059
-1827
-2420
-2497
-1974
-1689
-2261
-2949
-3708
-3894
-2738
-1062
-122
153
74
-422
-425
573
1582
2160
2374
1918
1142
576
355
91
247
309
150
-354
-971
-1112
-864
-208
302
698
759
893
1298
2123
2714
3167
3627
3720
3950
4028
3771
3371
3871
4672
4942
4406
3498
2750
2562
3713
5054
4791
2972
1887
2289
3502
5069
5495
4250
3366
3311
3026
3115
3761
3404
2110
1092
-947
-4320
-5696
-3730
-1361
-1245
-3323
-6814
-9534
-8617
-5074
-1956
-776
-2009
-4854
-6009
-3709
-681
1193
2269
1994
373
-641
-373
2
387
1167
1441
604
-826
-2629
-4177
-4252
-3048
-2062
-2232
-3569
-5457
-6432
-5564
-3597
-2018
-1626
-2267
-3137
-3182
-2099
-510
809
1353
1074
356
-197
-378
-35
695
1092
762
-203
-1370
-2064
-1809
-1084
-587
-678
-1377
-2260
-2461
-1795
-793
-78
92
-223
-683
-623
-216
476
1132
1465
1349
935
482
461
918
1340
1740
1606
1063
467
400
839
1562
2125
1907
1374
1079
1337
2115
3144
3423
2971
2933
3035
3298
4020
4236
4089
4550
5219
4806
3834
3477
4047
4712
5222
4418
3429
3376
3899
3972
3313
3236
2890
2429
2036
2283
1335
105
-1161
-3234
-3712
-1513
-516
-3156
-5544
-7085
-7854
-6111
-3071
-2794
-4554
-5615
-6290
-5257
-2206
-447
-952
-915
-496
-687
153
1519
1485
1196
1900
1879
639
-251
-815
-1199
-733
-317
-1373
-3133
-4362
-4824
-4278
-3175
-2867
-3732
-4639
-4790
-4220
-3185
-2166
-1709
-1704
-1528
-1250
-925
-450
234
823
1074
772
-34
-362
11
737
1128
812
-220
-938
-840
-273
227
105
-641
-1412
-1342
-745
-245
-122
-240
-537
-673
-414
-216
-142
80
499
654
611
539
664
902
1413
2001
1999
1749
1679
1708
1914
2584
2948
2826
2845
3074
2975
2900
3402
3556
3343
3478
3446
3230
3447
3856
3989
3634
3041
3027
3645
3993
4093
3863
3756
4121
4132
3628
3355
3357
2882
2806
2689
1700
135
-1788
-3377
-2635
-598
-1319
-4450
-6697
-7673
-7304
-4899
-3196
-4415
-6248
-7000
-6562
-4507
-2226
-1892
-2361
-2024
-1971
-1914
-568
589
659
1083
1633
911
16
179
649
1114
1455
711
-927
-1922
-1994
-1720
-1383
-1629
-2810
-3981
-4323
-4111
-3716
-3410
-3519
-3905
-3911
-3718
-3512
-2853
-1874
-1281
-1159
-962
-839
-594
113
988
1415
1411
1150
856
1069
1607
1811
1463
935
372
120
290
567
286
-293
-547
-640
-714
-550
-398
-647
-738
-513
-346
-327
-46
324
501
1001
1484
1372
1428
2063
2472
2635
3066
3106
2945
3081
3595
3848
3687
3800
3688
3414
3278
3730
4191
4227
3824
3194
3129
3103
3489
4086
4143
3558
2938
2957
3032
3202
3274
3088
2647
1959
1799
1697
1466
653
-686
-1835
-1527
-382
-846
-2762
-4598
-5517
-5198
-3914
-3393
-4644
-6032
-6717
-6432
-5036
-3872
-4153
-4547
-3931
-3489
-3104
-2045
-1242
-972
-284
584
540
334
627
1093
1560
1750
1178
135
-328
-318
-261
-347
-959
-2000
-2731
-2802
-2783
-2868
-3044
-3504
-3902
-3891
-3636
-3357
-3090
-2702
-2453
-2497
-2438
-1959
-1356
-738
-181
-87
-184
-10
570
1158
1524
1574
1262
1064
1229
1512
1663
1607
1235
696
478
633
814
678
400
243
-71
-181
15
53
7
143
299
175
399
667
770
1126
1405
1664
1953
2390
2461
2721
3264
3675
4077
4250
4146
4023
4456
4667
4853
5396
5026
4054
3905
4169
4074
4337
4332
3331
2860
3340
3490
3166
2859
2503
2276
2501
2334
1709
1132
185
-1093
-1634
-976
-527
-1412
-3398
-5074
-5498
-4924
-4081
-3907
-4831
-6153
-6707
-6054
-4774
-3788
-3629
-3830
-3759
-3476
-3000
-2094
-1050
-509
-349
-254
-299
-336
112
945
1368
1070
340
-318
-497
-192
103
-76
-686
-1437
-1915
-1984
-1896
-1971
-2266
-2641
-2944
-3085
-3292
-3314
-2899
-2462
-2555
-2820
-2965
-2840
-2017
-1093
-874
-1201
-1302
-1018
-300
688
1083
705
458
676
991
1462
1860
1639
1161
1111
1225
1128
1129
1079
784
528
453
114
-221
-29
154
130
46
13
-191
-59
601
1013
928
1030
1360
1464
1958
2901
3080
3092
3461
3536
3506
4073
4627
4596
4581
4435
4057
4165
4541
4576
4337
4029
3555
3441
3902
3876
3528
3416
2985
2509
2608
2816
2169
1725
1680
1279
583
-458
-1980
-2642
-1292
-534
-2105
-4117
-5399
-5771
-4694
-3188
-3446
-5076
-6279
-6565
-5536
-3718
-3122
-3918
-4212
-3795
-3681
-3044
-1844
-1468
-1479
-932
-662
-1099
-1025
-228
538
1048
929
51
-622
-383
222
645
572
-291
-1319
-1581
-1256
-1081
-1293
-1858
-2602
-3019
-2983
-2896
-2899
-2955
-3049
-3190
-3187
-2908
-2505
-2068
-1788
-1652
-1505
-1222
-815
-252
355
594
555
582
847
1224
1610
1816
1642
1401
1257
1355
1525
1662
1487
1168
925
685
585
546
595
417
259
140
45
90
306
569
621
681
818
1126
1581
1898
2208
2458
2854
3243
3444
3797
4137
4233
4281
4670
4856
4515
4482
4470
4224
4271
4515
4301
3867
3943
3611
3439
3646
3323
2633
2745
2849
2097
1653
1539
698
-441
-1117
-1891
-2025
-1287
-1730
-3801
-5065
-5167
-5128
-4525
-3805
-4593
-6195
-6563
-5830
-4735
-3695
-3581
-4267
-4390
-3813
-3231
-2347
-1415
-1278
-1422
-970
-516
-414
12
732
1022
934
777
476
311
536
787
626
63
-693
-1276
-1343
-1134
-1178
-1648
-2284
-2820
-3053
-2892
-2699
-2868
-3200
-3241
-3116
-2944
-2672
-2347
-2155
-2006
-1777
-1568
-1294
-893
-378
75
390
461
420
677
1194
1654
1830
1794
1572
1350
1315
1551
1683
1552
1273
880
634
598
608
493
499
364
143
188
464
643
672
801
1016
1231
1510
1806
2074
2355
2597
2786
2945
3192
3371
3498
3742
4097
4191
4120
4032
4093
4107
4384
4541
4417
4062
3832
3929
3922
3876
3764
3562
3021
2444
2210
2150
2131
1888
1205
320
-614
-1578
-2100
-1403
-709
-1736
-3808
-5109
-5345
-4925
-4043
-3603
-4533
-6131
-6894
-6236
-4761
-3693
-3783
-4468
-4707
-4410
-3578
-2207
-1199
-1195
-1529
-1348
-813
-256
318
789
1027
982
721
452
479
708
832
795
537
-61
-836
-1219
-1012
-772
-1033
-1718
-2437
-2904
-2925
-2692
-2517
-2616
-3027
-3490
-3450
-2888
-2411
-2237
-2176
-2120
-1990
-1561
-959
-429
-86
24
96
374
775
1087
1331
1568
1606
1504
1444
1619
1790
1894
1816
1520
1151
991
1037
1049
1056
956
679
333
320
533
668
684
687
740
922
1170
1289
1400
1725
2147
2436
2714
2962
3073
3272
3672
4017
4071
4062
4113
4187
4248
4216
4133
3992
3920
3807
3681
3585
3565
3439
3195
2936
2551
2211
2093
2117
2003
1624
1106
420
-218
-845
-1451
-1704
-1562
-1728
-2801
-4077
-4864
-5044
-4789
-4306
-4187
-4780
-5714
-6241
-5883
-4775
-3777
-3516
-3828
-4210
-4190
-3505
-2362
-1401
-1014
-1177
-1496
-1454
-860
-51
480
671
608
355
175
275
552
781
810
605
191
-239
-528
-661
-711
-825
-1112
-1589
-2062
-2457
-2664
-2628
-2499
-2466
-2594
-2827
-2952
-2765
-2347
-1897
-1568
-1386
-1333
-1174
-832
-345
127
440
622
756
935
1129
1292
1433
1595
1693
1731
1662
1577
1443
1398
1459
1454
1341
1103
850
661
690
839
884
774
621
548
696
1028
1300
1360
1349
1422
1647
1995
2355
2600
2706
2748
2913
3222
3454
3542
3463
3427
3493
3741
3829
3710
3498
3299
3176
3209
3378
3401
3264
3014
2758
2436
2135
1872
1790
1752
1580
1226
870
374
-368
-1109
-1598
-1691
-1580
-1627
-2207
-3101
-3937
-4491
-4626
-4295
-3839
-3831
-4392
-5078
-5412
-5171
-4536
-3893
-3505
-3417
-3520
-3538
-3240
-2711
-2063
-1519
-1181
-986
-826
-673
-554
-350
-2
332
523
552
425
146
-93
-169
-148
-110
-192
-467
-884
-1286
-1560
-1694
-1659
-1587
-1643
-1863
-2171
-2343
-2321
-2155
-1948
-1826
-1792
-1762
-1641
-1437
-1161
-916
-668
-393
-115
149
367
578
783
998
1246
1472
1601
1659
1676
1683
1718
1757
1698
1584
1456
1341
1193
1110
1126
1109
1079
1073
960
798
794
925
1113
1341
1485
1474
1446
1475
1662
1918
2179
2337
2411
2457
2428
2434
2488
2580
2615
2675
2699
2667
2624
2474
2256
2084
2145
2214
2258
2248
2112
1849
1596
1503
1617
1748
1663
1379
1099
919
780
682
556
390
31
-459
-954
-1258
-1377
-1538
-1798
-2069
-2383
-2768
-3113
-3303
-3365
-3380
-3419
-3540
-3614
-3603
-3531
-3449
-3368
-3300
-3206
-3066
-2865
-2622
-2388
-2223
-2110
-1958
-1760
-1535
-1355
-1159
-986
-843
-712
-580
-448
-364
-308
-300
-336
-357
-339
-349
-433
-565
-697
-829
-973
-1096
-1193
-1270
-1349
-1369
-1331
-1284
-1262
-1227
-1203
-1126
-971
-729
-433
-157
26
91
148
218
359
630
982
1090
1092
1154
1235
1421
1402
1279
1082
1172
1391
1405
1436
1402
1237
1125
1022
1012
1132
1115
1114
1199
1261
1195
1100
970
1109
1397
1427
1357
1417
1467
1512
1625
1600
1598
1655
1708
1854
2083
2194
2091
1943
1818
1726
1726
1772
1973
2139
2096
1914
1644
1269
1006
1046
1234
1473
1603
1482
1218
979
802
720
708
760
841
845
798
685
512
283
56
-156
-333
-470
-597
-738
-981
-1291
-1578
-1870
-2198
-2439
-2603
-2772
-2940
-3088
-3216
-3325
-3386
-3416
-3425
-3386
-3257
-3054
-2834
-2616
-2403
-2207
-2017
-1802
-1532
-1301
-1176
-1087
-968
-847
-747
-615
-487
-445
-511
-682
-865
-924
-835
-739
-724
-776
-826
-882
-960
-1002
-994
-984
-919
-753
-620
-641
-751
-742
-593
-364
-173
-90
-18
-18
36
334
515
689
848
775
755
863
1141
1396
1288
1158
1184
1209
1180
1405
1395
1152
1149
915
763
1036
1176
937
979
1112
966
1029
1031
801
802
965
1274
1356
1442
1534
1371
1373
1530
1592
1452
1541
1660
1661
1863
1937
1820
1525
1164
1023
1238
1610
1616
1296
1118
938
848
1051
1239
1224
1075
1005
997
1068
1138
1062
983
1035
1099
999
849
703
561
470
415
355
273
111
-102
-278
-472
-689
-928
-1105
-1270
-1464
-1689
-1875
-2012
-2176
-2364
-2553
-2719
-2844
-2907
-2978
-2990
-2954
-2930
-2867
-2796
-2720
-2622
-2471
-2250
-2089
-2034
-2010
-1868
-1611
-1358
-1166
-1129
-1212
-1197
-934
-736
-684
-674
-738
-751
-574
-433
-471
-549
-629
-645
-648
-540
-385
-362
-396
-520
-430
-237
-251
-24
295
338
144
154
571
599
468
684
966
914
694
832
1066
998
949
1019
1032
1040
970
1082
1234
1098
1203
1184
1122
1259
1123
766
971
1425
1430
1261
938
757
761
1069
1224
1282
1325
900
658
659
801
1043
1300
1292
1007
775
866
1141
1288
1206
1029
896
934
1096
1269
1390
1335
1145
1052
1023
942
841
814
791
798
877
846
766
707
538
314
246
297
236
168
224
321
330
288
189
-33
-277
-498
-658
-644
-503
-472
-642
-873
-1067
-1235
-1416
-1595
-1692
-1728
-1796
-1886
-1918
-1898
-1920
-2000
-2093
-2244
-2346
-2363
-2327
-2224
-2099
-2068
-2094
-2109
-2036
-1948
-1896
-1803
-1695
-1617
-1520
-1360
-1290
-1195
-1038
-1065
-1029
-909
-698
-532
-558
-405
-249
-381
-360
-151
15
55
66
98
144
195
249
308
233
275
442
488
507
733
807
691
518
336
459
816
1033
1310
1296
893
640
566
848
1135
1259
1280
1131
1076
949
938
1018
952
1097
1251
1175
1059
972
1045
1159
1072
845
766
881
1107
992
870
1002
805
710
782
818
831
821
630
475
761
999
907
878
746
440
279
324
518
925
1123
845
524
435
273
291
302
281
335
304
75
3
-17
-240
-296
-190
-250
-338
-351
-516
-653
-596
-536
-656
-813
-837
-733
-687
-855
-959
-906
-880
-855
-917
-1031
-1103
-1098
-1054
-929
-768
-846
-1104
-1342
-1439
-1331
-1147
-1031
-976
-1032
-1121
-1244
-1313
-1251
-1235
-1149
-995
-940
-992
-1080
-966
-796
-854
-894
-798
-749
-684
-625
-541
-521
-577
-536
-517
-499
-447
-421
-403
-196
-105
-156
-196
-215
-199
85
143
102
368
230
-106
-24
302
478
493
393
392
584
704
745
670
634
546
799
1205
1088
1007
1064
843
764
847
897
1070
1176
1073
797
871
888
832
904
1088
1109
807
538
607
913
1066
893
707
680
457
555
760
779
838
689
582
554
460
367
460
580
560
585
371
87
185
294
239
212
186
178
67
-119
-108
-89
-285
-301
-364
-626
-569
-235
-163
-357
-539
-679
-853
-847
-671
-428
-401
-517
-564
-676
-854
-848
-870
-903
-830
-711
-727
-773
-699
-566
-676
-841
-851
-672
-504
-410
-515
-564
-501
-378
-340
-445
-297
-169
-390
-463
-272
-230
-239
-45
-63
-294
-235
-200
-474
-307
-64
-176
-76
-19
-294
-331
-373
-502
-258
37
-35
-129
-219
-359
-334
-377
-472
-232
97
177
-28
-110
-178
-431
-247
-53
11
308
304
252
381
190
-129
64
435
450
629
562
276
333
229
292
417
356
351
431
230
-50
-20
100
396
627
470
205
265
468
368
344
464
187
109
434
504
483
431
98
-73
134
195
-5
121
441
388
240
294
197
45
277
154
4
234
218
-153
25
210
18
-64
-212
-344
-156
-210
-254
-110
-75
-170
-123
-383
-564
-343
-218
-245
-122
-93
-276
-336
-165
-430
-692
-264
-65
-31
-32
-10
-155
-312
-382
-207
-114
-70
112
333
385
50
-172
-129
-264
-72
456
328
274
315
38
83
94
-49
130
191
-184
-62
230
-27
-35
399
291
-234
-261
-245
-217
419
380
-161
134
184
-60
60
105
-44
1
30
-137
-160
40
-17
-56
21
-20
-24
-283
-125
-103
-214
-66
55
-11
75
255
-54
-345
-317
-164
-104
-18
-80
-149
-282
-225
-162
-460
-449
-149
-148
-252
-252
-220
-148
101
127
-254
-561
-435
-476
-277
149
-30
-47
48
-179
-605
-648
-537
-390
-99
-106
114
148
136
-252
-618
-790
-410
128
112
-5
5
-260
-593
-240
117
47
-132
-228
-331
13
96
-235
-264
221
-16
-172
230
84
-226
-325
-592
-449
99
385
307
315
220
-312
-250
-340
-205
415
495
511
527
171
-182
332
413
199
312
332
477
806
877
473
228
133
19
123
643
957
669
494
346
88
29
237
356
433
591
766
661
721
518
-212
-63
506
580
711
1005
731
663
779
541
126
272
196
160
596
855
745
614
261
-38
-86
-208
-238
101
464
439
206
-96
66
86
-264
-454
-304
-181
-131
23
-30
227
408
-202
-809
-652
-528
-408
519
978
464
-287
-644
-1007
-621
96
-42
-296
67
208
-609
-904
-422
-167
-284
-212
-243
-756
-827
-429
48
445
-23
-464
-642
-963
-673
-256
9
145
153
151
-161
-472
-697
-615
-8
282
226
152
-484
-275
54
-108
-240
-43
-69
-274
31
264
138
297
115
-139
-208
-59
59
48
608
540
175
68
-7
-97
313
485
104
-18
116
232
348
322
46
169
164
126
342
567
180
67
316
102
55
108
237
428
325
49
263
-134
-232
-178
-103
395
492
361
-53
1
230
160
147
59
-76
160
-90
99
602
398
242
134
-440
-868
-346
120
104
-143
-199
88
116
-420
-781
-704
-594
-493
-145
39
-104
-403
-779
-736
-396
-395
-689
-323
-43
-58
-257
-615
-465
-188
-411
-145
10
-452
-587
-772
-637
-180
-382
-783
-919
-706
-310
-195
-285
-468
-511
-431
-454
-588
-508
-233
62
-105
-103
-314
-464
-649
-364
310
53
-307
-173
-275
-262
339
348
-59
-345
-184
-35
-9
131
21
99
273
383
150
-108
-36
270
8
3
793
374
-14
22
128
500
449
287
444
420
196
203
436
557
500
626
526
477
674
118
-359
113
642
350
39
34
115
273
468
446
59
-56
199
317
108
303
364
112
690
1020
478
10
-358
-367
132
459
628
780
615
364
227
-335
-306
-108
-258
-317
106
754
615
339
-38
-642
-788
-266
-93
154
701
489
-180
-165
-141
-603
-676
-403
-111
-38
24
-260
-758
-749
-828
-882
-114
273
-282
-325
-328
-937
-879
-423
-372
-66
16
-527
-637
-470
-298
-314
-269
-201
-466
-657
-777
-343
14
-216
208
583
188
-363
-858
-855
-291
60
196
616
869
473
-182
-557
-703
-355
-45
199
662
984
532
-155
-199
-170
-575
-609
86
476
668
419
149
198
-186
-308
-183
-5
292
515
312
-177
-57
518
122
-256
267
191
-346
-182
-29
4
346
833
681
-237
-315
-66
-266
22
437
444
61
-97
151
198
-77
-22
108
44
180
77
-162
-467
-341
4
204
223
-42
-369
-807
-1010
-851
-313
192
128
-112
-237
-795
-1134
-877
-777
-445
286
-10
-490
-356
-296
-945
-1505
-876
-38
12
-310
-507
-572
-657
-1083
-1209
-739
-263
-128
-178
-168
-254
-557
-744
-853
-881
-474
-103
-262
-348
-36
-390
-1073
-859
-372
-326
-475
-306
-300
-255
87
348
85
-7
-147
-293
-229
-214
24
712
702
264
151
36
-460
-882
-362
141
573
817
758
394
-237
-412
-331
-440
114
775
673
542
746
590
-186
-485
-346
77
296
537
851
629
231
10
-144
-85
245
271
178
374
551
462
286
169
65
-20
-87
129
554
538
330
307
1
-124
193
490
570
486
463
457
368
199
416
269
-50
199
382
333
471
539
235
-157
-498
-747
-269
488
637
719
576
-134
-646
-698
-663
-250
151
414
376
88
-317
-931
-879
-729
-577
-121
180
-150
-484
-579
-705
-634
-255
-234
-647
-401
-10
-367
-416
-15
-376
-663
-154
156
46
349
194
-477
-481
-393
-368
82
707
877
367
-212
-646
-487
25
295
396
669
777
551
338
260
167
-114
-166
48
360
814
700
392
566
498
-16
-383
-205
194
396
573
587
692
633
-131
-356
-125
-141
136
300
245
277
399
279
28
146
197
-64
-21
535
877
777
546
281
166
179
322
555
678
472
209
-380
-536
186
908
983
485
-122
-479
-187
490
679
306
-213
-275
145
746
1204
974
150
-642
-1050
-531
362
748
776
874
496
-429
-697
-477
-397
-86
294
98
225
365
79
-325
-503
-547
-589
-369
-101
232
371
257
70
-237
-712
-1194
-1463
-798
552
903
468
-154
-823
-1341
-1713
-1702
-886
143
581
321
-252
-1078
-1975
-2330
-2070
-1384
-536
-6
34
-445
-968
-1546
-2133
-2153
-1665
-899
-204
135
-220
-774
-1275
-1866
-2050
-1580
-969
-776
-800
-929
-663
-597
-987
-1428
-1666
-1681
-1526
-1412
-1200
-715
-149
-379
-1160
-1324
-1427
-1860
-1678
-749
-212
-191
-331
-470
-952
-1620
-2001
-1629
-990
-309
-29
-215
-193
-424
-724
-864
-756
-411
-92
228
76
-284
-46
-29
-15
110
-379
-585
-419
-54
29
135
718
629
-5
-245
-362
-334
32
524
968
925
423
-126
-372
-198
18
283
595
679
626
301
-400
-854
-585
-418
-251
373
651
356
76
-282
-463
-335
-321
-122
95
505
978
1019
426
-161
-225
-668
-721
33
1032
1184
858
178
-241
27
102
430
1076
1192
718
550
555
853
1043
948
1064
1186
954
738
724
640
994
1508
1638
1755
1827
1416
1005
979
1323
1506
1921
2319
2233
2065
1913
1953
1960
1703
1889
2429
2630
2615
2534
2494
2677
3331
3556
2974
2475
2356
2218
2523
3575
4216
3890
3308
3071
3045
2968
2919
2851
3434
4135
4205
4058
3634
3413
3286
3209
3325
3689
4114
4073
3702
3692
3769
3380
3179
3458
3801
3605
3337
3448
3424
3428
3492
3206
2949
2919
2964
3073
3109
3330
3512
3116
2435
2424
2612
2601
2985
3133
3020
2892
2613
2414
2237
2416
2656
2514
2403
2574
2728
2572
2347
2384
2224
2159
2309
2505
2768
2793
2536
2309
2163
2082
2031
2003
2207
2686
2759
2415
2024
1529
1638
1972
2074
2455
2560
2088
1829
1681
1573
1794
1952
1605
1466
1746
1387
873
1012
1142
999
668
74
-274
-11
235
214
-4
-318
-614
-938
-921
-803
-963
-1258
-1663
-1923
-1722
-1575
-1877
-2234
-2467
-2524
-2404
-2362
-2600
-2811
-2738
-2790
-2823
-2703
-2856
-3237
-3422
-3353
-3453
-3522
-3541
-3903
-4197
-4374
-4741
-4861
-4610
-4220
-4184
-4611
-5166
-5563
-5618
-5559
-5537
-5368
-5157
-5116
-5437
-5739
-6061
-6346
-6247
-6022
-5689
-5341
-5395
-6107
-6450
-6333
-6312
-6264
-6122
-6075
-6031
-6082
-6465
-6769
-6750
-6568
-6544
-6491
-6406
-6476
-6778
-6912
-6718
-6486
-6361
-6530
-6906
-6746
-6374
-6364
-6507
-6599
-6621
-6439
-6115
-6018
-5945
-6087
-6389
-6482
-6292
-6006
-6020
-6164
-6175
-6181
-6228
-6252
-6331
-6477
-6402
-6406
-6558
-6675
-6438
-6007
-5861
-5781
-5995
-6323
-6208
-6036
-5930
-5606
-5263
-5299
-5484
-5439
-5319
-5292
-5279
-5098
-4851
-4516
-4347
-4587
-4677
-4490
-4281
-4097
-3770
-3481
-3425
-3672
-3703
-3343
-2952
-2512
-2253
-2124
-1975
-1919
-1952
-1800
-1489
-1126
-769
-459
-114
302
529
531
406
680
1253
1608
1971
2453
2817
2805
2823
3084
3191
3320
3442
3309
3502
4284
4803
4836
4844
4570
4237
4283
4601
5101
5606
5776
5551
5426
5437
5452
5383
5492
5845
6168
6069
5682
5576
5713
5701
5851
6161
6414
6557
6124
5419
5318
5711
6100
6330
6590
6513
6073
5712
5604
5742
5744
5798
5936
5788
5898
6028
5569
5142
5037
5157
5325
5496
5444
5266
5115
4833
4581
4657
4794
4793
4931
4842
4850
4679
4154
3951
4249
4373
4101
3965
3994
4006
4019
4038
3818
3496
3301
3372
3426
3382
3291
3320
3426
3239
3135
3015
2753
2474
2200
2333
2613
2627
2508
2319
2166
2109
1873
1460
1381
1482
1333
1169
1325
1497
1364
898
282
-3
-114
-246
-189
267
630
346
-145
-382
-610
-1030
-1134
-831
-476
-99
-142
-678
-1114
-1293
-1390
-1450
-1294
-937
-843
-943
-1082
-1342
-1741
-1880
-1812
-1624
-1186
-852
-1077
-1667
-2128
-2242
-2041
-1883
-1775
-1739
-1776
-1857
-1745
-1688
-1721
-1914
-2265
-2360
-2036
-1582
-1443
-1537
-1683
-2012
-2370
-2554
-2550
-2466
-2277
-2258
-2407
-2515
-2563
-2906
-3348
-3330
-3051
-2941
-2846
-2689
-2949
-3263
-3335
-3473
-3545
-3324
-3257
-3452
-3466
-3377
-3500
-3706
-3920
-4037
-4093
-4099
-3971
-3925
-4046
-4239
-4449
-4624
-4772
-4871
-4875
-4906
-5065
-5151
-5075
-5067
-5019
-5189
-5616
-5873
-5938
-5814
-5464
-4977
-4888
-5283
-5750
-6061
-6253
-6239
-5956
-5600
-5279
-5096
-5138
-5455
-5907
-6179
-6089
-5616
-4885
-4420
-4479
-4548
-4476
-4505
-4573
-4362
-4028
-3737
-3316
-2761
-2410
-2345
-2409
-2449
-2374
-2034
-1546
-990
-503
-200
-150
-269
-181
226
578
911
1248
1468
1678
1866
2029
2171
2443
2617
2792
3087
3338
3466
3652
3824
3937
4299
4661
4853
5019
5177
5328
5532
5699
5876
5957
5807
5901
6319
6661
6987
7202
7077
6891
6882
6898
7018
7498
8067
8421
8429
8259
8047
7858
7885
8218
8527
8698
8928
9119
9078
9048
9117
8942
8873
9182
9580
9905
10180
10371
10363
10125
9798
9654
9737
10156
10577
10738
10791
10623
10320
9901
9646
9771
10114
10427
10465
10363
10264
10020
9696
9681
9709
9529
9429
9356
9303
9281
9219
8863
8479
8131
7843
7763
7830
7939
7958
7857
7569
7188
6799
6514
6454
6639
6831
6828
6628
6159
5561
5062
4749
4549
4491
4590
4599
4527
4218
3614
3077
2594
2271
2128
2101
2038
1954
1772
1408
897
459
92
-311
-530
-524
-587
-853
-1041
-1193
-1595
-2056
-2424
-3075
-3634
-3626
-3515
-3519
-3527
-3799
-4368
-5063
-5743
-6115
-6211
-6189
-5961
-5872
-5960
-6219
-6851
-7719
-8228
-8251
-8021
-7879
-7934
-7942
-8201
-8836
-9335
-9388
-9499
-9695
-9625
-9515
-9462
-9365
-9429
-9753
-9917
-9851
-9938
-10002
-9870
-9660
-9478
-9377
-9288
-9408
-9659
-9881
-9954
-9891
-9596
-9225
-9144
-9323
-9312
-9244
-9284
-9107
-8809
-8562
-8326
-8190
-8262
-8305
-8121
-7867
-7669
-7456
-7322
-7328
-7431
-7371
-7151
-6986
-6865
-6870
-6833
-6621
-6337
-6218
-6399
-6550
-6504
-6451
-6334
-5909
-5569
-5562
-5679
-5784
-5718
-5429
-5183
-5152
-4930
-4591
-4415
-4334
-4211
-4119
-4089
-3976
-3799
-3458
-3055
-2847
-2788
-2709
-2647
-2663
-2643
-2485
-2141
-1833
-1760
-1805
-1805
-1798
-1731
-1590
-1434
-1197
-1121
-1113
-1050
-956
-790
-614
-581
-576
-507
-415
-417
-444
-358
-155
11
-54
-46
-61
-92
-100
24
235
417
564
451
337
332
378
463
568
830
1031
1017
929
1001
1084
1132
1193
1186
1230
1290
1269
1261
1325
1400
1517
1453
1330
1386
1441
1528
1639
1753
1902
2005
1965
1923
1983
2011
1971
2043
2223
2447
2568
2538
2445
2340
2257
2213
2347
2558
2657
2573
2408
2349
2354
2347
2440
2513
2509
2491
2425
2390
2434
2479
2503
2539
2596
2570
2581
2631
2605
2581
2597
2609
2539
2503
2495
2511
2485
2478
2457
2396
2341
2198
2040
2026
2054
1966
1829
1733
1644
1580
1561
1519
1508
1467
1382
1352
1390
1434
1474
1471
1418
1375
1465
1608
1651
1573
1429
1251
1172
1280
1483
1665
1658
1542
1384
1322
1296
1312
1348
1462
1644
1782
1824
1810
1673
1501
1438
1506
1703
1898
2044
2142
2203
2129
2007
1937
1905
1899
1977
2201
2431
2527
2519
2438
2283
2141
2058
2075
2252
2472
2559
2531
2458
2278
2020
1848
1759
1726
1828
2026
2148
2203
2052
1647
1343
1229
1292
1502
1718
1826
1798
1675
1440
1181
1033
1021
1150
1353
1553
1762
1796
1637
1453
1357
1429
1589
1835
2125
2303
2357
2297
2196
2159
2255
2429
2634
2890
3117
3166
3107
3055
3089
3225
3440
3634
3768
3833
3863
3821
3791
3899
3957
3986
4137
4329
4377
4299
4222
4130
4110
4171
4211
4213
4269
4340
4325
4229
4072
3880
3659
3521
3496
3523
3608
3702
3688
3443
3126
2867
2577
2437
2489
2590
2650
2612
2487
2228
1902
1568
1306
1214
1218
1251
1304
1251
1050
759
438
153
6
-32
-51
-41
-55
-172
-362
-601
-909
-1175
-1348
-1433
-1419
-1354
-1340
-1414
-1597
-1811
-2026
-2181
-2228
-2216
-2155
-2144
-2219
-2328
-2429
-2572
-2774
-2912
-2963
-2967
-2920
-2868
-2880
-3061
-3242
-3334
-3413
-3466
-3495
-3550
-3594
-3543
-3486
-3496
-3540
-3627
-3739
-3820
-3820
-3747
-3625
-3525
-3494
-3450
-3430
-3487
-3571
-3625
-3701
-3698
-3590
-3473
-3393
-3331
-3358
-3491
-3583
-3606
-3527
-3391
-3279
-3193
-3153
-3114
-3102
-3144
-3173
-3190
-3191
-3135
-3040
-2958
-2908
-2928
-3017
-3088
-3079
-3060
-3035
-2959
-2878
-2844
-2819
-2825
-2874
-2884
-2870
-2849
-2782
-2685
-2618
-2598
-2648
-2693
-2738
-2742
-2688
-2650
-2594
-2528
-2488
-2483
-2488
-2487
-2517
-2545
-2540
-2484
-2399
-2347
-2345
-2356
-2377
-2414
-2453
-2507
-2467
-2356
-2284
-2249
-2228
-2198
-2188
-2186
-2155
-2119
-2098
-2054
-2014
-1969
-1881
-1810
-1819
-1838
-1833
-1835
-1832
-1738
-1595
-1518
-1480
-1460
-1456
-1414
-1324
-1267
-1195
-1090
-1004
-917
-832
-768
-736
-673
-601
-541
-448
-357
-294
-229
-163
-101
-63
8
93
201
321
418
472
495
545
628
724
837
956
1073
1155
1242
1308
1346
1407
1516
1631
1735
1836
1939
2027
2079
2123
2144
2174
2233
2358
2510
2638
2724
2746
2717
2664
2653
2692
2757
2865
2956
2972
2939
2888
2844
2828
2823
2831
2862
2868
2834
2813
2816
2827
2841
2841
2829
2787
2740
2741
2746
2767
2787
2783
2747
2686
2640
2581
2533
2503
2507
2538
2519
2473
2400
2295
2215
2176
2183
2189
2162
2132
2065
1971
1889
1845
1826
1827
1835
1815
1781
1713
1639
1573
1551
1558
1559
1558
1541
1487
1424
1366
1315
1272
1226
1183
1158
1129
1088
1038
979
915
838
769
703
661
640
608
577
487
403
334
276
228
194
158
96
12
-84
-132
-153
-178
-218
-281
-352
-428
-507
-544
-565
-583
-608
-655
-717
-754
-811
-852
-872
-864
-836
-839
-818
-837
-861
-896
-907
-911
-912
-912
-916
-957
-967
-961
-996
-996
-995
-990
-971
-952
-949
-949
-955
-952
-939
-930
-924
-904
-902
-906
-887
-880
-871
-866
-836
-793
-789
-750
-716
-676
-620
-594
-567
-523
-477
-457
-441
-408
-364
-334
-303
-268
-238
-227
-223
-202
-154
-100
-27
28
59
67
56
63
75
117
164
234
285
296
312
304
267
257
268
286
325
363
397
419
411
368
339
350
390
441
479
507
506
488
469
439
420
438
450
429
414
413
390
371
371
388
407
413
404
377
356
331
297
285
268
253
233
209
180
151
142
124
85
51
12
-42
-75
-112
-138
-181
-206
-218
-225
-232
-262
-284
-292
-326
-375
-381
-396
-407
-419
-452
-486
-512
-528
-536
-522
-515
-521
-548
-575
-593
-592
-589
-574
-566
-565
-543
-543
-546
-548
-562
-568
-577
-588
-574
-572
-580
-590
-626
-638
-646
-644
-629
-614
-609
-582
-541
-531
-529
-530
-522
-507
-485
-471
-453
-435
-425
-421
-414
-443
-447
-434
-449
-436
-418
-408
-401
-396
-429
-456
-452
-436
-411
-392
-383
-386
-410
-419
-424
-432
-409
-400
-404
-413
-402
-400
-406
-415
-435
-438
-420
-397
-385
-360
-362
-359
-363
-375
-374
-372
-357
-343
-353
-371
-385
-432
-494
-514
-531
-528
-505
-494
-491
-509
-537
-566
-581
-583
-570
-556
-547
-564
-592
-617
-647
-670
-667
-664
-669
-666
-678
-713
-724
-731
-745
-758
-761
-791
-798
-799
-815
-839
-866
-870
-882
-911
-929
-945
-964
-960
-960
-969
-997
-1006
-1022
-1036
-1047
-1066
-1071
-1080
-1082
-1061
-1046
-1031
-1024
-1017
-1021
-1016
-1011
-983
-967
-971
-958
-942
-908
-891
-874
-860
-840
-813
-787
-749
-714
-669
-631
-603
-565
-517
-487
-454
-429
-400
-355
-328
-313
-302
-298
-299
-287
-275
-259
-239
-210
-182
-163
-146
-142
-134
-128
-128
-104
-85
-88
-93
-106
-117
-125
-121
-117
-111
-113
-120
-128
-126
-126
-127
-110
-121
-118
-106
-117
-130
-145
-189
-227
-238
-234
-222
-239
-272
-276
-280
-302
-312
-331
-338
-330
-333
-343
-371
-398
-410
-402
-405
-428
-425
-430
-445
-449
-461
-494
-494
-494
-499
-504
-510
-510
-518
-503
-513
-511
-500
-516
-505
-491
-479
-454
-442
-441
-442
-430
-416
-393
-376
-363
-331
-292
-270
-248
-229
-215
-200
-192
-180
-148
-113
-95
-80
-57
-47
-30
-3
13
57
87
129
190
221
243
257
281
310
348
400
434
481
503
528
540
571
617
643
691
730
760
787
815
828
830
846
871
905
943
989
1007
1025
1036
1044
1069
1092
1129
1173
1224
1249
1267
1283
1300
1312
1313
1298
1319
1343
1362
1375
1350
1323
1311
1304
1298
1309
1303
1285
1242
1201
1173
1152
1151
1133
1104
1087
1076
1066
1043
1008
970
946
921
897
858
830
802
777
740
714
676
634
612
573
545
519
484
461
427
386
337
275
245
221
186
159
135
99
77
31
1
-12
-24
-62
-96
-135
-189
-227
-254
-282
-301
-310
-345
-377
-408
-426
-449
-460
-475
-502
-522
-530
-528
-535
-543
-568
-580
-586
-578
-589
-610
-626
-632
-617
-604
-590
-563
-532
-537
-540
-535
-540
-537
-522
-515
-495
-505
-503
-488
-491
-491
-495
-500
-505
-496
-475
-475
-470
-449
-452
-426
-399
-386
-389
-382
-376
-368
-369
-364
-361
-373
-377
-366
-343
-317
-296
-289
-275
-248
-223
-214
-215
-198
-183
-158
-127
-114
-108
-101
-94
-69
-27
8
10
33
52
68
93
111
145
160
179
179
186
209
219
236
238
227
233
245
246
256
262
255
236
211
196
202
210
229
235
219
220
220
208
195
191
181
176
194
194
159
115
91
62
52
50
34
29
9
5
19
27
-7
-34
-51
-75
-62
-34
-21
-34
-57
-73
-98
-103
-93
-94
-107
-113
-106
-111
-111
-112
-117
-112
-113
-119
-95
-91
-82
-72
-76
-77
-81
-66
-67
-45
-39
-56
-58
-68
-71
-53
-27
-6
8
33
53
69
87
88
77
92
92
102
117
136
149
159
163
129
115
112
120
140
148
139
136
142
140
138
134
115
104
114
104
111
122
117
94
80
52
38
42
21
9
-12
-31
-48
-70
-73
-87
-100
-119
-121
-124
-133
-147
-170
-197
-224
-242
-259
-251
-247
-256
-263
-281
-300
-326
-333
-337
-333
-304
-293
-285
-269
-274
-283
-290
-298
-286
-276
-256
-244
-246
-233
-229
-226
-219
-207
-197
-179
-155
-143
-127
-118
-112
-101
-79
-41
-15
12
13
23
30
44
66
75
98
109
124
137
147
146
151
156
182
206
