1.00000000000000000000e+000
0.00000000000000000000e+000
0.00000000000000000000e+000
0.00000000000000000000e+000
0.00000000000000000000e+000
8.23833200998345010000e-001
1.76166799001654940000e-001
0.00000000000000000000e+000
0.00000000000000000000e+000
0.00000000000000000000e+000
0.00000000000000000000e+000
7.83790950564504100000e-001
2.16209049435495960000e-001
0.00000000000000000000e+000
0.00000000000000000000e+000
0.00000000000000000000e+000
0.00000000000000000000e+000
8.44398220038625750000e-001
1.55601779961374090000e-001
0.00000000000000000000e+000
0.00000000000000000000e+000
0.00000000000000000000e+000
0.00000000000000000000e+000
8.49322907153847950000e-001
1.50677092846152240000e-001
0.00000000000000000000e+000
0.00000000000000000000e+000
0.00000000000000000000e+000
0.00000000000000000000e+000
1.00000000000000000000e+000
2.74152348291114210000e-004
3.14187602869436460000e-002
9.00000000000000360000e-080
7.60416039042704730000e-008
1.10797112075545850000e-032
1.00000000000000030000e-079
4.72683857880652340000e-002
1.00000000000000030000e-079
9.50000000000000330000e-080
1.57988339446048300000e-002
5.43391201015281520000e-005
4.09170036539534420000e-024
8.24451527498237110000e-003
3.28716834642426290000e-002
3.74999048843292420000e-002
1.00000000000000030000e-079
5.30363351117651290000e-002
1.66677180770724510000e-002
8.99699232481487170000e-002
1.24999928495247180000e-002
1.09229927794039590000e-001
1.83196178302134810000e-002
5.91211656998426390000e-002
1.73979441067482680000e-002
6.99129005550516570000e-002
4.76181440766620740000e-002
5.01387976458769410000e-002
2.02265336971096040000e-002
9.96977851389591330000e-002
2.08333333291967420000e-002
1.12974713857109640000e-001
2.89245158295146460000e-002
4.13357192782886980000e-002
5.82164632648621630000e-002
4.65983229515312420000e-003
1.32760442351370290000e-003
5.25169722471643630000e-015
1.00000000000000030000e-079
4.77609475294648660000e-002
1.00000000000000030000e-079
9.50000000000000330000e-080
2.22951770626632140000e-002
2.10668447515056490000e-003
3.86777973457117490000e-012
6.08044187176913570000e-002
8.28401914454893750000e-002
2.84597926000200360000e-008
1.00000000000000030000e-079
1.24171419392353120000e-002
2.70897216882043590000e-002
1.74431395435307100000e-002
1.85270048606000210000e-002
1.16752742979652300000e-001
7.09199143099330800000e-002
2.32803159960969890000e-002
1.45792923202256690000e-003
4.55725325659618180000e-002
5.49422817705796230000e-002
5.69645567905001790000e-002
8.37370706076587670000e-002
1.15019009143947720000e-001
1.00000000000000030000e-079
1.72420795024357250000e-002
1.72874921136982190000e-002
5.70698918621800280000e-003
1.04596550007415180000e-002
2.66732023651002480000e-004
4.76265177926415900000e-003
1.26124048572362870000e-008
1.00000000000000030000e-079
7.72095599428904680000e-003
1.00000000000000030000e-079
2.14432529651657850000e-069
4.29871054609753140000e-017
5.97476162669048190000e-003
1.05017186846812400000e-005
4.09308875027208640000e-002
6.45088536647027700000e-002
1.96693382929988470000e-022
9.50000000000000330000e-080
5.10357657717317310000e-002
6.86172046595706350000e-002
2.06977237826058220000e-002
5.56518839116692860000e-006
7.46190135000615320000e-002
9.46090643974957510000e-002
1.03088748944247550000e-001
3.06273915491192750000e-002
1.40135812941724670000e-001
2.60751665237519590000e-002
1.01400007892166880000e-001
1.65517551677960800000e-002
5.68037729233025060000e-002
1.00000000000000030000e-079
6.63165663066669210000e-002
9.07443934200003080000e-003
8.74295546881677720000e-003
4.02811072458488660000e-002
5.07482501987552950000e-049
2.07168576812613010000e-009
1.79280633162123770000e-002
1.00000000000000030000e-079
4.17647966075072740000e-002
1.00000000000000030000e-079
4.72486564332055040000e-046
3.56883551935988220000e-002
8.95255306774922350000e-002
9.96403158819885410000e-003
6.46469044414551270000e-002
3.81101619038566810000e-002
2.56404850588905120000e-002
3.74111545867814520000e-002
4.08072882672469920000e-002
5.67465290446870910000e-002
4.50423987553751330000e-003
7.43816415164435560000e-003
4.27497554474559060000e-002
8.41622206845898110000e-002
2.21515741539405200000e-002
2.00318990153450710000e-002
4.84218050746047650000e-002
2.63309942639433430000e-002
6.47279982293727520000e-002
4.63140240043317870000e-002
2.89226812372642210000e-002
2.41702845890248080000e-002
6.63055835541863370000e-002
6.51141024647996880000e-003
5.23864810052904330000e-002
4.74683749787532460000e-002
1.32479170368120180000e-002
1.95631258657078320000e-002
1.49527172784430560000e-002
1.00000000000000030000e-079
1.94267183969054450000e-002
1.00000000000000030000e-079
1.47341964201711290000e-002
5.45074600058372690000e-002
1.49645236357741730000e-002
1.91908384067820160000e-002
1.44435877934166850000e-001
8.51427822713944070000e-002
3.83655187235199950000e-002
4.54495989296262950000e-003
1.12260105524811290000e-001
2.93584334592448920000e-002
4.11531735102087380000e-002
3.18475014753134420000e-002
6.27229119365671220000e-002
2.93296797595893780000e-002
4.02833597333569420000e-002
2.93898807423729080000e-003
3.40907104396467530000e-002
2.59746893571591760000e-002
9.01792297266980170000e-003
2.31346601100115780000e-002
3.88278654685852730000e-003
1.00000000000000030000e-079
4.87639037491796430000e-003
6.19719487288658990000e-003
