1.00000000000000000000e+000
0.00000000000000000000e+000
0.00000000000000000000e+000
0.00000000000000000000e+000
0.00000000000000000000e+000
8.86474914936714260000e-001
1.13525085063285760000e-001
0.00000000000000000000e+000
0.00000000000000000000e+000
0.00000000000000000000e+000
0.00000000000000000000e+000
7.93587690649908420000e-001
2.06412309350091580000e-001
0.00000000000000000000e+000
0.00000000000000000000e+000
0.00000000000000000000e+000
0.00000000000000000000e+000
6.49200570264869440000e-001
3.50799429735130560000e-001
0.00000000000000000000e+000
0.00000000000000000000e+000
0.00000000000000000000e+000
0.00000000000000000000e+000
8.73652350285641030000e-001
1.26347649714359130000e-001
0.00000000000000000000e+000
0.00000000000000000000e+000
0.00000000000000000000e+000
0.00000000000000000000e+000
1.00000000000000000000e+000
8.60893004944787600000e-001
4.61946748568558000000e-002
3.87092435833515030000e-002
1.13437656876474050000e-002
9.50000000000000330000e-080
1.00000000000000030000e-079
1.31983056519329190000e-015
1.00000000000000030000e-079
7.14291014004829730000e-003
3.80856555069185160000e-027
9.31440212879221270000e-037
1.00000000000000030000e-079
3.09365757691589760000e-008
9.50000000000000330000e-080
1.00000000000000030000e-079
1.00000000000000030000e-079
9.50000000102736080000e-080
2.89993159378675550000e-010
1.00000000000000030000e-079
1.00000000000000030000e-079
9.50000000000000330000e-080
2.34428421784772360000e-022
1.00000000000000030000e-079
1.00000000000000030000e-079
3.57163695607391540000e-002
5.43394326188438540000e-046
1.94580958991251130000e-046
1.00000000000000030000e-079
1.00000000000000030000e-079
1.00000000000000030000e-079
1.00000000000000030000e-079
1.00000000000000030000e-079
7.67960860128202310000e-001
1.70400048831924650000e-002
2.30000635291924050000e-003
1.37864546779358950000e-002
2.82940747552083480000e-005
1.00000000000000030000e-079
6.72635913104264130000e-009
1.00000000000000030000e-079
9.00000000000000360000e-080
4.72902527199535490000e-016
9.48423339323493200000e-023
1.00000000000000030000e-079
3.95503660733912720000e-005
9.60397780191848400000e-080
1.00000000000000030000e-079
1.00000000000000030000e-079
5.07274151163327460000e-004
4.79356815123126450000e-002
1.00000000000000030000e-079
1.00000000000000030000e-079
6.66666666666666240000e-002
3.33333333333332430000e-002
1.00000000000000030000e-079
1.00000000000000030000e-079
4.00310276475023830000e-004
1.55685061097733910000e-006
5.00000000000000030000e-002
1.00000000000000030000e-079
1.00000000000000030000e-079
1.00000000000000030000e-079
1.00000000000000030000e-079
1.00000000000000030000e-079
2.70467405483515170000e-001
1.89631023693457020000e-001
4.16681010672611230000e-003
1.00732171409040700000e-002
9.08316871681710690000e-002
1.00000000000000030000e-079
2.35445444325308240000e-002
1.00000000000000030000e-079
2.63163331632077610000e-002
2.19942288757258770000e-009
4.72924675331446850000e-014
1.00000000000000030000e-079
3.03645017425551100000e-002
4.79578624907772830000e-054
1.00000000000000030000e-079
1.00000000000000030000e-079
1.06843021716298340000e-001
1.99453530493514520000e-002
1.00000000000000030000e-079
1.00000000000000030000e-079
1.51698263506797430000e-002
7.19296933483336030000e-003
1.00000000000000030000e-079
1.00000000000000030000e-079
1.06042772292139540000e-001
2.50579106665852550000e-002
7.43526214595750110000e-002
1.00000000000000030000e-079
9.50000000000000330000e-080
1.00000000000000030000e-079
1.00000000000000030000e-079
1.00000000000000030000e-079
3.43896171038563100000e-002
2.68567197889656550000e-001
1.09363046645505340000e-001
1.18010636241878170000e-001
3.93582702969709230000e-003
1.00000000000000030000e-079
4.71977807704730410000e-002
1.00000000000000030000e-079
4.19666440611424150000e-002
1.03170436879307810000e-004
6.61345241181793970000e-008
1.00000000000000030000e-079
3.16368435126012380000e-003
8.73114667848254730000e-034
1.00000000000000030000e-079
1.00000000000000030000e-079
9.00000000000000360000e-080
7.89320694087289890000e-002
1.00000000000000030000e-079
1.00000000000000030000e-079
6.12402404977445830000e-002
4.05659816389517950000e-002
1.00000000000000030000e-079
1.00000000000000030000e-079
1.46472236814489090000e-001
9.34616238425230090000e-011
4.28317607921450200000e-002
1.00000000000000030000e-079
3.26004008960646770000e-003
1.00000000000000030000e-079
1.00000000000000030000e-079
1.00000000000000030000e-079
6.75168377357331650000e-002
8.96667904724374460000e-002
3.09248475468408950000e-001
8.28206348708746820000e-002
3.98131775415648360000e-003
1.00000000000000030000e-079
5.02587191613795840000e-002
1.00000000000000030000e-079
1.63588736523728380000e-001
1.07683125349918610000e-001
1.74926435478223660000e-002
1.00000000000000030000e-079
3.99227875863837210000e-002
5.96036457206985770000e-003
1.00000000000000030000e-079
1.00000000000000030000e-079
4.70988547793593520000e-003
1.58832877082735570000e-002
1.00000000000000030000e-079
1.00000000000000030000e-079
1.27402754158004950000e-002
3.03692580508268520000e-003
1.00000000000000030000e-079
1.00000000000000030000e-079
2.38114233556383300000e-002
8.72824769305797900000e-004
8.04944425049705110000e-004
1.00000000000000030000e-079
9.50000000000017560000e-080
1.00000000000000030000e-079
1.00000000000000030000e-079
1.00000000000000030000e-079
