-15
-16
-17
-17
-10
-4
-2
-13
-16
-7
-8
-3
-3
-2
-1
-2
-1
9
0
-19
-14
3
-8
-20
3
-27
-31
21
19
-31
3
15
-20
-20
11
-21
-47
-18
-21
-32
3
1
-27
0
19
3
11
16
-3
-15
-5
-2
-9
-23
-25
-15
-30
-36
-27
-37
-52
-40
-33
-41
-25
-23
-41
-40
-25
-34
-42
-41
-54
-59
-44
-27
-29
-17
-6
0
5
-8
-5
-14
-19
-7
6
15
-7
-28
-54
-55
-53
-61
-51
-42
-26
-12
15
27
37
43
48
54
43
33
13
-3
-12
-23
-47
-75
-105
-116
-123
-100
-56
-23
28
61
69
73
49
4
-72
-105
-143
-119
-109
-78
-25
19
50
40
97
-37
31
-228
-70
-598
-193
-8063
-16574
-15449
-11980
-11016
-3425
1626
2263
8079
10132
8796
9279
4578
-3192
-2970
-1029
-2573
-2365
-3476
-6924
-7168
-4813
-5520
-5855
-5314
-6428
-3119
3896
4178
1418
1727
-1189
-3540
-2089
-4174
-7779
-6684
-7032
-5511
13
1005
-1379
9
890
556
2896
3155
1431
3018
4310
4126
6136
5756
1927
1227
1640
153
646
1189
302
2197
4723
5621
6716
7132
5396
4819
5323
4772
3421
2183
1005
-74
1147
2068
1811
2351
2464
1985
3929
4767
4450
4722
4354
4676
5910
6432
6067
6224
4774
4426
5258
4799
4752
3923
2798
3301
6147
4894
4739
5996
5723
6276
7629
7722
5979
5341
4029
4809
4528
4397
2986
2652
3513
3480
2946
3282
1684
236
1833
2804
3359
4798
4785
5171
6833
6550
4967
3882
1402
-1028
-2071
-2723
-3963
-4188
-4087
-3929
-2695
-1527
-2332
-3887
-5407
-7355
-7940
-7960
-9254
-9745
-8522
-8224
-7614
-6189
-6544
-8433
-9844
-10788
-11628
-11863
-16369
-21833
-25348
-25877
-25537
-24118
-22757
-21740
-18827
-15252
-11367
-8834
-7681
-8319
-7316
-5005
-3850
-3648
-4550
-6183
-6695
-6904
-6953
-7151
-7153
-6674
-4476
-873
1696
3362
3156
4021
5657
6782
7312
7616
6623
5761
6265
6747
6582
5816
4828
5433
7467
9728
10942
12135
13081
13599
15560
16348
15270
14335
13004
12400
13237
13912
14249
16092
17091
17382
19289
20452
21510
22806
23793
24023
24598
24321
21609
19714
17347
14602
11232
5536
-4223
-12191
-15886
-20880
-24627
-22641
-17700
-14272
-9325
-2019
4364
6259
4796
4685
5300
2635
-1340
-2621
-4088
-7927
-10971
-12396
-14771
-18983
-23081
-24318
-22124
-19440
-16690
-11724
-5504
-966
2394
5204
5855
3358
-528
-3878
-6577
-9755
-12814
-14865
-15646
-16039
-16240
-17922
-23739
-28218
-27901
-25955
-21965
-16332
-11141
-5855
251
3459
4336
2778
-1542
-6492
-8220
-9273
-10255
-10051
-9027
-8688
-6804
-5140
-5366
-5678
-4767
-3523
-1065
3500
6070
8180
10187
10741
9594
8151
4691
1668
208
166
1016
4936
8579
10167
14636
17994
18745
18971
18145
17324
17285
17218
17546
19782
19414
19656
20735
22622
22599
20524
19665
18656
17751
19489
21280
21921
23976
26579
27220
28740
27379
23385
19029
16221
7962
-3866
-12579
-16307
-21936
-26138
-23767
-18690
-15148
-11433
-5876
52
2856
2268
2146
4233
3924
1298
-411
-1046
-4469
-9403
-13133
-15942
-20254
-24856
-26641
-24334
-21043
-17911
-13180
-7139
-2789
-286
1882
2825
1648
-1339
-3924
-6094
-7898
-11186
-13661
-15100
-15667
-20504
-30032
-32768
-32261
-32768
-29954
-22435
-15603
-8387
-1994
3496
5964
4376
-968
-4914
-5704
-7578
-10917
-11362
-10813
-11072
-10924
-9979
-10111
-10412
-9563
-7134
-1307
3687
7042
10204
13084
13704
12783
11553
8865
7264
6439
7689
10164
13154
14766
16628
15777
11404
8891
9715
12131
15905
18565
21548
25617
27120
22815
16357
9861
5364
8268
19185
25101
28287
26727
24040
24559
32513
27722
15311
11743
11657
6329
-990
-13651
-22745
-14522
-6316
1615
15300
19672
17313
20098
26491
23196
16210
5787
-2069
-1434
1374
-1768
-3091
-5374
-14395
-20171
-18755
-23276
-30163
-30648
-26869
-16618
-4641
296
2709
7050
4977
794
-265
-6186
-15832
-20506
-22300
-21710
-19452
-21612
-24615
-25140
-29512
-32768
-29541
-26717
-25741
-19405
-11676
-4420
130
247
-2425
-4345
-8850
-14430
-16050
-17001
-18533
-17424
-13834
-11575
-10496
-10042
-10575
-9022
-8036
-6674
-4117
-41
1606
3755
5808
6604
5514
4047
3074
3543
4754
6222
7760
9914
11395
12179
12542
12508
12085
11476
11458
12721
12848
13750
15384
17894
18477
19216
18942
19759
21106
20914
21755
21729
23160
23882
24181
23117
22908
22914
22897
24403
25263
26894
27370
28698
31791
32767
32478
32767
32444
32767
25191
2192
-16262
-28339
-32768
-32601
-32768
-32553
-26906
-16183
-4822
3910
5484
2217
-401
694
1988
-476
-2766
-2935
-4883
-8264
-11386
-17146
-27712
-32768
-32678
-32762
-32768
-31046
-24352
-14607
-5735
21
4182
4436
765
-3520
-7128
-9539
-11670
-14384
-17186
-16833
-16688
-19747
-23148
-25910
-30714
-32768
-29645
-25686
-19000
-12996
-7672
-2469
1857
433
-3156
-5671
-10021
-13620
-15096
-14792
-15732
-14149
-12247
-10502
-8463
-8390
-9058
-7408
-4675
-2704
831
4585
6420
8888
10190
9181
7256
5075
2578
2103
3642
5530
8654
11759
13491
15080
16673
16980
16738
17432
17191
18573
19973
19414
18165
18138
17901
18023
18443
18539
19138
21009
22566
25720
28393
27439
27459
28812
29406
28183
27642
26888
26123
25618
24936
26912
29105
30595
32583
32767
32674
32767
29305
10814
-9844
-25396
-32768
-32753
-32701
-32768
-31104
-16879
-3173
5317
9939
8611
4098
2529
1730
-2408
-5218
-6543
-8330
-9571
-10854
-16768
-25915
-32283
-32768
-32731
-32768
-32593
-27131
-16851
-7512
356
4932
5059
1679
-2635
-7132
-11405
-15463
-20052
-23465
-23252
-22698
-21952
-27653
-32768
-32605
-32768
-30254
-24123
-17300
-11669
-4082
1768
4640
3202
-3109
-10536
-14738
-15141
-17141
-17291
-16044
-13408
-9392
-6034
-4434
-4233
-3998
-3561
325
6167
9560
11418
12783
13663
14208
12440
8085
4632
4321
4820
8094
11706
14233
15102
18029
19592
20945
19162
16745
14971
15250
16589
17293
18616
17891
17970
18693
20739
22847
21979
21862
20819
22371
22993
24131
26452
27958
27595
28778
30482
29464
28434
27602
27576
28161
29161
29944
32334
32522
32099
31086
17946
-4807
-19414
-25053
-31948
-32768
-32741
-29211
-19624
-9382
-1792
2828
3538
-2783
-5308
-1887
-2995
-8403
-9628
-9942
-11855
-13504
-16986
-24777
-31170
-32768
-32752
-32702
-31196
-28917
-22577
-13908
-8342
-4104
-3326
-5841
-8704
-11074
-13668
-15778
-19073
-27130
-29533
-30935
-31509
-32403
-32365
-31925
-27034
-20904
-15735
-9907
-6541
-5122
-4349
-2195
-3619
-7461
-10047
-12268
-12818
-13348
-13616
-13307
-11424
-9763
-6749
-2128
737
2735
6708
9877
11670
11795
11320
10305
10235
8696
6209
4931
4761
4714
6860
9533
11230
14621
17961
21948
22517
23554
22762
22297
20849
18932
18506
16628
16114
14623
16251
18614
20510
22992
22758
22777
20941
21028
23740
23759
21847
20098
21327
22404
24013
25169
26235
28208
29295
31623
32015
31363
29887
25985
20832
17819
11566
-3837
-13764
-17929
-23204
-26150
-23830
-23365
-19173
-10952
-6105
-2518
2068
-518
-3376
-395
-704
-6724
-9055
-11685
-15497
-17571
-20054
-25204
-27920
-30880
-32164
-28154
-24553
-24182
-20602
-14720
-11185
-8934
-9378
-11640
-13741
-16443
-20185
-22072
-24855
-28581
-29340
-27590
-26924
-25405
-24230
-22133
-18611
-15156
-13274
-11252
-9580
-9698
-8603
-7724
-8473
-10240
-10706
-10332
-9258
-8383
-8186
-6867
-5120
-3664
-1922
379
2333
3404
5015
7116
8518
7928
7559
7838
8765
8558
8590
8575
9775
11379
11753
13719
16321
17899
18778
19354
20535
20881
20660
20620
18680
17579
16547
16504
15270
12930
14251
14804
17649
19938
21042
22818
24798
25244
23483
22812
20865
19277
20000
20768
20536
22171
23414
23991
24800
24869
24990
27559
28108
26579
27207
28503
28374
21912
5930
-10670
-18199
-27042
-32768
-32757
-30632
-26157
-16707
-7886
-3123
-702
-3720
-7899
-6226
-5174
-9571
-12759
-12952
-15493
-17383
-18257
-22007
-28073
-31786
-32755
-31777
-27567
-26030
-24654
-18340
-14513
-14659
-13953
-13954
-17308
-20567
-22619
-23335
-23907
-25826
-27558
-25634
-24316
-24166
-23684
-21120
-18980
-17636
-14551
-11541
-9943
-9811
-8409
-6667
-5735
-7281
-9039
-8759
-7750
-7397
-6522
-3947
-2146
-103
1725
4286
5383
5473
5967
6673
7525
6881
8124
10125
12222
12858
12931
13170
13437
13350
12384
14676
14247
13888
14999
18660
19448
19236
18743
18328
19158
17500
16466
17598
18608
19044
20543
23725
23423
22072
21546
21064
20572
18641
17425
17386
19500
19874
20127
21991
21763
23380
24652
26800
25171
24529
22774
23182
24567
25553
27115
32523
28074
12753
-85
-7055
-22485
-32768
-32356
-32768
-31600
-21649
-12684
-6559
-2810
-5728
-9188
-5060
-5341
-12107
-12724
-9689
-12313
-13073
-12123
-17587
-23663
-28837
-32609
-32002
-30083
-31713
-27789
-19260
-15601
-14247
-11165
-11654
-15669
-18030
-20375
-21128
-22950
-26033
-26247
-23389
-23125
-23862
-21996
-21425
-20785
-19538
-17025
-14610
-12826
-12176
-9930
-6849
-6901
-9260
-10357
-11156
-11973
-11641
-9587
-7302
-4943
-1590
2033
5405
6580
7300
7501
7743
7553
6923
7618
9676
10243
10662
11374
10955
10730
11680
14400
14246
15334
18495
19166
21450
23375
24093
24673
24379
21038
18690
16672
12904
11496
11792
12422
15220
19018
21713
25800
26424
24614
24857
24067
21621
20632
19494
17810
19670
22772
22464
23714
24845
24113
24994
25236
22140
19716
22439
24674
29026
28332
15435
2791
-4952
-13589
-21971
-25223
-29681
-29328
-22081
-14332
-7217
-3659
-5122
-7482
-4641
-4350
-8148
-11334
-12330
-12964
-12696
-12342
-14944
-19965
-25869
-28609
-28740
-28839
-30563
-29297
-24688
-19333
-14637
-12037
-11474
-13063
-15428
-18921
-21478
-25147
-28647
-31312
-30623
-28500
-27828
-26361
-24330
-22028
-20138
-16763
-15870
-14357
-12680
-11392
-9429
-7972
-8635
-9779
-10581
-11828
-13049
-13299
-13843
-12094
-8762
-4743
-1305
2963
5787
8000
10355
11291
11674
11095
10462
9245
8515
7512
6400
6773
6692
8954
11309
14969
18363
22431
25186
26411
26905
25536
23294
21585
17493
14759
13936
13757
14710
14109
15451
17196
20660
24074
27422
30434
29445
29052
26934
25402
22361
18788
20004
19665
21532
22647
25573
26665
26488
26805
25750
26220
26080
26512
29641
31580
21756
5909
-1533
-9049
-22480
-28474
-30037
-31331
-26835
-15796
-9167
-5060
-2389
-5019
-5500
-2220
-4635
-11205
-11790
-10960
-13996
-12764
-13413
-19714
-25325
-26961
-30156
-29922
-28961
-30650
-26857
-18537
-14821
-12114
-9762
-10694
-13933
-14998
-19096
-23704
-26962
-29994
-31394
-29020
-28911
-29664
-27229
-24925
-23334
-19695
-17303
-16418
-13332
-10613
-9565
-7749
-8085
-10462
-10972
-10703
-13116
-13546
-13513
-13196
-9797
-5016
-2094
173
2833
4165
6127
7072
6895
6663
7028
6847
7723
7965
8455
8376
9297
11016
13665
15088
15308
17770
19293
21392
22262
23576
22412
22459
24103
22183
21645
16097
13517
11982
13200
13430
16954
20636
24331
26948
28757
28850
28349
26465
25303
25238
25097
23760
22832
23036
22490
22317
23704
22874
23055
21793
23128
25279
29931
31198
32743
28280
14852
2917
-3356
-14852
-24825
-27394
-27194
-25144
-18041
-12039
-8388
-6983
-7796
-9378
-7325
-7545
-11158
-11979
-8796
-8856
-10212
-10582
-14837
-21131
-25149
-27812
-29834
-30412
-30697
-28245
-21676
-17181
-15410
-13051
-11563
-12709
-14176
-14337
-17994
-24289
-28429
-28428
-28557
-28796
-30601
-31084
-28350
-25573
-23137
-19432
-17153
-16430
-13623
-9336
-7848
-8421
-9993
-10695
-10132
-10009
-12240
-13369
-13199
-13111
-10805
-6903
-4530
-2676
218
2539
4640
6312
6447
6534
7544
7570
7879
9144
10550
10562
11917
14244
15918
17542
18091
18909
19251
19867
19961
20826
20986
20276
21079
20581
20065
17522
15762
13586
13689
15907
18808
21991
25375
27077
29141
29509
27454
26554
26190
25067
24969
25834
25446
24623
23902
21846
23614
24853
23945
23736
25553
25517
26553
29882
31932
23658
9592
-1846
-9442
-17817
-23808
-26709
-26503
-22421
-15910
-9863
-6079
-6332
-10291
-12819
-9689
-9422
-13214
-13800
-11524
-11646
-11523
-11224
-16109
-21536
-25773
-28312
-28120
-27444
-29138
-27377
-20456
-16709
-14318
-12761
-13294
-15269
-15641
-15819
-17499
-20268
-27934
-30326
-28366
-27653
-31138
-32159
-30425
-28350
-23732
-19890
-17847
-17181
-15672
-12479
-8743
-7398
-11376
-12980
-12763
-11985
-12086
-12261
-13090
-13195
-10806
-7363
-3757
-2174
-2492
-144
4143
6837
7370
8068
8473
8075
9122
10284
10371
9755
9424
10779
12187
13829
14279
16102
18809
20974
22895
23376
24277
23207
21978
20372
19953
18197
15589
16150
16286
18755
19122
21134
21760
24649
24516
25479
25944
25006
23520
23962
24385
25597
25957
26224
26747
26726
26385
25720
26577
26648
25732
24664
24821
26334
28577
22055
8010
-1911
-6750
-16204
-23066
-24765
-27887
-25538
-17708
-11327
-7155
-5021
-8144
-9690
-5448
-6050
-10563
-11948
-11477
-13111
-11741
-11764
-17352
-22342
-25522
-29279
-28872
-27585
-30078
-28475
-21028
-16670
-13968
-10042
-10577
-13395
-13016
-13747
-16272
-17940
-22593
-29234
-28958
-28004
-30400
-31957
-31514
-30390
-26482
-20945
-18491
-16716
-14231
-12417
-10250
-7818
-9655
-13100
-13098
-12529
-12438
-11368
-12068
-12776
-10564
-7533
-5732
-2914
-1320
-622
2701
5779
6844
7192
7246
6796
8100
9523
8651
8161
9400
10050
11890
14569
15645
17312
20216
23826
25794
26231
25241
24166
23204
23890
22014
19581
17782
16061
15619
15387
15423
13526
16391
18607
21623
25242
28404
29817
30399
31881
30472
29423
29529
27772
26665
27068
26207
24033
23892
22323
19821
20417
21825
21678
26121
23530
12201
3277
-999
-10170
-17395
-17950
-22003
-23150
-17612
-12404
-9231
-5987
-7884
-12481
-9904
-9422
-13815
-13624
-12840
-15122
-14502
-11421
-13944
-16802
-19704
-24465
-24115
-22889
-25688
-25579
-20668
-18826
-16412
-11857
-11696
-13047
-13721
-15458
-16489
-16378
-19425
-22246
-20214
-24397
-27325
-25803
-27120
-29115
-27805
-25153
-24063
-19165
-17470
-15401
-11930
-11073
-12601
-12190
-11151
-13844
-13510
-11638
-11645
-9696
-8228
-7485
-6865
-4994
-5187
-3460
-700
-422
867
3561
5135
5808
7235
7872
8404
9555
9569
10859
12749
13444
13719
16529
18359
20464
21736
23579
23446
23004
22219
20902
19574
18246
17917
18572
20301
20786
19125
19705
18664
19342
20422
20488
22089
22933
25684
28296
30777
32143
30938
30906
29262
26878
23207
22381
22244
22939
26702
26560
26236
27392
29331
28525
18105
3153
-8408
-12785
-18730
-21231
-20126
-20275
-18634
-12757
-6464
-5916
-8527
-12276
-13524
-10314
-8278
-9234
-10959
-10521
-11160
-11671
-12395
-16637
-23833
-28221
-28480
-26518
-25122
-24451
-22445
-18768
-14983
-12163
-10829
-11895
-12946
-13823
-13395
-12641
-14339
-17427
-18678
-18389
-19939
-21458
-25852
-29786
-30644
-28322
-26775
-24064
-21393
-18785
-14752
-10732
-9638
-10684
-12375
-13677
-13494
-12403
-13100
-13450
-12865
-10930
-8787
-6891
-6667
-6867
-5836
-3926
-1138
731
1739
2576
4919
7073
8572
8638
7566
8145
8707
10193
12458
13392
14628
16693
21256
22378
23168
21858
19726
19690
19549
20462
20143
21400
23008
22732
24772
23728
21389
19888
19170
19654
18794
21269
22168
24365
27836
29295
31152
30410
30641
30076
29303
28720
26576
26121
26180
28034
29680
31161
31319
29086
23624
8777
-5723
-14592
-22578
-29142
-27764
-23562
-19201
-11619
-5688
-3939
-3326
-5616
-9570
-10401
-8379
-9526
-9063
-8086
-8471
-10690
-12470
-17527
-23166
-27976
-31370
-31815
-29070
-25969
-22548
-17444
-13076
-10198
-9188
-9654
-10786
-12178
-12909
-13852
-13574
-14259
-15105
-17229
-18545
-19718
-21706
-23944
-23204
-25592
-25509
-23981
-21857
-20820
-18793
-17090
-16367
-13989
-14163
-14209
-14201
-12947
-13602
-12799
-10693
-10816
-9458
-8392
-8402
-8057
-7555
-7246
-6736
-3811
-3541
-2239
-221
1374
2520
4251
4946
5040
7220
9641
11288
14152
15221
16262
18108
19619
19039
18980
17992
16311
17768
18916
18810
18748
20236
20965
24216
26299
24448
24318
24987
26056
26722
25677
23023
19746
19962
20974
24086
24772
24978
27486
30595
32767
32710
32767
32696
32699
32767
32723
32634
30728
30638
21309
3345
-10774
-19112
-28479
-32768
-30885
-26550
-20867
-13462
-6018
-802
1267
-1439
-4524
-2931
-3035
-5653
-6096
-5435
-9159
-12593
-14122
-20432
-27149
-31168
-32768
-32290
-27740
-24788
-21524
-13968
-10508
-8856
-6083
-6736
-9450
-9923
-10066
-10937
-10384
-11805
-14433
-14791
-16186
-19750
-21563
-24299
-27097
-25080
-21791
-19893
-21415
-19003
-18639
-16831
-15733
-14721
-15614
-15975
-13738
-12645
-9841
-10330
-11467
-11871
-11175
-10003
-11167
-10261
-11095
-10383
-7857
-5853
-5291
-5886
-4255
-3959
-771
1665
2166
2905
4974
7152
9511
12008
12433
12404
14413
15261
16573
17808
18103
18568
20097
21729
22142
22158
21951
20826
21380
21185
21466
22383
22293
22850
24475
25948
24715
24290
25097
25882
25744
26135
26818
27398
27412
27369
26303
26412
26061
27132
31220
32767
32568
32767
32475
32767
25407
4923
-10070
-16569
-26242
-31185
-26006
-23572
-22938
-15920
-8522
-6174
-6562
-9007
-11233
-6501
-1398
-887
-156
1334
-3207
-7922
-9820
-15876
-26945
-32768
-32768
-31675
-27465
-24295
-21640
-17526
-13655
-12094
-9084
-8138
-10484
-11298
-8231
-5956
-6479
-8080
-10736
-12103
-15070
-18507
-21010
-23227
-25689
-24765
-20467
-17731
-15935
-17271
-17584
-16789
-16039
-16318
-16326
-16092
-14743
-11438
-8177
-8122
-9401
-12002
-12627
-13233
-12415
-12899
-12007
-9900
-7370
-4335
-2506
-3156
-4972
-5582
-4545
-3469
-2055
-1640
181
2602
5154
7432
8847
9028
9310
11839
14899
17326
18122
18061
19025
19856
19330
18683
18776
18487
19158
20782
23159
23707
23366
23430
27072
27743
27106
25724
25668
24521
22727
23611
22377
22800
23780
27536
30657
32146
31939
30310
32026
32767
32767
32711
32767
32594
32767
19290
-2255
-12308
-23484
-32446
-32575
-29462
-27704
-21963
-11550
-5415
-5051
-6915
-9753
-7348
-2104
-354
323
3007
1611
-4012
-6665
-11307
-22075
-31354
-32768
-32768
-31424
-26586
-23885
-19617
-14902
-12390
-9981
-7755
-9230
-10598
-7985
-4631
-3927
-4613
-6790
-10390
-13827
-16445
-20147
-22367
-24167
-24719
-22390
-18234
-16290
-14112
-12445
-12116
-10978
-12873
-13704
-13682
-14867
-15285
-13429
-12095
-12893
-12228
-12209
-13238
-13213
-12951
-12200
-10971
-7949
-7079
-5309
-3578
-4565
-5445
-5791
-5977
-6495
-5027
-3407
-2037
858
2401
3734
5143
6268
6962
9358
11789
13222
15359
17283
18163
18798
18902
19342
20183
21364
22423
23466
24544
23733
23114
22692
22685
23860
25055
26231
26292
25816
24530
23290
22100
20402
19879
20511
24508
28837
32254
32767
32678
32767
32725
32767
32767
32683
32767
25712
8015
-7360
-16643
-24607
-30361
-30794
-28326
-25869
-19258
-10963
-8100
-8758
-8984
-6465
-1812
3017
4664
4170
4079
996
-4514
-9925
-16758
-26057
-31247
-31400
-30933
-28930
-25038
-22167
-20190
-17312
-14550
-12519
-9964
-7956
-6371
-3211
-715
-1457
-3409
-5969
-11001
-15542
-18120
-20345
-22032
-22571
-21462
-20136
-18462
-17539
-16441
-15654
-13413
-11722
-13130
-13415
-12614
-12147
-11936
-10517
-10690
-11922
-11586
-11222
-11549
-11237
-10665
-10648
-9303
-7620
-8133
-7711
-6444
-6917
-6953
-5428
-5370
-5552
-4253
-2665
-1644
-20
1088
2273
3871
4885
5485
7393
9270
10306
12040
13441
13959
15024
16344
17664
19703
21716
23235
25899
28216
28290
26585
25778
24657
24184
24231
24501
24685
24342
22875
20338
18935
18967
19485
22370
27435
30875
32625
32719
32767
32727
32767
32751
32747
32767
30001
18802
4618
-9254
-19957
-24423
-28107
-28766
-26448
-21666
-16323
-12146
-9696
-9241
-7670
-4145
-835
3218
5158
4605
2191
-698
-5723
-13388
-19843
-26015
-29438
-29825
-28791
-27261
-24702
-21973
-20321
-17265
-14928
-13383
-10189
-6264
-3321
-1460
-867
-2144
-4451
-7087
-11174
-14536
-17483
-19298
-19817
-18404
-18355
-18251
-18103
-17826
-18401
-17146
-15311
-13066
-10678
-13459
-13414
-11065
-9994
-11971
-11258
-11161
-11791
-11007
-9524
-9150
-9478
-9932
-9948
-8294
-6775
-8750
-9566
-7405
-7398
-6662
-5342
-4076
-4785
-2702
-927
314
1369
1962
2601
4651
6801
7101
7738
9437
10180
11180
13187
14660
15564
16905
18964
19693
21183
21641
23303
24568
25543
25938
26019
25921
25428
25288
25491
25303
24518
23431
23957
24520
25089
24869
25836
26824
28257
29713
31619
32767
32629
32767
32637
32767
31257
20341
6881
-6956
-16482
-19057
-21147
-23309
-21711
-18712
-17086
-14710
-13617
-15375
-15376
-9655
-3948
1159
4924
4894
2170
-316
-5082
-11904
-17433
-22005
-24840
-23173
-22043
-22558
-23174
-23339
-23882
-21718
-19548
-17737
-13629
-8420
-4731
-1624
-525
-3246
-5992
-7680
-9724
-11769
-12798
-14755
-15401
-14881
-15635
-17328
-17981
-19096
-18861
-17011
-15443
-13153
-10418
-11016
-11470
-10769
-10924
-11653
-10903
-10337
-10727
-9152
-8024
-7891
-7800
-7574
-8909
-8377
-7243
-7413
-6763
-5688
-6519
-5752
-5003
-4760
-5516
-4504
-4198
-1769
941
2527
3322
4382
4818
5439
6612
6448
6332
7798
10003
11666
13138
13813
14439
15895
18335
20093
22502
23978
25055
25628
26505
25565
24976
24648
25261
25819
25444
24880
23533
22511
19438
18553
18011
19123
21086
25258
28662
29856
29970
29539
29985
29759
31074
31565
30026
25180
19834
12313
-1370
-14570
-18778
-20185
-23685
-22320
-18096
-18105
-18102
-14604
-14202
-14386
-11475
-8151
-3947
2861
4781
1571
340
-2661
-10237
-14524
-16422
-21394
-23413
-21399
-21426
-22304
-22175
-24176
-24260
-20766
-18166
-15546
-9864
-5722
-4212
-1537
-1201
-4273
-6723
-7981
-10289
-10830
-11408
-12946
-13827
-14307
-16870
-20461
-20405
-20514
-19055
-16592
-11532
-9472
-7358
-7746
-10216
-10086
-9632
-8836
-10260
-6966
-6753
-6655
-6973
-7276
-10409
-11725
-11257
-10430
-8388
-4796
-4897
-4252
-2872
-4014
-5407
-4624
-3147
-3107
415
2217
2791
2322
2514
1654
2818
3806
4122
6075
10125
11807
13069
13965
13828
13601
15887
18912
20766
23164
24007
23739
23254
23828
22586
22326
23593
24667
24211
24157
22418
20845
18999
19322
19943
21283
22565
24244
25705
26328
25850
25938
27674
29525
30834
31933
32156
26801
19781
13257
7588
-4483
-14397
-17936
-17407
-19150
-19299
-18513
-20600
-21414
-19081
-15312
-12876
-9009
-5626
-1906
1891
3152
-812
-4447
-6860
-10382
-13668
-14237
-16317
-19846
-20843
-21338
-23059
-24646
-25353
-25146
-21155
-16307
-13260
-10576
-7820
-6883
-6576
-5340
-5627
-7259
-8320
-8365
-8783
-9646
-11439
-14781
-17246
-18164
-18666
-18850
-17664
-16421
-16163
-14465
-12691
-11515
-11137
-9668
-8400
-7195
-5793
-5066
-5496
-5501
-5396
-6257
-7118
-7088
-7353
-7359
-6363
-6695
-6708
-6794
-6071
-6050
-4269
-3176
-1854
-73
1768
2583
2846
3172
2717
3117
4262
6323
7391
8651
9022
9727
9840
10363
10828
12991
15764
18290
19734
20791
21217
21007
21068
21730
22868
23788
24984
25190
24971
23310
21666
19015
18572
18107
19416
20035
20868
19986
19380
19540
19664
20490
21767
24708
26844
29402
29969
30495
28269
23746
16853
12352
8941
3219
-5105
-11437
-14192
-16959
-20122
-22659
-23616
-24716
-23259
-19432
-15559
-12920
-10082
-7580
-5234
-2688
-1806
-3603
-4780
-4662
-6119
-8487
-10519
-13621
-17685
-20141
-21531
-22985
-23650
-23578
-23243
-21568
-18771
-16477
-15106
-13219
-11035
-9045
-7423
-5892
-5452
-6034
-6643
-7468
-9046
-11268
-12984
-14657
-15636
-15747
-15710
-16907
-18170
-18229
-16693
-14589
-12353
-10775
-9151
-7417
-5901
-5159
-4760
-4174
-3473
-2420
-1806
-1937
-3302
-4999
-6147
-6293
-5829
-5240
-4857
-4665
-4428
-3945
-3448
-2703
-1830
-872
388
1981
3572
4846
5712
6203
6543
7450
8503
9465
10040
11121
12562
14215
15839
17068
18089
18630
19315
19822
20656
21506
22348
22559
22982
23684
23687
23034
21760
20648
18761
17705
17454
18065
18524
19216
19813
20663
21543
22046
22364
23445
25233
26277
26779
26687
24903
21142
16964
13727
10499
4941
-3473
-11210
-15053
-15986
-17416
-19664
-21783
-23167
-23276
-21871
-19492
-17237
-14988
-12308
-9158
-5627
-3456
-3641
-5195
-5667
-5233
-5473
-7042
-9377
-11666
-13432
-14978
-17035
-19584
-21809
-22738
-22365
-20958
-19299
-18171
-17361
-16320
-14433
-12644
-10954
-9903
-8828
-7993
-6845
-6504
-6861
-7770
-8576
-9667
-11033
-12198
-13349
-13864
-14304
-14074
-14374
-14046
-13903
-13090
-12160
-10534
-8697
-7067
-5592
-4387
-3131
-2258
-1510
-1039
-626
-525
-311
-229
-157
-396
-628
-1163
-1609
-1944
-1710
-1344
-676
33
985
1885
2879
3729
4473
5404
6486
7902
9347
11170
12470
13372
13617
14025
14472
15469
16618
17778
18441
18957
19541
20063
20396
20419
20192
19663
19310
19301
19153
18523
17678
16890
16397
16119
16109
15960
15718
15665
15791
16183
16549
16764
17071
17605
18174
18192
17872
16789
15021
12883
10824
8787
6127
2540
-1446
-4756
-6981
-8769
-10400
-12105
-13849
-15408
-16545
-16976
-16885
-16297
-15380
-14379
-13283
-12291
-11661
-11557
-11390
-10804
-10132
-9625
-9377
-9349
-9394
-9312
-9145
-9169
-9447
-9650
-9791
-9998
-10143
-10111
-10252
-10501
-10460
-10263
-10192
-10097
-9747
-9483
-9421
-9239
-8856
-8229
-7839
-7621
-7702
-7922
-8004
-7720
-6880
-5992
-5565
-5409
-5523
-5391
-4782
-4107
-3608
-3514
-2827
-2889
-2755
-2732
-2643
-1937
-1332
-517
-454
-550
-414
55
226
452
902
1095
1342
1412
1456
1947
1772
2129
1386
1790
2010
2078
2033
1523
2089
1966
2493
2635
2879
3325
2998
3566
3194
3515
3795
3773
4009
4071
4357
3926
4188
4191
4430
4260
3866
4099
4043
4364
4078
4575
4682
4837
4795
4475
4972
4593
4923
4921
5283
5275
4892
5061
5048
5594
5175
4776
4743
4650
4897
4259
4200
4154
4057
3859
3428
3227
3001
2684
2496
2340
2210
1864
1528
1415
1162
862
601
195
108
-141
-414
-864
-1335
-1608
-1895
-1965
-2316
-2759
-2912
-3263
-3287
-3501
-3719
-3878
-3916
-3836
-4031
-4033
-4138
-4190
-4299
-4407
-4349
-4433
-4173
-4219
-4244
-4141
-4147
-3736
-3782
-3543
-3601
-3578
-3328
-2949
-2755
-2826
-2800
-3074
-2896
-2493
-2176
-1821
-1866
-1625
-1267
-1031
-938
-803
-456
-175
293
469
246
520
277
75
209
538
1007
760
973
976
1179
1378
1497
1489
1563
1802
2023
2415
2345
2147
1865
1930
2070
2207
2463
2601
2549
2213
2238
2254
2383
2515
2458
2216
2537
2611
2391
2599
2431
2868
2620
2379
2249
2396
2550
2690
2087
2209
2800
2967
3129
2472
2584
2517
2537
2611
2251
2436
2744
2807
2565
2337
1951
2033
1743
1979
2023
2096
1725
1066
978
660
816
727
684
373
47
6
9
-179
-204
-670
-965
-1144
-1115
-1128
-1215
-1435
-1849
-2176
-2266
-1921
-1816
-1999
-2430
-2748
-2731
-2697
-2529
-2666
-2908
-3115
-3425
-3338
-3108
-2880
-3132
-3425
-3395
-3527
-3957
-3894
-3688
-3531
-3844
-4278
-4349
-3833
-3624
-3296
-3688
-3964
-3413
-3313
-3728
-3480
-2951
-3236
-2831
-2835
-3320
-2834
-2953
-2750
-2629
-2788
-2231
-1881
-1991
-1959
-1370
-1675
-1955
-1053
-740
-732
-32
22
-396
-672
-252
31
831
1001
849
1000
704
956
1162
1098
1023
1294
1680
1771
1751
2001
1715
1536
2120
1474
1126
1521
2020
2610
2068
1602
1528
1394
2165
2442
1999
2043
1845
1443
1758
2696
2816
2816
1931
732
1491
2410
2396
2331
1638
1057
1797
1969
1883
34
-2759
-4857
-4529
-2297
-1312
-771
-1098
-1640
-1359
-212
1138
2459
3318
3120
3002
3313
3495
3076
2540
2349
2195
1895
1565
1092
692
501
222
-186
-775
-1128
-1480
-1744
-1372
-854
-452
-392
-727
-1041
-1248
-924
-381
-182
-284
-764
-971
-1046
-1181
-1151
-1428
-1889
-2313
-2688
-3008
-3362
-3594
-3983
-4395
-4480
-4438
-4385
-4542
-4565
-4572
-4544
-4325
-4261
-4142
-3958
-3610
-3326
-3185
-3166
-3294
-3474
-3507
-3423
-3157
-2892
-2892
-2702
-2591
-2511
-2483
-2438
-2405
-2288
-1827
-1368
-895
-695
-488
-125
368
632
724
872
1307
1966
2355
2561
2557
2852
3257
3859
4464
4918
4805
4700
5100
5635
6132
6428
6772
6990
7247
7362
7452
7801
8483
9006
9220
9400
9386
9310
9290
9394
9453
9364
9021
8630
8530
8632
8819
8943
8680
8333
8028
8036
8429
8905
9280
9302
9281
9282
9281
9370
9252
8990
8551
8270
7993
7676
7073
6477
5863
5402
5033
4609
4151
3599
3234
2852
2559
2154
1818
1377
798
221
-311
-587
-919
-1200
-1698
-2219
-2705
-3098
-3463
-3911
-4295
-4557
-4728
-4896
-5034
-5212
-5397
-5364
-5155
-4924
-4836
-4837
-4829
-4703
-4357
-4020
-3796
-3807
-3889
-3983
-3982
-4015
-4119
-4290
-4292
-3929
-3376
-2942
-2771
-2613
-2355
-1925
-1395
-965
-618
-221
361
810
1115
1308
1492
1734
1953
2174
2285
2532
2739
2941
2925
2739
2325
1992
1833
1950
2318
2715
3055
3119
3148
2923
2934
3014
3339
3606
3849
3720
3421
3342
3612
4111
4174
4124
3867
3767
3461
3474
3208
2918
2546
1861
1037
30
-551
-1179
-1517
-1933
-2154
-2535
-2829
-3019
-2964
-3103
-3422
-3690
-3852
-3412
-3010
-2895
-3350
-3834
-4065
-4190
-4380
-4768
-5120
-5559
-6119
-6611
-7236
-7771
-8178
-8352
-8788
-9527
-10298
-10960
-11520
-11680
-11686
-11874
-12360
-13111
-14005
-14949
-15526
-15912
-16097
-16255
-16464
-16667
-17075
-17448
-17844
-17978
-17904
-17622
-17283
-16961
-16553
-16079
-15654
-15477
-15381
-15319
-15031
-14589
-13857
-13120
-12495
-12030
-11806
-11676
-11580
-11314
-11035
-10641
-10104
-9337
-8612
-8039
-7781
-7604
-7357
-6929
-6376
-5938
-5448
-4886
-4083
-3313
-2486
-1841
-1308
-898
-606
-210
480
1415
2329
3025
3498
3820
3934
3975
4123
4599
5361
5931
6313
6321
6195
6218
6687
7743
8813
9248
8998
8722
8470
8842
9644
10431
10907
10786
10362
10078
10430
10850
10750
10777
10959
11107
10995
10553
9977
9837
9835
9356
8829
8597
8276
7956
7742
7318
7207
6940
6420
5668
5188
5360
5669
5720
5545
5008
4423
4273
4398
4554
4326
4147
4015
4114
4214
4085
3550
3079
2963
3011
3416
3367
3030
2674
2630
2887
3016
2723
2023
1658
1778
2048
2179
2065
1488
949
800
802
768
846
751
348
296
373
424
439
381
245
-3
-146
-217
-199
-348
-500
-665
-681
-673
-918
-1342
-1655
-1647
-1371
-1081
-1235
-1719
-2002
-1903
-1761
-1841
-2062
-2297
-2269
-2143
-1851
-1694
-1559
-1651
-1917
-2080
-2220
-2070
-1993
-1971
-2231
-2008
-1774
-1599
-1466
-1557
-1655
-1403
-809
-597
-391
-478
-607
-552
-26
790
677
392
357
353
688
1376
1385
1278
1501
1547
1704
1914
2101
2184
2542
1960
1063
1368
2036
2736
3219
2648
2170
2305
2188
2823
2774
2737
3267
3445
3485
2930
2649
2949
3490
3698
3880
4006
3872
3935
3976
3778
3360
3522
3976
4378
4891
4968
5086
5077
4868
4492
4215
4273
4557
5003
4989
4817
4437
4056
3744
3426
3120
3185
3557
3799
3949
4156
4025
3404
2965
2862
2879
3026
3102
2809
2529
2509
2594
2507
2123
1604
1197
1258
1668
2318
2529
2128
1707
1720
2005
2077
1856
1626
1430
1374
1555
1681
1846
1551
814
262
206
678
1278
1450
869
447
708
850
568
10
-541
-261
251
571
402
-244
-899
-1057
-870
-717
-489
-492
-630
-732
-682
-477
-318
-707
-1466
-1953
-1953
-1345
-710
-772
-1067
-1196
-1257
-1235
-1188
-1339
-1360
-1125
-879
-499
-434
-1044
-1326
-1316
-1264
-790
-366
-636
-973
-981
-837
-431
-134
-393
-970
-1139
-873
63
701
117
-274
37
386
319
-64
-469
-267
427
499
-48
-287
-241
-243
-595
-822
-423
-451
-781
-988
-1083
-1203
-1172
-1179
-1284
-1389
-1409
-1405
-1472
-1374
-1189
-1292
-1626
-1903
-1992
-1956
-1961
-2186
-2521
-2693
-2756
-2787
-2751
-2678
-2772
-3081
-3293
-3328
-3112
-2851
-2713
-2840
-3097
-3035
-2779
-2767
-3016
-3317
-3704
-4022
-3798
-3218
-2913
-2808
-3013
-3405
-3521
-3100
-2725
-2628
-2613
-2737
-2733
-2487
-2532
-3059
-3626
-3748
-3386
-2878
-2318
-2054
-2109
-2467
-2699
-2806
-2684
-2287
-1954
-1621
-1454
-1360
-1420
-1687
-2170
-2444
-2303
-1933
-1392
-1093
-1055
-1388
-1785
-1930
-1908
-1746
-1594
-1455
-1299
-1128
-1261
-1554
-1927
-2245
-2470
-2552
-2345
-2178
-2229
-2482
-2588
-2442
-2329
-2523
-2819
-2729
-2254
-1718
-1535
-1861
-2420
-2505
-2158
-1955
-1978
-2217
-2437
-2192
-1618
-1682
-1911
-1811
-1422
-1079
-923
-1176
-1473
-1439
-1299
-871
-295
25
-181
-471
-608
-425
-41
143
-117
-357
-280
-170
-62
91
64
32
112
213
302
366
7
-442
-507
-216
165
284
-124
-709
-976
-575
150
537
553
509
756
1256
1650
1443
804
-31
-586
-546
-92
139
138
17
-117
-145
-375
-784
-1027
-502
717
2074
2726
2559
1883
1273
1168
1322
1621
1805
2041
1892
1722
1684
1729
1958
1868
1483
1309
1600
1873
2245
2771
3131
3162
3026
2881
2559
2285
2420
2743
2945
3020
3082
2965
2895
3028
3106
2958
2754
2657
2794
3119
3220
2853
2330
2066
2057
2272
2182
1942
1790
2040
2395
2550
2380
1949
1720
1688
2031
2551
2729
2546
2333
2066
1727
1584
1766
1989
1993
2181
2377
2335
2212
1719
1195
916
951
969
794
756
824
834
566
199
-127
-243
153
687
423
-293
-152
264
294
-3
-483
-744
-572
-297
-517
-719
-790
-516
-290
-199
-98
-358
-522
-220
157
-19
-406
-527
-204
159
512
717
595
470
584
669
854
1189
1436
1468
1413
1390
1194
1161
1519
1671
1401
1149
1219
970
634
513
366
766
1145
985
578
403
582
813
946
833
843
1311
1683
1556
1244
733
617
1083
1669
1752
1049
425
291
512
514
54
-290
-139
99
-319
-912
-1036
-638
-599
-938
-1704
-2204
-1817
-1102
-1183
-1739
-1921
-1815
-1544
-1689
-2556
-3225
-2932
-1944
-1409
-1833
-2610
-3211
-3175
-3254
-3866
-4252
-3727
-3086
-2910
-3499
-4340
-4550
-3931
-3436
-3774
-4492
-4593
-4037
-3725
-3739
-4096
-4129
-3630
-3426
-4032
-4686
-4400
-3634
-3320
-3606
-4279
-4429
-3940
-3786
-4236
-4552
-4328
-3631
-3305
-3701
-4420
-4703
-4253
-3693
-3590
-3777
-3752
-3452
-2862
-2845
-3456
-3898
-3798
-3330
-2940
-3093
-3363
-3017
-2486
-2423
-2747
-2908
-2666
-2264
-2182
-2305
-2109
-1449
-796
-513
-751
-1113
-996
-336
50
36
119
473
918
1278
1349
1073
1129
1561
1831
1569
1175
1270
1908
2382
2528
2482
2318
2329
2220
2038
1645
1748
2251
2578
2907
2838
2610
2513
2413
2187
2093
2307
2759
3203
3476
3219
2520
2417
2906
3201
3225
3015
2849
3433
4243
4147
3519
3432
3779
4069
3982
3485
3339
4021
4703
4704
4099
3705
3854
4021
4187
4189
4078
4361
4735
4607
4080
4050
4187
4272
4076
3762
3696
3930
4036
3868
3850
3850
3697
3421
3439
3264
2958
3129
3391
3492
3326
2937
2530
2291
2306
2412
2235
2202
2480
2661
2642
2405
2062
2011
2245
2195
1870
1637
1930
2365
2314
1771
1240
1218
1557
1697
1410
827
323
293
414
499
255
-139
-284
-297
-556
-1065
-1296
-1227
-878
-770
-1180
-1841
-2069
-1833
-1703
-2007
-2569
-2939
-2749
-2306
-2738
-3327
-3262
-3216
-3293
-3439
-3773
-4260
-4327
-4197
-4252
-4240
-4167
-4286
-4312
-4344
-4733
-4915
-4742
-4466
-4358
-4435
-5007
-5453
-5159
-4664
-4303
-4439
-4724
-4834
-4779
-4820
-5038
-5233
-4782
-4105
-4003
-4472
-4945
-4932
-4641
-4340
-4358
-4602
-4491
-3956
-3627
-3798
-3952
-3820
-3391
-2876
-2788
-2996
-2919
-2639
-2420
-2375
-2449
-2365
-2307
-2061
-1855
-1851
-1692
-1200
-736
-634
-956
-1059
-751
-395
-36
124
183
347
375
449
570
699
907
1136
1447
1772
1940
1885
1875
1971
2149
2504
2780
2926
3268
3459
3262
3104
3325
3599
3851
4083
4309
4375
4226
4242
4283
4201
4256
4468
4647
4732
4872
4751
4494
4435
4639
4763
4812
4853
4678
4638
4606
4615
4529
4505
4527
4483
4579
4612
4663
4706
4377
4037
3934
3928
3950
3831
3755
3649
3573
3534
3502
3393
3075
2640
2297
2313
2361
2325
2289
2233
2072
1899
1599
1262
1131
1236
1340
1188
818
390
162
340
592
484
75
-346
-610
-630
-462
-237
-317
-835
-1366
-1386
-1030
-757
-973
-1327
-1745
-2149
-2265
-2190
-2028
-1805
-1740
-2074
-2434
-2700
-2735
-2515
-2323
-2420
-2562
-2721
-2748
-2489
-2301
-2413
-2777
-2961
-2816
-2504
-2302
-2367
-2452
-2121
-1788
-1863
-2048
-2221
-2087
-1691
-1486
-1539
-1618
-1696
-1666
-1604
-1537
-1578
-1495
-1181
-983
-988
-1089
-1275
-1325
-1106
-833
-763
-786
-741
-748
-673
-524
-383
-235
-198
-127
129
454
712
733
530
334
364
519
603
539
360
429
599
489
258
148
359
709
813
599
416
437
711
865
669
361
271
456
687
783
667
430
253
209
260
489
832
904
685
384
271
154
300
170
182
144
158
478
-54
-62
-143
402
590
-24
-388
-503
169
733
705
74
-603
-440
-227
38
-145
-217
34
143
-53
-724
-825
-190
567
734
482
134
-42
40
282
135
-84
-97
246
553
505
150
-1
60
-22
-148
-331
-418
-226
160
454
361
91
-100
-330
-386
-436
-232
139
551
786
699
429
41
-105
-20
192
410
577
521
436
359
306
286
198
131
128
275
420
459
426
339
345
300
179
45
-87
15
227
347
310
132
-61
-194
-315
-438
-499
-486
-397
-312
-315
-493
-706
-888
-1018
-1096
-1190
-1225
-1204
-1132
-1115
-1161
-1274
-1486
-1748
-2003
-2119
-2074
-1933
-1768
-1687
-1749
-1973
-2253
-2495
-2604
-2560
-2458
-2383
-2410
-2476
-2573
-2639
-2682
-2764
-2809
-2860
-2936
-2969
-2928
-2880
-2859
-2848
-2858
-2875
-2924
-2996
-3021
-2935
-2792
-2690
-2689
-2736
-2733
-2657
-2542
-2459
-2383
-2268
-2106
-1982
-1959
-1985
-1941
-1727
-1452
-1258
-1184
-1176
-1146
-1077
-1006
-927
-809
-638
-489
-406
-390
-368
-299
-241
-213
-185
-126
-34
79
189
300
407
495
526
523
525
564
650
775
912
1044
1144
1188
1189
1186
1209
1269
1387
1505
1592
1650
1683
1716
1782
1835
1851
1852
1881
1945
2002
2044
2069
2074
2042
1986
1925
1887
1909
1960
2003
2029
2006
1962
1943
1947
1940
1915
1912
1932
1966
1982
1972
1894
1773
1668
1624
1646
1694
1730
1727
1696
1652
1628
1602
1603
1596
1581
1556
1501
1432
1351
1317
1207
1152
1163
1160
1174
1191
1223
1206
1179
1145
1106
1076
1070
1070
1058
1041
1025
955
864
776
717
677
648
673
685
712
707
680
668
621
619
624
626
641
616
595
556
535
507
477
466
441
460
467
467
450
430
405
365
344
327
334
373
407
429
423
392
365
346
338
351
357
362
363
346
328
284
235
208
203
211
232
232
221
206
200
212
222
234
239
233
225
200
171
143
129
142
154
157
155
153
155
151
134
120
110
93
76
51
42
30
3
-37
-87
-120
-130
-114
-97
-78
-58
-51
-53
-80
-115
-138
-152
-158
-177
-195
-214
-238
-260
-292
-333
-365
-388
-412
-427
-442
-438
-441
-462
-498
-551
-589
-628
-656
-683
-703
-728
-758
-773
-783
-790
-784
-756
-726
-695
-692
-714
-741
-756
-772
-785
-770
-758
-741
-754
-781
-790
-801
-799
-785
-770
-755
-732
-697
-657
-630
-619
-606
-597
-573
-536
-515
-501
-487
-492
-478
-466
-460
-446
-419
-362
-329
-300
-273
-251
-233
-222
-212
-194
-170
-141
-124
-111
-89
-58
-21
-12
-17
-40
-64
-67
-61
-50
-38
-22
-10
0
6
19
10
3
-3
-35
-61
-83
-96
-86
-67
-58
-63
-78
-117
-142
-149
-153
-150
-155
-176
-204
-227
-239
-252
-263
-269
-269
-278
-288
-316
-331
-337
-341
-345
-373
-371
-391
-383
-377
-379
-358
-344
-325
-308
-299
-286
-250
-220
-186
-163
-139
-138
-122
-97
-92
-100
-89
-77
-68
-45
-42
-51
-57
-59
-70
-70
-77
-72
-63
-60
-69
-85
-81
-68
-50
-43
-37
-28
-4
26
43
49
48
57
74
100
102
94
82
74
72
68
85
94
106
125
142
165
188
208
229
247
245
251
255
241
246
238
251
255
250
243
224
230
219
210
184
199
168
171
148
110
109
79
60
22
-6
-24
-35
-63
-73
-116
-137
-191
-208
-237
-288
-279
-344
-337
-346
-399
-371
-392
-424
-398
-442
-467
-458
-514
-516
-517
-574
-546
-571
-604
-584
-630
-630
-605
-612
-594
-581
-573
-550
-547
-528
-503
-495
-462
-463
-465
-459
-473
-459
-444
-439
-429
-417
-401
-394
-390
-397
-397
-372
-350
-331
-308
-276
-252
-225
-214
-216
-204
-189
-176
-152
-151
-130
-122
-115
-108
-144
-154
-163
-164
-153
-128
-110
-86
-83
-87
-90
-97
-104
-112
-110
-128
-141
-155
-179
-194
-210
-219
-205
-205
-202
-211
-216
-219
-224
-222
-221
-223
-231
-240
-229
-214
-202
-190
-194
-208
-225
-219
-222
-225
-225
-232
-234
-227
-221
-220
-221
-232
-228
-222
-226
-225
-216
-220
-220
-210
-239
-250
-255
-267
-260
-251
-232
-230
-234
-235
-248
-244
-244
-229
-222
-218
-223
-228
-244
-255
-243
-244
-216
-191
-171
-146
-139
-132
-136
-134
-125
-107
-88
-76
-46
-24
12
35
52
59
66
71
88
105
113
138
144
159
162
164
176
191
204
227
255
279
312
325
345
359
348
381
398
400
421
433
461
491
514
531
544
549
570
597
614
616
634
654
663
672
673
696
722
752
771
802
815
829
832
832
845
857
872
885
882
885
895
902
905
901
892
886
889
890
893
888
885
873
874
863
855
865
855
865
862
857
854
855
856
860
855
833
818
798
773
754
733
733
726
712
709
696
674
649
623
595
577
554
537
522
508
488
470
450
413
384
357
326
297
266
244
221
186
166
130
101
76
57
40
12
-25
-68
-104
-122
-151
-186
-215
-249
-271
-292
-315
-348
-373
-400
-427
-462
-486
-519
-531
-553
-558
-573
-596
-609
-626
-638
-649
-652
-663
-659
-661
-672
-683
-688
-681
-689
-684
-690
-686
-695
-707
-710
-712
-705
-700
-681
-671
-653
-643
-630
-622
-614
-598
-587
-565
-538
-519
-507
-472
-452
-441
-419
-413
-391
-386
-373
-356
-336
-319
-309
-287
-282
-253
-225
-208
-191
-164
-139
-115
-87
-72
-63
-50
-37
-21
-1
20
36
44
50
66
78
91
103
107
125
137
148
164
168
165
183
201
215
223
225
227
224
222
234
239
248
258
255
257
250
238
245
250
257
267
262
256
259
250
246
253
238
238
239
246
250
242
233
219
190
179
167
169
165
165
159
140
127
89
58
30
25
24
10
-8
-30
-35
-39
-45
-67
-88
-106
-122
-133
-146
-157
-167
-175
-193
-208
-223
-227
-222
-223
-231
-242
-245
-265
-274
-282
-291
-280
-277
-271
-279
-294
-313
-319
-320
-320
-326
-327
-327
-334
-338
-354
-369
-366
-371
-377
-377
-381
-375
-381
-372
-369
-378
-355
-350
-351
-344
-345
-340
-334
-330
-327
-322
-319
-305
-296
-296
-288
-273
-264
-256
-249
-241
-237
-235
-222
-211
-196
-178
-163
-149
-148
-135
-125
-119
-102
-81
-63
-45
-31
-17
-13
-7
10
21
35
42
59
77
83
82
78
81
92
102
95
94
93
85
90
96
96
93
93
87
93
96
91
85
85
90
89
95
94
91
86
72
56
53
53
51
46
42
46
38
36
29
21
6
-3
-3
-4
-8
-24
-36
-46
-49
-58
-74
-79
-80
-90
-97
-105
-116
-121
-132
-136
-128
-117
-112
-105
-97
-102
-100
-92
-91
-86
-89
-85
-85
-93
-105
-99
-93
-88
-79
-75
-77
-77
-74
-75
-61
-55
-46
-33
-23
-21
-10
-8
2
12
24
34
47
55
68
76
85
97
108
124
129
138
144
153
157
165
170
177
183
187
193
198
207
209
208
203
193
178
166
174
177
196
196
186
184
181
176
171
167
151
147
133
112
110
117
114
110
100
94
76
71
79
74
67
54
52
35
32
25
15
13
7
-3
-20
-26
-33
-45
-64
-66
-74
-62
-60
-60
-76
-87
-88
-88
-85
-91
-102
-117
-116
-125
-115
-114
-113
-117
-116
-102
-102
-100
-99
-97
-93
-93
-88
-75
-57
-61
-53
-44
-38
-29
-28
-28
-37
-25
-18
-2
6
12
20
24
26
28
25
17
20
9
12
11
8
0
-7
-14
-24
-17
-18
-14
-15
-11
-12
-21
-15
-8
1
11
19
25
27
31
37
44
43
44
36
24
22
25
29
41
37
31
32
33
29
27
28
27
36
46
53
64
78
79
93
101
99
107
117
115
122
130
134
137
130
129
127
124
128
130
131
127
126
116
100
81
73
72
62
60
45
43
20
9
-1
-13
-21
-32
-44
-55
-64
-69
-74
-77
-80
-96
-104
-111
-129
-134
-135
-147
-155
-163
-171
-177
-180
-171
-172
-185
-202
-210
-211
-206
-192
-186
-187
-196
-197
-205
-213
-220
-225
-225
-234
-230
-233
-228
-231
-231
-234
-241
-235
-232
-217
-210
-206
-204
-205
-208
-204
-206
-197
-186
-181
-170
-163
-159
-165
-167
-165
-154
-140
-131
-118
-101
-96
-89
-81
-80
-72
-66
-51
-37
-22
-5
3
10
22
36
43
55
72
87
102
108
119
138
154
170
179
194
209
222
234
246
253
259
276
288
296
315
314
326
334
333
336
337
328
316
306
300
305
296
300
306
304
297
286
273
262
252
250
240
228
225
213
204
204
189
177
171
155
154
155
150
137
127
110
95
85
75
72
70
69
64
63
57
46
33
17
13
7
9
14
15
16
8
2
0
-3
-4
-2
-5
-13
-22
-39
-41
-58
-68
-56
-52
-57
-60
-58
-70
-74
-85
-92
-90
-105
-104
-118
-126
-131
-133
-134
-124
-118
-126
-141
-165
-178
-187
-181
-168
-145
-144
-154
-159
-168
-175
-173
-157
-153
-148
-141
-146
-147
-135
-120
-113
-98
-95
-95
-93
-94
-84
-70
-56
-41
-32
-31
-24
-15
-3
4
16
25
33
36
44
55
72
85
98
102
104
111
120
131
139
142
145
148
146
158
162
173
177
185
185
192
193
190
193
191
197
195
198
197
191
185
188
185
179
171
160
154
152
156
153
148
131
126
128
120
116
111
98
92
84
82
79
82
75
74
67
50
41
22
14
5
-4
-20
-22
-31
-47
-59
-68
-73
-82
-83
-97
-112
-125
-133
-143
-154
-154
-164
-160
-162
-170
-176
-181
-191
-189
-186
-188
-186
-182
-181
-178
-176
-177
-186
-200
-209
-196
-188
-185
-186
-189
-195
-196
-200
-197
-197
-198
-196
-198
-200
-209
-196
-188
-182
-177
-173
-171
-161
-153
-153
-151
-143
-141
-137
-124
-103
-91
-87
-82
-82
-72
-65
-66
-60
-55
-49
-42
-37
-37
-45
-55
-54
-48
-43
-36
-38
-40
-37
-34
-25
-27
-26
-39
-46
-47
-52
-46
-44
-50
-51
-44
-52
-45
-45
-48
-55
-58
-65
-76
-84
-89
-96
-102
-100
-103
-107
-113
-119
-126
-126
-135
-141
-147
-150
-152
-161
-162
-163
-159
-162
-161
-166
-172
-170
-166
-169
-176
-187
-189
-180
-170
-168
-166
-163
-167
-164
-154
-148
-151
-156
-160
-161
-155
-144
-132
-124
-118
-117
-118
-116
-114
-109
-99
-87
-71
-70
-68
-61
-58
-54
-45
-42
-41
-38
-33
-20
-4
0
11
16
24
27
35
35
38
50
50
56
63
66
67
66
69
74
91
90
99
112
109
117
119
131
144
142
129
132
131
133
144
141
150
149
138
132
127
135
127
126
123
117
106
97
95
90
82
68
71
65
68
63
56
56
47
48
47
41
39
40
32
36
44
40
35
27
32
41
47
49
44
46
49
57
63
72
67
71
74
68
73
75
81
83
81
77
72
66
65
69
71
73
75
69
71
73
73
82
90
95
88
85
84
74
78
85
82
84
87
84
80
76
76
75
84
81
78
78
73
77
78
88
82
86
76
62
60
51
59
58
53
55
49
49
51
51
56
58
61
57
62
69
74
67
73
79
90
95
105
114
109
112
117
123
144
154
147
140
141
148
154
161
164
168
167
160
152
161
159
157
153
156
165
164
161
148
142
128
128
124
123
121
119
114
107
106
101
97
91
75
73
76
73
77
65
58
47
44
36
34
22
18
19
10
2
-13
-21
-34
-37
-39
-46
-60
-72
-84
-104
-113
-117
-124
-141
-154
-172
-193
-203
-216
-230
-249
-261
-274
-289
-296
-313
-325
-329
-332
-345
-359
-371
-388
-399
-404
-416
-420
-425
-439
-456
-470
-476
-480
-486
-501
-507
-511
-513
-516
-509
-516
-511
-507
-515
-516
-520
-504
-504
-499
-490
-478
-481
-474
-477
-479
-462
-467
-458
-451
-440
-412
-404
-392
-386
-390
-392
-383
-375
-367
-356
-349
-340
-320
-305
-289
-261
-263
-255
-239
-232
-217
-206
-205
-194
-176
-165
-146
-134
-125
-111
-96
-78
-67
-63
-52
-44
-34
-15
4
9
18
22
22
17
27
33
34
44
53
49
56
57
59
60
57
55
50
45
37
35
31
24
11
5
8
14
-3
-8
-16
-21
-24
-23
