-31
-34
-45
-59
-81
-95
-113
-127
-136
-136
-131
-129
-116
-106
-89
-77
-72
-72
-69
-71
-66
-66
-69
-75
-85
-111
-112
-122
-125
-117
-111
-95
-90
-82
-66
-53
-51
-46
-43
-42
-57
-68
-74
-85
-97
-103
-103
-100
-104
-99
-79
-68
-57
-51
-47
-41
-44
-39
-48
-45
-55
-72
-81
-86
-94
-95
-86
-78
-64
-55
-43
-39
-40
-35
-29
-26
-27
-25
-30
-41
-50
-56
-62
-67
-64
-62
-55
-44
-37
-34
-20
-18
-9
-25
-26
16
15
-36
-27
11
-2
-29
-14
-21
-49
-32
1
-8
-7
12
20
19
30
42
20
-5
24
34
-3
-10
0
-5
-4
22
25
5
17
28
13
16
44
48
30
45
53
48
60
76
72
54
42
35
18
32
51
43
58
73
75
73
72
73
65
65
82
83
79
84
63
39
18
28
41
28
-13
-29
-15
-5
-5
0
9
6
10
50
66
64
55
65
66
54
24
-10
-34
-26
-10
-36
-49
-24
15
40
84
113
91
66
94
112
84
60
55
63
89
114
116
97
93
98
98
107
116
117
137
212
290
294
249
226
207
160
101
45
-24
-56
-39
-28
-45
-19
5
32
41
104
59
42
-26
26
-109
-75
-232
-130
-374
-123
-1391
-5440
-7441
-5342
-2507
-1996
-858
1003
3479
4757
4323
1752
-983
-3110
-4256
-4792
-10388
-16106
-17285
-15652
-17354
-17772
-14266
-7725
167
6893
10407
12038
12171
9766
6582
2758
-2801
-7357
-9275
-8300
-6810
-5183
-5218
-4348
-1156
1282
3482
5131
7007
8749
11447
12188
10571
7290
4050
755
-1792
-4124
-6516
-6855
-5010
-1714
1153
3650
5447
6537
7950
9362
9732
9968
10546
10866
10556
9819
7523
4982
3114
2623
3430
4770
5821
7996
11050
13077
14529
14543
12845
10703
10197
9928
9730
8979
8061
7108
7612
7436
4504
524
-1643
-1733
-945
539
1067
2671
6291
9997
10975
8451
2430
-3993
-8334
-11185
-13520
-14967
-15075
-11874
-6682
-2776
-1672
-1924
-2948
-3509
-3439
-3969
-5509
-6606
-6032
-4931
-4615
-6351
-9616
-12427
-13509
-13883
-14204
-13578
-11682
-8170
-3632
-301
456
-782
-2138
-4553
-8617
-12875
-15838
-18031
-18978
-19979
-20187
-17957
-15325
-13286
-10887
-7275
-4451
-1915
-86
788
674
-335
-2009
-3701
-5535
-7363
-9065
-9186
-8253
-6268
-3968
-1840
413
2631
4079
5154
6775
7575
8900
10588
11140
10012
9526
8749
8530
8615
8867
7777
9761
11691
13705
15550
18395
19495
21467
22863
23840
24133
24025
24073
24695
26279
27791
31114
32574
32733
32767
24105
-4627
-30089
-32768
-32680
-32744
-32768
-30293
-5313
20084
28374
26452
23877
18911
9183
1713
-2606
-9583
-17960
-18750
-10691
-4756
-11398
-24698
-30471
-27390
-22998
-19951
-14582
-5332
7180
19706
26723
24812
15085
3026
-7821
-15429
-24870
-32079
-32768
-29148
-17669
-8623
-4246
-2891
-1321
802
2599
2167
445
-952
1201
5507
6687
2067
-8573
-18747
-23436
-25234
-28904
-32630
-32386
-23390
-8930
1525
5602
6340
6269
7152
5726
702
-7127
-12721
-12649
-8855
-6986
-9310
-12409
-12095
-8191
-4272
-2979
-2242
1055
8056
14467
17170
15774
12807
10090
8615
6443
3046
867
1678
5241
11588
15890
17369
16650
19386
22715
25743
24793
23123
24152
27743
30268
30189
27857
26129
27254
28653
28598
27479
29738
32377
32767
31670
9133
-22633
-32768
-30586
-31670
-32688
-32768
-17180
10419
23238
27093
25809
20385
9438
2571
-111
-7222
-19625
-23713
-14825
-5491
-8216
-19802
-27688
-27737
-25181
-21794
-17835
-12304
-2889
11232
22574
24865
17934
6529
-4078
-11932
-19895
-30420
-32768
-32476
-24515
-13212
-7183
-4294
-3344
-1769
-419
235
-1667
-3893
-3170
533
-753
-4740
-10621
-18954
-29368
-32768
-32307
-32768
-29934
-21012
-8954
2808
10762
13463
11680
7953
1546
-4731
-10734
-14663
-15879
-14735
-12904
-11204
-9786
-10218
-8810
-6036
-2526
2157
7653
13341
18174
21861
22118
20649
17979
14480
11031
7981
5959
6148
9303
14317
19029
22329
23843
28286
32455
32767
32725
32767
32705
32767
32698
31687
29372
30093
32765
32767
32578
32767
28765
2807
-27275
-32768
-32425
-32768
-32566
-32055
-7319
20725
30135
31774
31005
24508
11345
-520
-6547
-14905
-26881
-27211
-15884
-9228
-14428
-23671
-28741
-28229
-26316
-23955
-18405
-10087
2454
17497
27111
26189
18064
6489
-5937
-17349
-29155
-32768
-32333
-32768
-26177
-14160
-7071
-2132
-261
1371
3076
2539
-1059
-3548
-3299
-4335
-4562
-8861
-16405
-29858
-32768
-32734
-32538
-32768
-28273
-15310
-817
12986
18537
16891
11286
4841
-2073
-8207
-14378
-20903
-23666
-20140
-14529
-11248
-12328
-10244
-6095
1490
5354
9215
13515
18680
23299
26059
24130
18918
14248
9939
7731
7762
8384
9137
15469
23832
30805
32767
32603
32767
32676
32767
32701
32767
32710
32767
32707
32767
32695
32767
32664
32767
32606
32466
13710
-22744
-32768
-32020
-32768
-31971
-32768
-18978
11392
27125
29841
29815
26692
14062
1490
-3064
-8660
-19510
-27207
-22724
-13915
-13115
-24252
-32375
-32741
-31335
-27019
-19866
-11609
-2068
12125
24444
27947
21782
10489
-2902
-14769
-25581
-32723
-32630
-32768
-31247
-20291
-10501
-5112
-2941
-1347
689
2479
314
-5045
-9625
-13463
-13116
-15288
-25220
-32768
-32768
-32451
-28991
-27114
-20923
-11684
169
8348
11702
9796
5881
730
-4222
-10634
-17115
-23301
-24342
-20132
-13648
-9875
-8943
-3917
2411
7723
10814
13031
13335
17379
21501
22376
21010
18912
14945
12190
11420
11449
11779
15445
20070
25466
29850
32726
32767
32758
32767
32759
32765
32767
32731
32767
32671
32767
32577
32767
32419
32767
32087
32767
8487
-28476
-32768
-32385
-32768
-32002
-32768
-16613
13402
27971
32767
32767
28636
13317
3957
-2055
-13008
-28210
-32575
-22282
-12924
-16193
-26548
-32269
-32768
-32556
-28719
-22647
-16489
-3644
14053
27086
30474
24482
12216
-1657
-13507
-27256
-32768
-32490
-32768
-32548
-23870
-12046
-5978
-1935
124
4348
2775
-3816
-12880
-21778
-23112
-20208
-19350
-25585
-28955
-27066
-21608
-19204
-19930
-19496
-14253
-5851
1667
5194
4366
1566
-864
-3941
-8804
-16906
-23945
-26483
-20486
-12910
-9016
-5802
843
8410
14856
17936
16801
16551
19041
20570
20230
18725
14514
13119
13222
13832
14170
13170
14517
19977
28974
32767
32701
32767
32747
32767
32767
32748
32767
32415
32629
32767
32721
32767
32723
32767
32719
32767
32767
29823
83
-30300
-32768
-32588
-32768
-32441
-32768
-14258
13132
27282
32672
28300
19482
7968
-2728
-14528
-23270
-27624
-27499
-22743
-16003
-14038
-21758
-29057
-31020
-29462
-27879
-23446
-15220
-2148
11858
20826
22734
17855
7474
-4502
-17678
-30175
-32768
-32434
-32768
-30216
-18795
-10221
-5035
-1842
692
-869
-7879
-18849
-28927
-31153
-27293
-23352
-23396
-22099
-18948
-14230
-11993
-13837
-16626
-15753
-11785
-6324
-2676
-1248
-1419
-1714
-3769
-7898
-14188
-20089
-22693
-19904
-13692
-7619
-2869
3731
10127
16467
17421
15760
13196
13372
14325
15394
16596
16642
16928
18041
18994
18882
16321
15486
16296
23049
25942
29349
31820
32767
32767
32726
32767
32760
32737
32767
32238
30210
29720
31626
32767
32653
32767
32729
32767
32727
32610
16169
-18963
-32768
-32195
-32768
-32317
-32768
-20939
2100
20184
26472
25106
18224
8659
215
-3502
-7951
-15181
-18946
-16342
-14704
-16301
-27132
-32768
-32496
-32768
-32768
-31744
-21855
-8551
7135
19653
24670
21598
12357
-554
-12251
-24108
-32567
-32729
-32768
-32768
-28528
-21160
-17922
-14161
-12254
-11330
-16373
-23927
-24829
-22128
-17343
-14802
-12031
-11525
-10753
-12199
-15670
-20306
-25145
-25538
-21633
-16825
-11829
-8648
-4438
-1903
-622
-5478
-10010
-14343
-14429
-12974
-10474
-5913
-2029
2419
6005
8032
7273
7028
7359
8987
12404
15838
17978
20138
22506
22706
23207
21659
18913
16934
16744
19322
22173
26618
30550
32472
32767
32720
32767
32767
32746
32767
32691
32767
32616
32767
32510
32767
32360
32767
32122
32767
31570
32767
12582
-28833
-32768
-32504
-32768
-32325
-32768
-26387
14768
32767
32098
32767
31965
23364
11583
-2553
-19024
-29904
-29776
-21204
-15429
-20631
-32089
-32768
-32672
-32768
-32484
-32768
-28761
-8692
15824
31367
32767
31183
22233
8761
-8502
-28492
-32768
-32490
-32768
-32587
-32768
-27402
-19458
-11599
-7490
-7112
-15145
-23073
-25647
-19161
-13084
-10032
-9713
-10412
-10739
-13778
-19599
-29496
-32587
-32768
-28446
-17591
-10272
-4482
-38
3929
4796
-1141
-8651
-15208
-16240
-13211
-8377
-3364
281
4957
9341
11980
10881
8734
8887
12556
19313
23997
25961
27552
28301
27727
23766
19704
14833
11348
10751
15209
21101
27361
32767
32551
32767
32699
32767
32767
32731
32767
32679
32767
32626
32767
32570
32767
32507
32767
32414
32767
32130
32767
21785
-20788
-32768
-32202
-32768
-32635
-32768
-31864
-935
28998
32409
32767
31658
25386
15321
4062
-13040
-25740
-29123
-22111
-16001
-21045
-31518
-32768
-32672
-32768
-32744
-32768
-32343
-17268
6849
25096
32767
30505
24328
13431
-1140
-22346
-32768
-32576
-32768
-32768
-32603
-32768
-25214
-16462
-8540
-11494
-21492
-26299
-25403
-19762
-16014
-10911
-9753
-5891
-6603
-10016
-17900
-28261
-32674
-32768
-31454
-26730
-20890
-11380
-3399
4312
4134
1822
-3497
-5041
-6844
-9047
-7498
-5557
-1761
2977
8286
9800
10687
12174
13979
18779
20943
21579
23144
26064
26552
25291
22551
18921
18703
19351
21097
24724
27046
32767
32558
32767
32700
32767
32767
32743
32767
32721
32767
32721
32767
32741
32767
32767
32702
32767
32581
32767
32371
32767
32000
32767
-2987
-32768
-32103
-32768
-32768
-32371
-32768
-22664
7107
22899
31014
30660
26052
19973
11622
-2151
-18691
-29740
-28475
-22535
-23903
-31693
-32768
-32703
-32768
-32768
-32634
-32768
-28329
-7759
11987
23613
25661
22626
15484
5223
-11489
-30087
-32768
-32383
-32768
-32307
-32768
-31131
-29579
-29907
-26344
-22140
-21617
-22436
-17199
-9235
-369
2484
-544
-6495
-13508
-21482
-30392
-32768
-32447
-32768
-32182
-21326
-9331
-1641
7750
13937
15469
10322
2118
-3538
-6673
-5978
-3275
-986
1569
6846
13740
17755
18935
17594
18065
22411
26408
26792
25974
26270
27697
27036
23296
19318
18015
19584
22155
26710
30804
32767
32663
32767
32758
32751
32767
32720
32767
32702
32767
32697
32767
32713
32767
32760
32735
32767
32611
32767
32545
30622
-9636
-32768
-31863
-32768
-32624
-32531
-32768
-19276
10389
23266
28097
23139
17072
13100
8228
-4314
-20949
-30914
-28701
-22223
-24009
-31542
-32768
-32619
-32768
-32736
-32725
-32768
-25461
-6387
12055
21813
21351
16255
8321
-931
-15500
-31189
-32768
-32699
-32768
-32761
-32753
-32329
-32728
-32745
-28969
-21640
-23430
-22480
-17287
-6685
2714
3392
-1939
-10288
-17852
-25850
-32163
-32768
-32468
-32768
-29065
-13998
-4387
2015
7930
12421
13146
8097
2359
-2211
-3069
-202
3017
4556
7179
10849
14693
16759
17907
14797
14375
17541
22170
25379
26347
28245
29507
29850
28117
25145
22601
22237
24442
28334
32767
32646
32767
32707
32767
32734
32767
32739
32767
32725
32767
32696
32767
32651
32767
32584
32767
32479
32767
32197
32767
15090
-23933
-32768
-32343
-32768
-32599
-32768
-31439
-7990
15285
27590
31498
25829
18670
10883
1474
-12798
-26906
-32768
-32166
-30481
-31765
-32768
-32634
-32768
-32768
-32693
-32768
-27924
-14942
1165
13976
19438
18627
12325
2775
-8920
-25276
-32768
-32502
-32768
-32729
-32742
-32768
-32603
-32768
-30227
-21791
-21530
-21172
-17546
-10007
-2408
44
-1898
-8527
-18234
-26886
-32636
-32768
-32750
-32768
-31779
-19161
-4219
3471
9194
11263
12578
9572
5077
-490
-4296
-3471
1355
4376
6309
8892
11892
12929
16043
16744
16646
18167
22150
27098
30541
32297
32290
32507
32103
30156
25898
24631
23639
23494
23660
26993
31957
32767
32757
32767
32747
32767
32728
32767
32697
32767
32653
32767
32591
32767
32501
32767
32352
32767
31976
32767
13322
-26615
-32768
-32506
-32768
-32599
-32768
-29943
-423
22395
29112
27888
18234
12883
4878
-4929
-23408
-32768
-32671
-32352
-26358
-27468
-32768
-32692
-32768
-32768
-32704
-32768
-29598
-18402
-802
12996
15507
12014
6227
-1490
-11112
-26399
-32768
-32413
-32768
-32626
-32768
-32725
-32768
-32611
-27046
-21714
-21437
-21670
-18824
-10301
-3744
-3309
-7489
-14460
-18762
-22128
-29698
-32768
-32368
-32768
-26189
-13953
-7073
-688
5481
11366
12708
7910
2508
-352
-577
1385
3139
3669
5076
8852
11296
12789
13316
13646
16647
23704
29637
31284
32429
31834
32767
30801
26298
20147
19302
21757
23608
28065
31455
32767
32575
32767
32694
32767
32767
32729
32767
32663
32767
32593
32767
32522
32767
32443
32767
32339
32767
32062
32767
23871
-22068
-32768
-32004
-32768
-32434
-32768
-32263
-10585
16054
26075
28807
23363
16574
11288
4229
-8836
-22617
-31141
-28283
-23156
-27502
-32768
-32635
-32768
-32729
-32768
-32768
-32374
-21343
-1082
15231
22019
19883
14749
5961
-5123
-21735
-32768
-32572
-32768
-32768
-32684
-32768
-32544
-32768
-32331
-32423
-25981
-22362
-19415
-9178
-1653
4550
1619
-7216
-15594
-24129
-31881
-32768
-32451
-32768
-30674
-18963
-8229
1033
5362
10450
11351
11056
8596
4616
2555
3258
5860
6195
7086
6488
8092
11766
14480
15534
18166
21864
25513
30334
31679
31937
32487
32767
30777
27913
25507
20751
21384
20776
25239
31385
32767
32671
32767
32738
32767
32761
32765
32767
32745
32767
32707
32767
32639
32767
32524
32767
32319
32767
31932
32767
624
-32617
-32352
-32768
-32768
-32400
-32768
-22387
9166
24844
31137
28656
22207
14588
5420
-7141
-21203
-30140
-29616
-23669
-23469
-30984
-32768
-32655
-32768
-32768
-32590
-32768
-28968
-9825
9368
21255
23133
19990
12338
976
-15597
-31345
-32768
-32759
-32730
-32768
-32670
-32768
-32632
-32602
-29256
-24600
-24077
-18749
-11206
-2425
985
432
-4900
-10730
-18465
-27515
-32768
-32763
-32690
-32402
-24237
-14057
-5002
6125
13365
15353
12228
7368
3884
2438
2515
2340
2547
2770
5750
9580
11741
11587
13092
18485
25078
30060
31306
32272
32767
32500
32767
29546
21753
18021
18259
20462
23436
26463
29674
32767
32609
32767
32725
32767
32767
32741
32767
32720
32767
32711
32767
32718
32767
32744
32767
32767
32719
32767
32767
27859
-10684
-32768
-32237
-32768
-32768
-32403
-32768
-20334
6954
19930
25737
21049
16132
11699
6189
-4934
-19172
-29819
-31518
-28410
-30621
-32768
-32740
-32737
-32768
-32644
-32768
-30824
-20708
-6581
7742
15084
14865
10336
2627
-5393
-17137
-31066
-32768
-32659
-32768
-32750
-32746
-32768
-32616
-32768
-30310
-25622
-23214
-19763
-13766
-6189
-3220
-4321
-9933
-17853
-23366
-29459
-32768
-32475
-32768
-29850
-19593
-10058
-3307
2229
6207
8353
7492
4697
2569
1172
773
1103
1811
2912
4080
8117
11444
16377
19375
22288
26194
29239
30939
31494
30655
29562
27915
25452
23612
24626
23288
24932
28106
32111
32767
32596
32767
32641
32767
32656
32767
32656
32767
32641
32767
32612
32767
32571
32767
32516
32767
32433
32767
32170
32767
21577
-21492
-32768
-32274
-32768
-32755
-32598
-32726
-11012
12123
23508
30195
26574
22676
16981
7386
-8715
-20171
-29269
-26955
-26966
-31744
-32768
-32729
-32744
-32768
-32644
-32768
-31313
-18987
-1079
13143
19532
19463
16531
8079
-3736
-19908
-32434
-32758
-32752
-32768
-32687
-32768
-32607
-32768
-31507
-27954
-24906
-22756
-17816
-10784
-5693
-3734
-6527
-11151
-17836
-24654
-31650
-32768
-32351
-32768
-29292
-19373
-8965
-157
6846
11542
11114
8545
3817
1475
-1616
-2800
-2299
-130
3349
5968
10252
12997
16734
20505
25190
30085
32416
32767
32383
32767
29820
25925
22248
18217
19217
21442
24685
29133
32767
32685
32767
32755
32760
32767
32734
32767
32717
32767
32704
32767
32698
32767
32702
32767
32720
32767
32752
32767
32735
32767
28280
-10682
-32768
-32297
-32768
-32768
-32424
-32768
-23054
3147
20058
27936
23497
20212
15085
6359
-5968
-19802
-31186
-30692
-26253
-29603
-32768
-32728
-32766
-32768
-32744
-32768
-32576
-25071
-9190
6740
14068
14905
13644
6735
-2232
-15018
-30419
-32768
-32493
-32768
-32561
-32768
-32559
-32768
-31670
-27104
-24690
-22932
-19717
-13684
-9688
-6820
-8045
-11129
-16184
-20844
-28411
-32768
-32375
-32768
-29859
-22500
-14480
-4345
3567
9017
9867
7957
4660
1345
-1710
-3162
-1784
-249
3391
7659
13405
17569
20675
23225
26513
29416
29264
29595
28473
29018
28572
27846
26507
25769
25301
25312
29142
32418
32767
32665
32767
32689
32767
32694
32767
32684
32767
32659
32767
32622
32767
32570
32767
32503
32767
32398
32767
32081
32767
22100
-21217
-32768
-32242
-32768
-32566
-32768
-31512
-10518
14447
25253
27807
19950
14905
11108
2589
-12735
-24653
-30680
-25577
-21186
-27332
-32768
-32613
-32768
-32699
-32768
-32645
-32768
-22771
-3903
9749
15333
14175
11351
4463
-5104
-19428
-32070
-32768
-32700
-32768
-32658
-32768
-31971
-28640
-24011
-23952
-27580
-30138
-27105
-21940
-16644
-12631
-11249
-11334
-13790
-16712
-22942
-31379
-32762
-32768
-30670
-23192
-14955
-8290
-2561
3333
5789
4031
-951
-4207
-5653
-4277
-3112
-2447
-435
4795
9929
11589
11743
13818
17872
23179
27457
29932
30715
32576
32641
32767
31191
27282
24793
25217
25866
24817
24980
28134
32565
32742
32767
32767
32736
32767
32686
32767
32623
32767
32539
32767
32425
32767
32268
32767
32019
32767
31405
32767
17627
-28397
-32768
-32448
-32768
-32357
-32768
-28302
1657
24537
32695
30514
20682
15953
11076
-940
-17085
-28527
-30031
-18909
-15503
-25600
-32768
-32411
-32768
-32548
-32768
-32504
-32768
-21209
2466
17231
20069
17751
14855
6362
-5072
-22533
-32768
-32469
-32768
-32687
-32761
-32768
-30996
-29254
-24754
-22284
-26747
-31081
-27722
-19882
-13566
-10924
-11481
-11785
-13395
-17650
-25071
-32647
-32708
-32768
-30394
-23742
-14470
-7337
-403
4227
4027
757
-2874
-6569
-9480
-8944
-6563
-3293
-31
4619
9157
11527
11963
13588
16870
22172
27126
30873
32325
32767
32757
32709
30717
27127
25178
24013
22599
23443
27632
32374
32767
32765
32767
32756
32767
32743
32767
32724
32767
32694
32767
32648
32767
32578
32767
32471
32767
32284
32767
31791
32767
15258
-25052
-32768
-32432
-32768
-32303
-32768
-26650
-3879
12959
22420
22212
16475
12262
7664
-1122
-10767
-20304
-25744
-22414
-21927
-29875
-32768
-32532
-32768
-32720
-32728
-32768
-29786
-16544
-340
11484
14363
12177
8324
159
-9614
-22026
-32439
-32758
-32760
-32768
-32701
-32768
-30050
-28367
-25765
-21806
-23723
-27908
-26856
-21129
-16641
-13695
-13797
-15164
-15190
-16769
-21921
-28450
-32505
-30871
-27226
-23073
-17735
-12412
-7607
-2613
51
-1517
-3209
-4985
-5822
-4970
-2770
-1698
-296
3213
7098
10352
10370
11310
15139
20923
25398
28614
30674
32093
32767
32274
29730
28835
27572
26944
29116
30970
32191
32736
32767
32727
32767
32729
32767
32731
32767
32735
32767
32745
32767
32766
32749
32767
32690
32767
32583
32767
32398
32767
32100
32421
-2459
-32768
-32206
-32768
-32768
-32391
-32768
-20061
5297
16480
23608
19389
12974
9606
3863
-7986
-19001
-26396
-25639
-19096
-21237
-31416
-32768
-32693
-32768
-32768
-32664
-32768
-27933
-11716
4874
13653
12818
9887
5457
-3195
-13871
-27898
-32768
-32359
-32768
-32419
-32768
-31987
-32326
-30401
-26381
-22727
-26393
-30742
-25492
-16540
-11550
-11604
-13678
-16263
-17008
-20620
-25845
-31822
-32768
-31160
-24667
-17122
-11733
-9100
-6308
-2412
-421
-2405
-5427
-6805
-5666
-3065
-1300
-1744
-1581
2109
5673
8828
10722
13725
18794
25124
29121
30768
31686
32329
32738
32767
31026
27447
26653
27445
29241
29572
29363
31624
32767
32749
32767
32767
32746
32767
32728
32767
32714
32767
32709
32767
32721
32767
32761
32738
32767
32625
32767
32572
30742
-9285
-32768
-31794
-32768
-32455
-32768
-32768
-18114
6935
18448
22499
16095
10880
9833
7066
-1688
-13077
-20320
-20140
-15838
-21774
-32564
-32678
-32768
-32680
-32768
-32585
-32768
-25275
-7582
9530
16910
13840
9293
3952
-4338
-13701
-26694
-32768
-32436
-32768
-32622
-32768
-32692
-32768
-32395
-27373
-23171
-22064
-22229
-24786
-20202
-13817
-14074
-19043
-22896
-23891
-21839
-24300
-29982
-30491
-27602
-23385
-16745
-11805
-10605
-7258
-3873
-1550
-2311
-5015
-9194
-9052
-5491
-4040
-4342
-3317
1291
6604
9606
10868
12243
15060
19962
25610
28567
30027
31458
31907
30812
29551
26878
25420
27545
31381
32767
32634
32767
32704
32767
32737
32767
32756
32767
32767
32762
32767
32767
32759
32767
32728
32767
32667
32767
32562
32767
32376
32767
32019
32767
1481
-31752
-32484
-32768
-32768
-32456
-32768
-23479
1630
15405
23100
19404
12548
10435
7002
453
-9491
-20311
-22946
-17638
-22210
-32333
-32750
-32768
-32732
-32768
-32684
-32761
-24851
-10565
5372
14805
13351
8521
2515
-5647
-13166
-23749
-32635
-32663
-32768
-32693
-32768
-32683
-32768
-32590
-32768
-30824
-29197
-24823
-18118
-11481
-7230
-8274
-12937
-15994
-20710
-25151
-29529
-32768
-32703
-29982
-24979
-19729
-12620
-10327
-7149
-2936
262
-308
-498
-1566
-2124
-1180
-1677
-2585
-2855
-1017
2279
6089
8855
13179
17404
20842
25106
27982
30178
32011
32767
30820
28872
28316
28468
29446
31193
32767
32616
32767
32704
32767
32743
32767
32765
32762
32767
32759
32767
32767
32745
32767
32694
32767
32604
32767
32455
32767
32188
32767
31611
32767
2081
-32768
-32157
-32768
-32725
-32513
-32768
-23088
2939
15425
21748
14904
6812
5827
5491
1734
-5822
-10224
-11886
-8841
-16707
-31463
-32768
-32768
-32711
-32768
-32559
-32768
-25478
-7553
9060
17068
14833
8604
2167
-5439
-12242
-20072
-28746
-31956
-32567
-32768
-32727
-32768
-32696
-32768
-32653
-32768
-32238
-25274
-14843
-6927
-2911
-3580
-8367
-15787
-20639
-25564
-30872
-31870
-31984
-26742
-24125
-20240
-18011
-15044
-12403
-9462
-5230
-2696
1116
3329
4406
4244
2495
-1513
-4013
-5038
-3831
-1851
2653
8023
14882
21291
26060
30075
31834
32767
32697
32735
31133
30385
28482
27606
27281
27589
29137
32246
32767
32659
32767
32704
32767
32733
32767
32758
32764
32767
32747
32767
32736
32767
32741
32767
32767
32743
32767
32673
32767
32733
30377
-6067
-32768
-32306
-32768
-32749
-32570
-32768
-19838
-1395
8087
11945
6005
1311
2295
5649
3224
-114
-5447
-8863
-9483
-21775
-32768
-32574
-32768
-32714
-32768
-32768
-31813
-20835
-6789
4927
10745
7058
1965
-2408
-6824
-11028
-15498
-22171
-26732
-28646
-32451
-32768
-32746
-32768
-32742
-32768
-32700
-30448
-22741
-13673
-7561
-6052
-8785
-13252
-16151
-18675
-20566
-22774
-26058
-27226
-25619
-24621
-24574
-24387
-22895
-17433
-9792
-4075
-645
2527
5104
5155
3470
336
-2942
-3797
-2181
600
3530
6668
9916
13863
18257
20437
22259
24925
29153
32490
32751
32767
32767
32584
31992
31638
30434
30097
30679
32214
32767
32725
32767
32767
32752
32767
32726
32767
32705
32767
32692
32767
32698
32767
32736
32763
32767
32644
32767
32552
31060
-10787
-32768
-31516
-32768
-32255
-32768
-32082
-16932
2790
13331
17477
7412
-1081
2167
9006
9777
5327
-1569
-6234
-8638
-22780
-32768
-32434
-32768
-32736
-32657
-32768
-28785
-16015
-3967
8109
13059
7797
878
-3190
-6364
-8519
-11205
-18049
-23555
-28397
-32417
-32768
-32644
-32768
-32507
-32768
-29683
-23096
-20202
-15284
-9797
-7613
-10191
-14687
-20865
-22071
-21293
-19820
-21213
-24015
-25356
-24657
-22741
-23090
-23478
-20609
-13097
-4212
902
1588
1296
621
774
-1390
-4760
-7656
-6711
-2095
3572
7628
9834
12014
15052
19150
22568
24340
26865
29390
31278
32767
32684
30380
28080
30193
32665
32767
32755
32767
32761
32767
32767
32760
32767
32745
32767
32730
32767
32710
32767
32686
32767
32663
32767
32639
32767
32605
32767
32474
32767
27538
-10471
-32768
-32273
-32768
-32469
-32768
-31957
-17825
-1507
5014
5758
997
-1691
4082
10785
11834
8531
3338
-2445
-8824
-24340
-32768
-32455
-32768
-32713
-32707
-32768
-28776
-17296
-7009
1969
4934
2716
-434
-1825
-1936
-2450
-4847
-11514
-18630
-26529
-32525
-32768
-32745
-32768
-32661
-32768
-27223
-19360
-18358
-16991
-13211
-11254
-11755
-15187
-17609
-17950
-16759
-17237
-21169
-25913
-29721
-29295
-26504
-23089
-19389
-15798
-9294
-3809
-208
-1079
-3386
-4275
-4096
-2877
-4111
-4520
-4005
-1876
1631
4488
6028
7482
11575
16533
20435
24324
26772
29356
30689
30933
30190
27702
26069
26573
28695
31414
32767
32695
32767
32734
32767
32749
32767
32758
32767
32763
32767
32767
32757
32767
32739
32767
32708
32767
32653
32767
32543
32767
32221
32767
16367
-18294
-32442
-32768
-32768
-32675
-32768
-26370
-12899
-3615
-1588
-5033
-8871
-6981
1966
9979
11385
7176
2425
-3402
-12874
-27711
-32768
-32346
-32768
-32460
-32768
-30662
-23929
-16941
-9504
-4391
-3630
-4992
-6085
-3900
-711
338
-2929
-9681
-18469
-27569
-32645
-32709
-32768
-32589
-32768
-27658
-17260
-13268
-15182
-15197
-18635
-24281
-22612
-21593
-20164
-17793
-15018
-15376
-16471
-20575
-25606
-23876
-23347
-19903
-14108
-9701
-7012
-5736
-6691
-8879
-9640
-10070
-9755
-5201
-3093
-1132
792
1975
2325
2718
5084
7474
13227
17480
21457
24967
25756
26076
25701
24756
24028
25653
27871
30412
32767
32716
32767
32746
32767
32756
32767
32757
32767
32751
32767
32740
32767
32724
32767
32704
32767
32682
32767
32659
32767
32628
32767
32541
32767
29676
-61
-25938
-32421
-32768
-32514
-32768
-31217
-21529
-11274
-5077
-4017
-7048
-7666
-25
9549
14013
11871
7134
507
-7350
-20973
-32752
-32642
-32768
-32767
-32713
-32768
-28792
-23220
-17208
-10459
-6562
-4615
-4172
-1320
2603
4624
2376
-4553
-14414
-23884
-31547
-32768
-32768
-32649
-32768
-30207
-22625
-18766
-19211
-20892
-20545
-18041
-15351
-13839
-12952
-11619
-10793
-12114
-15805
-22527
-27244
-28229
-24688
-20442
-17005
-14062
-10889
-7575
-6429
-6915
-8855
-9245
-6232
-2889
-94
119
-1082
-2066
-2393
-1940
-2282
-457
3925
9867
16147
19869
21270
21674
22381
23215
24361
25519
27615
29377
31219
32550
32159
31963
32448
32767
32720
32767
32742
32767
32753
32767
32763
32766
32767
32752
32767
32731
32767
32698
32767
32643
32767
32542
32767
32267
32767
21836
-7196
-27563
-32768
-32517
-32768
-32554
-27831
-18954
-11237
-6301
-6062
-6599
-4336
3432
11837
15819
12695
6410
-2310
-13772
-27455
-32768
-32465
-32768
-32632
-32768
-32321
-27341
-22942
-18277
-12346
-8014
-3948
-1159
1892
4511
5044
1163
-6828
-17003
-26320
-32263
-32768
-32740
-32765
-32768
-30476
-24243
-22428
-23971
-24542
-21706
-17428
-13639
-10519
-10383
-9853
-11263
-13674
-18684
-23688
-27651
-26231
-21746
-17792
-14748
-12894
-11128
-9802
-8786
-9239
-8157
-7201
-4905
-1788
-602
-1473
-3207
-3862
-3182
-1714
156
2753
7271
11710
15033
18294
19529
19732
20880
22880
24846
25703
26691
28178
29466
30814
30511
30575
30946
31069
32747
32749
32767
32767
32755
32767
32738
32767
32722
32767
32699
32767
32671
32767
32635
32767
32578
32767
32453
32767
30218
18900
3386
-21090
-32768
-32445
-32407
-30197
-23258
-18158
-13783
-9881
-6980
-2919
-1069
1263
7163
11119
9919
4033
-5710
-16816
-26197
-32768
-32666
-32768
-32645
-32768
-31289
-26163
-22867
-19337
-15449
-11235
-5372
-1661
721
3039
2191
-1428
-6935
-14974
-23540
-30018
-32768
-32752
-32756
-32531
-28987
-24113
-20538
-20929
-18988
-20178
-21707
-17028
-13228
-10894
-11184
-12219
-15991
-17071
-20235
-23069
-23198
-22176
-18997
-14285
-11138
-10584
-11099
-10747
-9084
-7316
-7155
-7379
-5792
-4595
-2881
-2414
-3874
-4689
-3048
89
2614
6128
7722
9888
12897
15499
17533
17776
18737
19981
22727
24265
25267
26873
27348
28413
28809
30409
32094
32696
32767
32718
32767
32728
32767
32731
32767
32731
32767
32729
32767
32722
32767
32716
32767
32712
32767
32711
32767
32700
32767
31830
20251
7441
-12813
-30271
-32580
-31684
-31972
-27777
-21388
-18007
-14048
-10155
-6784
-3923
-361
4537
9467
10072
5383
-1923
-11340
-19559
-28759
-32768
-32623
-32768
-32716
-32638
-29646
-27012
-23814
-19327
-14356
-8446
-2977
437
2803
3262
736
-4267
-10993
-19141
-25112
-28687
-30607
-31141
-30287
-30050
-27418
-26677
-27053
-27177
-27902
-22822
-17015
-11269
-8685
-7399
-9075
-11101
-13114
-16855
-19724
-19959
-18482
-15357
-13871
-13014
-13593
-14358
-14267
-13802
-11931
-9544
-5954
-1718
1067
2802
1321
160
-105
151
1562
2327
4625
6015
9566
11648
12633
13524
14538
16082
17808
20944
24217
26967
28187
28093
27326
27563
28601
29457
30997
32767
32742
32767
32738
32767
32718
32767
32674
32767
32236
30086
29064
29180
30411
31975
32171
32118
32767
32759
32713
32767
32581
32767
25478
5865
-16054
-28024
-29228
-28655
-26383
-24829
-23350
-20740
-17298
-15935
-15195
-12922
-6393
1257
7626
10981
8117
-222
-8456
-15774
-24109
-30912
-32768
-32737
-32487
-30560
-29955
-28608
-27199
-25209
-20090
-13490
-7895
-2541
1768
2581
1075
-3525
-9972
-15695
-19435
-23028
-24556
-25711
-26638
-27310
-26255
-27945
-31834
-31149
-29415
-22288
-16674
-11993
-10227
-7704
-8005
-9260
-10931
-13116
-14271
-13214
-12008
-10806
-12055
-14349
-15659
-15605
-14175
-13189
-10627
-8199
-4615
-2171
-678
-787
-764
-1242
453
1829
3458
4782
5953
6646
7193
8227
8789
10749
13003
15862
18764
21410
22660
23450
23884
24066
24611
26041
27762
30436
32420
32767
32754
32767
32767
32760
32767
32754
32767
32741
32767
32435
29915
27878
28857
30466
31976
32767
32726
32767
32755
32767
31857
24581
17321
13407
5237
-9863
-23611
-27946
-25840
-21714
-20011
-23284
-24221
-19595
-12258
-8016
-6706
-5023
-1189
1621
2394
999
-5459
-13623
-19518
-23096
-25171
-27284
-30784
-32768
-31668
-29035
-26616
-25506
-24031
-19461
-12703
-7330
-4248
-3595
-4423
-5397
-7173
-10110
-13560
-17115
-19526
-20552
-21116
-23131
-25991
-27165
-29052
-28337
-25816
-22156
-17147
-12437
-9877
-8948
-7684
-8304
-8529
-9540
-9780
-9665
-9123
-9887
-10577
-12472
-13526
-14043
-13720
-11502
-8990
-6154
-4565
-3286
-2513
-1154
-179
352
1388
2667
4225
4777
4799
3855
4589
5766
8219
10732
12981
15210
17024
18955
20755
21960
22446
23458
23857
24949
26277
25658
25585
25476
27243
29238
30713
31464
32390
32631
32331
32631
31396
30257
28635
28050
29227
29885
29420
28880
30419
32241
32767
32631
32767
31119
24063
16353
9801
4810
-4112
-15148
-23069
-23287
-20020
-18409
-21153
-24301
-22323
-17311
-10563
-7646
-5712
-4250
-1535
156
-397
-4288
-10116
-15123
-18876
-20663
-22847
-25132
-27953
-29673
-29795
-28046
-26018
-24658
-22434
-18906
-13411
-8934
-6720
-7140
-7987
-8335
-8403
-9801
-12222
-14963
-17162
-18614
-20234
-22215
-25695
-28529
-30111
-27724
-23585
-19050
-16264
-14559
-12420
-10066
-7872
-7729
-7593
-7557
-5663
-4324
-4344
-6844
-10040
-12142
-12664
-11848
-11324
-10620
-9756
-7287
-4720
-2305
-1149
-684
283
1824
4072
5850
6939
7168
7111
7150
7637
8670
9869
11187
12894
15201
17988
20918
23142
24530
25503
26430
27369
27180
26829
25783
25272
24875
23755
23585
23372
25678
26704
27204
25226
23790
23995
26282
28319
28065
26293
25234
26791
28580
30351
29049
28579
28500
30732
29941
26303
18269
10232
4506
-539
-7219
-16208
-21812
-23516
-20301
-17876
-19240
-21831
-22746
-19269
-14511
-10517
-8509
-7553
-5382
-3010
-2237
-4280
-8504
-12697
-15570
-17144
-18505
-20808
-23258
-25507
-27173
-27600
-27217
-25809
-24006
-21482
-18518
-15079
-11842
-9811
-9290
-9512
-9648
-9213
-8888
-9114
-10601
-12697
-15360
-18556
-21340
-23931
-24520
-24192
-22320
-20524
-18546
-16347
-14512
-12417
-11135
-9569
-8095
-6002
-4025
-2820
-2817
-3360
-4096
-4297
-4918
-5693
-6766
-7149
-6614
-5912
-4920
-4703
-3906
-3077
-1249
219
1948
3465
5392
7243
8679
9136
9194
9923
11365
13374
14638
15411
15652
16471
17591
18900
19607
20104
20924
22410
23799
24748
24880
24319
24109
23800
23957
23486
24168
24697
25283
24948
23448
21520
19394
18950
18585
19310
20072
21312
22029
22405
22246
21411
20663
20346
19777
18443
16152
12990
9540
6190
2602
-3123
-9876
-16384
-20138
-21119
-19810
-19074
-19896
-21483
-22253
-21422
-19612
-17337
-15855
-14347
-12615
-10407
-8989
-8357
-8971
-10311
-11851
-12977
-13746
-14234
-14576
-15199
-16292
-17826
-19030
-19869
-19845
-19490
-18755
-18204
-17115
-15822
-14163
-12914
-12089
-11673
-11419
-11044
-10908
-10760
-10962
-10604
-10294
-9809
-9954
-10229
-10722
-10531
-9868
-8753
-7671
-6496
-5147
-3759
-2540
-2079
-1881
-1825
-1225
-344
865
1601
2003
2406
2765
2717
2895
3479
4458
5755
6517
6900
7367
7909
8909
10241
10690
10691
10482
10163
10749
12101
12721
12712
12399
12521
12603
11662
12037
12536
12532
13307
13430
14033
13706
13934
13920
13172
13260
13449
14004
13397
12638
12100
12535
12498
12385
11913
11838
11479
10490
10352
10022
10047
9901
9616
9580
8947
8539
8151
7446
7438
7196
7220
6991
7012
6589
5700
4998
4578
4447
4445
3993
3847
3511
2904
2486
2167
1688
1437
1194
614
-175
-981
-1166
-1235
-1293
-1626
-2332
-3114
-3577
-3807
-3683
-3493
-3433
-3690
-4092
-4272
-4191
-3976
-3868
-3792
-4139
-4025
-3818
-3766
-3771
-4199
-4358
-4301
-4253
-4483
-4080
-3889
-3415
-3354
-3968
-3686
-3849
-3853
-3454
-3690
-3667
-3760
-3477
-3111
-3084
-3288
-3909
-4132
-4328
-4443
-4821
-5038
-4889
-4706
-4773
-4902
-5103
-4893
-4913
-4878
-4607
-4617
-4924
-4916
-4771
-4631
-5103
-5089
-5162
-4922
-5086
-5408
-5482
-5789
-5521
-5571
-5472
-5772
-5239
-5126
-5809
-6398
-6408
-5903
-5609
-5243
-5959
-6566
-6581
-6003
-6183
-6407
-6551
-6558
-6109
-6540
-7089
-7042
-6909
-6645
-6516
-7179
-7271
-7849
-7473
-6849
-6289
-6634
-7086
-7341
-7704
-7756
-7719
-7565
-7587
-7632
-7779
-7917
-8185
-7924
-7491
-7133
-7407
-8131
-8202
-7772
-7307
-7011
-7491
-7446
-7396
-7233
-7043
-7196
-6906
-6602
-6487
-6203
-5804
-5698
-5594
-5228
-5475
-5254
-4729
-4323
-4030
-4118
-3743
-3729
-3467
-3049
-3035
-2518
-2428
-2151
-1841
-1844
-1888
-1860
-1396
-1026
-747
-411
17
459
189
-81
638
881
968
587
803
1023
1882
2706
2461
2357
2232
2752
3052
3484
3489
3593
4485
4847
4630
4580
4796
5174
5389
5140
4863
5181
5422
5592
5661
5520
5259
5240
5724
5594
6225
6562
6175
5989
5373
5549
6008
6102
6149
6001
5677
5452
4924
5186
6169
6193
6029
4688
4086
4282
4972
5799
5815
5942
5199
4622
4776
5320
6171
5812
5254
4141
4170
5030
5225
5743
5240
4330
3440
3486
4160
4684
5153
4440
3429
3686
4224
4063
3691
3271
2625
2975
3094
3531
3785
3755
3417
2764
2270
1862
2122
2802
3327
3296
2711
2108
1775
2029
2593
3341
3345
2575
2321
2603
3255
3610
3830
3390
3073
3195
3698
4526
4948
4585
3709
2852
2518
2663
2664
2307
1471
819
437
386
246
-287
-1135
-1881
-2131
-2069
-2120
-2261
-2526
-2736
-2768
-2622
-2653
-2854
-3117
-3590
-3886
-3905
-3972
-4450
-4974
-5487
-5913
-6041
-6120
-6356
-6667
-6908
-6878
-6768
-6608
-6420
-6184
-6045
-5982
-5820
-5764
-5701
-5583
-5473
-5323
-5015
-4694
-4428
-4436
-4467
-4575
-4485
-4047
-3666
-3500
-3756
-3560
-3171
-2849
-2657
-2584
-2057
-1041
165
1030
1352
1770
2466
3595
4306
4414
4301
4159
4656
5042
5086
4823
4647
5174
5796
6348
6301
5850
5998
6788
7798
8514
8644
8442
9152
9783
11136
11438
11524
11496
11682
12655
13306
13433
12940
12476
12276
12472
12384
12261
11904
11968
11909
11585
10791
9659
9163
8935
9215
8898
7994
6841
5792
5502
4902
4124
2761
1788
1451
1684
1405
210
-1678
-3072
-3365
-3013
-3041
-4014
-5179
-5780
-5298
-4854
-4971
-5894
-6731
-6736
-6138
-5453
-5471
-5904
-6317
-6458
-6402
-6478
-6492
-6342
-5796
-5192
-4738
-4746
-4748
-4686
-4368
-4098
-4007
-4083
-3907
-3406
-2860
-2471
-2412
-2173
-1737
-1098
-751
-762
-842
-609
-28
581
816
838
826
1106
1397
1493
1334
1299
1679
2282
2824
2968
3176
3499
3998
4033
3395
2734
2746
3727
4605
4446
2993
1661
1425
2612
3492
3030
1025
-963
-1760
-1549
-1395
-2347
-3737
-4675
-4376
-3933
-4062
-5367
-6690
-7085
-6150
-4635
-4144
-4478
-5338
-5853
-5431
-5157
-5064
-5798
-6652
-6749
-6298
-5414
-5371
-6394
-8033
-9125
-8999
-7965
-7293
-7402
-8217
-8645
-8484
-8217
-8483
-9415
-10108
-10025
-8845
-7684
-7183
-7631
-8577
-9311
-9721
-9949
-10163
-10485
-10627
-10610
-10492
-10434
-10634
-10962
-11576
-12040
-12126
-11456
-10285
-9222
-8777
-8834
-8757
-8022
-7033
-6318
-6371
-6519
-6140
-5188
-4189
-4110
-4598
-5021
-4605
-3522
-2544
-1998
-1759
-1239
-382
572
1317
1873
2610
3555
4505
5112
5469
5948
6681
7433
7817
7860
8028
8600
9409
10003
10082
10185
10587
11698
12588
13079
12927
12990
13816
15251
16516
16933
16392
15816
15786
16098
16243
15474
14807
14508
15320
16008
16103
15184
13960
13475
13335
13542
13234
12819
12855
13161
13769
13461
12889
11796
11412
10905
10447
9719
9123
9464
9885
10221
9166
7783
6724
6528
6730
5930
4542
3216
3179
4188
4630
3911
1853
417
72
778
984
237
-979
-1702
-1449
-1113
-1212
-2155
-3263
-4022
-4336
-4352
-4448
-4657
-5038
-5758
-6675
-7651
-8209
-8426
-8782
-9315
-10153
-10678
-10940
-10992
-11520
-12345
-13237
-13516
-13216
-12833
-12820
-13223
-13533
-13443
-13045
-12803
-12837
-12956
-12835
-12364
-11805
-11351
-11095
-10814
-10436
-9986
-9608
-9384
-9093
-8725
-8174
-7657
-7113
-6597
-5962
-5295
-4718
-4247
-3876
-3327
-2635
-1828
-1143
-552
-8
663
1384
1927
2182
2309
2645
3181
3754
4095
4265
4515
5057
5824
6343
6584
6605
6995
7697
8425
8763
8824
9076
9750
10695
11039
10609
9700
9058
8982
9369
9454
8950
8190
7730
7690
7627
7340
6561
5936
5593
5778
6104
6058
5808
5303
4872
4464
4001
3690
3378
3513
3833
4103
4121
3912
3581
2997
2355
1498
684
107
-212
-276
-306
-401
-659
-965
-1363
-1830
-1966
-1812
-1412
-1266
-1339
-1532
-1423
-1034
-806
-1112
-1969
-2605
-2851
-2690
-2675
-2982
-3195
-3031
-2434
-2117
-2387
-3259
-3888
-4028
-3528
-3236
-3359
-3666
-3567
-3044
-2572
-2794
-3533
-4173
-4198
-3593
-2797
-2396
-2370
-2531
-2529
-2428
-2287
-2145
-1971
-1603
-1186
-669
-207
297
514
561
239
-5
238
935
1782
2248
2201
2156
2408
2875
3540
4010
4082
4084
4165
4200
4441
4748
4649
4115
3524
3247
3495
3897
3820
3604
3522
3735
3924
3732
3560
3320
3093
2734
2476
2303
2297
2384
2182
1764
1321
1098
752
361
102
-277
-637
-692
-670
-801
-1326
-1826
-2265
-2490
-2439
-2266
-2472
-3006
-3523
-3951
-4138
-4338
-4621
-4999
-5022
-4750
-4696
-4748
-4870
-4794
-4389
-4014
-4161
-4568
-4772
-4775
-4474
-4065
-4068
-4573
-5169
-5481
-5268
-4509
-3858
-3900
-4390
-4696
-4316
-3479
-3025
-3377
-4183
-4457
-3772
-2677
-2141
-2609
-3719
-4449
-3946
-2783
-2134
-2296
-2840
-2934
-2225
-1306
-915
-1398
-2168
-2448
-1876
-1046
-652
-828
-1225
-1381
-1116
-850
-745
-722
-671
-397
-68
66
-134
-372
-546
-584
-605
-629
-634
-619
-591
-607
-744
-1014
-1244
-1101
-672
-345
-423
-726
-833
-730
-564
-553
-708
-1140
-1463
-1265
-847
-662
-856
-1296
-1611
-1366
-921
-867
-1180
-1455
-1264
-600
-161
-151
-449
-808
-741
-388
18
105
23
87
438
982
1338
1444
1215
1059
1117
1359
1592
1658
1645
1604
1632
1556
1554
1695
1871
1914
2009
2253
2583
2832
2749
2305
1942
1993
2204
2486
2602
2562
2375
2311
2321
2311
2175
2012
2061
2273
2646
2793
2643
2492
2283
1943
1596
1430
1548
1815
2276
2464
2199
1702
1259
1104
1048
835
522
420
698
1318
1608
1393
744
154
84
272
273
-38
-297
-228
109
428
220
-507
-1099
-1192
-775
-278
-208
-348
-411
-296
-206
-484
-1061
-1517
-1655
-1477
-1271
-1318
-1448
-1742
-2022
-2333
-2571
-2582
-2275
-1897
-1705
-1768
-1877
-1877
-1826
-1818
-1969
-2060
-1895
-1551
-1426
-1676
-2149
-2357
-2135
-1776
-1649
-1879
-2021
-1997
-1877
-1948
-2310
-2726
-2827
-2577
-2303
-2260
-2486
-2693
-2677
-2552
-2619
-2847
-3031
-2780
-2244
-1664
-1409
-1437
-1424
-1273
-1015
-1010
-1110
-1162
-824
-298
89
58
-303
-428
-277
104
294
190
54
171
654
1289
1629
1533
1321
1331
1618
1917
1988
1826
1656
1767
2045
2230
2145
1841
1590
1484
1763
2036
2125
1955
1537
1528
1754
2168
2263
2007
1648
1527
2014
2526
2727
2306
1991
1869
2244
2538
2309
1726
1122
1213
1530
1895
1774
1374
1053
886
865
617
265
-108
-117
158
475
694
646
590
310
193
-41
-69
-104
-203
-315
-483
-403
-401
-442
-760
-1013
-1140
-939
-770
-765
-884
-1001
-916
-881
-886
-1267
-1745
-2242
-2375
-2182
-1925
-1858
-2098
-2173
-2088
-1713
-1654
-1973
-2337
-2169
-1372
-659
-465
-881
-987
-680
-163
-477
-1390
-2074
-1906
-872
-302
-479
-1222
-1314
-616
22
-161
-1036
-1368
-713
498
854
354
-308
-316
135
303
142
-149
211
631
908
792
807
1035
1147
1158
959
1204
1702
2073
1909
1702
1864
2315
2485
1933
1088
609
991
1404
1310
739
427
857
1454
1539
926
344
338
992
1391
1154
722
779
1290
1588
1354
591
111
240
642
488
62
-355
-317
172
381
230
-329
-344
-75
230
321
-128
-385
-387
84
331
159
-158
-498
-221
104
375
192
-35
-115
120
660
677
452
-79
-231
-307
-103
-118
-346
-327
-202
77
-146
-331
-633
-700
-490
-409
-289
-284
-16
168
228
-9
-385
-681
-719
-501
-239
89
174
349
436
625
493
231
-84
-96
90
496
689
601
415
213
181
133
161
233
528
876
1364
1664
1714
1452
1037
757
483
472
430
329
493
820
1205
1222
1016
634
492
750
1064
1210
1165
1207
1339
1455
1385
901
592
521
774
925
1005
1066
1333
1710
1802
1538
1041
812
853
1062
1188
1107
1183
1211
1256
961
588
166
161
277
427
509
501
522
349
185
-137
-429
-372
-251
-29
14
18
-134
-275
-412
-624
-739
-745
-588
-604
-700
-1025
-1238
-1450
-1607
-1867
-2036
-1959
-1749
-1500
-1600
-1889
-2094
-2122
-2059
-2173
-2421
-2639
-2607
-2399
-2326
-2451
-2630
-2695
-2763
-2761
-2960
-3109
-3213
-3041
-2756
-2571
-2479
-2589
-2740
-2957
-3130
-3266
-3405
-3401
-3184
-2789
-2452
-2385
-2564
-2764
-2780
-2703
-2654
-2692
-2600
-2342
-1966
-1845
-2002
-2339
-2363
-2228
-1925
-1837
-1749
-1593
-1245
-993
-925
-1114
-1171
-1015
-763
-681
-834
-912
-768
-520
-439
-548
-631
-437
-109
67
-119
-365
-398
-271
-232
-389
-479
-348
80
405
430
230
3
-113
-286
-440
-576
-427
-90
265
378
250
32
-200
-336
-426
-282
-20
283
489
529
479
402
289
153
-33
-2
192
488
547
530
435
487
604
630
520
374
380
525
668
644
488
427
499
535
595
547
592
697
835
830
660
578
530
588
508
493
454
634
758
740
562
402
603
672
752
622
612
706
788
872
738
635
606
629
632
666
666
655
644
669
648
596
580
529
586
731
880
846
727
522
457
424
448
381
361
411
387
410
274
277
364
539
565
481
453
464
477
347
217
128
316
576
732
658
512
468
410
362
236
129
281
573
809
859
804
824
850
926
855
854
988
1192
1351
1316
1189
1047
1123
1167
1289
1384
1494
1602
1649
1658
1611
1756
1907
2098
2269
2443
2546
2460
2269
2045
2004
2040
2099
2055
2029
2087
2226
2250
2156
2094
2137
2385
2582
2598
2417
2292
2225
2096
1974
1833
1888
2031
2219
2188
2009
1922
1833
1838
1699
1653
1627
1764
1985
1991
1872
1659
1536
1366
1272
1142
1082
1088
1118
1162
1031
893
706
593
586
556
557
523
567
626
562
329
4
-247
-361
-333
-332
-337
-302
-319
-352
-552
-749
-918
-975
-977
-1030
-976
-994
-946
-974
-1178
-1399
-1495
-1458
-1410
-1336
-1288
-1179
-1103
-1063
-1206
-1438
-1555
-1627
-1578
-1519
-1412
-1273
-1260
-1322
-1526
-1699
-1766
-1757
-1693
-1573
-1403
-1242
-1150
-1214
-1303
-1424
-1546
-1609
-1601
-1460
-1277
-1127
-1046
-1048
-1037
-1016
-1085
-1207
-1274
-1220
-1101
-985
-952
-995
-986
-955
-1014
-1156
-1274
-1313
-1207
-1022
-891
-828
-806
-847
-999
-1194
-1361
-1444
-1413
-1274
-1119
-979
-866
-831
-863
-973
-1119
-1207
-1245
-1205
-1081
-948
-881
-861
-877
-972
-1022
-1065
-1118
-1167
-1092
-990
-898
-826
-864
-896
-935
-925
-941
-983
-921
-813
-687
-604
-606
-660
-693
-699
-747
-775
-747
-666
-605
-506
-410
-405
-362
-375
-343
-306
-289
-194
-131
-22
138
210
207
230
287
398
502
569
615
672
781
849
833
805
756
717
757
802
860
943
1044
1137
1253
1351
1357
1332
1310
1311
1330
1358
1368
1404
1488
1544
1526
1469
1422
1470
1587
1657
1687
1741
1799
1828
1802
1677
1509
1451
1472
1501
1560
1611
1657
1729
1787
1738
1668
1572
1485
1435
1416
1373
1346
1390
1416
1428
1394
1296
1199
1177
1191
1211
1232
1247
1246
1213
1113
959
819
737
663
656
719
789
853
869
812
697
552
423
301
219
224
274
292
259
180
79
-7
-99
-161
-182
-145
-53
-5
-34
-104
-183
-255
-317
-353
-382
-385
-350
-319
-311
-311
-291
-260
-238
-260
-328
-424
-499
-476
-430
-424
-411
-384
-339
-281
-262
-337
-414
-417
-441
-497
-555
-622
-617
-547
-514
-510
-468
-415
-396
-414
-496
-531
-456
-392
-392
-418
-413
-443
-426
-424
-487
-480
-387
-341
-338
-350
-406
-473
-483
-492
-537
-523
-458
-406
-349
-304
-326
-375
-417
-445
-438
-415
-393
-357
-305
-260
-267
-294
-328
-370
-385
-391
-392
-316
-224
-169
-142
-131
-132
-150
-185
-236
-262
-218
-134
-65
-15
17
18
6
-18
-99
-179
-190
-181
-168
-149
-138
-135
-99
-57
-34
-3
11
-8
-30
-52
-71
-97
-120
-116
-101
-104
-126
-161
-173
-157
-137
-138
-160
-152
-123
-112
-107
-114
-115
-104
-102
-132
-150
-147
-118
-86
-60
-44
-47
-64
-120
-192
-255
-281
-242
-176
-132
-81
-48
-58
-74
-101
-125
-98
-29
10
17
-22
-71
-108
-123
-146
-162
-128
-41
19
28
-5
-56
-67
-59
-70
-52
-1
59
118
144
128
121
121
98
75
81
125
170
201
196
161
129
114
95
89
93
86
66
58
67
85
103
124
160
176
197
201
191
166
107
51
24
27
28
53
88
130
155
156
138
121
111
83
62
70
87
86
63
26
14
22
52
68
78
107
130
123
87
34
-1
-2
30
59
78
99
126
143
124
96
58
27
26
31
27
12
1
-13
-4
3
3
2
-4
-1
-4
-20
-76
-124
-170
-214
-241
-273
-307
-323
-310
-262
-228
-202
-204
-199
-193
-218
-239
-275
-270
-263
-236
-225
-231
-239
-246
-244
-237
-235
-249
-250
-243
-229
-219
-219
-240
-261
-249
-241
-251
-261
-288
-294
-278
-271
-259
-247
-249
-254
-254
-260
-271
-279
-286
-300
-280
-261
-222
-198
-182
-166
-167
-183
-205
-221
-231
-230
-214
-200
-188
-182
-188
-209
-243
-266
-269
-255
-232
-195
-174
-160
-162
-180
-206
-215
-231
-241
-239
-241
-224
-193
-177
-169
-168
-171
-176
-182
-200
-239
-262
-278
-278
-262
-229
-204
-192
-192
-211
-230
-249
-270
-293
-311
-340
-346
-338
-335
-333
-353
-381
-395
-380
-356
-350
-339
-333
-339
-329
-370
-421
-470
-499
-489
-471
-457
-448
-423
-391
-362
-352
-382
-426
-450
-474
-482
-507
-517
-516
-511
-499
-495
-488
-467
-436
-411
-384
-348
-333
-338
-334
-342
-343
-353
-370
-381
-378
-374
-358
-351
-351
-346
-323
-278
-237
-217
-220
-229
-244
-256
-275
-287
-277
-251
-207
-160
-143
-134
-122
-129
-148
-156
-157
-146
-113
-81
-60
-37
-18
2
21
43
59
68
72
67
62
52
22
-7
-22
-33
-21
3
46
91
136
176
214
242
265
284
286
278
278
280
272
260
239
228
221
233
262
288
308
329
348
362
373
347
324
304
292
278
275
255
215
201
210
239
271
285
291
298
282
257
227
206
189
180
190
210
225
250
264
272
265
240
214
163
121
86
53
42
27
22
21
25
24
19
33
48
70
77
77
65
42
35
4
-32
-55
-70
-93
-92
-74
-62
-47
-39
-30
-26
-34
-42
-55
-76
-81
-97
-106
-107
-97
-86
-81
-85
-98
-110
-128
-134
-147
-145
-143
-129
-112
-102
-87
-83
-65
-51
-40
-36
-38
-33
-43
-55
-60
-65
-65
-54
-36
-8
18
45
65
85
100
98
94
84
83
75
69
73
75
75
85
102
121
142
163
181
205
225
229
228
224
221
214
204
191
169
154
147
143
143
157
187
215
233
252
268
276
285
278
276
265
257
260
261
261
261
264
273
276
280
271
257
241
223
209
194
185
174
177
189
197
207
221
226
228
213
194
181
176
166
167
168
168
175
180
185
181
184
176
161
156
150
141
142
144
139
128
116
112
112
110
118
128
131
147
155
155
163
161
167
165
157
139
124
119
111
105
101
107
121
131
138
142
142
145
150
155
159
178
184
186
181
165
159
157
156
154
160
168
176
193
195
211
214
210
214
221
220
219
233
229
225
216
211
209
210
212
204
197
177
181
183
188
197
205
216
227
242
234
236
230
216
204
195
181
157
143
125
117
118
125
131
126
132
122
112
108
106
102
99
92
79
72
51
40
27
28
22
6
10
0
6
21
23
14
-1
-21
-35
-44
-53
-50
-55
-43
-41
-40
-36
-42
-51
-65
-74
-82
-89
-88
-86
-92
-90
-86
-92
-106
-118
-132
-133
-124
-119
-119
-129
-132
-137
-144
-151
-147
-141
-127
-119
-131
-134
-139
-135
-132
-122
-108
-125
-143
-152
-159
-165
-168
-166
-159
-150
-140
-130
-128
-125
-129
-135
-122
-110
-112
-112
-105
-99
-100
-100
-116
-121
-108
-96
-87
-84
-79
-93
-102
-113
-119
-128
-127
-115
-109
-96
-97
-107
-116
-126
-126
-120
-126
-127
-125
-117
-110
-108
-117
-118
-121
-126
-136
-138
-143
-132
-123
-123
-124
-140
-155
-171
-162
-163
-160
-161
-164
-166
-170
-172
-169
-170
-173
-179
-189
-186
-186
-202
-213
-203
-209
-203
-185
-192
-186
-183
-189
-200
-205
-209
-220
-212
-210
