-45
-42
-40
-45
-46
-55
-56
-56
-54
-50
-45
-37
-41
-33
-32
-33
-30
-28
-35
-26
-24
-22
-20
-27
-18
-13
-20
-25
-23
-27
-24
-18
-13
-13
-11
-3
-5
-5
-3
0
-2
-3
1
5
-4
2
6
11
9
26
25
24
25
27
31
22
31
40
30
22
36
34
37
29
26
39
45
43
32
34
29
33
48
50
56
59
56
60
55
62
67
67
67
76
79
67
70
82
88
86
93
95
101
111
108
104
103
105
115
111
97
106
110
103
106
104
105
109
106
106
109
119
121
118
122
124
122
117
115
121
125
125
122
129
119
119
113
107
113
110
114
106
104
99
99
99
103
109
99
86
81
79
76
80
76
80
70
64
65
61
60
60
55
52
48
51
48
45
38
43
48
41
41
39
30
20
21
22
19
18
20
25
21
10
14
11
-2
-2
3
1
8
0
0
0
0
0
-9
-3
-13
-7
-15
-22
-7
-18
-19
-7
-12
-9
-13
-14
-20
-23
-17
-16
-21
-27
-22
-22
-16
-27
-34
-34
-45
-56
-64
-82
-72
-37
-35
-90
-87
-49
-57
-90
-72
-69
-94
-76
-62
-60
-51
-63
-65
-58
-44
-57
-71
-72
-58
-45
-69
-69
-55
-48
-71
-80
-81
-78
-67
-87
-76
-64
-72
-80
-65
-62
-77
-87
-96
-94
-98
-128
-140
-116
-92
-118
-109
-91
-96
-111
-111
-112
-104
-113
-122
-116
-118
-130
-129
-116
-96
-90
-93
-97
-75
-52
-43
-41
-55
-81
-98
-110
-126
-143
-167
-169
-144
-122
-123
-112
-87
-55
-56
-79
-80
-88
-109
-120
-108
-93
-85
-72
-53
-54
-83
-101
-117
-115
-111
-97
-91
-97
-94
-97
-101
-115
-108
-135
-164
-155
-111
-93
-11
22
102
76
99
-42
-47
-198
-143
-338
-265
-498
-345
-2237
-11197
-18901
-18990
-14693
-12891
-10055
-3534
5554
13113
16281
16034
13158
7445
1884
-1589
-5503
-12153
-15627
-15027
-9960
-5522
-4224
-4660
-1912
2918
5266
6076
6285
6782
7558
9070
9331
7073
2334
-1854
-3784
-4589
-7447
-9133
-8246
-4268
118
2037
3347
4381
5844
6319
6967
5500
3427
3112
3466
3310
1496
-633
-1981
-1854
-1925
-1999
-1692
-1042
1199
4628
6768
7272
7845
7533
6808
6663
4311
1509
264
666
1404
2286
3377
3455
4499
6763
8887
8776
6778
7112
8351
8809
6679
5955
5527
5856
5653
4601
2665
1629
2336
2744
1916
2079
3122
3575
4264
5506
5648
3795
2983
2683
3149
1248
-620
-1921
-706
-265
-52
-563
-972
-1794
-1694
-2444
-3433
-4571
-5700
-7198
-6679
-5651
-6131
-6994
-6523
-5587
-5364
-5913
-6788
-6993
-6957
-7432
-7480
-7226
-7968
-8515
-8288
-8259
-9060
-9965
-11076
-11492
-13226
-15610
-17023
-16224
-15066
-13888
-12261
-9975
-7553
-5395
-3482
-2145
-2339
-3588
-4002
-3854
-4471
-5675
-6025
-5342
-3881
-2694
-1540
-600
871
2165
3964
5545
6038
6445
6555
6777
6659
6846
6013
6081
7094
7890
8625
9603
11322
12648
15129
16000
17847
18281
17562
16233
16213
15592
13419
12738
13316
15402
17265
17835
17986
18610
18704
15866
9958
421
-9248
-13905
-16943
-20207
-21069
-14313
-7001
-614
4627
9738
10667
8214
5808
4067
18
-5985
-8616
-8600
-9537
-10954
-11551
-12986
-14781
-14584
-14076
-13504
-11211
-6940
-2376
2075
6170
7802
6423
3332
508
-3893
-10422
-15784
-17949
-18496
-18229
-15374
-11780
-8403
-5987
-3694
-3970
-4263
-5028
-6654
-8287
-9917
-10570
-10776
-9837
-9774
-10435
-10952
-10468
-8638
-7426
-6696
-4863
-1767
760
2068
3457
2639
1857
983
-224
-1700
-2505
-3034
-1488
868
3090
4444
6715
8424
9914
11197
11438
12130
12745
13558
14477
15536
15324
14144
13997
13833
13638
13886
15478
16624
18929
20586
22140
22321
21745
21354
21417
22012
21305
21972
20945
16899
8700
-2543
-13163
-19097
-23627
-29481
-28350
-18026
-6857
1429
8504
15943
17966
15761
11433
7539
-207
-8769
-12745
-13556
-15072
-16878
-16535
-16723
-16454
-15502
-15006
-14668
-11464
-5822
-804
3940
8357
10502
8851
5415
1105
-6221
-15257
-22334
-25034
-25900
-24225
-20018
-14088
-8956
-3434
-2414
-5444
-6523
-7475
-9878
-13275
-12566
-11821
-9934
-8971
-8038
-7900
-9160
-10277
-10634
-9881
-9896
-7208
-3651
-188
3621
5546
4538
3278
2869
652
-2615
-3465
-3134
-1182
1165
4949
6904
8329
9491
11183
12633
12446
13402
14549
17032
17694
19561
19226
18924
18458
17318
17354
17374
19838
20509
23681
25623
26879
26195
26648
27774
27955
25183
22009
17489
9078
-7099
-17784
-22835
-26365
-32391
-29986
-18001
-5341
1374
9533
18350
20188
16070
12333
8815
401
-8845
-13138
-14953
-17484
-19485
-19963
-20664
-20326
-18423
-17317
-16063
-11332
-4230
639
5304
10208
12197
9326
5216
517
-7225
-17243
-24388
-27321
-28120
-27101
-22307
-15971
-9535
-5203
-415
-1996
-8243
-10430
-9527
-10566
-14794
-14284
-12757
-9516
-8948
-9130
-10828
-12038
-13281
-11233
-8915
-7648
-5835
-681
3011
6443
5908
3382
195
58
-2041
-4725
-4824
-3305
66
3145
7663
9122
10024
10140
12118
14094
13738
12941
14829
17840
19122
20557
19795
18066
18744
18745
19021
20079
20432
21902
25570
28004
25131
23601
25065
28193
30187
27507
24680
24668
24891
19798
9745
-6402
-21054
-29112
-32095
-32768
-30064
-21281
-10716
2649
16664
22549
20343
15348
12397
7455
-1967
-12292
-18020
-20226
-21081
-19653
-18881
-21280
-22758
-20343
-17608
-15488
-12535
-8422
-2120
6071
11778
12246
9192
4908
-983
-9015
-19072
-27329
-31735
-32142
-27909
-20544
-14886
-10479
-8145
-8987
-8746
-7966
-10495
-14205
-13593
-10230
-7337
-6378
-7737
-8436
-9340
-11474
-13608
-14925
-15888
-14321
-8643
-3811
678
3991
5296
5730
5662
3457
-689
-2628
-3767
-3139
-1465
1141
3895
6539
9123
10825
13156
14437
14854
16359
18409
20477
20447
22170
22404
22575
20447
17949
15873
15550
17351
19115
22211
23459
25419
29865
32767
32634
32767
32767
32268
31918
28563
22246
11845
-4177
-24491
-32768
-32262
-32768
-32571
-32161
-16829
5486
19628
29377
32767
32767
28066
17752
6529
-7405
-18967
-25924
-28775
-30560
-30944
-29790
-28203
-25165
-21188
-17164
-13571
-6289
3090
11418
15942
18532
18119
13214
4410
-5603
-18470
-30902
-32768
-32615
-32768
-32303
-25538
-15257
-6129
-3152
-3306
-3479
-3131
-6154
-9246
-11042
-10714
-10881
-11982
-12458
-12917
-15652
-18244
-17748
-15634
-14008
-10047
-5280
1243
6020
8304
7774
6756
4484
260
-3605
-6503
-6926
-6031
-2619
1892
5690
8706
10922
13754
16109
17028
16523
15749
15988
16663
17074
16410
16790
17198
17291
16998
17750
18756
20308
22783
25101
27296
29584
31117
30766
28928
28058
27812
28787
28746
28787
27664
28256
28969
27059
19869
9952
-6383
-29342
-32768
-32402
-32768
-32598
-30571
-9177
13414
22051
22839
22810
17943
7758
-176
-6658
-16732
-26818
-27106
-22370
-18732
-19758
-22714
-25372
-22870
-18738
-18571
-18798
-12055
-1435
5766
10214
13203
10696
3169
-4649
-11186
-22051
-32171
-32655
-32768
-28862
-23534
-17262
-13711
-12256
-10865
-9445
-10224
-13319
-13643
-12626
-8687
-5621
-5129
-6790
-9410
-10846
-13043
-16517
-20478
-20241
-15438
-9851
-3799
541
4136
6022
7302
6263
2595
-1356
-3752
-3530
-2121
-318
1614
4038
7609
10388
12129
12476
12688
12330
12934
14626
17329
19130
21231
23369
24690
23964
21515
20126
18114
18761
18991
20787
23076
26039
29166
31227
32545
30471
30037
29459
29332
28129
28480
32137
32424
32767
31195
23348
14269
4193
-13098
-31716
-32768
-32701
-32727
-29905
-18596
-2929
11516
20158
23056
21417
13195
2878
-5533
-10961
-17239
-23336
-26026
-24919
-22511
-22335
-25050
-28411
-27581
-24145
-20735
-15674
-8481
-369
6009
11240
12713
8676
192
-8980
-17106
-25740
-32509
-32625
-32768
-29172
-22298
-18748
-16853
-15012
-12190
-11773
-12668
-13953
-13128
-11028
-7838
-5500
-5549
-7672
-10030
-11890
-13517
-16913
-19799
-18849
-13854
-8195
-3831
-56
2530
4835
5862
4955
1999
-1948
-3812
-3620
-2894
-2259
-845
3186
7155
11628
13991
15422
16679
17754
18564
18171
18341
18256
19521
20304
20868
20594
20600
21499
22969
23094
22873
22250
24571
26177
28051
28026
28002
30064
31071
32045
29698
29696
30427
32001
32767
32496
32767
30683
21450
11146
3127
-11725
-30651
-32768
-32744
-32426
-28690
-19904
-5996
8637
17206
19890
19331
12504
3521
-5652
-10466
-16687
-23420
-27869
-27314
-24337
-24105
-26714
-29495
-27549
-23597
-20328
-16466
-9929
-2153
3252
7382
8688
5671
-2010
-10623
-17637
-24497
-31107
-32768
-32768
-32497
-28945
-27149
-23073
-18891
-14155
-12212
-10797
-8568
-6428
-4991
-5015
-5227
-6804
-9181
-11677
-14295
-16557
-18872
-18308
-16371
-12408
-8850
-4510
-99
4118
5843
4947
2598
1166
681
-421
-2030
-1651
667
4003
6553
9249
11191
13471
15286
17729
19733
20474
20323
20766
23336
24108
24456
23341
24495
25437
25484
24758
23544
24499
23955
26305
27862
29134
29106
28846
30404
29366
28081
26911
29213
31335
32023
32767
32461
32767
26993
15240
5592
-4367
-23900
-32768
-32064
-32768
-30513
-24599
-13070
1575
11926
16257
17118
13831
4459
-4472
-9280
-13207
-20651
-26177
-28311
-26745
-25602
-27790
-31932
-32563
-28672
-24674
-20691
-14540
-6691
-646
3566
7588
6936
189
-8499
-15161
-21487
-29037
-32768
-32656
-32768
-30942
-25259
-20398
-16646
-13194
-10439
-7145
-5873
-4900
-5056
-5202
-4630
-5864
-8647
-12670
-14868
-16919
-18015
-18517
-17989
-15349
-11060
-4799
357
4595
6045
7058
7009
6037
3615
333
-1301
-1532
640
3309
6471
9514
13386
17712
21098
22583
21828
21323
22029
21921
20853
19695
20261
21975
24041
24357
24571
23620
23532
24200
25582
26644
24951
25923
25821
28881
30001
31676
31014
31238
32244
31829
30978
29907
30120
30210
26350
18394
8842
2465
-8178
-27390
-32768
-32285
-32497
-29459
-24605
-11430
3933
10272
13543
14451
10646
1090
-6819
-12622
-19340
-27293
-31219
-31103
-28699
-28013
-28333
-29588
-26814
-23203
-20816
-19229
-13257
-6702
-3048
-16
2770
1289
-4549
-10753
-16075
-22346
-28985
-32768
-32685
-32768
-30626
-26502
-21941
-16665
-11093
-7348
-6198
-4107
-3593
-3849
-5565
-6597
-8864
-12490
-15362
-17116
-18155
-19870
-19866
-16779
-12719
-6571
-1598
3864
6944
9813
10227
9151
6898
4148
2452
1260
1705
3160
6326
10803
15259
18737
20389
21643
23216
24231
23792
21428
21184
21790
23301
22132
19658
17792
18241
20184
20683
21600
23605
27224
31995
32719
32767
32668
32767
32488
30234
27299
24381
22495
20964
22792
27179
28587
29267
25233
18039
7536
406
-13057
-31095
-32633
-32768
-29126
-24613
-18677
-4467
5615
9594
9999
8796
97
-8685
-13659
-16950
-23262
-27020
-26619
-24863
-22745
-22874
-25397
-28177
-26151
-23683
-22780
-20638
-14121
-7839
-3852
-370
954
-2745
-8719
-14411
-19632
-26839
-32200
-32768
-32467
-27732
-22528
-19404
-16621
-12145
-9764
-9578
-9723
-8542
-8791
-8588
-8004
-7688
-10246
-12992
-14206
-14866
-17355
-18216
-16679
-11937
-6836
-1337
2032
5285
8733
10108
8752
5533
3139
1828
1389
2411
4629
8104
11462
15686
19308
20679
21263
22046
22554
21990
21452
21588
21826
22520
22176
21297
20540
19461
20420
20597
23864
26468
28925
28783
28874
31378
30499
30111
26942
27363
26172
27334
28066
28096
28923
29972
30711
31081
28863
22245
9679
372
-12559
-28412
-32768
-32573
-32768
-30612
-24082
-8796
3020
6669
8678
10414
7090
-1294
-6873
-12418
-18878
-23670
-25595
-26974
-27683
-28089
-29417
-31182
-29472
-26753
-24868
-21268
-13423
-6537
-3046
319
3122
787
-4716
-11166
-16760
-24389
-31547
-32768
-32765
-32447
-28156
-24147
-18569
-12396
-7755
-5871
-5598
-5739
-7205
-9465
-9809
-12028
-13914
-16103
-15319
-15200
-16136
-16372
-14551
-9867
-5761
-2116
232
3373
6585
8106
7046
5066
3597
2429
2296
2556
4276
5939
10413
14997
19162
21413
22910
25375
25461
25035
22823
22133
21527
19856
18605
17966
19560
21701
23287
25509
26538
27598
28148
29645
29330
27311
26033
27000
27551
28128
26995
28595
28755
28418
28452
28535
27658
26816
29051
26586
16877
4118
-9814
-24460
-31708
-32768
-32439
-32768
-30232
-13554
-605
5465
8794
11047
8709
2979
-2622
-11009
-20168
-25464
-26222
-26665
-28816
-29646
-29234
-28824
-27390
-25866
-25317
-23125
-15889
-9455
-5299
-1134
1432
751
-1583
-6124
-13442
-22513
-28671
-31864
-32763
-32768
-31690
-25268
-19610
-13539
-9456
-6971
-5833
-4692
-5599
-8985
-11166
-12470
-12705
-13502
-14801
-15325
-16304
-15527
-14143
-11968
-9804
-5972
-898
3245
6956
8790
8678
6879
5178
3227
1122
-380
417
3650
8417
12576
17063
20896
23966
26387
27117
26024
24101
22250
21350
21422
21317
20205
19014
18718
18914
19274
19525
19855
23236
26751
30056
31619
31387
30733
30853
32234
30739
29137
28640
29557
31101
31084
30563
27571
27477
23210
12226
-2574
-12725
-24432
-32768
-32590
-31822
-26813
-22781
-11272
3728
9475
9154
8136
6739
-102
-7532
-12960
-19894
-25059
-26300
-25723
-27216
-27653
-27621
-28967
-28331
-25052
-22797
-22148
-16152
-7749
-3080
-1473
705
1224
-3397
-8434
-14547
-20947
-27242
-30608
-31587
-31016
-28166
-23938
-18543
-13779
-10549
-9225
-9691
-8933
-8332
-9073
-10442
-11005
-10832
-11376
-11375
-13423
-15270
-16525
-15085
-13919
-11150
-8181
-3140
714
4611
6467
7588
5501
3842
1995
1189
-396
93
2250
6065
10397
14625
19019
21962
23462
24303
23849
21443
18965
18563
19354
20342
22033
21962
21316
21453
21844
22795
20503
18602
19026
23476
28063
29746
31284
32103
32587
32767
32303
32767
28803
25996
23734
23126
21627
19394
21708
22501
19330
7230
-3272
-15788
-26615
-32768
-32604
-32187
-28612
-17132
-2259
6162
9807
9727
8887
2751
-4325
-12834
-20881
-27823
-28439
-27302
-26245
-24839
-23472
-23157
-22208
-21057
-21382
-22325
-19177
-13498
-8758
-5891
-2799
-599
-2003
-5647
-10494
-16672
-23722
-28011
-29892
-29999
-28404
-25099
-19943
-14677
-9695
-8294
-7374
-8411
-7978
-8891
-10424
-12625
-13456
-12971
-13179
-13090
-14190
-14001
-13259
-12427
-10376
-7993
-4426
-1712
1598
3490
4501
4885
3245
2619
326
-253
-187
1979
4385
7759
12499
16489
19887
22062
23603
24311
23743
21718
19632
18064
18992
19244
18782
19059
21831
23740
24171
24579
25728
27994
30124
29421
27473
26181
27647
28781
28787
26706
26548
27998
29944
31763
32229
31163
29323
30188
23820
12678
-1530
-17283
-30020
-32768
-32504
-32768
-31191
-21846
-6962
3995
8217
10590
9485
6095
459
-4734
-12981
-20803
-22600
-24711
-24740
-26263
-27531
-29420
-28412
-27005
-26126
-24620
-21015
-13128
-7105
-2490
1649
3437
2036
-1542
-5930
-13701
-20773
-26698
-29871
-28827
-28074
-26190
-23541
-18283
-14356
-11428
-10185
-9162
-7475
-7609
-7812
-7220
-7193
-9452
-10872
-12118
-13594
-16105
-17856
-17412
-15031
-12501
-9363
-4922
-450
2309
5211
5226
4962
3082
1772
-243
-1246
-738
788
3667
7249
11621
15610
18478
20662
21667
21885
21405
21005
21667
20652
21335
22047
24042
22690
21806
21109
21958
21684
20294
20852
22778
24934
27373
29743
32057
32319
32767
32633
32767
32459
31478
30287
28534
25917
23284
21287
12830
2533
-4000
-11533
-25534
-32768
-31621
-27978
-24689
-19197
-7348
3373
8012
11361
11180
6705
-112
-5965
-13380
-21037
-25688
-28537
-29951
-28546
-26356
-26766
-27217
-23649
-19883
-18928
-17007
-12539
-10404
-8863
-4868
-2113
-3894
-6846
-9059
-12083
-16237
-21642
-24544
-25845
-24753
-24049
-22918
-20587
-16149
-12303
-11528
-9891
-8429
-7928
-7657
-7149
-7252
-8824
-9350
-10027
-10690
-12699
-14181
-14090
-13608
-12239
-9892
-6438
-2867
684
3162
4795
5913
5325
3897
2834
1826
1345
1466
2571
4551
7910
11372
15594
19760
22085
23409
24160
23720
22937
21524
20366
19097
18643
19291
20242
20703
20821
23269
24186
23811
23988
24969
26436
26505
27061
27594
29491
30827
30524
30433
28759
28049
25958
25694
25267
25972
25602
20417
12148
3705
-7562
-21688
-30864
-32042
-32608
-31011
-23455
-10650
-1185
3797
7446
9792
6629
943
-4212
-10806
-17620
-21163
-23184
-24701
-24130
-24717
-25619
-25362
-24348
-23920
-23522
-20984
-15476
-10580
-7208
-3230
404
-51
-2062
-4951
-10569
-16805
-21847
-25625
-27259
-26125
-24778
-23365
-20436
-17002
-13863
-12314
-11294
-9835
-8653
-7776
-7151
-6794
-8216
-9149
-10406
-12307
-14508
-16475
-16571
-16130
-13815
-11708
-7459
-2475
1538
3806
4767
5719
5231
3881
1583
-330
-827
-940
1147
3769
6861
9383
13109
17035
20014
21487
21875
22934
24149
25122
24063
22978
23562
24279
24313
21671
20525
19607
18878
18235
18975
20511
21958
25316
27382
29170
29183
29830
30909
31630
32258
32767
32746
32752
32767
32237
25643
12533
1150
-11864
-28147
-32768
-32618
-32768
-31787
-22875
-9102
1217
9985
14307
15587
10760
4957
-2088
-7991
-14353
-19769
-23399
-25760
-25568
-26259
-28727
-31424
-30433
-28356
-26234
-21932
-15444
-8724
-2821
2879
5967
4841
1224
-3864
-10034
-17614
-23867
-28830
-30408
-28727
-25440
-22335
-19955
-16571
-13773
-11405
-10647
-10151
-10262
-9384
-7603
-6885
-7751
-9074
-9981
-11459
-13761
-16259
-17918
-17361
-15022
-11537
-7542
-3990
-254
2492
4585
4126
2880
429
-691
-1578
-2248
-2333
-226
3135
6670
9255
11856
14674
18045
19795
21106
22794
24021
24659
24728
24625
23368
21523
19497
19532
19516
19043
19911
22121
24032
24783
25059
24900
25595
26127
27474
28434
29389
31407
32149
32767
32656
31996
30390
29673
26104
17919
7776
-460
-11489
-26298
-32768
-31715
-30026
-27832
-20605
-6570
2052
6656
9421
10714
6994
1519
-3659
-8919
-15268
-19692
-22418
-23749
-24287
-25783
-28028
-28535
-26246
-25039
-23924
-19557
-12595
-7527
-3810
541
3071
860
-2553
-5648
-10656
-17902
-23067
-25211
-25595
-25138
-23783
-20984
-17822
-14936
-13816
-12229
-10131
-8855
-8797
-8403
-6819
-6795
-7444
-8580
-9416
-11956
-14787
-15559
-15751
-15410
-14669
-11469
-7727
-3444
-191
1941
3665
3961
2759
1246
463
-679
-2191
-2020
-161
3018
4673
7159
10746
14744
17219
19173
20409
21699
22840
22902
22511
22739
23623
23401
23143
22488
22948
22163
21059
20352
20679
20634
20583
23197
25693
27960
29525
31034
32602
32625
32506
31251
29589
28240
28541
27868
25218
17670
8400
-1726
-15857
-29003
-32768
-32623
-32768
-31382
-19900
-7207
1714
8662
12954
12549
9053
4384
-2222
-9841
-16835
-20857
-22797
-23566
-25368
-26589
-27459
-26472
-25333
-24440
-22972
-17959
-11605
-6711
-1904
2219
3216
1625
-593
-4622
-11692
-18081
-22691
-24976
-25661
-25177
-22995
-20056
-15479
-13452
-12121
-11367
-9298
-8999
-8714
-8162
-7806
-8367
-8867
-8613
-9703
-11214
-12921
-13959
-13843
-12675
-11274
-9845
-6916
-3821
-1156
544
1369
1557
273
-434
-1783
-1953
-2618
-1544
800
3566
5560
7484
10548
13264
15333
16013
17374
18885
20129
21286
21873
22474
23625
24730
24300
23549
23215
23779
24382
24488
23770
23749
24484
24939
24641
24647
25802
27475
28977
30463
32625
32705
32767
32650
32767
30209
18614
5028
-4445
-20274
-32629
-32412
-32768
-30674
-22973
-12653
-954
5940
10550
11465
10221
5101
203
-4423
-7637
-11469
-14740
-18049
-19896
-22369
-25544
-29712
-31576
-30413
-27935
-24367
-17568
-9183
-3415
1192
4875
5189
1232
-3372
-8502
-14455
-19893
-23350
-25104
-24514
-21877
-19960
-18067
-15194
-13007
-12928
-13674
-12325
-10990
-9875
-8930
-6983
-6540
-7260
-8470
-9488
-11684
-13664
-15694
-15426
-13372
-10457
-7715
-5343
-3194
-2332
-2172
-3215
-3249
-3090
-3181
-2784
-1473
-423
490
1409
2627
2928
4120
5804
8144
10581
13832
16693
18556
20107
22055
23264
22687
21380
20421
20396
20340
20703
20850
21516
23098
25983
26038
24853
23711
24641
26128
26332
24883
24991
27333
30781
32407
32767
32739
32745
32767
31433
23131
9820
390
-10874
-25933
-32768
-31762
-29439
-25070
-16279
-4800
2138
6258
8503
8844
4798
370
-3035
-6015
-9255
-11628
-14151
-16862
-19097
-22409
-26732
-29607
-29740
-28034
-25285
-20049
-12026
-5868
-2365
1801
4110
877
-3925
-7280
-12192
-17339
-20026
-21616
-22664
-21429
-19314
-18053
-16516
-15692
-15292
-14503
-12874
-11309
-9594
-8387
-6701
-6376
-7311
-9297
-10683
-13238
-14831
-15457
-15276
-14876
-12882
-9808
-6643
-4861
-3534
-2738
-1947
-1467
-1346
-1751
-2902
-2484
-1753
-1353
-1518
-1147
99
1812
4085
6117
8634
11289
14494
17461
19856
21726
23110
23662
23475
22775
21128
20158
19597
20247
21192
22957
24734
25329
24457
23816
24187
23581
21640
21143
22187
24420
26872
27450
30363
32450
32767
32717
32767
32154
24026
12989
4129
-6220
-24389
-32768
-31734
-29310
-26882
-19914
-7953
-620
4692
6861
8700
5302
1639
-1268
-2637
-5964
-9284
-13010
-15581
-17929
-22043
-26951
-30396
-30084
-28717
-25567
-20645
-12375
-6965
-2805
1674
4209
866
-3435
-6627
-11099
-15896
-19056
-20771
-21664
-20083
-19207
-18685
-17417
-15553
-15175
-14081
-13544
-13053
-10601
-8715
-7434
-7422
-8609
-9826
-11007
-12244
-14015
-13361
-13387
-12420
-10233
-7632
-6086
-5934
-4840
-4121
-3967
-3517
-2919
-2399
-1459
-534
67
-99
217
-33
922
2139
3282
4885
7470
10186
13008
16116
18725
20135
20988
21676
21648
21368
20286
20144
21559
21678
21799
21302
22286
21366
22018
22594
22713
23432
25302
28708
28476
28932
28648
29238
29535
29818
31387
32550
32767
28781
21061
11419
3123
-5278
-22609
-32768
-31512
-25749
-22576
-16428
-6007
531
4953
7649
8016
3717
-1863
-4600
-4707
-6239
-10145
-13823
-15759
-17855
-21465
-26485
-30197
-30654
-28215
-23771
-18044
-11099
-6055
-2577
1393
3276
-505
-5971
-9283
-11886
-15592
-18241
-19554
-18807
-18737
-18431
-17583
-17622
-17536
-17969
-15862
-13462
-12319
-10055
-7341
-3990
-4040
-6281
-8520
-10829
-12714
-15940
-15118
-14529
-13056
-10632
-7863
-5318
-4573
-4670
-5413
-5507
-4176
-3890
-3010
-1221
-294
437
319
667
-397
-639
409
2559
5454
7441
10490
14033
16037
16894
18105
18901
18645
19567
20475
21275
20846
20837
21642
23231
24034
23960
22990
23426
23406
22804
21690
19951
18927
19364
21743
23359
24939
26291
29281
31288
32583
32764
32198
29217
22267
13247
5439
-892
-13538
-27876
-31703
-26004
-22560
-21266
-13905
-6907
-1291
2777
5988
4834
1850
-168
-934
-1128
-5013
-10880
-15073
-17011
-21321
-25786
-29236
-30952
-29182
-24118
-19576
-14249
-8549
-5171
-2067
1412
-46
-4370
-6416
-7758
-11377
-13922
-15693
-17425
-18805
-18925
-19482
-20000
-19550
-19148
-16494
-14479
-12029
-9602
-7389
-5401
-5670
-6090
-8513
-9462
-10784
-12310
-12477
-13473
-12460
-11885
-9537
-9059
-8298
-6606
-5252
-4017
-3205
-1258
-346
-98
332
1216
1292
-278
-1194
-768
-224
1419
3067
6088
9343
12710
15725
18620
20629
20665
20971
21319
20981
20177
19673
20617
21288
21754
22026
23024
24090
23561
23617
23920
24416
23774
24704
25957
26333
25751
24676
24686
25503
25656
27689
28101
29282
25687
18446
9755
3929
-7705
-25483
-30913
-26339
-22944
-21569
-13065
-5721
-1941
743
3174
2155
-1238
-3974
-4108
-2685
-3739
-7388
-10874
-13384
-17924
-22988
-27603
-30227
-29404
-25636
-20846
-14560
-8775
-6322
-4183
-744
-1292
-5463
-7569
-8020
-10025
-11483
-11943
-13737
-16555
-17694
-18696
-19622
-19873
-19547
-17419
-13344
-10145
-9624
-7386
-6246
-5581
-7646
-9286
-10211
-10779
-10908
-11139
-9727
-10024
-10512
-10271
-9234
-8409
-8118
-6599
-4814
-3616
-2142
-1643
-794
-633
-1019
-1087
-1453
-570
-822
867
2976
5039
6381
7541
9751
10980
13308
14029
15364
16531
18532
20743
21832
22351
21346
21109
20186
20598
20512
20884
20647
22008
23813
24457
23396
22300
23348
24970
26301
27394
29342
31185
32444
32767
32767
31719
25090
17239
8938
3935
-4079
-19442
-28965
-26852
-20683
-19736
-14846
-9280
-5347
-344
3841
5282
2594
197
-142
907
181
-4677
-10205
-14843
-18701
-22437
-26822
-29977
-30435
-26209
-20324
-15402
-11033
-8029
-5244
-2762
-1019
-2630
-4833
-5880
-7432
-8963
-10132
-13200
-17073
-19437
-19192
-19811
-20407
-18416
-17227
-12825
-10434
-7300
-8222
-7783
-6897
-7636
-6953
-9680
-9999
-11634
-10549
-10547
-10945
-11405
-11374
-10043
-8837
-7812
-5775
-4656
-2629
-1807
-1171
-1204
-1777
-1490
-2128
-2045
-3117
-2384
-964
854
2288
3801
5697
8031
10812
13134
14902
15514
16019
17117
19918
20807
19675
18516
17923
19085
19175
20010
20196
21483
23976
24409
25023
23666
22706
23020
24357
25734
25147
26921
28246
31711
32165
30618
28713
25388
18989
9772
4143
-601
-10734
-21344
-22815
-18432
-16810
-15101
-9598
-7432
-4999
-685
2916
1912
-185
-283
753
1159
-2418
-7815
-11806
-15919
-20243
-23434
-24948
-26430
-25289
-20850
-16118
-12352
-10226
-8393
-6011
-3643
-3528
-4147
-4383
-5114
-7084
-8123
-10615
-14194
-17640
-18592
-18626
-18643
-17031
-15888
-12521
-9868
-7891
-9271
-9220
-11102
-10496
-9253
-7713
-7747
-8250
-7053
-7193
-6800
-9224
-10445
-10737
-9746
-7824
-6291
-4257
-4249
-4110
-2798
-2908
-4259
-5030
-3635
-1983
-376
1295
1070
1313
1311
1637
2469
3800
5044
6889
10561
13225
15379
16932
17195
17112
17839
19205
19790
20509
21055
20389
21717
21962
21578
21007
21639
22372
21811
22619
21657
22824
24586
25291
24975
24143
26418
26839
29002
28478
23857
16908
9464
5721
826
-8463
-20612
-23492
-18651
-15764
-13063
-9866
-8755
-8115
-3282
1535
756
-1676
-1995
205
1824
545
-4403
-10247
-14511
-17896
-20549
-22234
-24610
-24995
-21136
-15898
-13368
-11737
-10339
-8963
-6647
-4309
-4007
-4241
-4355
-5161
-6009
-7500
-11656
-16398
-17281
-17356
-17617
-16701
-15879
-14372
-12428
-8843
-9684
-10945
-12097
-11471
-8696
-7304
-6797
-8341
-6920
-6535
-6594
-7456
-9157
-9819
-9260
-6466
-4821
-4357
-3870
-3762
-3141
-3055
-3058
-4439
-3638
-2179
-678
495
1609
1904
2363
3241
3838
5046
6420
7843
10284
13177
14717
15213
15881
16439
16390
17490
18783
20321
21215
23767
24747
25294
24300
20578
17974
16852
18758
19668
22656
24243
26453
28209
28061
28448
26012
24461
22034
18738
15685
11788
8540
3309
-7085
-19147
-21213
-17703
-18352
-16632
-12710
-10020
-5507
202
1386
-2487
-2688
-573
402
830
287
-2627
-6989
-10529
-14626
-18594
-21428
-25221
-25022
-20443
-15910
-14323
-12300
-10387
-9159
-6840
-5377
-5612
-4996
-3597
-2852
-3695
-5696
-9461
-13294
-15945
-17182
-16689
-16104
-16312
-14803
-11543
-10600
-11571
-11543
-11570
-10739
-8240
-6477
-5338
-4517
-3701
-4556
-6215
-7972
-8885
-9528
-9240
-7545
-6718
-5999
-5211
-4256
-3806
-3815
-4011
-3793
-2141
-357
794
1818
2090
2039
2023
2126
2142
2931
4675
6920
9081
10986
12491
13582
15066
16087
17233
18078
18512
18920
19243
20053
20785
21363
21209
20679
19946
19127
19666
18938
18799
18880
21114
24576
27934
28796
27851
25795
23464
21765
18438
12486
6851
3058
1511
32
-5517
-13991
-18810
-17307
-14803
-12761
-11568
-9566
-6475
-2176
518
-105
-1249
-2330
-3106
-2600
-1658
-4050
-8756
-12078
-14013
-15892
-17941
-20479
-21954
-20030
-16315
-13699
-12181
-10880
-9838
-8304
-6347
-5334
-5061
-5244
-5253
-5440
-6864
-9247
-12892
-14823
-15408
-15217
-15485
-15718
-15450
-14585
-13968
-13319
-12335
-10733
-8686
-6905
-6075
-5296
-4922
-5395
-5553
-5799
-5889
-6173
-6331
-6499
-5881
-5288
-4975
-5162
-4977
-3863
-2608
-1579
-1245
-1168
-190
1635
2851
3509
3532
3512
4343
5528
6723
7557
8027
8736
10691
13066
14942
15575
15593
16677
18877
21194
21683
21083
20511
20812
20802
20623
18712
17487
18238
20002
22430
21875
21371
19651
20604
22336
23781
23941
23799
23230
20800
15980
10708
6789
4717
-2144
-11679
-18167
-17176
-13563
-12581
-14075
-15680
-12586
-8724
-5420
-4843
-4635
-3139
-280
1546
1844
516
-2419
-6241
-9269
-11341
-13461
-15696
-17983
-18967
-18664
-17139
-16582
-16718
-16095
-13443
-10158
-7702
-6189
-5055
-3830
-3063
-3993
-5803
-7404
-8084
-8699
-10379
-11930
-13119
-13633
-14638
-15960
-17680
-16417
-14332
-11077
-9318
-7862
-6664
-5578
-4593
-4353
-4209
-4302
-3264
-2406
-2101
-2610
-3453
-4478
-5125
-5574
-5408
-5077
-3604
-2133
-1077
-285
-245
145
274
1799
3232
4574
5441
6493
7508
7671
8607
8822
10372
11343
13228
14443
16127
17253
17991
17945
17274
17884
17954
19242
18711
18623
17982
18007
18551
18375
19228
19350
21134
21036
21418
20729
21233
21878
22416
22868
21171
18912
14312
11599
8017
5449
-628
-7394
-13819
-16076
-14774
-13719
-13500
-15079
-14645
-13626
-10926
-9233
-7772
-6334
-4063
-1347
379
671
-1054
-3435
-6091
-7831
-9602
-11095
-12817
-13980
-15093
-16005
-17016
-17865
-18071
-17481
-15892
-13918
-11388
-9234
-7305
-6400
-6202
-6658
-6651
-6634
-6312
-6663
-7256
-8472
-9863
-11501
-13009
-14039
-14458
-13850
-12989
-11826
-11070
-10370
-9604
-8744
-7423
-6068
-4220
-2817
-1565
-1014
-811
-664
-975
-1064
-1797
-1960
-2379
-2261
-2117
-1926
-1660
-1617
-1065
-259
1182
2776
4032
4892
5303
5940
6957
8190
9694
10872
12154
13251
14057
14399
14576
15302
16442
17479
17818
17474
17005
16559
16343
15920
15118
14740
15119
16161
17035
17012
16594
15096
14413
14131
15860
17811
19382
19755
18144
15902
12454
9969
7198
5222
2754
-414
-4328
-8507
-10901
-12540
-13067
-14283
-15120
-15983
-15594
-14370
-12762
-11261
-9892
-8459
-7457
-6554
-6180
-5527
-5088
-4415
-4355
-4662
-5669
-6618
-7532
-8319
-9185
-10063
-10715
-11279
-11467
-11621
-11557
-11686
-11333
-10847
-10043
-9448
-8673
-7913
-7039
-6307
-5852
-5759
-5914
-5899
-5762
-5466
-5277
-5035
-4661
-4165
-3705
-3478
-3501
-3477
-3077
-2304
-1313
-556
-285
-159
-332
-445
-141
85
-20
597
1369
865
-143
-490
-445
-223
347
1050
1209
1326
1330
860
717
1389
2284
2946
3244
2900
2399
2297
2742
3149
3742
3913
3320
3033
3084
3547
3930
4107
3768
3139
2958
2653
2575
2812
3135
3422
3412
3251
2937
3013
3142
3261
3371
3367
3332
3299
3365
3334
3288
3215
3061
2778
2494
2177
2093
2169
2284
2288
2116
1846
1537
1347
1142
1003
861
754
620
459
241
-51
-273
-468
-627
-817
-997
-1237
-1434
-1535
-1637
-1800
-2006
-2189
-2382
-2460
-2500
-2489
-2445
-2396
-2337
-2273
-2170
-2117
-1983
-1855
-1804
-1820
-1910
-2052
-2040
-1865
-1691
-1582
-1606
-1716
-1747
-1609
-1431
-1191
-954
-731
-486
-297
-175
-111
-5
134
214
239
298
389
522
650
754
857
962
1068
1103
1073
629
-293
-179
887
1249
619
-505
-814
238
1710
2282
1603
39
-2167
-3089
-1656
1480
3728
2980
629
-1378
-863
1365
3142
3250
2234
1691
1881
2268
2548
2716
3034
3358
3309
2784
2460
2821
3143
3262
3217
2942
2651
2564
2617
2626
2699
2851
2683
2218
1833
1686
1888
2087
1938
1431
965
950
1171
1276
1130
979
638
370
347
402
366
162
-240
-635
-782
-1008
-1236
-1572
-1806
-1996
-2062
-2079
-2298
-2582
-2883
-3010
-2890
-2652
-2570
-2717
-3040
-3288
-3288
-3056
-3063
-3334
-3507
-3614
-3621
-3380
-3150
-3293
-3382
-3465
-3488
-3168
-3266
-3051
-2555
-2460
-2238
-2410
-2824
-2508
-1982
-1674
-1846
-1959
-1970
-1777
-1078
-1045
-1272
-1350
-598
-54
120
-211
-983
-488
545
934
564
-51
195
1022
1324
1081
712
424
1156
2034
1671
1001
1442
1995
2139
2468
2187
1497
1821
2517
2245
2457
2369
2313
2280
2231
2193
2617
2781
2520
2637
2403
3266
4650
5656
5611
5336
5606
5987
6556
6887
6494
6508
6389
6500
6523
6148
6067
4897
3904
3765
4453
4903
4715
3480
2464
2494
2573
2720
1982
1196
435
421
341
208
-70
-857
-1516
-2280
-2531
-2774
-2648
-3008
-3441
-4034
-4314
-4338
-4488
-4875
-5607
-5996
-6216
-6061
-6044
-6297
-6774
-7170
-7180
-7079
-6856
-6803
-6818
-6838
-6695
-6347
-6079
-5880
-5915
-5925
-5843
-5605
-5400
-5299
-5146
-4924
-4489
-4080
-3702
-3394
-3155
-2895
-2477
-1847
-1362
-944
-601
-103
430
704
584
547
725
1368
1926
2241
2168
2245
2682
3237
3756
4169
4704
5403
6169
6465
6487
6717
7503
8521
9203
9345
9010
9034
9239
9638
9807
9829
9992
9867
9914
9498
9512
9545
9611
9277
9084
9498
10166
10806
10841
10576
10262
10236
10205
10421
10440
10740
10643
10543
9685
8592
7028
5399
3779
2281
1081
-306
-1562
-3770
-6191
-8954
-10558
-11260
-11041
-10637
-10474
-9998
-9302
-8142
-7573
-7232
-6971
-5803
-4038
-2242
-1248
-1179
-1422
-1630
-1760
-2401
-3323
-4159
-4481
-4326
-4320
-4920
-6109
-7071
-7824
-8200
-8501
-8367
-7768
-6659
-5595
-5241
-5413
-5713
-5175
-4200
-2935
-2361
-2085
-1788
-1102
-521
-430
-816
-1288
-970
-147
831
1140
1049
835
933
1034
952
667
576
1011
1663
2421
2858
3293
3687
4430
5033
5647
6113
6827
7700
8395
8892
8961
9297
9644
10130
10298
10012
9759
9378
9670
9567
9272
8447
7785
7806
7849
7970
7257
6788
6587
7257
7516
7079
6484
6144
6911
7227
7290
6057
5482
5311
5952
6022
5437
4763
4330
4805
4220
2654
-511
-2825
-4132
-4282
-4848
-6544
-9295
-11990
-13763
-14987
-15872
-16880
-17104
-16679
-15274
-14254
-13785
-13919
-13881
-13175
-12170
-10964
-10159
-9309
-8654
-8082
-8114
-8720
-9555
-10397
-10757
-11008
-11060
-11438
-11696
-12088
-12304
-12668
-13094
-13574
-13878
-13575
-12859
-11833
-11169
-10876
-10837
-10819
-10378
-9952
-9489
-9385
-9055
-8417
-7596
-7004
-7206
-7643
-8005
-7654
-7133
-6774
-6959
-7098
-6770
-6045
-5374
-5392
-5666
-6070
-5740
-5301
-4686
-4358
-3778
-2938
-2141
-1634
-1746
-1798
-1738
-1169
-661
-12
752
1873
2873
3316
3064
2380
2262
2670
3501
4056
4571
4756
4879
4491
3837
2900
2404
2248
2718
3185
3519
3623
3272
3146
2819
3044
2697
2763
2841
3612
4513
5216
5105
4206
3197
2430
2705
3122
3700
3488
3069
2312
1535
714
-665
-1696
-2729
-2699
-3045
-2953
-3619
-4710
-5680
-6244
-6140
-6213
-6124
-6175
-5895
-5179
-4219
-3770
-3839
-3865
-3537
-2831
-2049
-1462
-1314
-1184
-810
-254
-2
-167
-468
-560
-179
183
275
13
-26
159
618
812
734
703
1058
1840
2444
2857
2902
3086
3346
3798
4002
4135
4297
4644
5066
5255
5319
5230
5504
5776
5955
5796
5526
5526
5985
6546
6571
6288
5838
5464
5512
5686
5799
5985
5941
6174
6855
7069
6356
5724
5540
5808
6953
7811
7472
6702
5733
5867
6886
6635
5894
6114
6174
5743
5295
4927
4724
4394
4461
3871
3220
3132
3179
3501
3015
2018
1384
1128
1078
712
637
1115
1299
950
-154
-1005
-1224
-657
-28
-262
-1069
-2161
-2673
-2785
-2487
-2055
-2537
-3534
-3729
-3597
-3179
-2607
-2697
-3215
-3525
-3549
-3451
-3157
-2816
-2996
-3250
-3301
-3400
-3223
-2968
-3056
-3404
-3451
-3188
-2826
-2726
-2761
-2692
-2660
-2513
-2359
-2085
-1795
-1716
-1670
-1438
-1167
-881
-495
-452
-519
-365
-60
390
914
1035
921
1091
1477
2341
3127
3249
2999
3301
4136
4677
4945
4997
5025
5301
5685
5947
6203
6292
6617
6765
6438
6510
6738
7138
7102
7067
6908
6755
6884
6230
5996
5971
6160
5941
5196
4665
4567
5015
4692
3942
3276
3201
3084
3098
2814
1886
1282
1482
1694
1391
790
-122
-400
13
20
-611
-1439
-1963
-1833
-1757
-2011
-2531
-2935
-2893
-2967
-3166
-3624
-4281
-4679
-4348
-4102
-4232
-4576
-5020
-5098
-4622
-4453
-4810
-5302
-5302
-5037
-4623
-4382
-4729
-5247
-5087
-4821
-4658
-4639
-4909
-5017
-5208
-5039
-4707
-4534
-4809
-4892
-4748
-4508
-4328
-4202
-4151
-4086
-3643
-3369
-3322
-3417
-3233
-2963
-2318
-1749
-1783
-1887
-1881
-1486
-1002
-733
-1052
-1171
-622
-111
341
484
127
-102
108
628
648
456
531
705
934
1226
1243
987
959
964
1072
1037
1056
1520
1847
1621
1227
1095
1520
1981
1920
1682
1727
2046
2281
2368
2282
1944
1789
2048
2473
2557
2295
2119
2017
2186
2383
2404
2471
2603
2652
2416
2164
2015
2199
2673
2710
2421
2154
2115
2518
2980
2936
2344
1917
2128
2744
2967
2635
2468
2504
2770
2831
2727
2222
2058
2520
2853
2836
2596
2517
2655
2790
2478
2181
2229
2436
2493
2498
2625
2612
2650
2475
2130
1990
2098
2237
2041
1774
1561
1572
1722
1550
1468
1681
1944
1776
1419
1264
1347
1575
1457
1041
760
961
1151
917
449
155
323
482
560
284
28
-95
50
160
-271
-765
-1142
-1026
-1003
-1032
-1263
-1559
-1635
-1750
-1689
-1754
-1567
-1563
-1464
-1435
-1362
-1220
-1320
-1559
-1951
-1875
-1768
-1575
-1837
-2238
-2483
-2450
-2318
-2553
-2853
-3179
-2801
-2296
-2050
-2354
-2581
-2492
-2132
-1707
-1802
-2194
-2508
-2244
-1907
-1623
-1620
-1600
-1401
-1029
-881
-1206
-1426
-1334
-744
-199
151
204
203
352
360
227
-131
-204
-7
416
888
1223
1269
1016
819
855
1076
1262
1391
1496
1820
2410
2839
2876
2610
2463
2547
2773
2876
2812
2890
3346
3957
4077
3643
3184
3102
3375
3587
3387
3067
2984
3462
4011
4059
3602
3058
2942
3132
3311
3055
2703
2807
3209
3545
3393
2914
2507
2353
2315
2096
1843
1823
2262
2662
2579
2043
1681
1493
1612
1711
1559
1435
1445
1652
1327
880
155
-339
-726
-897
-943
-1181
-1142
-1189
-1207
-1707
-2113
-2453
-2679
-2940
-3262
-3457
-3577
-3360
-3412
-3608
-4130
-4436
-4462
-4300
-4364
-4623
-4528
-4396
-4120
-4165
-4491
-5050
-5355
-5478
-5651
-5730
-5756
-5666
-5653
-5758
-6088
-6351
-6329
-6124
-5949
-5943
-5918
-5757
-5457
-5355
-5539
-5784
-5924
-5829
-5647
-5528
-5586
-5591
-5408
-5186
-4973
-4913
-4918
-4792
-4382
-4028
-3846
-3822
-3895
-3853
-3668
-3416
-3261
-3034
-2776
-2392
-2021
-1915
-2080
-2263
-2179
-1864
-1382
-1091
-1020
-1032
-844
-688
-626
-686
-926
-992
-788
-202
368
592
397
202
347
535
610
583
741
1089
1703
2160
2134
1943
1857
1904
1767
1643
1592
1832
2387
2825
2903
2607
2367
2106
2029
2075
2157
2397
2641
3111
3465
3572
3188
2706
2374
2227
2469
2744
2838
2612
2672
2925
3018
2674
2126
1779
1868
2296
2539
2563
2421
2386
2379
2321
1907
1352
899
769
960
1240
1254
1050
1145
1280
1172
840
561
482
648
914
1057
1009
957
991
967
808
505
237
271
473
656
694
569
303
223
307
336
385
302
174
53
39
-17
-87
-266
-595
-651
-647
-679
-857
-846
-603
-212
-71
-389
-663
-723
-642
-523
-359
-335
-378
-432
-390
-442
-695
-1036
-1110
-839
-352
-26
-59
-138
-184
-283
-507
-674
-701
-443
-62
180
253
195
3
-101
47
124
84
104
415
772
731
361
113
63
54
-52
-149
-212
77
338
304
286
357
457
289
47
-166
-276
-337
-234
-97
-310
-444
-311
-296
-328
-572
-871
-833
-546
-231
-41
218
250
-150
-665
-890
-796
-645
-648
-755
-658
-418
-142
-283
-706
-1038
-1099
-993
-897
-691
-449
-175
-266
-595
-845
-1006
-1135
-1284
-1203
-1056
-849
-660
-495
-712
-998
-1072
-1019
-930
-901
-650
-481
-277
-205
-306
-418
-436
-617
-914
-915
-535
-9
246
74
-190
-261
-247
-245
-105
-186
-232
114
296
310
263
155
54
112
67
125
495
804
841
534
364
346
348
467
511
551
577
669
667
596
645
755
813
762
718
796
1127
1352
1248
867
552
751
1224
1478
1194
897
951
1055
1046
853
721
684
996
1153
1020
861
922
773
468
141
100
432
727
1008
972
778
629
746
510
271
379
658
676
624
620
615
663
594
316
-62
-1
246
545
698
658
564
631
652
436
432
600
748
847
804
784
779
738
710
666
723
637
470
435
555
651
663
619
573
497
453
526
476
295
259
403
604
724
548
544
524
339
202
212
475
493
221
88
252
550
511
315
268
360
346
328
413
301
168
30
-86
-72
28
117
-131
-530
-803
-754
-595
-501
-565
-648
-532
-344
-193
-272
-195
-134
-449
-686
-532
-96
95
-43
-394
-561
-520
-536
-588
-572
-418
-233
-110
-68
5
52
-124
-551
-734
-456
-136
-69
-14
5
-56
-78
-152
-193
-211
-209
-243
-306
-80
189
213
85
-161
-403
-324
-247
-392
-625
-697
-573
-380
-368
-565
-705
-773
-764
-928
-1173
-1153
-781
-502
-713
-1029
-1026
-844
-801
-976
-1035
-897
-599
-544
-752
-996
-1138
-899
-836
-700
-1022
-923
-920
-708
-528
-599
-681
-1025
-955
-994
-902
-891
-1104
-1413
-1525
-1283
-1062
-1260
-1545
-1810
-1800
-1823
-1664
-1776
-1910
-1897
-1833
-2007
-2061
-1955
-1909
-1902
-2050
-1913
-1535
-1034
-918
-998
-1091
-1152
-1144
-965
-826
-908
-907
-765
-551
-351
-318
-440
-551
-579
-591
-518
-277
54
337
474
419
312
320
267
158
133
308
506
677
735
708
552
322
130
-74
-147
-105
-22
121
355
528
513
409
331
241
102
66
86
76
80
115
114
18
-95
-213
-342
-346
-159
-225
-284
-256
-137
-100
-86
-114
-479
-792
-878
-732
-553
-445
-521
-555
-423
-381
-432
-599
-815
-892
-840
-679
-520
-495
-675
-807
-856
-814
-666
-484
-385
-293
-224
-230
-151
-24
-53
-173
-272
-315
-196
51
146
75
43
4
7
123
283
325
337
281
170
124
155
213
269
308
298
264
277
334
386
413
377
401
519
662
785
830
816
758
670
579
478
452
469
542
586
574
580
594
625
643
615
551
496
577
656
598
451
310
267
330
425
468
473
433
389
322
213
114
56
13
7
39
11
16
76
128
113
82
92
155
272
281
238
155
153
193
175
201
250
310
287
246
246
310
396
459
456
439
482
521
482
385
319
341
424
513
607
704
737
726
679
641
641
649
652
676
751
882
954
937
865
825
789
819
869
844
849
890
928
929
911
829
756
716
678
638
697
811
854
856
785
691
640
642
608
569
595
618
657
648
621
600
616
594
543
503
504
535
590
680
773
770
656
486
331
297
341
383
404
453
519
596
667
620
533
470
406
319
259
264
276
290
264
209
166
159
115
96
146
187
214
254
231
172
132
56
-5
-17
-34
-86
-112
-110
-99
-94
-124
-175
-194
-184
-196
-160
-83
-40
-9
12
2
-50
-96
-160
-214
-230
-226
-186
-143
-140
-225
-311
-344
-362
-374
-344
-258
-179
-135
-56
18
39
-24
-149
-261
-287
-313
-372
-360
-332
-274
-190
-117
-62
-37
-41
-99
-157
-163
-113
-37
7
28
51
90
92
51
28
-13
-31
-32
-42
-22
24
33
-9
-13
-37
-31
-16
-19
26
133
248
257
227
164
113
85
48
20
29
57
79
107
156
228
289
304
293
255
244
247
234
185
110
63
16
21
33
79
151
204
217
185
151
104
73
91
137
196
223
208
174
184
216
252
292
332
369
392
390
360
298
264
256
269
293
305
309
299
286
248
213
171
157
156
141
111
102
88
46
6
-62
-123
-141
-156
-158
-138
-125
-132
-146
-167
-198
-204
-197
-219
-247
-292
-323
-303
-282
-271
-269
-260
-225
-200
-211
-228
-238
-258
-325
-397
-443
-433
-396
-333
-251
-195
-133
-150
-168
-174
-170
-147
-121
-72
-20
21
39
-5
-79
-128
-129
-92
-58
13
62
95
112
106
80
42
-14
-79
-110
-119
-65
14
66
84
82
83
100
111
113
125
146
146
126
148
189
202
193
160
147
162
207
236
220
190
159
111
49
15
-6
-8
-6
26
55
65
60
33
28
39
81
142
167
170
119
56
24
12
-1
-28
-63
-83
-61
-22
-9
6
6
-8
-43
-83
-78
-43
-9
-11
-11
2
40
74
93
93
94
110
114
105
91
86
77
75
90
93
116
172
205
250
291
278
259
214
160
135
139
167
210
248
253
248
207
149
73
10
-1
24
67
97
129
145
153
118
43
-31
-79
-65
-20
29
59
88
105
90
66
30
-7
-32
-66
-85
-98
-123
-147
-182
-241
-282
-320
-364
-390
-405
-396
-404
-423
-446
-480
-526
-576
-638
-700
-737
-780
-810
-862
-912
-949
-981
-1000
-1012
-1018
-1044
-1078
-1123
-1163
-1192
-1214
-1239
-1237
-1236
-1215
-1207
-1207
-1192
-1200
-1220
-1245
-1290
-1335
-1343
-1340
-1310
-1280
-1256
-1244
-1256
-1270
-1274
-1276
-1270
-1255
-1248
-1226
-1194
-1151
-1139
-1148
-1140
-1136
-1139
-1140
-1111
-1060
-1012
-954
-894
-832
-779
-761
-738
-740
-733
-708
-684
-650
-612
-576
-532
-481
-410
-354
-327
-311
-311
-296
-252
-189
-147
-103
-66
-21
33
67
92
114
134
160
194
231
276
321
358
380
393
383
371
372
354
335
325
331
353
385
418
437
441
443
439
423
413
409
418
431
451
475
491
512
516
496
461
423
407
425
464
507
538
537
529
521
481
420
359
318
316
331
354
361
375
353
319
278
242
218
188
167
160
161
158
141
118
97
106
136
132
145
139
91
23
-55
-117
-122
-99
-59
-23
22
61
65
40
-4
-61
-99
-118
-114
-92
-70
-54
-26
9
28
51
52
41
37
32
29
35
16
-6
-16
-8
19
59
116
137
163
178
181
185
192
191
198
210
220
210
200
190
204
227
242
274
317
371
384
385
359
353
359
349
359
371
393
411
421
431
413
396
353
315
300
280
284
289
283
298
319
327
361
379
372
377
385
377
365
361
339
312
299
296
296
292
308
324
328
325
323
323
327
324
312
295
286
293
294
313
321
300
289
284
288
281
289
306
322
335
344
336
314
297
275
257
249
255
284
315
343
347
344
317
288
243
217
205
207
224
255
306
324
336
323
304
280
243
203
182
159
126
103
71
52
38
53
81
95
102
111
69
21
-17
-53
-51
-34
-5
24
59
43
26
2
-28
-35
-43
-37
-8
-21
-13
-12
-40
-30
-55
-70
-82
-103
-100
-90
-69
-42
-58
-84
-103
-130
-151
-159
-185
-200
-202
-199
-202
-203
-192
-201
-208
-222
-241
-250
-271
-297
-315
-340
-334
-342
-331
-307
-321
-339
-356
-378
-408
-418
-414
-397
-398
-413
-430
-456
-485
-488
-503
-498
-467
-466
-446
-440
-444
-444
-447
-453
-455
-456
-466
-477
-491
-465
-444
-424
-394
-387
-377
-385
-408
-423
-437
-428
-405
-379
-350
-350
-361
-362
-380
-395
-417
-434
-438
-426
-413
-411
-392
-380
-389
-384
-382
-389
-393
-379
-370
-367
-362
-387
-391
-381
-395
-401
-372
-351
-348
-312
-288
-274
-267
-256
-250
-272
-287
-299
-311
-330
-342
-335
-342
-320
-300
-295
-283
-282
-287
-307
-320
-321
-349
-370
-340
-372
-399
-367
-387
-385
-368
-370
-359
-329
-265
-250
-265
-258
-265
-275
-245
-222
-209
-186
-174
-217
-244
-230
-217
-187
-133
-99
-117
-102
-93
-93
-77
-37
-17
-19
-10
4
-16
-7
30
12
13
8
-17
-65
-61
-45
-55
-36
-30
-31
-27
-21
-3
14
33
-10
-58
-74
-117
-133
-120
-108
-95
-105
-116
-94
-82
-52
-25
-7
-19
-21
-34
-51
-76
-91
-58
-51
-15
25
48
51
69
91
82
105
138
99
104
124
128
144
159
189
182
180
150
120
92
112
154
177
239
273
226
197
203
187
224
268
267
248
242
228
217
280
337
342
329
288
265
254
277
300
317
332
326
316
316
349
353
353
361
344
332
347
367
361
367
385
381
408
420
404
397
404
384
388
410
387
381
381
366
346
354
371
380
408
411
369
347
347
350
367
402
413
402
402
393
385
399
432
434
413
393
380
378
390
396
401
383
370
396
402
415
391
361
337
298
308
306
314
335
297
267
247
253
280
298
287
250
216
202
216
240
262
278
277
228
218
252
297
328
312
267
225
201
212
242
267
272
254
230
229
219
228
233
219
191
178
169
165
201
197
176
161
146
154
166
163
163
136
104
68
72
97
130
145
99
73
50
55
81
117
126
118
90
63
65
82
103
116
123
94
66
59
97
140
177
171
143
117
105
113
130
121
79
62
56
40
49
105
107
108
122
110
105
132
133
101
81
73
62
70
90
79
46
13
22
41
85
123
124
85
60
61
46
76
78
63
56
45
22
6
12
22
-6
-2
-9
-38
-62
-58
-73
-82
-76
-93
-80
-73
-54
-73
-104
-119
-110
-121
-136
-119
-128
-159
-167
-162
-149
-105
-100
-107
-116
-124
-126
-123
-103
-91
-104
-83
-60
-74
-68
-59
-49
-20
-3
-2
5
19
8
-12
-46
-52
-50
-43
-23
-37
-63
-67
-65
-58
-31
-34
-36
-38
-54
-90
-100
-90
-59
-61
-76
-96
-96
-73
-77
-73
-75
-81
-107
-93
-93
-77
-43
-41
-38
-51
-55
-78
-87
-66
-60
-63
-42
-18
-37
-46
-34
-56
-43
-40
-62
-77
-79
-52
-48
-29
-12
13
20
7
23
27
36
43
30
14
23
29
34
68
86
99
89
68
42
33
34
59
76
73
91
