35
35
38
37
31
24
21
26
21
25
26
19
15
17
17
13
23
23
23
24
16
16
16
19
21
18
5
-5
-6
-8
-8
-8
2
-13
-17
-23
-36
-32
-28
-22
-17
-16
-22
-22
-21
-21
-22
-16
-33
-40
-34
-34
-28
-22
-20
-25
-30
-32
-40
-43
-46
-52
-42
-50
-49
-39
-40
-47
-52
-49
-54
-56
-55
-53
-61
-57
-58
-61
-54
-48
-50
-49
-46
-53
-54
-58
-52
-48
-54
-54
-52
-51
-57
-62
-64
-54
-53
-51
-48
-53
-57
-61
-57
-69
-66
-69
-67
-61
-64
-60
-58
-60
-67
-67
-66
-57
-52
-53
-55
-45
-36
-39
-43
-43
-42
-42
-45
-32
-38
-35
-33
-37
-28
-30
-23
-18
-18
-18
-17
-24
-24
-21
-22
-20
-29
-28
-36
-40
-32
-31
-28
-24
-31
-37
-36
-33
-31
-19
-16
-19
-20
-29
-36
-37
-40
-34
-26
-24
-23
-22
-17
-24
-30
-24
-18
-21
-16
-16
-24
-28
-25
-21
-20
-24
-31
-38
-26
-23
-19
-17
-25
-25
-22
-19
-20
-20
-21
-15
-12
-10
-3
6
11
8
11
5
2
8
10
0
13
23
14
13
12
15
17
17
8
5
5
7
9
22
18
19
14
13
8
7
7
2
7
15
19
25
24
17
13
10
16
14
18
16
12
7
13
14
15
16
16
22
20
10
3
3
-1
0
2
8
8
15
13
9
11
13
17
14
6
16
14
18
27
25
18
19
12
5
12
15
17
20
13
10
2
4
0
3
5
-1
9
1
5
1
4
4
5
4
4
-5
-4
3
11
18
25
24
13
18
10
10
17
11
15
18
12
10
9
11
12
4
10
6
4
-5
-2
2
4
9
6
8
3
-2
-8
-6
-8
-10
-11
-5
-10
-10
-15
-20
-13
-11
-10
-8
-9
-9
-8
-17
-18
-20
-17
-19
-22
-26
-24
-22
-17
-14
-22
-20
-20
-19
-24
-24
-25
-13
-23
-26
-16
-23
-24
-22
-22
-17
-17
-22
-26
-21
-25
-27
-31
-21
-25
-28
-20
-26
-26
-24
-25
-15
-3
-5
0
0
3
-2
-7
-6
-1
7
7
5
6
4
1
14
0
8
-4
-10
-14
-24
-32
-23
-4
-22
-2
-25
-11
-12
-16
1
-4
3
-9
4
-10
-18
-16
-26
-16
-11
-10
-12
-15
-24
-36
-44
-44
-41
-41
-50
-47
-48
-46
-40
-45
-40
-45
-40
-38
-36
-42
-46
-34
-29
-28
-24
-21
-18
-22
-16
-12
-13
-8
-10
-11
-21
-19
-25
-27
-28
-23
-15
-29
-27
-16
-14
-24
2
-11
-3
1
-6
-11
-7
-28
-29
-25
-33
-44
-59
-51
-40
-33
-33
-19
-9
-6
-13
-19
-39
-28
-36
-24
-17
-24
-21
-33
-22
-41
-35
-39
-33
-11
-13
-1
-3
3
5
1
10
0
3
-7
-14
-8
-28
-27
-17
-18
-14
-13
-10
-14
-7
12
14
17
18
12
14
5
-5
13
-5
4
24
30
44
42
55
35
48
37
36
42
22
41
18
27
25
27
36
24
36
22
38
38
24
35
13
9
-11
2
11
0
8
-4
15
17
24
22
18
39
31
14
-13
-49
-59
-74
-79
-85
-84
-84
-86
-71
-52
-45
-27
-33
-33
-49
-39
-67
-65
-88
-126
-182
-145
-1134
-3153
-2356
-2654
-2018
-1147
-1822
731
970
3059
2585
2283
2501
147
1552
-1289
-924
-1985
-2731
-912
-2060
143
-1450
-327
167
-373
1320
-649
765
324
747
605
-2059
-1995
-3984
-3157
-3470
-4864
-4863
-5543
-3994
-4307
-4765
-4984
-4939
-3049
-2564
-1819
-1498
-1418
-27
251
428
-229
-541
-885
-178
881
622
1800
1968
3740
4583
5617
4909
3592
4006
1637
2915
1529
1978
3067
2867
6021
5053
6118
4384
3817
4225
2714
3827
1055
3013
3264
4109
5454
3459
6193
3544
4368
3464
1827
2862
348
2922
1151
3076
3314
1903
4398
2390
3697
1309
1678
1385
-93
1737
355
2741
991
-49
1457
1373
2031
-515
-578
-1462
-1438
-540
-2343
-804
-979
-1117
-1143
-1738
-1245
-2559
-2693
-3086
-2598
-2340
-2968
-2644
-3163
-2914
-3180
-4249
-4541
-4446
-4358
-4112
-3208
-2694
-2009
-956
-433
-1443
-4536
-7348
-9006
-9220
-10108
-10483
-8817
-6942
-3829
-2314
-726
102
-414
-715
-2409
-2656
-4592
-5500
-5574
-5528
-3904
-4845
-4271
-4843
-4221
-3014
-3491
-1902
-2017
408
2106
3226
4962
4241
4543
3197
2650
1093
-764
-1046
-1718
-191
637
2309
3948
5373
6825
6015
6663
6082
6674
7983
8234
10040
10428
11389
10614
9389
8589
7175
5337
3638
4182
4461
7172
9116
10825
14471
16118
16105
14349
12248
7713
960
-8092
-16891
-18665
-17089
-14857
-12941
-8476
-767
5762
9463
9083
7857
5511
2763
1242
-1241
-3835
-6202
-6904
-6335
-6584
-8265
-11691
-13163
-11970
-9793
-7633
-5374
-1303
3552
7849
10160
9582
6636
2635
-1337
-5452
-9719
-13298
-15019
-13658
-9837
-6303
-4071
-1958
458
2559
3459
3246
2557
2072
2401
2662
2671
1312
-832
-4592
-9502
-14780
-22038
-22469
-20880
-17489
-10962
-6670
1033
6782
11859
11767
8904
5661
-589
-2635
-7603
-10671
-11936
-12370
-8719
-7169
-4133
-3365
-2675
1543
1969
4635
5403
5719
8684
8257
9798
6505
4561
2119
-1658
-696
-3217
-936
1054
4023
9286
11207
14276
13982
14547
13709
11490
10417
7112
7928
8721
8786
10014
11973
14142
15305
16590
15440
15211
15778
16749
17006
16915
13930
1343
-15961
-23655
-17307
-16534
-25455
-25632
-11067
5757
13093
14837
15698
14217
11357
7971
3492
-5013
-13565
-15115
-12124
-8425
-8263
-12397
-15098
-11704
-6116
-6299
-9780
-8149
-1304
6067
10785
12144
10291
6991
4780
1127
-6155
-14751
-21788
-23195
-18001
-11671
-9027
-6948
-387
6471
9482
8947
5656
2580
1726
1946
556
-2063
-4230
-5243
-5163
-7248
-15932
-24628
-26604
-24797
-18097
-14301
-10029
-756
8627
16360
15615
13215
5835
-155
-4097
-12213
-15201
-19855
-18072
-12623
-7060
-1824
-1987
1161
2458
4975
6678
4164
4974
5895
9246
11213
8473
6191
2857
2184
553
-1961
-2473
-2606
2785
8523
12786
15311
16651
17660
18475
17674
13591
11717
10949
12672
13466
14634
15900
16673
19364
18674
18516
16410
16064
17748
16039
8205
-14695
-29818
-22032
-11857
-17697
-28243
-16337
4537
15596
16701
15168
14369
8313
5092
4325
-2338
-13235
-18700
-14258
-8555
-5954
-9363
-16152
-15985
-8098
-3372
-7529
-10254
-4564
4403
10560
13227
11351
5232
1624
168
-4490
-13549
-22237
-25298
-20834
-11054
-6207
-6479
-2639
4825
9723
9677
7010
2168
-865
747
1181
-1263
-4407
-6590
-6732
-6982
-15140
-25381
-31452
-30628
-20628
-14207
-9161
-2581
8883
18176
18549
15900
5690
-1101
-6862
-12665
-16641
-21751
-19632
-15321
-7351
-1444
-431
1737
2561
6821
9531
8255
7038
6338
9319
11041
8272
2959
-877
-804
-681
-1082
-656
1102
6740
13464
18141
20609
21255
21500
20147
18949
16084
13675
12377
11846
15429
16328
16853
16514
16990
18562
16719
17199
15913
16612
12273
-4628
-21907
-24937
-13134
-14427
-24701
-20849
-3677
11653
13441
13208
13874
9786
4827
2468
316
-8943
-17156
-15274
-9793
-6661
-8109
-12683
-15195
-11362
-5933
-6546
-10465
-7852
100
6327
10245
11005
7799
2578
157
-1827
-9431
-18265
-23668
-22223
-14826
-8959
-7194
-5416
1359
7298
7991
6708
3658
491
-516
126
-63
-2295
-5304
-15326
-23326
-23815
-27164
-27026
-27850
-21272
-7567
2268
10122
12047
16668
14184
9437
4522
-6806
-11680
-18234
-19289
-17004
-14681
-10696
-9707
-1846
2146
4937
6876
4712
9352
11121
11721
11079
7971
8075
4828
2542
-362
-3136
-2355
-2250
3342
8396
11711
17794
21182
24794
25445
22681
20204
17401
17162
15031
13442
14030
15270
18005
17625
19079
19569
17939
17953
16906
15282
8638
-10226
-29971
-25955
-12471
-15083
-25089
-18182
3158
15305
16131
13621
12752
7844
1073
1146
-2659
-12691
-19009
-15636
-7959
-5640
-7978
-14302
-16394
-10260
-5523
-7520
-11681
-7405
2535
8814
11587
11351
6926
1325
-1383
-4213
-12044
-21652
-26063
-22430
-13328
-6834
-6293
-3912
2933
8462
8941
5768
1824
-985
-406
-217
-5109
-11585
-19729
-23435
-20785
-21801
-23703
-25412
-19813
-6530
3522
7244
5972
9766
12914
10375
4740
-5621
-12028
-14939
-15121
-15050
-16896
-14302
-9831
-2480
3387
6039
6963
7370
10902
13496
12794
8794
6453
6087
6945
5651
240
-2247
-1688
1936
5128
8123
11820
16015
23084
24235
24488
22968
20586
20462
15335
14495
11753
11850
13889
14946
20028
20412
23397
24720
24301
24604
19445
15938
-5953
-30586
-32768
-23289
-17661
-31293
-27914
-2938
16918
20456
16926
18005
13525
4218
1682
-276
-10150
-20394
-18313
-10070
-6028
-7705
-14018
-19705
-16811
-9155
-9595
-14956
-12427
161
10451
14324
16613
13399
6765
1984
-2028
-10377
-23407
-30933
-29363
-20554
-11390
-8817
-6020
1243
8494
10811
8846
4535
-127
-2867
-7276
-11705
-13849
-15720
-19737
-19674
-15898
-15709
-16727
-19245
-12851
-3676
-511
904
3183
9494
9017
6682
1516
-6074
-9884
-15210
-16466
-17509
-15458
-11035
-6028
2501
7639
11399
10708
10833
12532
10295
7386
2985
3099
3575
3980
4690
3673
6175
7639
10987
13066
13182
14629
15311
19403
20400
18593
17154
17338
19511
18433
16197
14434
16153
19150
20123
21001
22905
26919
29323
29628
27355
22738
14492
-14813
-32768
-32637
-29200
-29251
-32768
-27043
2231
22930
23886
23804
26763
19530
8260
4631
-2454
-16607
-27932
-22185
-13340
-10792
-12678
-18503
-20431
-15042
-9082
-11995
-17595
-10335
4210
13099
17304
20246
16942
9714
4208
-1596
-14884
-30551
-32768
-32760
-25273
-16198
-13246
-5402
5772
14352
15956
13281
7355
-2832
-9028
-10286
-15128
-17587
-20860
-22229
-15991
-11433
-12663
-19348
-18889
-11442
-4870
-2341
-3049
3696
9707
9986
7993
1281
-6518
-12293
-15095
-17303
-18602
-15977
-11305
-2845
6106
11206
11909
10661
12199
13704
11770
7029
3772
3538
5518
7330
6224
4735
5542
8406
10653
10844
10025
9794
14287
19963
20837
20391
20083
22560
24229
20959
16820
12320
12247
14003
14317
14661
15129
18258
22523
26986
27194
25070
23538
19377
10390
-4889
-20169
-28690
-29961
-29187
-25847
-18970
-9577
2864
12204
16464
16045
12077
7767
3147
-1162
-6980
-12363
-14646
-14832
-12703
-12540
-15060
-17561
-18162
-16441
-14183
-11957
-8721
-3430
3418
9702
12712
11480
7480
2634
-2832
-10142
-18012
-23896
-25842
-22858
-17977
-12805
-7470
-2320
2495
5562
3359
-5807
-11783
-12332
-13947
-15371
-18847
-17874
-13725
-11588
-11535
-15576
-15729
-15970
-12285
-7695
-6163
-1727
158
4632
6107
2999
-2129
-8374
-9362
-10913
-11177
-10189
-7047
439
7119
12592
14541
15307
15160
14333
13641
10881
8349
6349
7932
10632
11579
11210
10476
12757
14346
14879
14910
16288
19573
21961
23966
24307
23519
20562
17313
15930
15359
13723
12158
14483
18371
24280
28105
29909
30745
27874
20483
6807
-10866
-28347
-32768
-32378
-32768
-30610
-20335
-5009
9563
18142
20156
18000
13423
7151
393
-6651
-13448
-16964
-17195
-14799
-12734
-13118
-16101
-18407
-18405
-17917
-16963
-15306
-10410
-1916
6664
12723
14806
13811
10057
3920
-4369
-14382
-23432
-29033
-29385
-25165
-19066
-12393
-5679
621
5401
7976
3410
-10450
-14372
-14414
-17590
-19584
-24783
-18334
-12776
-8981
-10837
-15241
-11133
-12733
-6769
-6152
-5916
-593
314
5868
4481
1290
-5003
-9634
-8588
-10651
-9736
-9398
-3677
5262
11949
15923
16158
17627
16292
15090
12035
8086
6032
4330
6672
8662
9085
9337
10148
13668
16786
16976
17102
17929
20543
23478
22994
22875
21928
21388
20665
16943
16132
13067
12421
14255
15224
20275
22364
26119
30468
32040
28442
16490
2387
-14237
-25122
-31441
-32768
-32768
-30751
-16101
-2004
8772
14586
16399
16519
11839
6993
-990
-9050
-13857
-15830
-14036
-13589
-13726
-15567
-17063
-16442
-17987
-18961
-19186
-15814
-8497
-954
5862
9868
12444
12336
9263
3086
-5838
-15312
-23103
-26370
-26144
-23493
-19185
-13191
-6066
-110
3923
2998
-6427
-14639
-16021
-17608
-18377
-22039
-21190
-13777
-8583
-5211
-9139
-9355
-9657
-9311
-6791
-9607
-6815
-5570
-1835
2100
655
-587
-5004
-5319
-5758
-6415
-5717
-5136
1630
7519
13024
15300
15563
16501
14703
14059
10320
7309
4863
4766
7818
8120
11193
13391
16661
20067
19330
20137
19080
19540
19084
16632
16822
17260
19308
18739
18599
18499
18112
19026
17835
18685
19927
21775
25523
29832
31727
26368
17748
3618
-12579
-25571
-32768
-32677
-32768
-31938
-19410
-2837
9691
16906
20654
21281
16562
9951
-34
-9586
-16200
-19391
-19204
-17969
-16661
-16125
-15744
-15567
-15647
-16534
-17166
-14653
-8932
-1299
5000
9664
12869
13230
10846
4281
-4814
-14431
-23150
-27670
-28924
-26466
-21129
-14149
-6135
589
5466
6990
2304
-11454
-18069
-18118
-20943
-20966
-25117
-19639
-11633
-7040
-4974
-10118
-7215
-9319
-7002
-5013
-7980
-3395
-3639
943
2107
-716
-3575
-8454
-7114
-8133
-7180
-6053
-2285
6061
11702
17040
17079
17665
17183
15142
13493
8245
5736
4025
5748
9169
9945
12389
14846
18282
20704
20571
19539
18362
20233
20954
21073
19890
18100
18684
18614
18031
14982
14536
13633
14124
17922
20685
26595
30824
32767
32459
25094
9511
-8801
-23994
-32122
-32768
-32386
-32768
-25243
-7900
6784
16979
20818
20721
17111
11641
2762
-6873
-14894
-18670
-17747
-15707
-14043
-14525
-15287
-15584
-16669
-18203
-20201
-18854
-13511
-5653
3125
9512
13580
14908
13650
8733
-316
-11312
-21411
-27816
-29671
-27890
-23416
-16572
-8203
-611
4717
5822
3569
-8324
-20743
-20455
-21811
-20093
-21210
-20220
-9178
-3723
369
-5445
-8228
-8872
-11628
-7649
-11248
-8680
-4859
-1792
3587
2094
-5
-5536
-6663
-6127
-6026
-4495
-3647
3461
9637
14793
15972
15074
14862
11733
11818
9058
7001
6681
6803
11556
13110
14410
15871
15805
16831
15851
15510
15758
15761
18421
20380
21856
22765
22280
21471
18691
16751
14913
11825
11885
13149
16203
21617
26653
31674
32767
31875
22017
3795
-15628
-29537
-32768
-32768
-32662
-32645
-19087
-458
11944
18941
20675
19845
14526
7352
-1817
-11437
-18149
-19914
-17182
-13711
-12543
-13528
-14667
-14778
-15782
-18505
-20737
-18794
-12239
-3369
4672
10687
14424
14798
12582
6732
-3297
-14680
-24484
-29453
-29835
-26789
-21077
-13769
-5395
1861
6631
8194
6090
-1456
-16041
-25433
-25298
-24806
-23353
-23584
-17499
-7431
-2879
-1064
-5307
-5936
-7023
-7453
-5036
-6664
-3536
-2632
-650
1600
-1322
-4853
-10002
-9577
-7643
-5449
-2537
1310
9260
14939
18648
18274
16628
14940
11395
9589
5971
3395
3004
5051
10363
13490
15346
16699
19470
22755
23154
22765
21129
22027
21953
20066
19594
16211
15131
13947
14640
16645
15481
17056
20199
26352
31779
32767
32761
32145
19555
-4842
-23696
-31456
-32768
-32543
-32768
-31522
-14797
4904
15605
20856
23841
21196
17102
9489
-1783
-11937
-20044
-19772
-16875
-14562
-15451
-18027
-16789
-15303
-16454
-20028
-20933
-16654
-8638
496
8040
13853
15739
15744
13324
6257
-4923
-18586
-27859
-31231
-30907
-27682
-22833
-14071
-3904
3977
7689
6181
3793
-1994
-10644
-17795
-22801
-21897
-20661
-17961
-12790
-9325
-5812
-6930
-7726
-8189
-9731
-8735
-8724
-4890
-968
662
2389
1440
551
-2854
-7386
-10310
-11064
-8716
-5508
65
6297
12231
16148
17538
17387
14969
11878
8176
6457
5682
5256
7041
9174
11806
14128
15299
16092
16958
16631
16211
16763
17620
21015
23247
22971
23214
22268
21003
18422
14588
13191
12379
13952
16323
18417
23619
29285
32767
32318
24252
10200
-7552
-22372
-30737
-32768
-32233
-32768
-24881
-7224
6740
15638
18819
19096
15880
10742
2320
-7563
-15454
-18727
-17077
-15120
-13100
-13316
-14461
-13953
-14886
-16591
-19243
-19325
-14194
-7109
926
7325
11461
13619
12994
9271
1559
-9072
-19205
-25832
-28421
-27251
-23647
-17971
-9898
-1925
4458
6480
4288
-182
-6047
-13018
-21886
-24711
-23558
-21099
-16185
-13035
-7601
-4699
-4603
-5630
-7565
-6923
-8040
-6742
-4582
-2832
160
-73
-810
-2635
-5336
-8132
-10021
-8995
-6365
-1765
3283
9201
14323
16806
17488
16062
14001
10567
7292
5526
4516
5264
6953
9853
13354
15910
18070
19903
20127
19178
18207
17165
16486
15500
15661
17098
19008
20167
18987
18563
18557
18882
19190
18373
20147
22814
26468
30637
29738
23875
13217
-1671
-16806
-27784
-32768
-32495
-32768
-29295
-13907
1386
11766
17139
19629
19257
14744
7432
-2182
-11856
-17245
-18982
-18305
-16914
-16536
-15980
-15244
-14345
-14887
-16753
-16797
-13654
-7614
-926
4895
9550
12108
12396
10017
3932
-5410
-15304
-23129
-27212
-27829
-26028
-21167
-13737
-5511
1703
5094
5201
3546
257
-4213
-10587
-15309
-19346
-23409
-21892
-19681
-16602
-14046
-13811
-10683
-8521
-5467
-3968
-2969
63
1069
2986
1668
-654
-3182
-7332
-10108
-12682
-12802
-11851
-7690
-1688
4046
10209
13475
16432
17271
16207
14437
10850
8445
6755
6578
6687
6643
8252
9503
11424
13450
15350
16879
18352
21209
22604
23779
23314
22461
22180
19059
16471
13777
12568
12963
11713
13123
15321
19775
24786
27535
31603
32767
30824
22280
10039
-5029
-20709
-30649
-32768
-32450
-32768
-25445
-11431
411
10267
14759
16369
14680
10099
5398
-2131
-8348
-11648
-13534
-13796
-14076
-14873
-16876
-18805
-19938
-20399
-20521
-18746
-13439
-6657
1039
7792
12226
14049
12548
8855
1820
-7373
-15935
-23057
-26568
-26555
-23732
-18421
-12281
-5663
204
3381
2445
-276
-3383
-6207
-9133
-16276
-20170
-20064
-17488
-14126
-15189
-13543
-12405
-10494
-7848
-7202
-4716
-4280
-1633
1467
2587
2173
-1443
-4223
-6564
-7986
-10428
-12110
-10306
-5979
503
5287
9693
13227
15016
16202
15354
13374
9801
6484
5503
5930
7038
7603
9279
11576
13688
14541
14580
15962
17179
19061
20531
21741
22562
22326
22071
22135
21655
18364
14707
11277
11012
12086
11646
13318
17107
25965
32546
32656
32767
29766
18968
-121
-23176
-32768
-32717
-32765
-32768
-31510
-14979
2648
12871
18643
20878
18984
13170
6311
-2003
-10065
-15243
-15617
-14352
-11801
-11432
-14907
-17074
-17926
-19610
-22571
-23408
-18301
-10307
-1404
7624
14487
17493
16924
13601
6799
-3808
-15777
-25240
-30211
-30080
-26341
-21348
-14118
-5349
2183
4295
2886
2608
-1007
-5753
-9503
-12583
-13569
-15205
-15320
-13800
-12111
-12646
-14815
-14551
-13197
-10903
-9452
-7351
-2476
2394
4542
4058
3436
737
-3429
-7754
-11278
-12534
-12787
-10345
-5429
512
6245
10372
13109
14691
15277
13726
11133
9000
7357
7207
7011
7416
8706
9685
11600
12725
13551
13853
14665
16475
17835
20262
20592
20655
21357
20795
21514
19784
17386
16315
14928
16521
16602
16508
18876
21365
25463
29191
31451
28900
19638
9265
-3080
-16559
-28405
-32768
-32687
-32260
-23924
-11290
660
8503
13836
16434
14826
11005
4511
-2770
-8841
-12272
-13301
-14801
-15453
-15012
-15942
-17242
-18215
-19215
-19361
-17436
-12899
-6359
27
6102
10732
12230
11565
7839
936
-7401
-15542
-21413
-24920
-25354
-22369
-17722
-11594
-5164
-132
2834
4036
2427
-2441
-6070
-8548
-10975
-14907
-19048
-19541
-18462
-16041
-15550
-15189
-13169
-10546
-6314
-4636
-2831
-575
1283
2512
1377
-311
-4490
-7814
-9914
-11688
-12114
-12239
-9111
-4283
1274
6297
9429
12102
13909
14896
13678
11319
8786
6730
5960
5279
5346
5494
7074
9432
11269
13069
14482
17437
19340
19801
20112
20825
21526
19602
17799
16270
15511
16746
16694
17368
19069
19292
19426
19232
21805
25957
29481
32465
32561
29479
20654
5591
-17394
-32566
-32509
-32768
-32330
-32768
-23055
-2166
11127
19848
23172
23058
17778
11278
4042
-6432
-15004
-18935
-19247
-16801
-14777
-16679
-20004
-19747
-18162
-18950
-20478
-17433
-10201
-2214
6660
13593
16602
15907
13017
7945
-1555
-12876
-22941
-29731
-30528
-27106
-22447
-16767
-8770
-546
4937
7258
7495
3145
-3006
-4973
-7128
-10699
-15508
-18264
-16909
-17112
-17378
-18350
-18453
-15418
-11645
-6593
-4133
-931
3100
5183
6352
4100
-378
-6378
-10652
-12642
-14844
-15311
-14061
-9095
-3019
2761
7783
9689
11576
12759
12859
11682
9079
7442
6727
6977
7314
6777
6546
7627
9120
10069
11389
13523
16338
19314
21439
22313
21971
21732
20283
17825
15464
13317
11836
10468
11905
14842
16665
18118
19944
22919
25041
25689
25890
27899
29298
25623
16933
7750
-43
-10868
-26560
-32768
-32695
-31368
-26582
-18449
-5891
4260
11471
15236
16671
14593
9266
2766
-3471
-7986
-12224
-16479
-19000
-18714
-18176
-20022
-21217
-20400
-18408
-15949
-12048
-6016
-268
5077
9536
12061
12024
8478
2601
-4316
-11129
-17343
-22521
-24776
-23255
-19311
-14674
-9440
-4117
-297
1941
2841
2295
-3733
-9292
-10759
-12607
-13859
-17978
-19507
-17337
-15209
-12691
-13320
-11574
-8859
-5648
-1939
-1240
625
483
45
-46
-1878
-5813
-10490
-11692
-11030
-9430
-8185
-6519
-1977
2975
7839
9922
10444
11339
11464
11054
9444
7742
6139
4913
5168
5524
6057
6890
8991
11351
12616
14285
15744
17092
18433
19426
20471
20391
19636
19755
18979
18002
16214
14726
15071
15329
15095
14493
15173
17793
19905
22398
26330
30718
32767
30116
23151
15291
2409
-21223
-32768
-32417
-32768
-32635
-31945
-16851
227
10193
16116
18025
16382
11003
6104
678
-5420
-9828
-12789
-13852
-11778
-11101
-16268
-22205
-23181
-22702
-23312
-22346
-16323
-7999
427
9363
15389
16850
14734
10235
3535
-4951
-13690
-21888
-26573
-25319
-21351
-17910
-13883
-8199
-3646
-1289
-105
450
-79
-613
-961
-7300
-10161
-10519
-15973
-18856
-23555
-22537
-20387
-19753
-12940
-9110
-3103
265
3682
6947
4042
3265
-1479
-4911
-7025
-10789
-13559
-14466
-10281
-8532
-5529
-2073
1539
6782
8638
11757
12473
12361
12976
12038
11371
8831
6459
4712
4646
5613
5501
5920
8061
11798
14496
16576
18521
20219
20851
20879
21110
19896
18481
16639
15157
14489
12903
12439
12106
13422
15271
16034
17961
19547
22354
25858
29750
32767
32324
26942
17401
6983
-12376
-31046
-32768
-32768
-32622
-32768
-22843
-5197
6393
14628
17750
17773
13417
8202
3520
-2466
-6865
-9652
-12048
-11896
-11008
-14589
-21397
-24783
-25203
-25285
-24253
-18883
-10148
-1253
8147
15286
18005
16819
12259
5449
-3104
-11828
-19771
-25651
-25953
-22213
-18462
-14664
-9952
-5825
-3503
-2441
-2417
-3732
-4752
-4448
-2895
-4385
-7923
-10138
-13764
-16079
-19215
-22292
-21796
-19326
-12885
-7799
-3174
1365
3868
6235
4793
2442
-1814
-6485
-8519
-9950
-9977
-10272
-8440
-5521
-2462
778
1887
4295
6229
8588
11055
11745
12527
12302
11606
10434
8321
6232
4308
4058
5542
7310
9645
12058
15239
17937
20061
20700
20035
19734
19025
18404
17255
15158
14267
14369
14215
14425
13580
12738
12344
12304
14613
16686
19895
23699
26711
29865
30597
27726
21696
11464
-4844
-24885
-32768
-32703
-32729
-32768
-26547
-11322
699
9057
12723
12919
9880
6464
4401
428
-3556
-6380
-8476
-7950
-7557
-11311
-18690
-23895
-25112
-25665
-25313
-21490
-14539
-6208
3309
11042
14445
14100
10906
6080
-132
-7041
-14033
-19635
-20684
-18478
-15992
-13918
-11686
-9522
-7924
-6430
-5166
-4492
-3529
-1540
570
-4340
-9237
-10261
-16009
-18930
-22622
-23091
-19067
-16519
-9003
-5275
-1101
1735
1841
3772
513
-260
-3765
-6605
-6193
-7703
-7977
-9224
-7541
-6954
-5276
-2427
-1123
3397
5966
10124
12954
13760
14955
13122
11715
9012
6269
4149
2989
3905
4526
6700
9019
12251
14789
15912
17465
17857
19471
19449
18010
16842
15801
16037
15766
14653
14331
13811
12717
13711
14231
13891
13784
13400
16586
20715
25284
28709
30348
30694
27342
20775
9733
-11427
-30523
-32768
-32731
-32765
-32492
-23370
-7346
4300
12092
15341
12965
8216
5388
3042
198
-3328
-6357
-8081
-7042
-6527
-12461
-21552
-26681
-28035
-27846
-25449
-20171
-12516
-3200
6849
14326
16435
14444
9993
4001
-1893
-8318
-15288
-19986
-20288
-17423
-15000
-13539
-11994
-11103
-9449
-7260
-6547
-6140
-5595
-3912
-1462
-1366
-2896
-6986
-12272
-13913
-15808
-17663
-18611
-17462
-12303
-7343
-2767
-700
-441
568
-73
-632
-2925
-5306
-6268
-6028
-4354
-3886
-3982
-4421
-3497
-2144
-1466
59
873
3868
7428
10469
12417
12005
11753
10377
8552
6058
3384
2759
3760
6954
9682
11833
13616
14897
16731
16438
15925
14448
13419
14302
15263
16400
16142
14984
15198
15144
14440
12723
11210
12085
13680
15100
15589
16507
19603
22825
25858
27431
27910
25534
20025
13122
4037
-11991
-28995
-32768
-31251
-28841
-25681
-17379
-6210
2217
8698
11450
9304
5640
3147
1660
-75
-1586
-4528
-8061
-8751
-9487
-14880
-22466
-26615
-27513
-26215
-21694
-15541
-8693
-1119
6453
11678
13047
10931
6081
461
-4059
-8308
-13143
-16500
-16658
-15257
-13912
-12856
-12505
-12421
-11151
-8761
-6365
-3835
-1609
1076
-913
-3092
-3213
-7934
-14226
-20627
-20888
-18539
-17430
-13794
-10956
-5007
-1121
801
1588
-285
-369
-2534
-3018
-3195
-4559
-6294
-7226
-5568
-6169
-6637
-7093
-5537
-1618
1500
4881
6991
9733
11748
12332
11478
9406
7249
4642
4339
4388
3958
4093
5392
8767
11431
13486
14094
14543
15744
16263
16762
16838
17089
17160
16758
16998
16714
15756
13361
10295
9291
9652
10931
11461
12516
14957
18444
21161
22787
24551
24948
26080
25705
22790
17439
8815
-3960
-19648
-27252
-28108
-29349
-29443
-23900
-13356
-4676
2460
6940
7414
6507
5800
5256
3406
1686
-1263
-4855
-6088
-8040
-13689
-21184
-25633
-27073
-26698
-23560
-18529
-12189
-4838
2735
8158
10438
9908
6773
2972
-467
-4134
-8797
-12381
-13378
-13545
-13802
-14228
-14761
-15285
-14343
-11744
-9151
-6090
-2937
-80
-1099
-2112
-2373
-7650
-13149
-16907
-16728
-15652
-15491
-12313
-9648
-5335
-2877
-2860
-2946
-3705
-3065
-3993
-3451
-2675
-3014
-3363
-3636
-3328
-5510
-6728
-6866
-5330
-2260
-274
3125
5891
8588
10214
9911
9585
8245
7052
5899
5350
5399
5256
6074
7612
9982
11695
13056
14398
15104
15958
16157
16832
17053
16683
16092
14850
15339
14638
12987
12196
10974
11251
11863
12654
13124
12956
13696
14507
15429
17156
18860
19706
21258
23149
23392
20321
13423
5657
-4525
-18407
-28093
-28421
-25056
-23269
-18964
-10112
-2809
1651
4361
3535
1606
778
535
521
809
189
-2600
-5367
-7275
-12141
-19846
-24850
-26352
-25344
-21497
-16148
-9767
-3524
1564
5132
6182
5037
2230
-1156
-3354
-4881
-6629
-8498
-9555
-10170
-11490
-13782
-15631
-16577
-15613
-13508
-11691
-8413
-5655
-2952
-1895
-3046
-3279
-5484
-6960
-8000
-8745
-8031
-8299
-6992
-6337
-5481
-5316
-6749
-6592
-7232
-6493
-5648
-3881
-1842
-831
551
202
235
-1040
-2324
-2439
-2424
-502
514
2812
4955
6296
7461
7471
8131
7764
7725
7734
7782
8217
8544
9980
10732
11600
12292
13051
13608
12989
12748
12632
13837
15204
16300
16863
16367
15061
13914
13554
12796
12109
11160
10618
10782
11463
11977
11370
12354
13840
15240
17346
19166
21462
21674
18900
13654
7606
1920
-9142
-22080
-26355
-23315
-20796
-19130
-14092
-8129
-4279
-917
1044
410
-785
-1056
-199
1884
2821
-103
-3915
-6141
-9086
-14980
-21134
-23928
-24138
-21750
-17094
-12081
-7393
-3571
-813
1407
2265
894
-1313
-2470
-2268
-2787
-4857
-6898
-8732
-10432
-12225
-14077
-15611
-16294
-14912
-11752
-8047
-5945
-7547
-8591
-6467
-4027
-4867
-7673
-7520
-6043
-4300
-3660
-5111
-6679
-7997
-7127
-6364
-6590
-7066
-7686
-5299
-1969
-479
-1260
-1972
-712
609
1376
450
-541
303
1607
3432
4117
3957
4055
4614
6704
7765
7473
7344
7978
10169
11378
11106
10640
11139
12637
13455
13891
13047
12341
12668
13789
15233
15315
15575
15716
15983
15887
13542
11760
10115
10600
11821
11586
12247
12727
14574
14994
15211
16479
16703
16907
17539
19034
16736
11086
4363
-3711
-12965
-21173
-22677
-21005
-19138
-16035
-10688
-5455
-2698
-1033
-1466
-2144
-1768
-872
330
1342
1669
-512
-3350
-6375
-11157
-16791
-21168
-22599
-21565
-18546
-14426
-10264
-6407
-3416
-1568
-638
-549
-1137
-1588
-1803
-1828
-2436
-3956
-6133
-8222
-10414
-13411
-15394
-15036
-13818
-11886
-9555
-7022
-6145
-8121
-8520
-8030
-6968
-6350
-6589
-4645
-3296
-1981
-2717
-4708
-5744
-8029
-8167
-8202
-7738
-6970
-5727
-2936
-1404
-431
-1661
-2556
-1613
-1046
-243
-33
1318
2516
3308
4126
3408
2673
2056
2891
5042
6428
7164
7938
9928
11000
10625
9752
8923
9615
10918
12509
13013
13355
13759
13805
14852
15007
13879
12913
13396
14885
15697
15154
13446
12036
11449
11724
11191
10254
10073
11630
14703
17244
19339
20167
20332
21601
20194
15306
8288
1602
-5121
-14686
-20087
-19774
-18794
-17646
-14792
-10320
-7983
-6684
-4961
-3622
-2214
-276
1639
3302
5134
3831
194
-3191
-7505
-12886
-17815
-20185
-20602
-19749
-17260
-14613
-11593
-8740
-7186
-5549
-3379
-1941
-982
485
1778
1443
-215
-2316
-5264
-8536
-11714
-14144
-14775
-14343
-12951
-11108
-8663
-7111
-6951
-7217
-10807
-12746
-10606
-7012
-4406
-3517
-1641
-1645
-1800
-2776
-6179
-8508
-9871
-8658
-6482
-4041
-3329
-3692
-2630
-2252
-2559
-3945
-3908
-2576
-394
2136
2896
3414
2914
2608
2577
2383
2212
2088
3966
6169
7945
8743
8399
8491
8802
9807
10501
10978
12267
13328
14989
15580
14670
13349
12924
13747
13493
13595
13639
14594
15842
14099
12634
10309
8549
7838
8105
9128
8962
11225
13175
14498
14795
13952
13212
13673
15258
13641
11257
7527
3446
477
-3370
-9610
-17375
-19215
-16605
-14340
-12714
-10627
-8768
-7391
-3893
-1962
-2299
-2465
-1957
-490
1050
1186
-2206
-6106
-8365
-10779
-13507
-15878
-17442
-17542
-15302
-12478
-10497
-8996
-8109
-6852
-4776
-2726
-2124
-2412
-1397
-411
-874
-2441
-5057
-7825
-9903
-11233
-11569
-12293
-11697
-10890
-10595
-10758
-10830
-8835
-7853
-5591
-3914
-2455
-881
68
-322
-1493
-2810
-4784
-5102
-5263
-5159
-5701
-6039
-5916
-4516
-4265
-3418
-2572
-1739
217
1415
2700
2569
2511
2287
2933
2686
2150
2311
2657
4275
5079
4854
4835
5173
6157
7609
9571
10930
12123
13699
14837
14763
13644
12925
11652
11134
11440
11693
11536
11590
12686
13046
11799
10648
9668
9388
9810
9296
9026
9805
11865
13607
14216
14301
13991
13877
15051
14611
10778
7012
3992
1113
-1437
-4326
-9638
-15213
-15874
-13382
-12651
-12560
-11068
-9700
-7287
-3385
-1713
-2043
-1742
-834
-261
353
-232
-3478
-6536
-7562
-8951
-11341
-13384
-15065
-15557
-14157
-12402
-11579
-10850
-9298
-7291
-4782
-2626
-2046
-2110
-1311
-377
-1006
-2866
-4994
-6865
-7810
-8470
-9694
-10545
-10490
-9661
-9320
-10877
-11467
-9938
-7458
-5169
-3633
-2191
-1759
-945
-3
-1091
-2575
-3552
-4002
-3465
-2876
-3541
-5118
-5566
-5057
-4548
-4297
-3744
-2176
234
2528
3044
2570
2446
2123
2171
2367
2250
2215
3034
4929
6021
6087
5491
5541
6764
8391
9782
10179
10551
11384
12387
12752
11700
10640
10209
10410
10406
10287
10673
10812
11149
11348
11644
11492
10905
11145
11981
12762
12307
10799
10313
11482
13284
13965
14189
14406
14754
13631
10142
5656
1501
-973
-2940
-6255
-10411
-12722
-12011
-11147
-11258
-11019
-10345
-9430
-6749
-3595
-2147
-1413
-590
103
532
346
-1247
-4034
-5944
-6820
-8071
-9571
-11227
-12703
-13559
-13145
-12180
-11732
-10983
-9006
-6671
-4670
-2956
-1959
-1527
-1337
-1377
-1854
-2596
-3551
-4688
-5680
-6717
-7775
-8588
-8956
-9049
-10228
-11669
-11023
-8522
-6563
-5650
-4259
-3098
-2215
-1053
-647
-1200
-1645
-1242
-651
-713
-1303
-2383
-3239
-3781
-4170
-4561
-4598
-3595
-2387
-1200
-79
822
1315
1766
2545
3010
3177
3355
3826
4505
4913
4936
4640
4446
4806
5558
6521
7223
8020
9007
10057
10645
10145
9510
9561
10519
11196
11006
10560
10581
10752
11019
11024
10386
9049
8947
10459
11804
12035
10817
9667
9444
10143
10487
10199
10060
10462
11521
12582
12474
10863
7738
4714
2829
1386
-574
-2543
-4522
-7501
-9387
-9399
-9557
-10707
-11355
-10676
-9246
-6942
-4644
-3810
-3912
-3740
-2760
-2083
-2172
-2789
-3748
-4378
-4453
-4780
-6539
-8844
-10174
-10768
-10981
-10759
-10304
-9915
-9172
-7669
-6193
-5363
-5122
-4998
-4502
-3759
-2969
-2751
-3395
-4258
-4656
-4673
-5202
-6126
-8004
-9675
-9571
-8118
-6950
-7042
-6955
-6425
-5233
-3671
-3178
-3305
-3777
-2914
-1355
-366
-467
-1539
-2130
-2274
-2071
-2226
-3056
-3244
-2534
-1546
-934
-1057
-948
-788
126
1131
1586
1868
2085
3107
3946
4184
4109
3902
4367
4743
5352
5862
6029
6531
6806
7295
7459
7452
7743
8152
9102
9674
10002
10130
10067
10096
9772
9804
9774
9500
9146
8938
9026
8762
8401
7988
7247
6545
6016
6161
7067
8083
8889
8964
8813
8648
8454
8436
7632
6319
4458
2840
1523
104
-1474
-4227
-7078
-9022
-9566
-9458
-9737
-10039
-10328
-10140
-9188
-7930
-7005
-6929
-6804
-5980
-4784
-3629
-3190
-3313
-3805
-4125
-4099
-4310
-4734
-5439
-6030
-6414
-6643
-6668
-6912
-7341
-7698
-7860
-7885
-7684
-7340
-6856
-6502
-6165
-5826
-5383
-4845
-4530
-4308
-4258
-4158
-3998
-3611
-3283
-3213
-3186
-3257
-3325
-3367
-3310
-3201
-3045
-2696
-2336
-1960
-1590
-1228
-888
-633
-356
-65
277
609
944
1131
1176
1362
1603
1917
2314
2648
2767
2747
3045
3343
3410
3688
4153
4485
4738
4761
4539
4587
4836
5154
5318
4884
4330
4529
4934
5082
5302
5154
4834
4965
5077
4929
4159
3241
2930
3142
3523
3484
2816
2181
1599
1476
1222
1059
1084
830
946
791
643
574
636
809
743
413
107
-87
-99
-101
103
-151
-361
-676
-577
-245
-354
-540
-756
-726
-783
-791
-785
-667
-689
-720
-909
-1064
-1319
-1504
-1657
-1898
-2207
-2433
-2471
-2380
-2272
-2337
-2496
-2643
-2554
-2592
-2605
-2524
-2673
-2719
-2672
-2612
-2584
-2519
-2510
-2473
-2427
-2429
-2437
-2463
-2294
-2147
-1858
-1720
-1801
-1727
-1571
-1243
-1021
-984
-919
-1025
-904
-661
-502
-236
-172
-30
137
164
79
195
333
432
477
610
941
750
825
935
1042
1120
982
973
823
1307
1596
1683
1773
1753
1867
1672
1942
1713
1672
1707
1694
1869
1661
1853
1877
2038
2225
2231
1869
1600
1821
2131
2129
2015
1776
1688
1508
1725
1866
1851
1335
1135
1342
1724
2042
1674
1412
1464
1805
1803
1558
1334
1272
1188
1148
1136
1060
760
614
536
659
588
340
281
404
590
493
478
486
744
727
585
405
252
202
37
-131
-445
-475
-522
-551
-540
-624
-786
-859
-814
-721
-781
-876
-888
-922
-957
-942
-813
-847
-891
-1088
-1117
-1097
-1061
-1053
-1167
-1122
-1352
-1297
-1230
-1216
-1080
-1200
-1256
-1351
-1346
-1327
-1203
-1045
-1121
-1254
-1488
-1375
-1001
-695
-763
-1030
-1278
-1250
-1123
-875
-903
-902
-935
-829
-694
-580
-515
-755
-953
-914
-435
-391
-562
-847
-661
-320
-174
-175
-293
-310
-340
-545
-402
-199
-27
132
223
-96
-154
173
371
419
156
-23
-113
-61
39
12
-36
116
270
290
-20
-3
185
416
579
552
516
523
616
612
581
565
637
382
85
43
1
-119
-93
229
624
769
518
448
611
388
416
751
1064
1227
780
646
650
746
890
915
602
334
365
435
331
216
87
154
280
204
234
259
343
410
477
410
433
415
278
287
399
302
241
63
76
33
-57
-216
-336
-430
-342
-658
-2452
-3959
-4919
-3890
-2514
-1426
-1076
-1861
-2466
-2654
-1738
-544
487
586
-228
-934
-1009
-847
-1029
-1550
-1841
-1884
-1771
-1377
-1019
-710
-786
-900
-892
-838
-774
-746
-431
-365
17
590
658
300
-95
-74
-59
63
169
370
556
654
892
1076
997
782
753
784
978
1201
1346
1273
1213
1336
1275
1100
903
918
923
1015
1444
1872
2125
2084
2140
2188
2134
2150
2247
2243
2107
2049
1910
1833
1703
1550
1350
1118
903
923
1009
1032
1043
949
951
833
722
767
822
756
670
752
752
694
592
383
111
-51
-7
4
81
226
187
-8
-249
-358
-476
-633
-672
-606
-408
-226
-162
-211
-464
-1034
-1622
-1812
-1515
-1120
-896
-590
-524
-718
-1044
-1393
-1644
-1835
-1555
-1163
-772
-584
-470
-269
-420
-656
-845
-867
-769
-541
-223
-329
-608
-834
-942
-981
-1040
-1082
-1090
-1080
-943
-702
-584
-646
-763
-723
-704
-554
-413
-344
-239
-78
143
110
55
118
315
460
464
571
728
868
899
915
786
514
345
416
621
743
858
872
824
716
623
515
403
500
670
820
868
873
886
875
877
865
817
748
718
711
693
563
548
637
622
421
247
308
400
507
529
442
356
355
419
243
-131
-449
-574
-479
-398
-350
-346
-404
-297
-129
-20
-107
-219
-170
-159
-44
44
158
196
242
315
218
87
9
58
130
181
299
389
422
412
348
220
125
214
407
491
447
379
270
156
-16
-262
-408
-467
-414
-364
-309
-275
-248
-246
-329
-336
-398
-389
-301
-233
-203
-277
-413
-542
-615
-720
-776
-737
-694
-697
-716
-743
-817
-941
-998
-963
-929
-954
-1043
-1020
-891
-646
-537
-678
-848
-893
-758
-631
-591
-660
-717
-556
-290
-78
-119
-323
-460
-474
-550
-746
-887
-801
-455
-118
-11
-131
-231
-190
-100
-97
-188
-105
202
569
728
602
351
155
177
261
249
120
45
165
354
457
405
215
-22
-149
-57
123
199
123
56
113
141
78
-77
-195
-243
-176
-78
-111
-222
-318
-289
-271
-324
-418
-480
-413
-305
-184
-226
-333
-277
-173
-133
-248
-368
-420
-391
-257
-225
-263
-359
-337
-259
-274
-304
-327
-238
-144
-111
-108
-219
-278
-210
-57
30
-12
-111
-192
-153
-58
-32
-83
-146
-58
37
-68
-383
-723
-797
-630
-330
-205
-261
-313
-335
-386
-540
-580
-499
-311
-84
53
15
-121
-197
-252
-326
-460
-527
-391
-54
306
470
401
188
41
-11
-15
-32
-9
108
287
426
398
200
-79
-228
-233
-156
-73
11
155
323
422
387
250
42
-93
-145
-180
-276
-380
-372
-258
-133
-199
-327
-353
-263
-79
60
162
232
356
467
444
318
127
24
11
74
154
237
330
445
583
556
381
155
55
49
78
172
253
370
518
636
586
408
178
43
117
305
502
580
563
571
641
597
393
194
158
296
436
457
359
220
66
-150
-449
-766
-873
-794
-650
-559
-468
-325
-240
-296
-439
-561
-641
-560
-333
-135
-110
-230
-391
-500
-524
-600
-726
-872
-956
-941
-951
-1025
-1073
-1047
-1037
-1059
-1138
-1198
-1150
-994
-836
-840
-903
-870
-704
-539
-520
-614
-738
-852
-959
-1050
-1149
-1160
-1071
-928
-810
-800
-839
-897
-953
-976
-930
-864
-734
-582
-466
-389
-432
-543
-669
-741
-756
-742
-736
-730
-656
-637
-669
-721
-780
-760
-682
-593
-548
-466
-309
-142
-41
-98
-231
-348
-408
-403
-364
-275
-161
-106
-137
-242
-328
-339
-259
-126
-42
7
31
-19
-90
-93
18
215
448
632
698
623
501
421
352
296
312
478
753
929
880
657
388
181
88
73
158
352
624
848
892
751
504
279
205
338
586
789
895
956
1004
917
717
508
374
397
565
737
778
729
628
527
474
441
389
368
411
478
507
480
471
539
620
605
502
447
506
798
895
857
682
584
570
492
513
404
327
307
375
459
467
378
140
-142
-305
-471
-425
-299
-111
-2
12
-106
-320
-475
-565
-503
-364
-152
73
215
226
122
-8
-87
-151
-120
41
310
478
526
519
471
358
202
124
196
371
588
784
830
692
448
248
186
300
543
837
1027
1095
1121
1077
871
660
585
595
623
763
945
946
747
474
264
175
229
422
655
828
938
931
737
467
251
125
99
258
610
971
1133
1123
920
553
218
57
93
227
358
486
512
383
206
40
-138
-271
-279
-213
-97
31
94
-43
-332
-528
-603
-630
-717
-741
-664
-518
-341
-359
-564
-762
-810
-732
-632
-543
-434
-331
-306
-324
-382
-534
-639
-605
-512
-543
-633
-611
-445
-278
-263
-365
-519
-628
-628
-506
-383
-337
-314
-293
-310
-361
-484
-523
-353
-34
206
193
39
-45
-7
45
7
-75
-17
163
379
494
469
391
337
179
-164
-238
14
290
444
409
259
66
-28
-7
90
220
298
180
39
42
26
-98
-260
-236
-128
-15
165
349
440
417
371
247
82
32
68
160
252
360
487
595
671
617
431
178
58
189
374
499
662
820
825
698
562
411
265
141
96
180
294
401
514
583
576
466
250
25
-57
32
109
104
142
267
351
317
160
-42
-213
-298
-242
-109
-11
10
-54
-229
-431
-592
-665
-649
-508
-340
-258
-218
-126
-47
-68
-185
-358
-469
-479
-416
-327
-310
-420
-511
-493
-430
-422
-416
-330
-170
-2
68
-12
-118
-112
-105
-172
-229
-207
-70
68
105
48
-50
-124
-119
-91
-97
-56
63
207
310
282
166
25
-116
-177
-179
-195
-179
-36
151
222
128
-75
-272
-331
-295
-271
-280
-225
-128
-99
-210
-394
-472
-430
-341
-287
-275
-257
-159
-49
-76
-216
-338
-312
-153
0
102
141
38
-120
-257
-378
-485
-472
-324
-140
-16
-8
-102
-280
-423
-513
-577
-550
-364
-127
32
121
153
112
-12
-146
-185
-161
-80
45
185
219
119
-47
-211
-337
-378
-301
-171
-45
51
86
46
-58
-146
-206
-238
-239
-227
-211
-221
-211
-224
-252
-271
-268
-230
-196
-164
-85
0
56
62
53
38
-24
-116
-215
-296
-294
-193
-70
45
165
227
167
50
-73
-194
-256
-215
-73
66
138
116
40
-81
-187
-247
-266
-256
-184
-65
36
120
184
193
140
81
58
30
-20
-56
-57
-51
-61
-63
-110
-150
-98
-15
12
-17
-49
-44
-49
-104
-138
-133
-74
28
133
197
202
181
183
193
215
228
219
220
216
168
82
-4
-26
13
40
65
82
102
117
148
158
153
160
115
110
141
158
128
81
70
58
82
139
201
237
192
96
-1
-85
-135
-103
-27
36
106
190
215
147
67
-30
-122
-105
-5
101
179
224
216
139
83
57
66
112
166
201
209
130
19
-49
-93
-129
-151
-130
-52
40
106
122
51
-34
-106
-140
-104
-36
36
82
111
128
129
73
6
0
20
30
58
103
116
105
77
52
53
65
78
84
112
153
212
274
304
297
297
304
290
288
267
239
228
215
223
257
309
345
395
418
381
316
254
209
216
267
310
322
335
350
274
163
66
-29
-73
-64
-31
0
2
-43
-162
-303
-398
-440
-437
-401
-331
-225
-155
-171
-234
-310
-397
-452
-443
-373
-262
-177
-147
-143
-188
-230
-231
-226
-199
-131
-58
-28
-19
-13
-18
-20
-5
-17
-41
-54
-37
-1
48
87
114
149
182
200
210
190
151
136
130
133
153
173
187
216
228
206
150
95
46
-2
-9
25
87
139
164
154
102
27
-37
-66
-59
-7
79
158
226
233
197
174
136
118
106
113
115
131
174
194
184
138
67
13
-5
-1
23
48
56
35
52
78
68
32
-22
-53
-34
17
49
79
87
85
103
103
103
85
44
23
13
45
74
91
93
91
73
29
-27
-51
-32
-9
16
45
80
83
70
43
12
11
53
108
130
137
129
97
71
39
16
0
6
14
7
-19
-43
-58
-64
-30
-10
-17
-51
-69
-76
-113
-125
-115
-98
-83
-59
-66
-95
-114
-123
-120
-137
-157
-152
-139
-113
-89
-76
-81
-85
-81
-112
-184
-228
-233
-218
-179
-131
-103
-62
-39
-61
-81
-115
-138
-154
-158
-141
-110
-92
-70
-58
-63
-73
-90
-114
-137
-140
-126
-117
-96
-98
-77
-57
-12
15
13
-8
-40
-65
-115
-123
-107
89
-372
11
242
-282
262
55
-128
101
-179
-19
-41
-174
168
-130
-54
81
-209
-94
-157
-258
-126
-137
-189
-2
-11
-20
64
-22
-86
-190
-189
-159
-182
-51
-46
-49
21
-89
-48
-33
-56
-5
-17
13
-22
43
68
9
74
100
33
69
39
3
-11
-23
-8
-40
30
24
28
89
70
73
80
17
-7
0
4
14
48
87
55
64
82
50
38
42
4
-13
-3
-24
-12
7
-6
0
13
-10
-36
-43
-76
-82
-58
-50
-49
-60
-55
-39
-51
-75
-104
-116
-122
-145
-141
-119
-100
-84
-66
-80
-83
-76
-102
-101
-79
-73
-67
-42
-46
-72
-90
-114
-135
-142
-118
-113
-113
-100
-87
-61
-35
-15
-36
-38
-15
-15
-35
-53
-76
-100
-102
-82
-57
-38
-24
-33
-52
-64
-83
-70
-40
-14
19
50
31
-4
-50
-98
-129
-131
-115
-105
-98
-78
-58
-26
-12
-37
-55
-85
-114
-121
-116
-93
-64
-46
-29
-41
-81
-108
-107
-99
-79
-51
-60
-73
-63
-71
-86
-92
-116
-140
-132
-101
-90
-90
-85
-89
-105
-109
-95
-101
-104
-96
-88
-60
-31
-31
-44
-69
-99
-93
-59
-34
-2
30
27
24
22
3
-28
-53
-83
-109
-108
-108
-112
-113
-100
-72
-78
-83
-87
-94
-111
-113
-105
-86
-48
-49
-84
-100
-105
-109
-106
-109
-101
-96
-99
-110
-120
-137
-148
-164
-172
-153
-140
-117
-116
-123
-131
-147
-174
-204
-214
-209
-195
-181
-170
-153
-136
-131
-149
-170
-191
-193
-169
-134
-91
-74
-85
-84
-83
-93
-109
-136
-158
-153
-121
-91
-74
-51
-67
-56
-39
-50
-53
-58
-67
-82
-97
-110
-112
-110
-97
-94
-77
-28
2
10
-7
-32
-44
-51
-40
-36
-32
-52
-57
-55
-55
-24
-24
-40
-47
-52
-44
-50
-56
-57
-46
-30
0
22
19
21
15
5
-21
-43
-56
-64
-54
-12
31
57
72
72
73
77
70
65
65
54
68
82
111
129
133
150
162
167
155
128
103
105
133
165
178
176
180
171
157
163
154
154
145
142
162
183
183
152
116
92
81
75
62
49
39
50
74
100
109
91
73
71
77
76
73
62
38
24
39
49
43
30
9
0
2
10
19
15
0
-32
-46
-47
-31
-20
-24
-34
-38
-30
-21
-9
1
10
18
36
29
29
24
10
5
0
-1
-11
-10
-7
-13
-25
-27
-30
-47
-50
-53
-65
-65
-68
-61
-56
-53
-31
-23
-6
23
18
6
2
-11
-4
10
8
6
11
1
-6
6
3
3
9
17
26
34
35
24
11
9
-3
-8
4
5
41
65
69
64
51
33
28
35
27
13
0
7
22
44
58
67
71
71
79
73
53
45
48
24
10
0
8
28
40
40
14
-8
-20
-31
-29
-25
-17
-9
8
16
24
25
26
30
11
1
-8
-16
-6
-3
-8
-17
-3
11
13
-3
-27
-52
-78
-102
-120
-135
-118
-82
-70
-60
-73
-91
-120
-130
-113
-101
-90
-85
-92
-88
-82
-73
-63
-62
-70
-87
-105
-125
-134
-120
-99
-69
-65
-63
-54
-68
-61
-43
-35
-44
-62
-72
-67
-72
-83
-79
-62
-39
4
49
74
92
98
98
76
64
60
58
69
92
102
116
114
98
104
113
121
126
133
136
145
148
129
124
129
115
117
132
130
122
132
157
163
154
145
140
145
163
169
164
158
159
169
172
169
170
170
158
134
116
107
103
102
107
105
84
64
45
26
15
18
25
5
-11
-22
-37
-44
-32
-12
-8
-15
-34
-51
-73
-85
-91
-101
-99
-109
-118
-111
-120
-119
-108
-119
-124
-115
-127
-143
-161
-166
-160
-160
-154
-164
-182
-190
-179
-176
-173
-174
-179
-182
-173
-159
-155
-149
-153
-152
-143
-145
-152
-146
-151
-131
-111
-104
-108
-109
-102
-86
-55
-49
-56
-65
