49
48
49
47
46
59
55
57
30
33
56
58
61
52
55
41
40
40
37
40
38
40
30
38
8
-1
39
46
49
39
34
28
29
41
31
25
17
15
22
24
1
-2
22
19
18
15
12
5
4
5
4
1
-10
-8
-33
-46
-71
-76
-55
-87
-74
-31
-69
-46
-56
-79
-45
-51
-34
-37
-52
-43
-110
-141
-52
-54
-27
-65
-102
-106
-87
-81
-118
-192
-258
-376
-542
-923
-1575
-2716
-3745
-4945
-7134
-4713
-696
1680
1507
-3079
-3951
-3613
-2413
-3679
-8428
-5720
-2646
-1584
-3120
-6803
-5394
175
3739
1873
-2875
-5383
-2147
2575
2013
-487
-5932
-2999
-2493
-5097
-2366
-6943
389
2655
1885
834
-5588
-701
2232
4024
6320
-327
4141
5717
1849
5303
3578
3384
3073
5713
5538
4235
2183
4534
3803
3000
5037
-710
2602
5701
949
2610
-1813
2769
8883
1808
749
-1620
570
3818
7130
4690
608
954
-328
4613
1073
6036
3050
4425
2973
-1423
3816
617
3158
4358
-2035
2649
5491
2906
-921
-5333
4238
4657
991
6191
-2290
-6508
2851
1958
2547
3951
-915
-5369
-653
5861
432
-2328
2125
-1508
-1199
2781
-3472
1206
4386
-6712
3544
-1426
-1674
4095
-6895
2453
-308
-1726
4365
-1752
-6062
-2561
-1616
2819
285
-3239
-1271
-838
-444
-3223
-1685
-4286
-2296
3602
1675
-1621
-3760
-4133
-3122
896
2423
-208
-2782
-2881
-3550
-4451
2819
3111
-2454
-869
-5092
-3549
3762
-2446
-1687
-1709
-1599
1564
-441
1169
-4698
-5962
508
-1076
3900
901
-7359
1485
-1483
-4152
2382
3522
-2460
-2925
185
-1829
1223
2984
-2226
-2337
2075
-1729
-960
-234
-1760
1732
1364
-1348
1417
-2365
-657
-720
-2316
2436
2774
1796
-1968
-2918
-1302
50
2589
-1047
-826
2289
-1864
692
-1587
-1848
3502
-1488
-796
-1432
297
2533
-1551
861
110
-1281
291
-1358
414
1734
879
334
-2035
492
2302
-350
-1892
-376
772
-102
5913
-258
-4191
1243
-2275
1852
3948
-145
1861
-1318
-2266
2211
-870
2615
798
-3261
-797
1430
2524
92
249
-2244
-1543
-198
2088
-1296
-1259
3212
-1907
-424
2012
-705
-1843
251
-1151
-807
3527
2079
-2413
-1023
-1303
-2558
1465
355
120
-240
-873
-1766
-2
872
-1205
439
-1520
-866
1423
983
698
158
-1605
-1375
-420
-961
932
161
781
410
-2546
-1420
-1698
144
3351
-841
271
-28
-2539
822
-473
1052
3323
-400
-515
348
-327
1318
1130
-396
1106
458
-544
1483
-1412
151
309
-1258
1464
163
-840
561
-52
-2057
-1600
1071
316
1263
139
-3206
-567
-677
-166
-559
-1698
1037
-455
300
928
-2288
-729
-719
-536
1390
573
296
-612
-1693
601
1589
958
67
-2026
-1031
1033
1406
1978
586
-1106
-629
264
1107
1061
63
387
1549
689
673
540
1459
786
1261
1242
1177
489
1049
2239
45
-26
1096
2277
2188
1289
-650
-997
-574
1638
2141
735
2336
175
-1340
-42
-173
174
326
1860
1591
-21
861
-424
-1931
-5
311
217
1582
-429
-791
-302
-785
-1018
-1645
-238
-44
-762
-603
-1220
-1962
-2003
-1491
-1544
-1934
-1377
-1823
-2716
-2793
-3504
-3151
-2921
-2929
-2619
-2819
-3210
-3469
-3913
-4560
-4233
-3270
-3138
-2166
-2184
-3253
-3036
-3994
-4070
-3336
-2652
-483
-395
-813
-493
-1526
-1692
-1396
-585
2064
2922
2601
2769
1033
2099
4031
3557
5214
6238
5602
6387
5895
5253
6141
7201
7884
8131
8559
8192
7654
7593
8102
8444
9208
9437
8377
8727
8869
8556
9400
9116
8807
9705
8821
7509
6853
6130
6156
5827
3917
2647
2140
1563
-62
-2735
-4206
-4859
-5331
-6120
-7296
-8725
-10561
-12012
-12727
-13199
-12957
-12745
-13558
-14543
-14855
-14018
-13706
-13852
-13172
-12674
-12204
-11530
-11071
-10227
-9292
-8871
-8177
-7443
-6618
-5238
-4541
-4254
-3988
-2873
-2143
-1910
-1730
-1429
-731
-36
604
824
999
639
689
1650
2143
2942
3440
3412
3977
5371
5348
6670
6696
4247
7680
9835
9148
11503
11796
10516
11684
11975
12349
13529
15449
15745
15933
15980
16066
16534
16959
16981
17040
19187
19756
19372
19716
17773
12735
8184
7303
11975
15836
11332
5115
209
-4022
-5240
-5561
-4917
-4136
-8437
-14219
-17465
-19608
-17936
-16879
-19782
-21765
-22019
-21091
-20293
-20433
-19404
-19072
-19683
-18893
-16366
-12631
-10359
-9484
-9602
-10024
-7806
-4296
-2462
-1382
-636
-179
138
-192
485
1572
1721
953
163
79
374
128
-1753
-3268
-3637
-4370
-4498
-4108
-4858
-5640
-6423
-7477
-7311
-6391
-5129
-4258
-4721
-4687
-3327
-1971
-754
510
2048
3769
4847
6394
7886
8617
10171
11818
13350
14723
15620
16913
17170
16859
18565
19578
19519
20046
19829
20355
21572
20760
21352
22229
21367
22792
22281
18969
12093
6786
9926
14675
14177
8174
2141
-2044
-6407
-9395
-7849
-6572
-8967
-14585
-19966
-21660
-21015
-19556
-21144
-24810
-25558
-23655
-22662
-21756
-19928
-18520
-19763
-20843
-17996
-13328
-9609
-7836
-7419
-7755
-6809
-3498
-495
450
1533
2225
2076
1697
2328
4242
3874
2122
935
598
292
-418
-1448
-2684
-4462
-6269
-6857
-6779
-6732
-7248
-8371
-9889
-9957
-9114
-7731
-6882
-6672
-6082
-5151
-3650
-2048
-229
1176
2368
3742
5969
8476
10293
11295
12248
13030
14650
16583
17899
18602
19186
19350
20058
20843
20158
21339
21064
21126
21708
21619
22669
22253
21722
21518
21699
17091
8949
5801
9518
14915
11313
3193
-352
-4414
-10431
-12106
-10597
-9068
-12381
-19536
-22574
-23861
-23037
-21911
-25458
-27828
-26208
-24428
-23823
-22420
-19591
-19635
-22055
-21470
-17049
-12144
-9390
-7985
-7731
-8039
-6528
-3191
-1296
-42
1233
1324
406
238
2118
3211
1860
-674
-1849
-1520
-1642
-2535
-3726
-5262
-6733
-8165
-8414
-7539
-7962
-8825
-9471
-9956
-9411
-7977
-6531
-6215
-6095
-4888
-2854
-1334
87
2219
3801
4164
5899
8991
10751
11755
12759
14359
15539
16271
17964
19185
18944
19397
20161
20950
20606
20869
21829
21378
21285
21948
22571
23077
22013
22488
18379
7945
6241
9204
14332
11057
3392
2423
-3168
-10801
-12163
-10689
-9974
-13813
-20154
-20646
-22431
-22022
-21537
-26111
-28507
-27242
-24667
-23441
-21135
-17465
-18469
-21717
-20719
-16305
-11232
-9641
-7553
-5791
-6099
-4205
-1293
320
643
483
1073
1482
1971
4106
3767
1267
-1439
-1733
-775
-1784
-2510
-3101
-4697
-6600
-7333
-6755
-6383
-7823
-8387
-8126
-7997
-6926
-5494
-4523
-4750
-3783
-1851
36
1699
3385
5425
6483
7223
9785
12333
13257
14309
15703
17678
18264
18632
20114
20580
20511
21239
22110
22279
22416
22540
23196
22821
22613
23384
23786
23762
22026
13563
7421
7865
12159
13787
6204
2959
839
-6948
-12253
-11935
-10526
-12258
-18969
-21631
-21042
-21842
-21645
-24358
-27906
-28741
-26704
-24770
-21967
-17997
-17344
-20037
-20771
-17939
-12720
-9732
-8326
-6004
-5337
-3849
-1117
777
1259
1149
855
1010
1763
3468
4293
2907
186
-1695
-1575
-2147
-2901
-3418
-4385
-5833
-6751
-6754
-6455
-7448
-8639
-8425
-7786
-6725
-5225
-3839
-3768
-3066
-1354
470
2134
3895
5967
7776
8906
10924
13603
14589
15141
16202
18067
19081
19991
21499
22254
22191
22102
22697
23328
23088
23517
24291
24644
24381
24866
24964
24172
16304
8793
8866
11133
13971
8197
4009
2765
-4451
-10958
-12098
-12292
-12671
-17698
-22200
-21064
-21215
-21080
-23879
-28025
-29022
-27559
-25893
-23091
-18527
-16722
-19064
-19329
-16976
-13212
-10046
-8864
-6518
-5010
-3097
184
1831
1386
1177
798
687
1120
3206
4442
2857
143
-2026
-1500
-2254
-3796
-4493
-5535
-6997
-7431
-6926
-6777
-7653
-8999
-9240
-8783
-7629
-5726
-3858
-3694
-3055
-823
679
2377
4358
6362
8087
9010
11200
14078
15455
16124
17311
18711
19697
20217
21754
22326
22427
22702
23366
24145
24022
24387
24676
24363
24179
24887
25694
22277
12699
9306
9987
12598
10903
4672
4037
-15
-7407
-10421
-11164
-12377
-15526
-21649
-22503
-21517
-20266
-20814
-25258
-27955
-27618
-26289
-25356
-21394
-16842
-17146
-18641
-16558
-13238
-9788
-9053
-7688
-5775
-4414
-847
2111
2990
2526
1833
1130
379
1173
3147
2590
849
-828
-846
-1026
-3275
-4860
-6181
-7433
-8217
-7489
-6298
-6526
-7933
-8467
-8487
-7784
-6398
-4870
-3394
-2630
-615
1966
3639
5055
6644
7845
9230
11079
13963
16595
17318
17810
18988
19933
20195
21644
22245
22802
22955
22852
24159
24546
24360
24886
24225
23868
24436
24827
20992
12111
9265
9879
11627
8437
3116
3215
-1275
-8750
-11003
-12258
-14062
-17605
-23042
-22951
-22378
-21396
-21770
-25606
-27880
-27291
-26054
-25631
-21974
-17244
-17298
-17844
-15113
-11622
-8639
-8829
-7896
-5578
-3825
-542
2367
3284
2820
1754
1010
235
604
1974
849
-827
-1957
-1543
-1378
-3869
-6124
-7249
-8783
-9764
-8943
-7572
-7485
-8395
-8376
-7915
-6995
-6420
-5537
-4194
-3202
-334
2976
4779
5909
7288
8521
9529
11288
14075
16052
16831
17785
19607
21034
20929
21177
21727
21674
21768
23037
23781
24434
24490
24418
24167
23840
24374
24478
17891
10196
9464
10043
11075
6729
2941
2256
-3554
-9538
-10804
-12484
-15291
-20108
-23925
-22959
-21620
-20585
-22571
-25815
-27564
-26926
-25664
-24229
-20302
-17170
-17506
-16544
-13134
-9196
-7329
-7979
-6820
-5159
-2798
429
2898
3795
3182
2315
1675
951
1118
860
-1059
-2744
-2987
-1789
-2482
-4786
-6872
-8625
-10365
-11311
-10215
-9190
-9642
-9887
-8989
-7796
-6735
-6388
-5925
-5111
-3558
-365
2781
4933
6730
8454
9460
10443
12500
14529
15591
16424
18045
20348
21652
21807
22260
22214
21668
22087
22719
23389
23546
24088
24399
24147
24680
24682
23353
15705
9226
8674
9155
8675
4725
2001
865
-4649
-9605
-10811
-13607
-17228
-22641
-25258
-23519
-21625
-20824
-22680
-24927
-25684
-25434
-24841
-23432
-20077
-17825
-17736
-14815
-10211
-6441
-5509
-6289
-5557
-4434
-2469
463
2609
3870
3508
2730
2319
1513
1226
-581
-3179
-4334
-4044
-3195
-3975
-5665
-7006
-8778
-10558
-11335
-10916
-10580
-11318
-11026
-9212
-7199
-5778
-5237
-4610
-3878
-2439
114
2481
4818
7076
9084
10893
12606
14502
16012
16423
16852
18302
20176
21325
21643
22717
22815
22928
23273
23260
23809
23254
23101
23647
23983
24689
24873
20494
13104
9445
8594
8639
5522
1330
180
-2393
-7241
-9726
-11092
-14393
-19615
-24964
-25709
-23744
-22287
-22728
-23973
-24402
-24105
-23349
-22484
-20716
-18562
-18036
-17056
-12917
-7868
-4633
-3998
-3691
-2647
-1265
127
1512
2848
3357
2931
2728
3064
3125
1931
-941
-3434
-4596
-4731
-5365
-6587
-7406
-8365
-9467
-10436
-10807
-10715
-11406
-12467
-11511
-9453
-7550
-6401
-5375
-3780
-2085
-373
1537
3619
5244
7000
9126
11261
13480
15326
16086
16799
17884
19047
19990
20326
20575
21439
21874
21916
22950
23292
22988
22893
22606
22830
23502
23466
23213
18399
11421
9578
9167
8605
4995
313
-623
-3462
-7844
-9459
-11298
-14378
-19886
-24581
-24006
-22182
-21472
-23052
-24163
-23609
-23135
-21790
-20513
-18925
-17267
-17303
-15540
-11173
-6838
-4116
-3790
-2988
-1308
387
1834
2372
3285
3450
2870
3060
3122
3138
1656
-1271
-3088
-4125
-4842
-6224
-8080
-8859
-9687
-10435
-10913
-10996
-10921
-11896
-12599
-11618
-9668
-8162
-7344
-6000
-3987
-2011
22
1742
3708
5479
7084
9151
11200
13262
14627
15188
16464
18147
19527
20241
19872
20281
20809
21261
21399
21674
22060
22015
21872
22474
22510
23044
23234
22255
19013
12065
9416
8601
7544
4824
302
-785
-2481
-6490
-8619
-10453
-13508
-18225
-23570
-23703
-22174
-21658
-22496
-23257
-21940
-21321
-20293
-19126
-18077
-16717
-16617
-15331
-11251
-7143
-4031
-3055
-2081
-143
1345
2631
2800
3119
3242
2556
2785
3084
2724
1769
-896
-2810
-3776
-5121
-6726
-8809
-10047
-10964
-11611
-11880
-11959
-11680
-12234
-12808
-11823
-10553
-9485
-8745
-7721
-5468
-3234
-828
1356
3343
5352
6613
8387
10364
12046
13548
14279
15465
17402
18818
19595
19539
19726
20205
20204
20436
20205
20577
20476
20607
21042
21637
21688
21882
21880
20867
17419
11097
8783
7448
6003
3331
-516
-1524
-3033
-6320
-8422
-10049
-13249
-17808
-22216
-22756
-21739
-21362
-22139
-22303
-20705
-19800
-18465
-17207
-16271
-15353
-15202
-13915
-10591
-6954
-3985
-2635
-1069
1099
2732
3932
3862
3536
3269
2669
2674
3225
3390
2196
-90
-1884
-3281
-4413
-6673
-9528
-11108
-12367
-12881
-12826
-12682
-12608
-12954
-13105
-12584
-11353
-10520
-10317
-9349
-7457
-5032
-2317
-155
1756
3763
5625
7498
9328
11048
12115
12847
13835
15271
17284
18406
18706
19021
19200
19291
19434
19170
18965
18959
18519
19012
19552
20121
20252
19823
20230
20526
19201
13704
8983
7346
6016
4239
417
-1561
-1608
-4210
-7226
-8391
-9869
-12921
-18330
-21650
-21048
-20431
-21010
-21848
-20333
-18467
-17566
-16238
-14902
-13642
-13397
-13768
-11996
-8702
-5629
-3630
-2247
36
2212
3858
4437
4213
4073
3186
2223
2085
2406
2436
965
-974
-1906
-2887
-4731
-7530
-9993
-11542
-13089
-14210
-14187
-13532
-13466
-13830
-13325
-11918
-10680
-10346
-10271
-9237
-7462
-5566
-3391
-1080
1085
3080
4988
7003
9139
10802
11422
11826
12740
14088
15491
16352
16971
17659
18225
18383
18479
18359
18097
17125
16623
16967
17069
17627
17792
17837
18484
18661
18655
19228
15860
10390
7586
5819
5268
2763
-884
-1600
-2571
-4835
-6468
-7536
-9103
-13574
-18089
-19343
-18975
-18600
-20019
-20213
-18428
-17225
-15688
-14045
-12714
-12186
-12676
-12082
-10087
-7376
-5197
-4315
-2646
-470
1820
3722
4250
4358
3797
2821
2186
1975
2038
1005
-653
-1714
-2163
-2246
-4088
-6946
-8910
-10929
-12540
-13689
-14212
-14154
-14449
-14455
-13346
-11309
-10062
-9954
-9551
-8700
-7371
-5732
-4312
-2448
-538
1303
3571
5890
8050
9384
10150
10719
11620
12954
13630
13779
14236
15176
16191
16852
16772
16958
16664
15774
15560
15542
15334
15222
14615
14907
16022
16296
17166
17588
18198
18077
14651
10124
7985
6626
5160
2061
-967
-1159
-2074
-3730
-5265
-6126
-7752
-11900
-15825
-17165
-17138
-17966
-19998
-20052
-18089
-16717
-15237
-13821
-12452
-11929
-12406
-11994
-10428
-8326
-6990
-6222
-4445
-1848
853
2741
3537
4095
4188
3626
2948
2527
2260
1370
-218
-1127
-941
-1070
-2464
-4575
-6396
-7969
-9912
-11798
-12934
-13759
-14780
-15139
-14017
-12251
-10946
-10442
-9973
-8752
-7434
-6443
-5455
-4405
-3162
-1476
666
3102
5426
7070
8096
9188
10475
11565
12106
12056
12064
12577
13296
14064
14619
14994
14951
14627
14428
14618
14495
13608
13258
12897
13470
14058
14680
15288
15705
16532
16874
18036
17616
13698
10376
8389
6844
5877
2471
452
66
-1801
-3045
-4127
-4885
-7236
-11592
-14575
-16055
-16447
-17718
-19876
-19414
-18457
-17642
-15887
-14418
-12999
-12853
-13038
-12223
-10737
-8791
-7969
-7087
-5164
-2997
-308
1730
2874
3893
4108
4112
3798
3527
3564
2312
993
63
-104
258
-985
-2875
-4218
-5825
-7662
-9311
-10885
-12223
-13620
-14405
-14007
-12701
-11766
-11367
-10486
-9383
-8078
-6835
-6003
-5305
-4470
-3288
-1571
375
2390
4048
5315
6589
7923
9318
10030
10042
10156
10579
11151
11547
11920
12405
12697
12843
12974
13297
13427
12936
12535
12254
12411
12691
12787
13198
13872
14500
15215
16063
16772
17751
17997
16488
12810
10477
9170
7571
5441
1841
543
-155
-2181
-3502
-4450
-5658
-8453
-12537
-14538
-15233
-16487
-18757
-20576
-19644
-18740
-18032
-16332
-14822
-13531
-13246
-12848
-11222
-9575
-8415
-7962
-7047
-5010
-2724
-262
1506
2753
4072
4773
5176
5259
5321
4705
3286
2213
1692
1693
1237
-157
-1137
-2005
-3575
-5287
-6985
-8260
-10243
-12185
-12947
-13062
-12582
-12581
-12384
-11254
-10235
-9333
-8344
-7495
-6708
-6000
-5017
-3686
-2178
-625
656
2160
3808
5350
6756
7594
8143
8767
9381
9692
9918
10294
10518
10582
10842
11411
12128
12230
12015
11892
11834
11827
11511
11250
11318
11318
11705
12454
13251
14100
14651
15307
16241
16853
17362
15554
12112
10380
8558
7596
5253
1806
966
-450
-2198
-3354
-4523
-5457
-8576
-12338
-13909
-14994
-16087
-18618
-20281
-19520
-19348
-18463
-17001
-15471
-14094
-13927
-13027
-11319
-9675
-8476
-8100
-6915
-5092
-2998
-488
1213
2761
4116
5023
5899
6294
6750
6413
5200
4088
3458
3654
2948
1408
263
-631
-1505
-3084
-4739
-6234
-8425
-10389
-11759
-12330
-12617
-13536
-13801
-13206
-12223
-11017
-10084
-9166
-8414
-7657
-6454
-5305
-4079
-3040
-2062
-718
751
2607
4244
5330
6178
6964
7841
8374
8471
8540
8550
8623
8859
9169
9619
9794
9738
10079
10417
10546
10508
10243
10078
9927
9800
9981
10424
10789
11330
12089
12922
14017
14867
15484
16287
16706
16641
13883
11425
10188
8520
7166
3644
1553
1005
-984
-2557
-3920
-4953
-6328
-10018
-12491
-13409
-14698
-16414
-19124
-19490
-18937
-19046
-18011
-16809
-15155
-14027
-13474
-11761
-10085
-8689
-7843
-7333
-5785
-4157
-2188
-210
1129
2896
4426
5598
6546
7097
7607
7162
6162
5545
5268
5006
3665
2369
1778
877
-394
-1820
-2855
-4236
-6676
-8881
-10198
-11112
-12407
-13883
-14341
-14046
-13586
-12977
-12052
-10855
-9951
-9108
-7952
-6706
-5495
-4651
-3929
-2852
-1369
350
1764
2963
4238
5588
6812
7571
8143
8591
8529
8234
8140
8339
8540
8265
8026
8325
8765
9080
9166
9239
9374
9295
9047
9147
9186
9109
9127
9184
10027
10804
11680
12515
13227
14329
15158
15831
16655
16664
14184
12051
10533
9329
8099
4645
2360
1198
-597
-2088
-3561
-4443
-5802
-9024
-11220
-12258
-13279
-14958
-17819
-18772
-18792
-19000
-18184
-17134
-15665
-14556
-13628
-11682
-9734
-8030
-6998
-6483
-5329
-3992
-2197
-469
662
2039
3488
4985
6272
7242
8084
8054
7385
6853
6499
6207
4863
3203
2345
1487
583
-633
-1643
-2775
-4639
-6213
-7492
-8727
-10295
-12236
-13458
-13984
-14255
-14123
-13777
-13036
-12141
-10943
-9386
-8144
-6920
-5940
-5110
-4040
-2907
-1646
-488
457
1621
3069
4546
5652
6471
7295
7837
8161
8367
8399
8270
7771
7264
7137
7240
7228
6927
6920
7108
7393
7853
7931
8008
7863
7701
7873
7879
8158
8321
8509
9140
9775
10822
11879
12648
13427
14165
14981
15747
16034
14110
12171
10922
9235
7986
5033
2671
1498
-693
-2181
-3419
-4364
-5377
-8319
-10381
-11218
-12472
-13891
-16283
-17271
-17372
-18116
-17611
-16710
-15504
-14463
-13746
-11831
-9931
-8251
-6902
-6252
-4972
-3756
-2430
-912
-69
1159
2393
3550
4864
5891
6996
7324
6903
6771
6533
6162
5102
3597
2688
1510
283
-683
-1511
-2321
-3895
-5254
-5995
-6952
-8053
-9563
-10924
-11693
-12389
-12665
-12613
-12431
-11933
-11141
-9889
-8567
-7235
-5924
-4933
-3882
-2752
-1595
-622
5
757
1751
2787
3694
4495
5329
5937
6293
6739
7070
7141
6835
6329
6027
5725
5327
4981
4750
4579
4404
4526
4963
5468
5846
6123
6508
6862
7295
7446
7604
8017
8168
8793
9377
10010
10928
11630
12588
13430
14150
14992
15507
16152
15254
13059
11934
10265
8879
6429
3089
1685
-328
-2330
-3810
-5238
-5763
-7718
-10023
-10701
-11656
-12709
-14795
-16692
-16834
-17606
-17821
-17397
-16778
-15532
-14804
-13262
-11073
-9210
-7270
-6207
-5116
-3660
-2469
-1016
-333
342
1456
2349
3487
4410
5558
6553
6588
6704
6927
7024
6639
5288
4264
3310
1911
701
-511
-1373
-2575
-3981
-4716
-5440
-6127
-7077
-8211
-8918
-9810
-10551
-10929
-11384
-11467
-11374
-10903
-9939
-8937
-7641
-6445
-5326
-4035
-2794
-1549
-728
-108
695
1349
2018
2642
3369
4117
4469
4877
5428
5879
6027
5774
5608
5458
5092
4659
4140
3740
3325
2955
2948
3015
3157
3414
3730
4346
4968
5499
6057
6408
6817
7313
7686
8200
8572
9083
9733
10268
11069
11871
12768
13490
14125
14887
15410
15556
14116
12293
11165
9556
7728
4789
2081
612
-1600
-3565
-5061
-6253
-7064
-9117
-10655
-10966
-11790
-12873
-14654
-15683
-15757
-16527
-16593
-16222
-15607
-14595
-13779
-11947
-9761
-7918
-6127
-4951
-3541
-1966
-709
460
902
1430
2272
2848
3620
4343
5230
5871
5862
6185
6642
6788
6292
5161
4387
3465
2174
914
-357
-1347
-2694
-3994
-4611
-5239
-5826
-6596
-7378
-7706
-8177
-8542
-8953
-9536
-9686
-9774
-9543
-9016
-8445
-7505
-6601
-5611
-4251
-2925
-1701
-832
-126
786
1446
1939
2274
2509
2872
3014
3286
3712
4005
4175
4150
4264
4413
4323
4072
3657
3246
2837
2413
2162
2000
1883
1908
2055
2548
3184
3785
4415
4926
5540
6159
6609
7030
7313
7654
7903
8217
8769
9226
9800
10324
10833
11610
12193
12686
13195
13520
13637
12951
11396
10166
8901
7183
5028
2435
684
-952
-2922
-4433
-5676
-6564
-7804
-9366
-10007
-10446
-11363
-12594
-13836
-14195
-14608
-15192
-15119
-14819
-14141
-13353
-12297
-10560
-8854
-7246
-5781
-4521
-3028
-1650
-575
256
853
1638
2292
2767
3358
3990
4626
4881
5019
5500
5858
5766
5302
4726
4245
3447
2420
1320
197
-933
-2253
-3251
-4039
-4814
-5476
-6190
-6698
-6979
-7255
-7474
-7867
-8178
-8274
-8368
-8206
-7968
-7562
-6974
-6446
-5572
-4462
-3386
-2375
-1536
-594
309
1001
1622
2053
2460
2695
2798
3050
3241
3373
3405
3451
3611
3683
3650
3562
3345
3126
2855
2496
2232
1826
1534
1359
1190
1330
1481
1756
2257
2792
3590
4292
4896
5528
6009
6628
6986
7290
7774
7980
8353
8775
9175
9819
10252
10627
11140
11486
11827
12104
12216
12372
11895
11155
9920
8354
7167
5347
3417
1233
-943
-2519
-4306
-5846
-7078
-8372
-9324
-10500
-11414
-11737
-12489
-13220
-14016
-14495
-14472
-14733
-14580
-14155
-13633
-12698
-11707
-10218
-8490
-7036
-5430
-4017
-2531
-1026
53
1088
1764
2375
3057
3511
4055
4465
4734
4996
5085
5306
5493
5367
5089
4509
4021
3393
2487
1511
412
-642
-1832
-2905
-3738
-4544
-5331
-6081
-6637
-6896
-7096
-7281
-7428
-7524
-7447
-7382
-7172
-6799
-6442
-6001
-5493
-4774
-3859
-2939
-2056
-1191
-247
738
1588
2320
2923
3337
3672
3876
4014
4155
4122
4018
3931
3845
3816
3642
3429
3258
2968
2708
2336
1934
1668
1199
858
589
367
331
336
492
775
1186
1705
2270
2883
3531
4090
4710
5287
5796
6360
6792
7261
7758
8230
8677
9065
9407
9759
9971
10185
10396
10440
10551
10497
10336
9964
9444
8336
6905
5724
4158
2518
417
-1621
-3171
-4924
-6473
-7871
-9097
-9903
-10986
-11830
-12055
-12453
-12759
-13244
-13457
-13171
-13212
-12953
-12522
-11970
-11029
-10145
-8842
-7319
-5922
-4322
-2944
-1560
-34
1219
2354
3098
3753
4457
4811
5116
5307
5426
5516
5310
5182
5175
4992
4654
4052
3555
3028
2112
1151
210
-830
-1901
-3001
-3945
-4770
-5663
-6388
-6998
-7421
-7585
-7785
-7782
-7632
-7422
-6998
-6604
-6165
-5648
-5128
-4485
-3850
-3130
-2282
-1570
-823
-43
752
1617
2274
2867
3395
3800
4103
4237
4361
4382
4223
4041
3866
3708
3504
3255
2982
2756
2604
2368
2130
1879
1623
1376
1204
1098
982
981
980
1105
1350
1704
2125
2483
2961
3390
3827
4317
4705
5126
5465
5763
6168
6434
6753
6988
7022
7265
7321
7466
7649
7555
7674
7577
7480
7533
7324
7377
7308
6940
6265
5036
4297
3487
2094
604
-1173
-2446
-3730
-5260
-6237
-7220
-8041
-8888
-9736
-9688
-9715
-10035
-10207
-10357
-10016
-9836
-9733
-9283
-9078
-8660
-8152
-7505
-6400
-5465
-4443
-3393
-2409
-1056
138
1079
1840
2399
3086
3501
3705
3923
3908
3833
3575
3355
3439
3308
2997
2542
2219
2005
1508
1041
465
-246
-995
-1850
-2561
-3324
-4153
-4884
-5601
-5975
-6166
-6358
-6412
-6413
-6189
-5787
-5378
-4906
-4478
-3993
-3500
-3062
-2444
-1882
-1419
-976
-502
133
717
1200
1643
2070
2528
2917
3232
3557
3678
3691
3654
3603
3612
3501
3254
2960
2689
2482
2340
2115
1970
1810
1660
1704
1646
1666
1703
1580
1621
1658
1781
1995
1987
2158
2290
2432
2751
2866
3055
3322
3442
3750
3965
4170
4384
4316
4496
4437
4348
4401
4058
4002
3853
3547
3553
3226
3196
3190
2969
3138
2763
2521
2315
1674
1329
514
-482
-1266
-2412
-3201
-4147
-5172
-5735
-6637
-7117
-7466
-7921
-7861
-8066
-8137
-7985
-8020
-7728
-7629
-7506
-7121
-6991
-6570
-6182
-5804
-5097
-4604
-3912
-3110
-2391
-1475
-777
-76
630
1149
1712
1995
2153
2362
2320
2281
2158
1903
1745
1451
1201
998
716
487
134
-180
-485
-886
-1283
-1801
-2358
-2913
-3463
-3903
-4270
-4557
-4729
-4807
-4719
-4521
-4199
-3771
-3349
-2860
-2346
-1835
-1357
-961
-555
-237
65
389
666
988
1246
1515
1832
2123
2433
2657
2824
2987
3006
3050
2942
2776
2667
2375
2199
1957
1693
1577
1348
1306
1310
1338
1528
1620
1905
2153
2340
2674
2810
3057
3237
3353
3582
3697
3892
4033
4182
4495
4645
4888
5125
5217
5456
5504
5533
5580
5460
5446
5229
4991
4839
4554
4447
4309
4007
3833
3158
2440
1995
1259
551
-648
-1760
-2545
-3720
-4580
-5531
-6373
-6864
-7749
-8215
-8260
-8408
-8363
-8522
-8325
-7845
-7668
-7192
-6911
-6618
-6107
-5850
-5190
-4534
-3985
-3213
-2651
-1836
-896
-97
759
1297
1903
2544
2825
3177
3317
3302
3279
2964
2774
2581
2181
1772
1318
1043
782
355
84
-260
-653
-959
-1381
-1711
-2068
-2585
-3022
-3448
-3773
-3973
-4231
-4355
-4387
-4300
-4005
-3737
-3353
-2894
-2474
-1978
-1464
-927
-404
-49
321
711
1067
1394
1578
1792
1992
2133
2336
2478
2600
2672
2709
2779
2821
2803
2710
2536
2344
2124
1915
1714
1460
1300
1112
998
935
926
1053
1046
1162
1279
1420
1658
1759
1932
2073
2212
2447
2500
2658
2786
2781
2979
3023
3164
3348
3267
3425
3369
3384
3507
3239
3260
3037
2797
2745
2378
2241
1997
1721
1666
1420
1339
1302
1052
1078
975
893
959
736
703
567
389
288
-32
-196
-451
-829
-1085
-1422
-1726
-2005
-2382
-2647
-2898
-3162
-3366
-3601
-3764
-3944
-4147
-4217
-4295
-4346
-4363
-4418
-4356
-4251
-4135
-3967
-3810
-3608
-3371
-3134
-2845
-2546
-2279
-1956
-1707
-1430
-1127
-918
-725
-610
-503
-395
-329
-285
-293
-323
-354
-420
-460
-483
-555
-611
-683
-737
-761
-825
-857
-922
-966
-965
-970
-899
-824
-747
-651
-505
-295
-90
105
302
503
719
908
1087
1284
1443
1593
1700
1809
1903
1946
2026
2039
2034
2078
2049
2067
2093
2087
2151
2140
2199
2268
2305
2396
2398
2402
2477
2504
2537
2586
2593
2639
2692
2745
2823
2885
2947
3046
3073
3145
3212
3152
3218
3163
3060
3041
2888
2828
2710
2552
2491
2326
2253
2170
2039
2016
1882
1792
1761
1653
1565
1369
1165
929
442
-77
-558
-1110
-1690
-2407
-3041
-3558
-4147
-4619
-5001
-5250
-5380
-5557
-5588
-5490
-5378
-5274
-5209
-5065
-4866
-4727
-4563
-4376
-4174
-3885
-3587
-3227
-2791
-2345
-1844
-1381
-904
-369
75
444
736
1014
1241
1318
1310
1253
1188
1061
852
648
483
269
45
-142
-308
-459
-669
-862
-1062
-1259
-1445
-1705
-1889
-2057
-2219
-2323
-2374
-2346
-2273
-2142
-1939
-1673
-1350
-1002
-654
-297
54
367
680
955
1187
1368
1493
1600
1683
1757
1792
1803
1827
1862
1886
1916
1927
1882
1854
1815
1740
1637
1530
1343
1173
1015
840
757
638
576
578
540
648
699
884
1076
1184
1389
1541
1699
1832
1895
1952
2051
2057
2084
2103
2100
2182
2143
2182
2267
2233
2308
2279
2250
2303
2191
2128
2016
1857
1743
1511
1366
1182
967
879
735
643
595
487
431
387
328
260
179
60
-40
-185
-341
-507
-720
-856
-1059
-1247
-1382
-1582
-1738
-1877
-2017
-2110
-2216
-2314
-2390
-2478
-2545
-2645
-2760
-2834
-2960
-3077
-3156
-3218
-3240
-3250
-3238
-3182
-3078
-2953
-2818
-2675
-2530
-2407
-2294
-2133
-2019
-1898
-1805
-1734
-1612
-1499
-1383
-1274
-1178
-1088
-989
-881
-784
-692
-622
-560
-498
-423
-356
-326
-300
-308
-315
-302
-294
-265
-226
-175
-143
-97
-28
92
195
287
380
473
593
687
777
861
939
1007
1096
1196
1301
1399
1454
1548
1653
1730
1790
1847
1901
1929
1944
1951
1959
1983
2003
1998
1992
1997
1987
2031
2051
2050
2053
2056
2049
2025
2016
1978
1940
1872
1841
1814
1770
1736
1681
1664
1621
1563
1495
1413
1352
1254
1171
1057
974
849
750
680
576
501
373
327
260
183
100
-2
-104
-224
-344
-464
-585
-726
-858
-1000
-1122
-1238
-1378
-1484
-1594
-1690
-1771
-1863
-1946
-2024
-2114
-2187
-2255
-2304
-2376
-2426
-2465
-2508
-2525
-2530
-2520
-2496
-2473
-2418
-2365
-2295
-2206
-2135
-2039
-1951
-1849
-1745
-1653
-1570
-1495
-1392
-1284
-1173
-1073
-960
-855
-749
-656
-560
-464
-388
-317
-252
-193
-133
-101
-53
28
83
134
175
219
264
310
337
361
387
415
456
505
558
587
663
727
772
841
886
933
965
993
1026
1072
1112
1165
1205
1269
1335
1383
1491
1554
1619
1654
1676
1712
1709
1737
1736
1741
1749
1751
1753
1761
1749
1749
1729
1744
1714
1698
1660
1601
1565
1486
1426
1323
1266
1150
1087
984
910
811
759
696
643
613
612
541
528
407
418
402
392
367
322
309
191
172
99
149
21
-6
-148
-215
-322
-348
-432
-464
-531
-607
-661
-744
-826
-942
-1029
-1150
-1232
-1334
-1406
-1513
-1568
-1641
-1647
-1681
-1641
-1672
-1652
-1652
-1643
-1626
-1585
-1556
-1547
-1540
-1517
-1488
-1460
-1402
-1364
-1317
-1294
-1227
-1188
-1114
-1082
-1049
-1015
-976
-945
-931
-907
-868
-863
-836
-827
-812
-789
-795
-776
-772
-734
-745
-698
-678
-650
-624
-599
-528
-482
-417
-363
-300
-227
-147
-77
3
70
118
201
286
367
443
511
585
650
724
790
836
876
914
958
983
991
971
998
1015
1034
1051
1053
1051
1043
1020
1017
994
965
919
881
856
820
788
782
785
755
760
749
753
747
713
708
667
648
612
588
569
535
498
490
518
506
502
475
460
462
437
442
422
419
391
359
342
277
218
137
105
24
-16
-91
-119
-192
-210
-273
-294
-334
-373
-424
-474
-490
-567
-573
-611
-650
-649
-709
-683
-733
-714
-735
-743
-728
-740
-732
-753
-741
-760
-728
-716
-731
-705
-735
-722
-748
-771
-772
-812
-828
-831
-854
-852
-872
-864
-837
-813
-785
-777
-745
-740
-725
-713
-690
-667
-663
-616
-608
-565
-544
-533
-471
-404
-343
-283
-223
-156
-85
-39
10
58
91
99
116
130
151
132
154
184
191
207
192
202
202
204
215
207
199
199
182
169
149
124
134
149
145
167
183
192
195
205
222
232
257
276
283
298
301
295
344
360
373
367
362
374
368
392
391
386
375
375
384
378
373
329
345
334
310
297
268
277
236
237
200
171
140
100
104
49
38
-9
-20
26
14
36
47
28
46
5
40
14
30
44
38
60
53
53
90
117
142
156
158
151
143
124
85
65
2
-23
-61
-109
-123
-208
-195
-270
-281
-311
-349
-361
-412
-411
-461
-446
-466
-478
-475
-480
-466
-460
-418
-365
-364
-320
-303
-270
-214
-182
-121
-93
-63
-29
-15
23
37
43
57
65
78
71
78
88
79
70
53
43
43
13
-2
-36
-72
-116
-134
-124
-154
-158
-173
-176
-161
-153
-146
-155
-162
-152
-142
-121
-126
-127
-108
-90
-72
-77
-70
-66
-52
-50
-63
-66
-76
-82
-87
-77
-76
-89
-78
-76
-60
-56
-59
-66
-78
-78
-86
-78
-48
-36
-31
-29
-26
-12
2
23
30
52
68
85
120
130
152
142
156
169
178
206
215
207
242
272
284
284
261
265
232
240
234
240
235
223
244
246
275
239
249
248
228
229
212
213
193
171
155
133
118
111
113
110
89
51
51
49
31
10
-9
-44
-68
-88
-107
-90
-93
-83
-77
-82
-73
-90
-68
-75
-60
-59
-95
-69
-77
-38
-60
-70
-89
-86
-32
-34
-27
-33
-36
-2
-20
-8
-26
-67
-64
-78
-70
-91
-115
-137
-145
-140
-181
-205
-227
-226
-222
-214
-196
-203
-191
-186
-179
-176
-183
-182
-167
-149
-124
-137
-122
-99
-89
-58
-45
-28
-13
17
45
52
63
70
74
84
66
34
46
65
71
78
73
69
65
70
87
111
114
114
114
127
145
127
165
192
202
220
242
269
282
308
313
333
352
363
372
383
386
359
387
408
398
404
396
390
392
389
377
369
362
361
354
352
342
306
316
320
313
323
334
344
343
336
342
346
347
355
349
370
391
380
425
463
477
488
482
487
483
469
443
425
414
397
378
348
329
289
282
281
256
229
191
153
122
96
61
35
11
-6
-13
-21
-24
-47
-44
-46
-65
-76
-92
-93
-112
-105
-110
-121
-119
-108
-103
-103
-105
-128
-123
-120
-118
-126
-140
-154
-168
-177
-189
-200
-213
-216
-222
-236
-267
-302
-301
-314
-318
-315
-313
-321
-342
-352
-351
-355
-350
-348
-342
-339
-348
-360
-336
-308
-298
-287
-279
-267
-248
-226
-218
-218
-215
-217
-215
-207
-209
-221
-219
-213
-208
-202
-197
-198
-190
-167
-158
-145
-126
-108
-91
-73
-74
-76
-51
-37
-29
-18
-8
2
17
28
41
34
26
21
31
39
23
-7
-18
-5
