55
83
118
120
156
137
155
99
118
81
65
55
16
14
-6
4
-6
22
36
65
117
142
182
178
174
140
136
99
61
40
9
5
-9
12
4
26
27
43
68
57
85
68
72
58
57
43
19
2
-22
-37
-69
-74
-77
-59
-51
-38
-15
-11
10
3
1
-2
-4
-13
-34
-49
-65
-84
-100
-93
-100
-86
-80
-79
-63
-49
-42
-45
-35
-43
-44
-49
-64
-73
-94
-117
-119
-115
-115
-106
-105
-102
-91
-89
-73
-67
-55
-53
-57
-56
-70
-81
-88
-92
-107
-100
-99
-108
-89
-89
-72
-56
-53
-54
-52
-55
-46
-42
-64
-66
-76
-83
-79
-81
-83
-82
-74
-66
-61
-58
-49
-50
-46
-43
-44
-36
-39
-57
-57
-59
-65
-67
-68
-65
-61
-55
-43
-40
-24
-15
-27
-23
-17
-25
-22
-19
-27
-36
-41
-42
-47
-40
-46
-51
-42
-32
-30
-24
-13
-14
-5
-3
-6
-4
-2
-7
-5
-6
-5
-11
-3
4
5
14
14
25
31
32
30
30
31
19
20
11
15
14
2
-1
6
8
5
8
13
7
5
20
18
23
22
20
3
-7
-12
-8
-9
-14
-3
-6
-3
5
0
10
20
21
17
8
4
0
-2
-11
-1
0
4
-2
-5
-5
-6
-4
-9
-14
-14
-7
-18
-21
-22
-23
-20
-14
-24
-35
-45
-58
-55
-52
-49
-33
-19
-25
-30
-40
-40
-21
-34
-37
-35
-49
-41
-44
-55
-67
-68
-62
-62
-55
-58
-36
-17
-9
22
40
33
21
11
-13
7
-2
-27
-59
-69
-41
-14
-4
24
68
94
158
209
206
214
208
186
180
160
129
106
95
78
95
113
115
121
116
109
101
89
61
47
41
49
52
56
71
70
78
91
126
131
153
130
183
156
209
92
103
-76
23
-184
11
-217
147
-176
477
-2210
-11216
-16034
-15580
-11706
-6301
-2500
310
7018
10604
12791
11119
6342
37
-2773
-4791
-4875
-5093
-6035
-5872
-2630
270
920
264
-1277
-655
2093
3781
4524
4116
2364
1600
616
-2429
-6199
-10038
-12809
-12397
-10607
-8766
-6045
-2002
1860
6216
8713
8879
7425
6496
4520
3905
2772
899
-1588
-4810
-8975
-12529
-14312
-14304
-10773
-5730
172
6709
13188
16366
17968
16720
12722
8269
4379
411
-643
-1240
-1053
684
2334
3498
5899
6286
6951
8299
9737
11522
13321
13077
13684
13057
10591
6475
3506
890
646
82
-955
-1287
1316
2965
4877
6017
4997
5145
6029
5687
5418
4817
2666
3026
2164
514
-595
-1974
-4143
-2901
-2539
-1266
818
2383
3207
5712
5525
4671
3502
1403
-569
-1696
-4797
-7483
-8684
-9562
-9403
-8599
-8391
-6734
-5196
-5317
-5100
-4488
-5168
-5302
-5737
-7281
-8916
-11044
-14158
-16822
-18864
-20480
-20632
-19668
-17941
-14960
-11431
-8638
-5795
-3921
-3641
-4061
-4746
-6603
-7701
-8626
-8913
-8630
-7339
-6915
-5864
-4468
-2936
-1173
634
1874
3307
4660
5753
6722
6114
5322
4278
4029
3288
3101
3428
6017
8959
12416
14059
15895
17519
18989
18515
17945
16448
16334
16532
15947
14051
13848
13377
13841
15345
16985
18882
22859
27474
31614
31817
24136
10345
-4377
-15430
-21233
-27106
-32768
-30447
-18137
-5024
4607
11482
13694
12358
9910
8298
5457
-1339
-8430
-10027
-9176
-9900
-11783
-15728
-20443
-21584
-19391
-16938
-14147
-10205
-4459
2840
9135
12329
10880
5605
95
-4226
-9751
-16035
-20834
-22740
-20713
-16049
-11960
-8713
-6118
-3643
-1179
1506
1589
538
-4111
-10719
-12309
-13474
-16525
-20120
-24008
-24357
-18294
-14292
-10613
-7264
-3986
123
4983
6394
4743
1228
-2238
-4451
-5590
-8760
-11877
-12651
-10754
-6755
-1769
511
2301
5617
9096
12353
13676
12620
11453
10911
10900
9807
7617
5329
5134
9379
12910
15630
17821
20105
22461
26559
27285
26835
25940
24202
22471
23077
22813
21876
20845
20666
22753
26518
27072
26028
22760
14708
1700
-9979
-17004
-20867
-25489
-26247
-17145
-4965
2708
8457
13279
13617
9653
6127
2514
-2898
-9685
-12916
-12530
-12805
-13920
-14569
-16164
-18068
-16990
-14921
-13749
-10779
-5710
-627
3382
6583
6710
3283
-1879
-6502
-11297
-16520
-20738
-22298
-21138
-17286
-13265
-9302
-6640
-3928
-2980
-1215
-3820
-12476
-17291
-18254
-19090
-21358
-21852
-21992
-15860
-12146
-8221
-5846
-4850
-5482
-3185
-3002
-3592
-4800
-6053
-7987
-6770
-7539
-8877
-9792
-8562
-6889
-2735
1176
4418
7754
8959
10183
11285
10813
10003
9513
9239
10381
12808
13930
16157
18585
19767
20860
22216
23133
24640
26905
27633
29605
30513
29332
28650
27459
25708
23894
22354
22903
28578
32303
31677
26128
12769
-3694
-14369
-20663
-28725
-32768
-31524
-18807
-2075
7940
15401
18959
16925
11872
8502
2495
-7439
-16091
-18744
-16426
-14923
-15745
-17125
-19232
-20250
-17807
-14711
-14007
-11135
-5305
1522
7624
10874
9204
3558
-2663
-7852
-13693
-21810
-27903
-28568
-25662
-20358
-14466
-9581
-5700
-2239
210
1781
1860
-180
-2280
-9316
-19787
-20703
-26085
-32768
-32715
-32511
-26315
-14936
-9251
-3431
5934
7255
7587
7425
1336
-5264
-8562
-13682
-15180
-14782
-16661
-15267
-9485
-6716
-1638
3314
5489
9442
13692
14771
16868
17147
13251
12277
10146
7463
7078
7667
10049
16803
21006
22814
27153
30074
31466
32647
32767
32681
32767
32704
32767
32664
28660
24874
25368
27436
31656
32739
31775
20029
1706
-13819
-19666
-25035
-32293
-32768
-25128
-6312
6549
16750
21972
21016
14917
9753
5453
-4276
-17232
-22388
-20683
-17675
-16517
-16553
-19113
-20510
-18798
-15212
-13445
-12569
-8204
-1219
5458
10604
11186
5495
-1944
-6916
-12563
-19984
-27660
-31117
-29442
-24250
-17437
-10847
-6638
-3707
-64
2838
3294
1242
-2223
-5129
-12971
-23214
-24997
-30259
-32768
-32577
-32327
-25442
-13276
-7422
-345
7760
9280
8822
6718
-1250
-7687
-11814
-17136
-19671
-17809
-18604
-15960
-9175
-4596
808
5798
8304
12543
16358
16282
17087
16888
12495
10780
8098
5007
4277
5692
8134
15321
21536
23835
28010
31512
32767
32557
32767
32707
32652
32767
31752
31092
29643
27125
26346
29013
31468
32767
32569
32767
28876
12207
-7955
-18499
-28533
-32768
-32768
-30831
-16711
-1077
10921
19565
23460
19579
13111
8890
247
-12569
-18214
-18814
-19372
-18779
-19152
-21035
-22719
-23345
-21753
-18645
-16797
-11975
-3347
3684
9728
12843
9343
2484
-3247
-10781
-20126
-28382
-32703
-32240
-28350
-22035
-14593
-8273
-4041
-359
2983
3682
2987
-26
-2985
-9391
-20989
-27055
-30054
-30396
-27209
-23929
-28617
-26858
-18761
-8691
-1434
-1589
-3413
352
3992
2335
-1909
-9796
-16835
-16288
-15447
-15569
-14556
-12489
-8783
-1059
6369
10032
12120
12153
14636
17556
17805
14868
12190
10359
10932
13030
12741
12541
13023
14372
18757
24886
26923
25960
27065
29126
32169
32727
32533
30687
28744
30390
31136
32378
30678
31698
32767
32531
32767
32635
32559
23093
5621
-10515
-26608
-32768
-32197
-32768
-27640
-12168
1440
14097
21980
24259
21744
15905
6836
-3801
-12496
-17897
-20890
-22980
-24239
-25052
-24853
-24159
-23258
-22078
-19126
-13714
-6953
-201
5855
9367
9353
6452
1382
-6373
-15276
-23730
-30037
-32334
-30969
-27432
-22690
-15520
-8552
-3187
-287
1882
1352
501
-5835
-15897
-23797
-29139
-31954
-32035
-29519
-25576
-17891
-12067
-6513
-2633
-1457
-1950
-2039
-3951
-5823
-7773
-9360
-11505
-11044
-12966
-13189
-12958
-11066
-7985
-2799
2368
6659
11313
14069
17063
17164
14938
11438
9383
7309
6791
6566
6928
10520
14994
16776
19528
21368
23687
26435
28176
28647
29715
28801
27528
28249
27834
28622
27250
25049
23991
25820
28203
31364
32767
32397
32767
32371
32767
32175
32767
10531
-26653
-32768
-32322
-32768
-32213
-32768
-23677
3970
23901
32514
32211
25946
17707
11588
1782
-9256
-20498
-27006
-25830
-23407
-24907
-30964
-32676
-32768
-32093
-25619
-17599
-9449
-1344
8677
17865
20711
15196
4902
-7007
-16077
-25064
-32657
-32673
-32768
-32736
-27264
-16959
-10282
-4975
-1771
1699
2316
-2323
-7880
-15018
-19252
-21296
-22649
-25886
-26073
-23359
-18628
-14655
-14051
-12416
-9228
-5479
-2465
-2256
-3433
-5274
-5115
-7501
-9569
-12170
-14710
-13855
-11262
-6812
-3801
689
3855
8129
11629
13125
13948
13880
13534
13013
12935
12014
11118
10299
9533
11741
13028
14252
16985
19671
22309
26629
29882
29992
31684
32724
32727
32767
32629
29889
28377
27192
26503
26601
26402
27337
31553
32630
32651
32767
32565
32767
32371
32767
20030
-11102
-31368
-32768
-32768
-32521
-32768
-29143
-9700
9001
21087
24468
21222
16126
10758
3804
-5776
-15539
-23709
-25160
-24463
-24236
-27031
-30492
-32178
-29930
-25158
-19951
-14156
-8442
-1433
6801
11794
10622
3673
-3965
-11458
-17765
-26904
-32744
-32768
-32043
-29085
-23944
-17689
-11329
-7651
-7327
-8715
-10668
-11680
-15746
-19281
-21759
-21444
-20995
-21097
-20190
-18931
-16008
-14705
-12884
-11546
-9999
-8075
-7114
-5802
-6119
-5629
-6543
-7302
-7119
-7479
-6291
-5982
-2696
207
4386
7221
8653
10860
12181
14718
13437
12695
11073
10994
10883
10544
12177
12394
16567
20128
22265
24069
25472
27826
29658
31711
29722
30012
29211
29276
30344
25265
21545
18308
18633
18561
23386
26452
30794
32767
32767
32528
32767
32272
32767
31727
32767
14882
-27329
-32768
-32298
-32768
-32158
-32768
-28487
-2090
21327
32383
32767
27054
20375
16162
6818
-4724
-18282
-28869
-28274
-25628
-28862
-32768
-32768
-32679
-32768
-29786
-21891
-13805
-6380
4470
16595
21315
16418
6625
-4247
-13398
-22699
-31901
-32768
-32706
-32768
-32401
-25680
-17248
-13872
-9228
-4839
-2672
-2711
-6492
-12012
-15796
-15538
-15992
-17642
-20872
-21381
-17909
-15802
-15626
-16344
-15031
-12211
-7179
-3970
-3910
-3612
-3826
-3615
-3957
-5259
-8211
-9738
-8395
-5830
-2282
-786
25
2069
5208
8456
9896
9533
9468
11916
14458
15390
15696
14165
13489
13695
15016
16721
18218
18797
19386
21724
24681
26768
27037
26384
28315
30122
31543
29640
28286
26938
29088
30180
28162
25562
27701
32013
32669
32767
32767
32697
32767
32546
32767
32249
32767
22075
2713
-18305
-32768
-32569
-32768
-32768
-30918
-17196
-747
12493
19149
18879
16954
10558
2940
-5635
-15461
-22386
-25027
-26370
-28169
-28237
-30842
-31531
-30567
-28732
-24709
-19160
-14218
-7805
-377
3504
4356
2239
-3205
-8907
-15276
-22463
-28130
-30917
-30917
-28253
-22834
-23192
-23596
-21013
-17559
-14928
-13516
-13850
-16166
-12675
-11389
-8754
-9580
-12946
-15207
-14512
-16572
-19495
-20449
-20948
-18833
-12220
-9885
-6130
-4392
-2434
-1567
216
-1065
-2918
-3109
-4647
-2662
-1748
-1984
-1629
628
3323
6507
10066
10944
13143
16050
17874
19941
19559
17954
15776
16149
15303
15684
17092
17600
19530
22019
24195
25238
26794
25783
25580
27099
27315
28821
29614
30115
30939
31685
30010
28539
30154
31004
32767
32639
32685
32767
32601
32767
32487
32767
30584
12382
-15593
-32768
-32513
-32768
-32456
-32768
-25632
-6568
9249
20023
22138
18376
12339
5451
-3432
-11754
-20967
-27616
-28723
-28165
-28190
-29033
-30513
-32671
-30515
-26513
-21341
-15610
-10626
-4874
1914
5584
3704
-970
-7682
-14778
-21153
-28936
-32768
-32515
-32768
-30977
-23987
-17971
-13237
-8899
-6021
-4067
-2904
-7359
-13426
-20119
-22019
-21481
-19967
-21286
-20504
-17034
-12905
-9511
-9145
-9661
-8891
-7150
-5455
-5067
-4706
-5958
-5773
-5777
-6435
-6560
-7817
-6768
-4449
-352
1619
4015
5924
8669
12275
13382
13541
13404
14244
14328
14561
13619
12838
13945
14671
16018
18787
20009
19390
19403
21407
24019
27114
26674
26404
28337
30697
31061
30271
27339
23745
22452
23892
25616
27588
28064
30827
32767
32574
32767
32682
32767
32747
32737
32767
30692
8094
-21614
-32768
-32387
-32768
-32321
-32768
-26536
-5331
10390
19901
21047
16090
11162
7719
497
-9306
-19511
-27731
-29297
-26343
-28976
-32768
-32445
-32768
-30750
-23516
-19950
-15182
-7240
2693
9641
9651
3520
-5511
-11539
-15727
-22093
-30192
-32768
-32717
-32287
-26437
-22627
-19893
-16122
-11963
-6631
-4373
-5809
-9353
-11875
-14534
-14289
-15552
-19331
-21469
-19718
-17228
-14685
-14199
-14037
-10958
-5800
-2975
-1471
-1970
-2736
-2531
-2850
-4834
-7338
-9316
-10305
-7520
-3329
-7
1858
4561
8442
12505
14151
12818
11641
11648
12748
12904
12324
12214
13192
16235
18675
20075
20845
20722
21636
22387
22955
19935
17795
16715
19162
22367
24911
26222
25482
28606
31015
32448
31282
26751
25568
26538
25764
24210
26116
28337
31376
32767
32509
32767
32528
32767
31217
12799
-14258
-31730
-32768
-32768
-32674
-32768
-25295
-8220
7369
16985
17329
14063
8418
3306
-2494
-10388
-18244
-24726
-25739
-25195
-24622
-27112
-30135
-31577
-30124
-25476
-20860
-15986
-12422
-6195
612
3582
1748
-3107
-8854
-14567
-18925
-25240
-30207
-31688
-30810
-26612
-21947
-18229
-15939
-12199
-10409
-8953
-9883
-13014
-15313
-15859
-15605
-15283
-14995
-15872
-15094
-13476
-12942
-13022
-13961
-13621
-11064
-7477
-5452
-4557
-3398
-3159
-2428
-3658
-5665
-7620
-7466
-5956
-3637
-1191
366
3597
6294
8676
9786
10695
10854
11670
12269
12536
12978
13550
13922
15332
16366
18270
18888
20070
19396
19667
18728
17957
17083
17987
20534
22721
25791
27241
29697
31267
32735
30524
27387
25712
25904
25804
25246
24612
29061
32670
32692
32767
32599
32767
32382
32767
26434
-2925
-28625
-32768
-32516
-32768
-32709
-31959
-17423
3435
17514
23046
19024
11710
6408
2108
-5385
-14965
-24657
-29167
-27697
-24654
-25420
-28849
-31349
-30317
-25798
-20568
-16280
-13395
-8885
-2043
3273
3902
-790
-7724
-13508
-17647
-21995
-26622
-30090
-30907
-27628
-22278
-18322
-15767
-14873
-12371
-8757
-5985
-8195
-12561
-16355
-16850
-15739
-16163
-18459
-19952
-17684
-13657
-10647
-9257
-9704
-9086
-7422
-5209
-4921
-5820
-7657
-8564
-7501
-6910
-7257
-8354
-7884
-6019
-2760
373
1455
2222
3525
6078
8286
8921
8260
8147
9773
10734
11573
12542
13353
14900
16565
17249
17540
19369
20085
21032
22794
23317
22624
21660
20775
20060
19746
18188
19138
23689
25010
25974
28040
29095
28424
28578
27865
27946
29095
28705
31393
32767
32717
32761
32767
32655
32767
29596
7046
-17576
-30718
-32768
-32580
-32768
-31841
-20083
-1671
10977
19124
19640
13886
7819
3559
-4808
-13812
-21208
-28521
-29251
-25770
-26041
-27432
-26794
-26609
-23528
-17390
-14358
-11730
-7626
-3914
245
1693
-2533
-8145
-11582
-16951
-21025
-24226
-27311
-27862
-24398
-21661
-17968
-13484
-12093
-11151
-9399
-8335
-9370
-11865
-16154
-17799
-16245
-16061
-16614
-16637
-15557
-13487
-10036
-9014
-9284
-8108
-7501
-6563
-6157
-6241
-7632
-8046
-8876
-8929
-8602
-8903
-8887
-6854
-3934
-1357
416
1389
1993
4484
5545
5987
5627
6061
6904
8587
9463
10125
10959
12041
14022
15918
17217
17982
19472
21632
23539
23283
22668
22425
21635
20394
18573
17195
18392
20260
22146
24841
26569
28586
29843
28837
28294
29281
30303
30892
31929
32748
32533
32767
32632
32767
32657
32694
26362
10834
-8890
-24274
-31298
-32768
-32768
-31104
-22087
-9001
5475
13458
16317
14273
8875
2812
-3772
-11832
-19900
-26490
-29433
-27957
-25841
-26455
-25323
-23476
-21878
-17976
-14536
-12949
-9896
-6253
-4629
-2665
-3811
-7749
-11031
-15148
-19772
-22096
-24998
-25998
-22720
-19864
-17573
-13853
-12229
-11538
-10616
-10495
-12739
-13932
-15707
-17382
-16926
-17037
-17624
-15436
-14423
-13864
-11054
-9161
-8879
-7086
-6564
-6765
-5763
-6805
-8530
-8644
-9532
-10861
-10321
-9438
-9253
-6941
-5510
-3828
-936
1306
1673
3043
3983
4375
5676
6091
5265
5986
6247
7408
9847
12734
13309
15332
17239
18660
20633
21601
21702
21726
23032
22811
24406
23750
21930
21626
22929
24341
25651
24505
22464
22784
23987
25124
26943
27695
28391
30492
32300
32767
32659
32767
32725
32767
32767
32650
30669
19479
-809
-17014
-25504
-31053
-32768
-32768
-27761
-14942
-560
9905
15247
14050
9717
5504
-906
-9328
-17445
-24783
-28676
-27373
-25378
-25852
-24581
-23277
-21725
-18680
-14672
-12659
-10625
-7631
-4310
-1767
-2989
-6811
-11015
-14436
-18549
-22009
-25002
-26727
-25235
-21522
-18297
-14378
-11809
-11319
-10148
-8803
-10629
-12840
-15241
-17016
-17742
-17938
-18902
-18800
-17257
-14745
-11936
-10271
-9666
-8020
-5935
-5355
-5457
-6179
-7031
-7639
-7669
-8972
-9226
-9408
-8954
-8161
-6591
-4879
-2631
-1176
757
3007
5175
5164
4800
4326
5121
6164
6658
6568
7687
9388
11944
14122
15655
16252
17347
19346
21078
22316
22431
23020
24251
25079
24384
22708
20162
19178
19607
20767
19828
18884
20011
22938
26366
28123
27828
27434
30923
32767
32604
32767
32441
32471
32672
32767
32582
32444
25378
9028
-9005
-23120
-30783
-32768
-32768
-31555
-19193
-5749
6334
14282
16398
13102
9397
3021
-4711
-12584
-19176
-24617
-24905
-24632
-24744
-25215
-25217
-25005
-22409
-19489
-16810
-14148
-11306
-7731
-3271
-1959
-3945
-6098
-9076
-12935
-16782
-20985
-24796
-25505
-24681
-22542
-19205
-15884
-14594
-13069
-11651
-10663
-11149
-13039
-15648
-16963
-16953
-17038
-16399
-16018
-15105
-13382
-10668
-8850
-6662
-6580
-7814
-7999
-6658
-6599
-6890
-8529
-9189
-8175
-6667
-6737
-6433
-6378
-5445
-3235
-981
88
1405
2641
3974
5933
6767
6358
6513
6826
6942
8080
8528
8950
10433
13133
16255
19160
20271
20981
22675
23158
22588
21936
20958
20004
19554
19743
19939
21000
22033
22831
25207
26075
25764
25538
25015
25000
25842
26489
27786
28981
31626
32767
32726
32765
32767
32652
32767
29672
13574
-8915
-24040
-31007
-32768
-32768
-31551
-23762
-10424
2653
11811
13410
9195
5049
1942
-2847
-8091
-14227
-20689
-22564
-21193
-21223
-23540
-26425
-28259
-26120
-21225
-17029
-14414
-12102
-8295
-3585
-1623
-3015
-6278
-10162
-14004
-16399
-19188
-22485
-24517
-23781
-21961
-18581
-15711
-14525
-14500
-12763
-10578
-9887
-11581
-13982
-15539
-15911
-16009
-16255
-17245
-16855
-15451
-13428
-10938
-8550
-7266
-6188
-5082
-4362
-3714
-5188
-6548
-7385
-8424
-9909
-10392
-10664
-9485
-7080
-4901
-2719
229
2132
3410
4433
4488
4659
4944
5112
5845
7449
8161
9405
10002
10798
11541
12983
14329
15357
17531
19691
22661
25660
29117
31374
31735
29059
26044
24512
22125
19554
18128
18694
20588
20831
21974
22978
25252
26112
26810
29865
32568
32767
32702
32767
32759
32720
32767
30488
15168
-10472
-26037
-31924
-32768
-32726
-32357
-26506
-11468
2700
11767
13880
10312
7006
4525
951
-5153
-11304
-18974
-21742
-20409
-21559
-25242
-28189
-29811
-27943
-21991
-17913
-14945
-11009
-6045
-595
2483
614
-3354
-7417
-12016
-14868
-18513
-23582
-26180
-24802
-22670
-18947
-15806
-14881
-13033
-10015
-8139
-8323
-8981
-10413
-10402
-11175
-12950
-15234
-18475
-19148
-18480
-17116
-15475
-13010
-10216
-6892
-3444
-1053
-377
-1415
-2880
-4361
-6766
-8968
-10451
-11384
-10717
-9169
-7702
-5741
-3376
-1130
677
3325
4739
5942
6149
6494
7371
7154
5699
4717
4827
5336
7516
9759
11985
15070
17718
20114
21984
22849
23355
23854
24092
23935
23635
24393
24350
25734
25644
24863
24412
23468
23421
23862
23841
23302
24309
27601
31294
32651
32767
32677
32767
32661
32767
31495
14981
-8874
-23824
-29531
-32606
-32768
-32516
-24525
-9605
3361
8987
9202
7050
4485
4167
2987
-2063
-8110
-12390
-14462
-14880
-18974
-25735
-30776
-32052
-29089
-23497
-19027
-15116
-9156
-2903
2414
4119
1249
-2949
-6645
-9749
-13206
-17415
-20752
-22800
-22650
-20544
-18912
-18002
-16807
-14565
-10783
-7475
-6521
-6509
-6320
-6520
-6786
-8440
-11655
-13832
-14757
-14348
-13387
-12294
-14617
-17321
-13764
-9508
-6722
-5541
-6114
-3394
-852
-942
-2883
-5379
-8914
-9586
-8308
-8644
-7958
-8393
-7410
-3868
-562
-342
-6
710
2075
5045
6633
5470
4859
4331
4875
6482
6097
4952
6543
9063
11592
14575
15611
16475
18967
20695
22011
24483
25488
26403
25519
24217
21282
20000
19641
19859
20575
20969
22221
24872
27411
28760
29755
31118
32767
32722
32767
32767
32740
32660
26374
15196
2629
-9466
-19990
-27363
-28618
-25211
-19197
-12117
-4370
2306
5119
5557
4087
1586
-897
-3134
-6108
-9492
-11722
-14926
-18147
-21193
-24588
-26302
-25697
-23819
-19734
-14951
-10493
-6198
-3115
-1783
-1685
-3468
-6295
-8652
-11157
-13378
-15718
-17815
-18967
-19184
-19179
-18199
-17055
-15379
-12808
-10389
-8851
-7285
-6353
-6549
-7763
-9461
-11907
-13689
-14330
-15158
-15596
-16155
-15583
-13596
-10475
-8224
-6722
-4795
-2501
-1027
-439
-1471
-3158
-5299
-6550
-7194
-7916
-9771
-10674
-8900
-6490
-4050
-2612
324
3625
6534
7781
7876
7985
7929
7012
6219
4700
3278
2943
4060
5852
8085
9644
11120
14866
17757
20651
22397
23504
24301
24617
24198
22837
22109
20728
20118
20942
21861
21867
20729
20599
21859
24144
25799
27163
30556
32647
32726
32767
32670
32767
30720
22759
11967
1150
-8275
-17546
-24428
-26699
-22766
-17372
-11315
-4368
-947
1406
2842
2998
2259
1043
-1306
-3943
-5653
-8507
-13109
-18089
-22776
-25591
-27023
-26879
-24736
-21008
-15921
-10737
-6311
-3589
-2398
-2460
-3526
-4994
-6975
-9027
-11511
-13637
-15042
-16622
-18535
-19481
-19967
-19028
-16942
-14245
-11735
-9430
-7464
-6296
-6234
-6961
-7941
-9655
-11257
-11789
-14010
-14977
-15838
-16195
-14602
-13253
-11409
-9033
-6234
-4255
-1427
-57
-106
-959
-2437
-3443
-5038
-6171
-7482
-7236
-5855
-5790
-4801
-3512
-2268
-1089
2375
5180
7294
8773
9486
9470
8672
7919
5925
3507
3776
4732
6612
8136
9139
9819
11476
14127
15833
16598
17866
20566
22500
23847
23206
21428
20380
19237
18322
18923
19557
21307
22633
23189
24357
26137
27118
27428
29558
30415
32034
32767
31512
24436
15535
7073
-681
-5356
-12395
-20704
-23113
-18590
-12478
-8305
-5470
-4338
-1575
1581
3727
3546
629
-1565
-3127
-4644
-6870
-11819
-18623
-22522
-23122
-23394
-22342
-21040
-19645
-14965
-9823
-6829
-5015
-5008
-5302
-4307
-4094
-6042
-7820
-10288
-12697
-13697
-15100
-17581
-18979
-19310
-17993
-15456
-12725
-11348
-9800
-7647
-6301
-6202
-7075
-8820
-10266
-10862
-11303
-11821
-12679
-11941
-11123
-13217
-13117
-11118
-9349
-7296
-5753
-4138
-2038
-353
-902
-2079
-3990
-5445
-5297
-5502
-5024
-4603
-4248
-3195
-1553
-1197
-685
647
2439
4884
6822
7515
8055
8174
8392
8281
7704
5874
5328
6103
7522
8834
9953
11326
13090
14966
16387
18271
19110
19977
20423
20472
20434
19118
18496
17878
17869
17397
18838
20109
22276
22613
22478
23691
24915
26444
28409
30879
31526
28635
21349
13137
7246
131
-4192
-8606
-17622
-20033
-16117
-12927
-11330
-8044
-7661
-5046
-105
2798
3440
2041
142
-849
-2728
-5802
-10646
-16169
-19633
-20102
-20908
-20826
-20062
-19672
-16350
-11633
-9333
-7477
-6058
-4927
-3006
-1847
-3640
-5327
-7472
-10337
-11661
-13278
-16235
-17878
-18109
-17216
-14931
-12741
-12022
-10868
-9428
-8045
-7054
-6921
-7371
-8160
-7684
-7604
-8070
-9860
-11492
-12204
-13786
-12639
-11521
-9335
-7473
-5499
-3360
-1871
-1495
-1530
-1092
-1639
-1337
-2125
-3013
-3388
-3849
-4238
-4316
-3891
-2738
-178
2349
3619
5762
7158
8378
8635
8275
7591
7831
7898
8769
9051
8594
8323
9084
10431
10818
10724
11753
13126
16411
19114
20376
20295
19909
19232
19232
18398
16822
16263
15734
16262
16898
16562
16368
17341
19057
21509
24857
27226
29056
30272
27396
21378
14241
8025
3279
751
-6486
-16192
-20793
-19874
-16400
-14056
-13912
-12565
-8196
-1678
2981
4161
2216
1898
1081
-254
-1374
-6028
-12473
-15640
-17286
-18643
-19803
-21830
-22982
-19622
-15598
-12254
-9384
-7800
-5586
-2555
-871
-980
-2464
-4654
-6179
-7655
-9575
-12250
-15386
-17088
-16798
-16289
-15724
-14938
-14202
-12446
-9586
-7639
-6614
-6162
-6050
-5572
-4669
-4530
-6406
-8344
-11037
-11401
-10859
-9932
-9688
-8719
-6209
-3338
-1523
-1229
-1449
-1991
-1402
-847
-603
-678
-1300
-1573
-777
-692
-1662
-2131
-1428
643
3901
5799
6700
7614
8308
8720
8662
8299
7498
8113
7802
7954
7929
8311
8342
8530
9338
10834
12440
13580
14958
15884
16979
17499
16633
16098
15912
16118
17653
17371
16751
14940
14914
14404
14893
14011
13151
13449
14991
17035
16960
16796
15631
15608
16248
17696
18687
15699
6244
-4366
-11664
-14294
-15493
-16298
-17031
-14020
-9417
-5841
-5092
-6780
-7502
-6578
-3482
-194
1282
288
-1874
-4115
-6672
-10178
-15375
-19375
-19874
-18219
-15406
-14021
-13760
-13167
-11342
-9610
-8500
-7634
-6690
-4732
-3060
-2704
-3851
-6242
-8838
-10796
-12244
-13567
-14575
-14896
-13941
-12459
-11615
-11521
-11466
-10495
-8572
-6727
-5289
-4554
-5203
-5076
-4812
-4626
-5416
-7463
-9076
-9131
-7547
-5751
-4989
-4459
-3019
-748
656
954
-110
111
349
1514
2166
2230
2027
1519
1448
1999
2792
2957
3508
4204
6858
8813
9754
8986
8329
8435
9377
9720
9954
10485
11546
12084
12608
12141
12145
11607
11721
12078
12779
13550
13877
13977
14013
14899
15841
15557
14642
14193
14617
14489
14012
13179
12758
12845
12322
11513
10667
10395
11090
11498
12906
13591
12963
9395
4952
-1291
-7956
-12510
-13846
-12843
-11624
-10774
-10117
-9734
-9594
-9162
-9739
-9368
-6871
-3582
-1310
-431
-1277
-3485
-6328
-9095
-11525
-13499
-14325
-13931
-13473
-13042
-12759
-13108
-13755
-13416
-11909
-9823
-7677
-5848
-4721
-4228
-4122
-5094
-7164
-9241
-10183
-10063
-9900
-10066
-10920
-11985
-11990
-11741
-11337
-12000
-12515
-12126
-9960
-7101
-5115
-5274
-6065
-6048
-5164
-3693
-3466
-3592
-3900
-2988
-2275
-2591
-3894
-4527
-3845
-2083
-259
303
401
384
1753
3197
4546
5429
6077
6704
7985
9206
9914
9164
8541
8578
9687
11475
13063
13731
13580
13869
14894
16273
16807
16868
16398
16384
16993
17824
17811
17265
16951
17764
18633
19845
20463
21710
22630
24080
24672
23385
19719
14469
9958
6231
4454
2451
-1678
-8865
-14281
-15941
-14953
-14224
-14224
-14569
-13108
-8761
-3848
-2205
-3204
-3785
-2685
-741
524
1
-2736
-5281
-6685
-7804
-10115
-12862
-15212
-16696
-16711
-15571
-14413
-13917
-13387
-12306
-10760
-8637
-6323
-4752
-3993
-3206
-2196
-1714
-2163
-3612
-5550
-7223
-8053
-8632
-9552
-10867
-11752
-12066
-12088
-11720
-11309
-10636
-9789
-8262
-6944
-5605
-4822
-4552
-4783
-4835
-4169
-3531
-2913
-3112
-3534
-4362
-4454
-4379
-3951
-3792
-3091
-2153
-881
149
814
1102
1267
1937
2772
3653
3966
3974
3622
3557
4002
4652
4869
4837
4925
5437
6191
6990
7313
7278
7355
7804
8272
8812
9421
10089
10373
10414
10215
9948
9766
9944
10218
10285
10426
10801
11487
11779
11853
11366
11031
10954
11330
11347
10902
10162
9506
9257
8943
8608
7941
7542
7031
7173
7196
7098
6730
6270
5686
4808
3986
3039
2313
1431
734
-518
-1851
-3537
-4995
-6592
-8071
-9432
-10375
-10674
-10481
-9986
-9801
-9887
-10270
-10352
-10252
-9867
-9433
-8981
-8584
-8201
-7947
-7905
-7980
-8139
-8327
-8611
-8897
-9158
-9275
-9180
-8974
-8864
-8892
-8896
-8760
-8271
-7574
-6827
-6212
-5686
-5191
-4639
-4063
-3526
-3194
-2911
-2550
-1747
-859
-582
-721
-642
-442
-253
270
1170
1634
1953
2194
2056
2083
2835
3746
4196
4811
4885
4577
4332
4585
4909
5288
5179
4430
3885
3612
3930
4213
4301
3927
3377
3088
2931
3903
4298
4170
4089
3303
3079
3376
3552
3203
2927
2643
2647
2692
2736
2634
2330
2415
2476
2334
2169
2083
1892
1835
1853
1643
1367
939
568
313
360
382
365
206
-47
-201
-421
-522
-784
-1154
-1624
-2125
-2586
-2951
-3320
-3691
-4053
-4416
-4763
-5055
-5348
-5582
-5752
-5930
-6070
-6151
-6121
-6057
-5979
-5954
-5955
-5901
-5827
-5720
-5673
-5686
-5625
-5519
-5300
-5006
-4806
-4536
-4244
-3999
-3592
-3331
-3097
-3034
-2993
-2827
-2675
-2239
-1833
-1548
-1325
-1183
-1102
-863
-531
-62
318
669
846
1014
1195
1540
1844
1898
2015
1946
2160
2431
2746
3022
3264
3452
3739
4077
4420
4732
4910
5109
5226
5337
5503
5647
5755
5854
5852
5830
5796
5750
5742
5697
5685
5783
5872
5945
5975
5903
5887
5851
5787
5679
5530
5286
5032
4833
4724
4631
4505
4355
4189
4135
4159
4219
4140
3989
3784
3560
3536
3549
3504
3323
3072
2853
2787
2713
2565
2458
2406
2549
2681
2695
2570
2462
2248
2041
1795
1600
1553
1642
1521
1438
1184
934
861
764
785
633
549
502
577
567
540
379
161
-76
-284
-448
-564
-618
-741
-878
-1029
-1164
-1294
-1292
-1339
-1383
-1448
-1481
-1549
-1590
-1587
-1700
-1808
-1940
-2036
-2161
-2355
-2420
-2421
-2275
-2194
-2237
-2373
-2475
-2274
-2122
-2052
-2187
-2315
-2430
-2368
-2243
-2354
-2349
-2347
-2317
-2245
-2308
-2254
-2122
-2046
-2001
-1862
-1983
-2071
-1755
-1732
-1747
-1841
-1798
-2078
-1889
-1078
-878
-1360
-2095
-2732
-2249
-1187
-444
-554
-1581
-2357
-2084
-993
-151
-415
-1497
-2253
-2155
-1375
-623
-656
-1498
-2215
-2341
-1710
-1062
-852
-1143
-1575
-1813
-1620
-964
-694
-1018
-1676
-2104
-2020
-1653
-1292
-1649
-2067
-2270
-2404
-2375
-1968
-1734
-1875
-2096
-2194
-2292
-2228
-2074
-2145
-2413
-2712
-2771
-2691
-2582
-2759
-3047
-3161
-3199
-3057
-3121
-3074
-3228
-3491
-3264
-3197
-3396
-3777
-3923
-3713
-3487
-3323
-3477
-3956
-4213
-4327
-4201
-4134
-3896
-3662
-3759
-3945
-3764
-3720
-4027
-4052
-3899
-3397
-2992
-3368
-3798
-3569
-3499
-3027
-3034
-4632
-6089
-5724
-4908
-3065
-2185
-2636
-2923
-2656
-2167
-1882
-1867
-1736
-975
-298
-69
-58
-266
-689
-738
-623
-182
8
11
129
-77
87
243
-123
-223
-400
-487
-328
-46
270
924
491
-288
-184
391
739
971
831
451
758
926
809
1115
1275
638
-144
-68
411
800
819
622
564
896
1309
1165
901
859
855
998
1290
1167
848
707
839
1144
1128
897
795
985
1425
1754
1586
1026
665
851
1242
1419
1293
1126
1174
1618
2198
2426
2362
2335
2413
2779
3527
4066
4237
4282
4452
4763
5392
6064
6529
6816
7030
7317
7640
7976
8139
8036
7999
8249
8572
8878
9148
9303
9400
9469
9566
9728
9895
10096
10180
10288
10401
10593
10792
10767
10770
10822
10862
11019
11195
11342
11353
11312
11080
10754
10330
10067
9961
10025
9930
9629
9261
9042
8884
8608
8021
7267
6790
6676
6695
6396
5519
4652
4037
3839
3664
3239
2744
2382
2190
2191
1892
1263
616
132
148
229
228
-31
-505
-852
-1178
-1326
-1464
-1712
-1990
-2177
-2014
-1743
-1992
-2856
-3646
-3903
-3271
-2632
-2598
-3280
-3677
-3295
-2624
-2609
-3400
-4263
-4107
-3002
-2069
-2252
-3265
-3904
-3627
-2906
-2940
-3819
-4786
-4874
-4153
-3611
-3955
-4882
-5603
-5667
-5437
-5546
-6023
-6503
-6571
-6370
-6456
-6954
-7733
-8259
-8368
-8315
-8487
-8863
-9274
-9522
-9720
-10007
-10408
-10758
-10853
-10838
-10867
-11125
-11412
-11629
-11604
-11498
-11492
-11440
-11344
-11092
-10739
-10495
-10328
-10152
-9943
-9659
-9367
-9134
-8899
-8655
-8382
-8038
-7588
-7035
-6567
-6264
-6121
-5929
-5535
-4948
-4426
-4078
-3823
-3439
-2723
-1943
-1390
-1299
-1371
-1076
-417
340
716
723
933
1523
2341
2893
2893
2621
2664
3265
4219
4803
4890
4731
4740
5087
5478
5642
5623
5648
6028
6509
6819
6884
6803
6917
7125
7285
7299
7263
7281
7462
7569
7607
7639
7753
7915
7944
7763
7432
7283
7287
7414
7378
7152
7021
6960
7023
6933
6702
6519
6555
6751
6849
6721
6529
6467
6545
6651
6559
6322
6072
5851
5746
5574
5251
4927
4669
4539
4428
4233
3925
3605
3248
3074
3087
3270
3401
3225
2917
2644
2610
2548
2240
1643
1008
605
411
151
-495
-1314
-1988
-2291
-2508
-2912
-3453
-3844
-3943
-3994
-4320
-4808
-5177
-5365
-5480
-5686
-5788
-5823
-5919
-6007
-6191
-6327
-6388
-6192
-5869
-5533
-5365
-5456
-5541
-5311
-4853
-4665
-4884
-5310
-5431
-4997
-4404
-4209
-4366
-4741
-4739
-4342
-4023
-4008
-3966
-3870
-3731
-3142
-2737
-2908
-3286
-3426
-3311
-2771
-1870
-1711
-2181
-2696
-2854
-2265
-1560
-1212
-1624
-2148
-2552
-2226
-966
-19
-35
-721
-1203
-1148
-314
607
825
465
407
536
531
839
943
1027
1323
1733
1728
1443
1167
1387
2232
2507
2383
1813
1236
1314
1988
2487
2370
1926
1284
1214
1700
2017
2038
1732
1151
926
1061
1217
1104
689
266
-42
84
305
209
-184
-983
-1610
-1583
-1140
-985
-1263
-2082
-3183
-3653
-3408
-2752
-2607
-3258
-4180
-4832
-4497
-3936
-3913
-4654
-5296
-5223
-4929
-4787
-4996
-4998
-5108
-5370
-5596
-5470
-4990
-4876
-5347
-6047
-6257
-5846
-5356
-5470
-5882
-6195
-6353
-6159
-6073
-5759
-5444
-5507
-5688
-6033
-5953
-5343
-4793
-4976
-5595
-5867
-5573
-4907
-4536
-5023
-5531
-5429
-4932
-4358
-4413
-5060
-5000
-4658
-4261
-4015
-4217
-4159
-3877
-3603
-3701
-3933
-3873
-3480
-2781
-2678
-3251
-3664
-3323
-2682
-2103
-2018
-2400
-2601
-2208
-1515
-1202
-1230
-1428
-1408
-919
-264
-294
-665
-624
-177
250
727
581
413
653
1023
1277
1024
1114
1593
2066
2350
1978
1573
1748
2657
3463
3387
2855
2509
2842
3480
3979
4075
3784
3580
3904
4247
4549
4444
4360
4574
4795
5187
5333
5089
4776
4797
5097
5392
5467
5473
5447
5828
6297
6465
6215
5983
6043
6126
6586
6955
7016
6809
6679
6790
6903
7200
7021
6622
6568
6508
6552
6562
6467
6604
6663
6395
5971
5855
6048
6051
5921
5705
5475
5311
5057
4962
4678
4698
4957
4881
4234
3180
3092
3705
4361
4132
2995
2202
2532
3503
3468
2900
2231
1870
2233
2818
2607
1764
1454
1721
2491
2570
1710
986
1147
1797
2034
1310
293
-110
536
1291
1384
1172
637
291
389
735
1023
1279
904
481
649
960
1252
1293
968
392
108
405
773
934
779
570
506
292
-53
14
83
96
55
-57
-59
174
241
-166
-519
-686
-654
-308
136
170
-163
-402
-334
-344
-441
-567
-524
-313
-103
-60
-186
-223
-70
201
297
96
39
9
298
-11
114
345
578
328
-86
120
869
1344
830
364
78
657
1288
1429
815
361
358
808
1032
877
468
258
430
745
650
178
-177
-305
-211
-158
-138
-172
-230
-307
-284
-221
-193
-122
-1
20
22
173
328
426
413
300
143
70
59
154
328
374
279
125
-17
-98
-143
-221
-543
-963
-1135
-931
-622
-591
-755
-977
-1020
-908
-1026
-1457
-1850
-1784
-1421
-1056
-1005
-1260
-1484
-1488
-1395
-1556
-1958
-2327
-2331
-2110
-2002
-2189
-2588
-2841
-2953
-2856
-2790
-2885
-3091
-3328
-3414
-3467
-3447
-3554
-3736
-3915
-3917
-3685
-3454
-3338
-3413
-3531
-3622
-3595
-3532
-3480
-3428
-3314
-3142
-3084
-3133
-3333
-3483
-3588
-3637
-3579
-3506
-3311
-3130
-2872
-2683
-2697
-2921
-3257
-3417
-3342
-3029
-2722
-2578
-2496
-2317
-2050
-1950
-2045
-2300
-2437
-2213
-1747
-1326
-1211
-1278
-1295
-1113
-928
-984
-1172
-1277
-1121
-821
-627
-620
-669
-644
-544
-409
-279
-184
-62
91
268
513
756
816
730
550
396
403
479
622
652
687
727
750
714
525
401
351
418
550
630
789
913
1023
969
823
732
820
990
1070
1088
1114
1290
1481
1701
1821
1890
2019
2160
2325
2308
2198
2082
2167
2326
2392
2449
2422
2446
2492
2505
2452
2372
2479
2616
2738
2714
2636
2654
2696
2761
2704
2624
2536
2601
2709
2602
2386
2153
2098
2206
2365
2439
2343
2261
2148
2099
1980
1880
1880
1916
2014
2004
2013
1959
1893
1805
1616
1491
1417
1452
1482
1388
1246
1161
1223
1253
1196
1034
905
867
932
933
833
776
773
803
752
610
542
656
894
963
837
615
489
526
500
364
232
274
406
557
615
555
452
341
296
281
318
262
140
-24
-143
-138
-121
-79
-21
116
277
404
416
307
187
167
128
34
-93
-202
-259
-286
-365
-493
-603
-678
-772
-858
-953
-1030
-1090
-1149
-1279
-1418
-1383
-1317
-1360
-1559
-1742
-1834
-1710
-1528
-1442
-1428
-1465
-1406
-1255
-1134
-1177
-1306
-1371
-1298
-1105
-989
-1042
-1157
-1130
-965
-803
-753
-850
-965
-979
-889
-773
-742
-811
-855
-863
-806
-784
-864
-879
-829
-748
-704
-707
-740
-674
-589
-597
-668
-756
-749
-691
-710
-820
-947
-947
-838
-778
-880
-990
-901
-729
-667
-764
-844
-781
-680
-671
-716
-743
-640
-491
-329
-280
-348
-472
-641
-747
-709
-516
-346
-237
-284
-326
-288
-327
-536
-842
-1012
-963
-681
-417
-346
-426
-533
-493
-429
-479
-650
-841
-792
-520
-306
-204
-233
-308
-300
-324
-418
-434
-393
-332
-323
-258
-43
201
286
197
147
143
213
336
381
295
252
339
387
366
364
395
446
496
583
546
568
735
886
932
773
576
594
752
870
941
827
671
745
907
1026
1018
852
730
782
790
759
715
581
378
200
146
207
288
283
168
-19
-209
-341
-331
-242
-97
6
-162
-444
-507
-394
-318
-481
-747
-950
-883
-546
-211
-164
-331
-654
-958
-1028
-959
-937
-1007
-1035
-928
-710
-605
-609
-704
-873
-1003
-994
-881
-681
-602
-539
-359
-186
-83
-131
-503
-822
-683
-312
-163
-222
-345
-385
-189
-101
-319
-662
-852
-828
-736
-717
-668
-538
-364
-398
-644
-883
-941
-779
-651
-626
-770
-848
-726
-580
-601
-775
-926
-947
-974
-1132
-1168
-1080
-1061
-1054
-1017
-1116
-1169
-1081
-1151
-1451
-1602
-1492
-1259
-1080
-1097
-1197
-1254
-1225
-1196
-1159
-1180
-1111
-971
-897
-813
-768
-724
-645
-711
-961
-1149
-1120
-973
-801
-714
-727
-771
-818
-892
-892
-850
-890
-1013
-1122
-1097
-827
-442
-277
-407
-640
-689
-624
-575
-554
-567
-619
-545
-332
-207
-165
-242
-339
-393
-404
-361
-332
-239
-92
-37
-76
-84
-39
-88
-176
-231
-207
-84
10
-76
-205
-195
-122
-71
-81
-152
-199
-135
25
162
157
8
-61
-27
34
53
-12
-70
-26
30
22
44
145
275
305
200
107
180
363
539
589
458
440
588
764
777
565
373
396
524
606
623
529
463
457
543
727
864
776
556
433
440
522
501
393
336
340
372
380
316
208
144
82
32
80
164
199
182
154
112
96
47
-87
-182
-169
-105
-94
-87
-68
12
196
341
391
455
577
597
489
407
457
637
778
767
758
828
935
1026
1043
1011
1034
1096
1183
1273
1326
1369
1425
1344
1228
1162
1163
1142
1202
1234
1274
1234
1106
1277
1267
1336
1351
1387
1348
1219
1156
1033
1048
1121
1086
1039
875
1018
1136
1116
971
736
637
569
632
504
371
303
345
372
252
69
-84
-131
-96
-196
-295
-360
-317
-145
-84
-86
-114
-1
62
76
36
44
246
568
843
841
655
538
509
530
501
460
442
546
729
785
755
673
668
724
807
876
896
959
1064
1152
1167
1092
946
801
724
680
668
671
662
637
621
588
506
444
427
417
390
340
286
317
421
542
597
590
537
508
512
535
565
585
631
719
842
923
910
827
685
536
429
349
293
267
252
232
193
156
125
106
99
73
30
18
55
113
125
98
64
55
6
-80
-177
-251
-234
-183
-149
-160
-178
-186
-214
-246
-281
-269
-214
-174
-171
-221
-258
-270
-287
-334
-401
-448
-441
-407
-374
-372
-395
-392
-355
-311
-299
-315
-349
-361
-390
-431
-499
-553
-551
-500
-425
-390
-382
-373
-360
-357
-362
-371
-395
-394
-390
-392
-416
-466
-526
-600
-654
-686
-695
-672
-641
-605
-609
-668
-749
-848
-947
-1007
-1046
-1074
-1076
-1035
-984
-937
-894
-858
-857
-865
-892
-931
-921
-872
-808
-760
-730
-720
-705
-662
-651
-644
-601
-542
-464
-390
-336
-284
-249
-246
-282
-319
-345
-341
-319
-306
-288
-275
-261
-248
-240
-213
-176
-124
-78
-51
-24
-3
19
27
3
-28
-18
19
57
57
5
-66
-131
-175
-216
-236
-231
-154
-38
60
101
80
26
-29
-76
-132
-151
-109
-29
62
92
79
23
-39
-95
-150
-188
-183
-127
-62
0
24
28
28
32
12
-10
-12
-13
15
15
-11
-58
-99
-101
-79
-42
-3
44
110
161
191
189
165
122
64
4
-58
-87
-54
26
112
170
200
175
141
96
80
96
114
142
151
181
217
229
219
188
163
164
201
211
195
142
104
76
42
19
-20
-43
-12
39
94
107
129
157
184
205
179
131
70
15
-35
-65
-73
-77
-54
-34
-22
-4
18
58
99
151
155
121
55
-13
-79
-141
-175
-205
-163
-118
-76
-48
-26
-5
-1
10
32
48
70
99
114
117
111
94
84
63
50
39
30
54
92
136
178
200
205
189
154
109
81
91
110
130
160
171
174
150
117
89
80
77
64
28
-20
-60
-113
-158
-201
-227
-204
-162
-124
-123
-128
-129
-158
-175
-207
-220
-209
-183
-159
-144
-149
-160
-167
-193
-206
-216
-221
-207
-201
-195
-191
-196
-198
-223
-232
-225
-183
-127
-56
-6
9
23
1
-21
-62
-97
-78
-44
6
41
59
59
52
68
71
81
89
134
194
252
283
285
298
307
336
342
363
380
378
382
356
327
335
361
398
438
496
528
558
569
527
489
457
465
450
446
458
478
503
500
484
464
463
481
513
538
558
576
581
581
567
543
535
531
541
544
518
494
444
404
377
349
348
357
351
362
371
371
380
377
371
368
339
291
243
216
208
211
222
227
223
222
228
195
167
145
109
102
87
74
76
65
77
78
82
93
112
125
113
95
76
68
65
61
60
63
68
35
18
3
-8
10
22
26
19
6
-16
-61
-97
-111
-112
-89
-53
-23
22
58
64
59
10
-37
-80
-117
-145
-155
-151
-132
-113
-100
-115
-142
-166
-182
-200
-206
-188
-160
-132
-119
-107
-111
-113
-106
-122
-126
-109
-94
-86
-80
-86
-92
-107
-126
-127
-131
-107
-72
-50
-33
-40
-48
-51
-83
-100
-113
-112
-98
-102
-117
-133
-146
-146
-152
-131
-106
-73
-52
-65
-82
-117
-144
-174
-191
-193
-187
-171
-177
-206
-232
-253
-271
-289
-309
-319
-312
-281
-253
-244
-236
-230
-224
-225
-241
-250
-249
-259
-276
-294
-314
-331
-341
-358
-365
-365
-345
-345
-353
-350
-357
-348
-339
-317
-308
-288
-282
-293
-315
-327
-329
-319
-309
-312
-299
-295
-299
-309
-323
-331
-322
-300
-276
-239
-196
-157
-135
-141
-169
-187
-208
-231
-244
-256
-248
-250
-247
-220
-213
-200
-170
-140
-113
-108
-90
-86
-96
-94
-111
-120
-127
-135
-131
-129
-128
-128
-124
-126
-126
-121
-122
-125
-120
-105
-94
-88
-93
-100
-118
-140
-168
-210
-225
-224
-224
-229
-224
-229
-226
-220
-228
-233
-223
-201
-201
-211
-218
-233
-235
-248
-266
-290
-306
-313
-318
-322
-332
-328
-302
-267
-246
-223
-200
-183
-179
-178
-179
-185
-179
-182
-186
-186
-185
-176
-165
-158
-155
-140
-116
-94
-70
-40
-26
-18
-23
-46
-54
-55
-57
-49
-46
-41
-28
-21
-26
-36
-39
-33
-36
-53
-72
-95
-102
-103
-117
-112
-108
-100
-80
-58
-39
-32
-25
-25
-22
-21
-30
-45
-41
-29
-23
-17
-25
-26
-17
-9
-3
11
25
31
29
17
-3
-29
-33
-38
-50
-41
-32
-34
-28
-22
-23
-24
-32
-33
-17
10
24
31
35
31
36
40
38
34
29
23
23
24
31
36
47
61
80
95
99
99
93
96
79
75
58
44
39
24
2
-8
-4
5
27
23
24
28
41
58
67
89
97
98
94
71
47
24
-4
-24
-25
-14
-10
1
-8
-11
-24
-47
-60
-73
-79
-80
-74
-63
-61
-58
-65
-66
-71
-83
-76
-63
-40
-15
-17
-15
-17
-24
-12
-10
-8
0
-1
-10
-21
-27
-28
-28
-19
-4
8
23
36
36
42
46
46
48
54
64
63
69
79
77
89
92
93
102
110
119
135
145
147
154
158
156
148
133
101
84
74
52
33
30
30
32
42
56
68
79
98
113
120
129
117
110
105
105
97
89
79
72
75
79
93
89
100
113
117
112
111
101
90
87
88
83
68
57
47
42
37
51
54
57
67
63
77
90
98
120
116
113
118
120
119
120
120
115
110
96
100
98
100
103
98
106
119
132
143
146
143
148
139
131
123
107
88
74
61
56
55
70
76
86
97
90
79
79
77
67
60
59
64
55
35
9
-16
-29
-45
-48
-42
-40
-34
-23
-11
4
10
16
20
18
5
-1
-3
-24
-31
-41
-56
-62
-68
-64
-59
-57
-49
-48
-49
-47
-40
-31
-19
-12
-5
4
14
18
12
5
8
-1
7
10
4
-3
-11
-13
-6
-11
-16
-3
10
33
47
52
39
34
24
19
18
7
0
-7
-19
-34
-34
-25
-18
-12
-10
-18
-14
-12
1
7
-1
-13
-35
-32
-37
-33
-27
-18
-5
-6
2
2
6
12
22
24
22
21
0
-12
-21
-14
-15
-28
-34
-41
-39
-53
-62
-64
-66
-72
-77
-82
-92
-103
-100
-96
-99
-100
-97
-95
-97
-102
-115
-136
-163
-176
-173
-170
-163
-168
-186
-191
-195
-189
-182
-182
-182
-196
-202
-211
-220
-226
-234
-237
-232
-235
-238
-218
-204
-190
-183
-177
-177
-169
-162
-165
-157
-153
-137
-129
-128
-129
-145
-147
-151
-163
-157
-146
-139
-133
-124
-118
-105
-89
-75
-62
-54
-48
-51
-42
-46
-42
-42
-46
-46
-41
