7
4
8
2
23
12
-6
-2
8
6
14
-9
-27
2
2
2
11
12
11
0
5
11
10
9
6
6
13
-4
-21
16
12
6
9
6
2
-3
-4
-14
-12
-10
-12
-16
-10
-32
-30
-13
-16
-12
-12
-8
-4
-4
-9
-10
-13
-12
-11
-12
-10
-19
-25
-14
-10
-10
-11
-16
-11
-4
-3
-5
-3
-5
-7
-12
-11
-21
-26
-14
-11
-8
-12
-8
-10
-11
2
-5
-13
-14
-14
-12
-9
-17
-26
-1
-2
-6
-5
-11
-4
-5
-4
-4
-3
-1
2
-4
6
-9
-16
-3
-3
-3
-8
-3
-6
-9
-10
-5
-9
-12
-5
-12
-2
-20
-31
-17
-21
-24
-31
-26
-32
-31
-33
-43
-41
-41
-37
-40
-37
-50
-56
-47
-45
-39
-42
-39
-41
-43
-38
-44
-42
-40
-46
-51
-47
-54
-64
-54
-50
-45
-52
-50
-52
-57
-49
-59
-67
-63
-66
-70
-75
-93
-104
-88
-93
-97
-95
-95
-86
-89
-91
-89
-90
-99
-95
-92
-73
-78
-90
-76
-75
-66
-63
-50
-42
-45
-39
-36
-31
-37
-31
-26
-28
-21
-34
-27
-17
-23
-14
-14
-15
-19
-20
-22
-26
-26
-25
-30
-28
-33
-45
-25
-27
-31
-39
-43
-61
-64
-69
-73
-97
-97
-123
-111
-130
-125
-178
-165
-228
-283
-387
-530
-713
-974
-1152
-1976
-3543
-9538
-12260
-10209
-6459
-6288
-9427
-14375
-17480
-13674
-7167
-1862
-2425
-6222
-9684
-9698
-6847
-3434
-3302
-6650
-6961
-4124
-1300
-1330
-4242
-6175
-4193
2280
3987
2165
-2490
-3554
194
3687
5016
1422
-1353
543
4089
4725
2681
35
203
2324
4157
5298
2093
1946
3087
3671
4887
1995
2978
3427
7255
5946
4243
2131
4137
5911
5257
3627
2535
5693
6945
7293
3869
3087
2642
3861
4326
4579
3065
2962
4894
2864
2777
1069
1793
2379
2307
1815
-182
309
527
2008
1548
223
250
425
-440
-1260
-1681
-442
437
-102
-505
-797
-2165
-2837
-2638
-4665
-4193
-2284
-582
-1410
-3282
-5756
-5528
-5886
-5692
-4550
-3902
-4546
-4863
-5556
-7146
-6848
-6396
-6308
-7451
-7205
-6302
-5377
-5363
-5310
-5647
-6921
-7139
-7261
-7393
-7371
-5701
-7023
-8081
-8630
-6957
-7433
-6420
-7192
-7764
-6383
-7233
-6430
-8167
-6189
-6643
-5028
-3748
-2894
-1448
-2798
-3243
-3873
-1737
-1611
638
88
822
1794
2432
1650
1971
1387
1168
960
511
1343
1962
3503
2847
3292
2639
1467
1062
1251
2503
4226
5637
5909
4544
3522
3506
3744
4521
5409
6083
6931
7102
6013
4909
4040
4319
3695
4393
4721
6257
6019
5303
2975
1801
1753
2716
3231
2927
3526
2956
2878
1117
159
-577
-442
-645
-648
-580
-649
-1250
-2381
-2959
-4353
-3624
-3507
-2899
-3131
-2628
-2287
-2538
-2683
-3173
-2710
-2666
-1689
-1034
-269
866
2137
2920
3632
4581
5360
5919
7275
8530
10307
12617
14286
15388
16504
18553
20188
21541
23370
24247
25833
27875
30492
32719
32749
32767
32759
32767
32764
32766
32767
32765
32767
32764
32767
32764
32767
32765
32767
32765
32767
32766
32767
32764
32767
32764
32767
32762
32767
32758
32767
32748
32767
32721
32767
31154
27138
23840
20914
18023
15166
11865
9440
6274
3095
-452
-4046
-6815
-9865
-11535
-14067
-16115
-17591
-19342
-20749
-22968
-24119
-25188
-26368
-27653
-28606
-28784
-29368
-29453
-29863
-30465
-31299
-32588
-32768
-32758
-32768
-32762
-32768
-32763
-32768
-32764
-32768
-32765
-32768
-32766
-32768
-32767
-32768
-32768
-32767
-32768
-32764
-32768
-32762
-32768
-32758
-32768
-32754
-32768
-32745
-32768
-32720
-32768
-31836
-29001
-26869
-24484
-21962
-18679
-15831
-13159
-9803
-7850
-6252
-5389
-3985
-2610
-1333
13
871
2183
2099
2913
2934
3041
3490
3394
4849
5343
5495
4185
2176
-547
-4743
-7316
-9832
-9679
-10521
-12910
-14265
-17129
-19015
-22437
-25061
-26595
-28507
-29737
-30679
-29400
-28541
-27086
-26151
-26406
-26076
-25846
-23427
-21283
-18567
-14798
-11419
-8021
-5902
-2413
817
2997
5039
7102
9878
11978
14702
17062
19177
20051
19785
20124
19108
18564
18071
17360
16407
14509
13661
12740
11530
9569
7886
6231
4000
2774
2015
2396
2068
1874
2289
2218
2660
3154
4550
5967
7062
8891
11119
13454
15769
18136
20340
21953
23457
25099
26969
28583
30085
32137
32767
32731
32767
32753
32767
32759
32767
32763
32767
32765
32767
32763
32756
32037
30493
29422
28533
27601
27748
26915
25271
22128
19126
14820
10019
6620
4435
3987
135
-2876
-5161
-8006
-11328
-15620
-17759
-20559
-23506
-26060
-26143
-25369
-25358
-24169
-24229
-24133
-24599
-23825
-22271
-21273
-18790
-16291
-13635
-11821
-9190
-5693
-3740
-2729
-1753
-108
733
1560
3200
4754
5857
5424
5390
4820
3058
1621
-627
-2877
-5856
-8198
-9344
-10952
-12459
-13962
-15389
-17719
-20004
-21305
-21817
-22238
-22983
-22116
-21035
-19864
-18146
-16535
-14462
-13475
-12060
-9863
-7381
-4544
-1488
1774
4368
6879
9186
11778
13705
15133
17176
18897
20623
21898
23213
24699
25586
26117
26620
27005
26763
27298
26924
27249
26775
25876
26341
25470
25863
25795
26186
26807
25195
23660
20738
16333
12198
8880
7507
6469
3442
894
-881
-3890
-7178
-10461
-13525
-16292
-20463
-23325
-23556
-23870
-23127
-22431
-22227
-22290
-22879
-22457
-21779
-20971
-19244
-16992
-15043
-12650
-9500
-5886
-3263
-2059
-241
1039
1518
2648
4120
6058
7282
7550
8428
8585
7993
7017
5456
3334
386
-1875
-3930
-5553
-6754
-7829
-8679
-10510
-12293
-13447
-14424
-15874
-16652
-16618
-16307
-15398
-14099
-11705
-9627
-8109
-6756
-4759
-2776
-950
1783
4245
6958
9268
12039
14944
17242
19226
20749
22322
23265
24260
25476
26539
27578
28322
29255
29859
30160
30640
30418
30338
29152
28622
27878
27435
27016
27076
27887
27717
28608
27234
25457
22740
17470
13627
9276
6849
5549
2808
575
-1616
-3941
-7303
-10662
-14240
-17531
-21613
-25764
-26970
-27690
-27012
-26322
-25725
-24808
-25310
-24610
-24416
-23950
-22857
-21801
-20088
-18032
-14842
-11223
-7711
-5838
-3760
-2240
-1898
-1081
-598
636
1290
1563
2439
3100
3293
2799
1466
-547
-3444
-6697
-9323
-11842
-13587
-14587
-15850
-16784
-17900
-18665
-19149
-20505
-21677
-22444
-22942
-22834
-21778
-19617
-17146
-15023
-13023
-10432
-8263
-5935
-4008
-2058
232
1750
4572
7342
10217
12995
14923
16998
18226
19375
20114
20841
21516
21806
22647
23049
24022
24743
25508
25727
25274
24706
23445
23078
21715
21531
21559
21718
22539
22729
23177
21276
19240
14000
10120
6344
2758
1705
-2158
-3356
-5726
-7527
-9592
-12544
-14537
-18723
-22305
-27214
-28881
-30053
-30246
-29441
-29101
-27185
-27250
-25653
-24928
-24201
-23132
-23429
-22154
-20847
-17995
-14592
-11202
-8218
-5614
-3192
-2365
-983
-434
186
311
-205
597
876
1831
1763
1293
450
-2009
-4216
-6910
-9199
-11398
-13304
-15086
-16132
-16508
-16743
-16286
-16937
-17339
-17873
-18533
-18470
-18181
-16788
-15519
-13836
-11460
-8641
-5474
-2843
-470
1742
3573
4967
6955
8949
11198
13448
15475
17730
19635
21512
22899
23782
24107
24211
24232
24573
24587
25096
25970
25621
26152
25651
25602
25414
24319
23646
22958
22518
22221
22768
23206
22596
21427
17976
14461
11442
7908
5923
2568
-302
-2553
-5113
-6782
-9012
-10240
-13266
-16623
-20364
-23229
-24741
-26362
-26581
-27162
-26230
-26109
-24837
-22961
-21998
-20252
-20046
-19277
-18432
-16730
-14319
-11687
-9065
-6760
-4078
-2181
-123
1575
2733
3250
2882
2906
2633
2711
2665
1943
1651
185
-1175
-2769
-4695
-6473
-8785
-10817
-12972
-14090
-14889
-15088
-15214
-15435
-15400
-15482
-15083
-14853
-13998
-13262
-12371
-10680
-8715
-6089
-3341
-766
1791
4147
6270
8212
10227
11972
13717
15397
16962
18716
20368
21747
22918
23932
24395
25069
25021
25441
25469
25280
25366
24610
24687
24093
23677
23479
22780
22499
22139
21959
21904
22275
22320
21334
19584
15725
12440
9636
6584
4757
1268
-989
-3122
-5607
-7143
-9306
-10853
-14135
-17665
-21245
-23712
-25332
-26843
-27188
-27860
-27010
-26792
-25278
-23591
-22647
-21117
-21187
-20525
-19620
-17893
-15636
-13358
-10901
-8371
-5793
-3683
-1325
458
1563
1844
1489
1639
1418
1655
1567
973
580
-889
-1808
-3199
-4811
-6362
-8592
-10742
-12729
-13841
-14671
-15021
-15487
-15713
-15537
-15462
-14709
-13941
-12970
-12180
-11441
-9909
-8181
-5840
-3419
-1102
1474
3828
6144
8568
10749
12598
14280
15566
16848
18479
19834
21511
22642
23409
24135
24427
24936
24922
25366
25295
24889
24648
23806
23883
23200
22845
22409
21900
22195
21639
22232
22245
22467
21836
19282
15900
12622
10093
7475
4858
1518
-439
-2532
-5100
-6468
-8080
-9608
-12927
-16681
-19768
-22135
-23941
-25489
-26159
-26477
-26166
-25564
-24097
-22469
-20892
-19603
-19499
-18831
-17662
-16107
-14097
-12273
-9903
-7273
-5044
-2703
-191
1963
3180
3488
3496
3579
3406
3310
2898
2067
1378
51
-611
-1477
-2781
-3970
-6087
-8155
-9983
-11370
-12424
-13327
-14126
-14433
-14198
-13936
-12938
-11863
-10806
-9998
-9259
-7733
-6303
-4440
-2445
-440
1979
4212
6813
9495
11842
13597
15075
16306
17278
18676
19864
21082
22190
22787
23685
24261
24682
25011
25034
25014
24465
23936
23339
22480
22190
21357
21084
20871
20660
20811
21157
21012
21427
21101
19158
16246
12532
9984
7425
4665
1439
-850
-2643
-5211
-6999
-8716
-10043
-12879
-16333
-19698
-22382
-24291
-26781
-27704
-28572
-28778
-28364
-27571
-26037
-24476
-22969
-22566
-21879
-21165
-19786
-18169
-16849
-14872
-12716
-10344
-8222
-5629
-2984
-1286
-269
-7
257
298
-47
-668
-1385
-2062
-3308
-3881
-4674
-5503
-6286
-8030
-9640
-11466
-12962
-14307
-15532
-16573
-17318
-17306
-17272
-16414
-15278
-13972
-12845
-11971
-10482
-9078
-7310
-5749
-3998
-1772
193
2634
5188
7786
9990
11985
13585
15114
16571
17628
18781
19427
20188
20691
21477
21937
22459
23092
23262
23371
23117
22835
22136
21438
20475
19573
19229
18685
18983
19161
19726
20289
20582
20443
18563
15668
12512
9686
7170
3907
775
-1213
-3232
-5207
-6648
-7658
-8711
-10961
-14139
-16922
-19275
-21830
-23887
-25458
-26178
-26353
-25970
-24577
-22813
-20657
-19099
-18148
-17249
-16294
-15122
-13970
-12947
-11398
-9338
-7388
-5050
-2350
287
2390
3613
4258
4683
4617
4080
3301
2128
1001
-303
-1163
-1759
-2459
-3101
-4356
-5685
-7121
-8583
-9874
-11287
-12696
-13560
-13996
-14072
-13456
-12438
-11133
-9912
-8667
-7159
-5601
-4132
-2777
-1243
398
2089
4026
6364
8529
10744
12883
14774
16427
17689
18878
19724
20315
20710
21140
21433
21683
22102
22208
23032
22693
23043
22778
22124
22073
20768
20529
19731
19283
19330
19246
19867
19835
20696
20511
19522
16810
14138
11997
9112
6719
2802
776
-1550
-4239
-5611
-7238
-7828
-10104
-12717
-15343
-17527
-19647
-22262
-23821
-25553
-26099
-26613
-25945
-24376
-22902
-20797
-20175
-18830
-17574
-16405
-14957
-14239
-12810
-11396
-9716
-7998
-5507
-2902
-827
903
1808
3129
3529
3669
3305
2303
1422
-79
-1014
-2007
-2722
-3599
-4668
-5757
-7032
-7787
-9058
-10176
-11731
-12978
-13906
-14708
-14619
-14279
-13259
-12520
-11345
-9803
-8160
-6481
-5141
-3576
-2193
-679
935
2938
5067
7063
9045
11007
13009
14731
16460
17579
18462
19000
19213
19665
19991
20324
20759
20948
21165
21313
21537
21483
21215
20273
19656
18760
18109
17942
17432
18087
17749
18233
18665
18807
18566
16066
13932
11196
9067
6352
2876
663
-1992
-3914
-6345
-7374
-8205
-9695
-11670
-14628
-16000
-18489
-20503
-22485
-24141
-24872
-25931
-25453
-24842
-22951
-21315
-20099
-18677
-17538
-15802
-14838
-13583
-12687
-11374
-9962
-8843
-6681
-4649
-2411
-762
623
1954
2754
3305
2939
2561
1568
176
-1033
-2383
-3198
-4212
-5063
-6159
-6981
-7708
-8563
-9339
-10631
-11638
-12823
-13675
-14285
-14282
-13704
-13320
-12247
-11065
-9289
-7454
-5812
-4019
-2408
-827
521
2308
3971
5668
7305
8916
10800
12408
14205
15539
16766
17607
18097
18557
18647
19032
19076
19132
19033
18722
18815
18619
18498
18187
17678
17566
17202
16914
16739
16299
16350
16232
16303
16542
16675
16180
14185
12123
9961
8162
6026
2938
879
-1368
-3496
-5681
-7156
-7935
-9537
-11510
-13923
-15440
-17044
-18856
-20320
-21647
-22341
-23246
-23144
-22532
-21238
-19669
-18750
-17412
-16135
-14484
-13028
-11738
-10431
-9190
-7795
-6638
-4885
-2880
-1094
447
1620
2916
3892
4540
4684
4368
3892
2761
1616
418
-853
-1998
-3288
-4597
-5743
-6641
-7496
-8376
-9324
-10240
-11059
-11877
-12414
-12581
-12400
-12120
-11668
-10593
-9264
-7747
-6169
-4573
-2867
-1347
230
1952
3715
5418
7007
8570
10064
11549
12998
14370
15426
16152
16817
17339
17859
18218
18434
18277
17976
17775
17390
17367
16873
16639
16311
15816
15778
15244
15307
14994
14790
14735
14619
14984
15106
15333
14605
12738
10938
9053
7511
5282
2655
560
-1559
-3768
-5813
-6954
-8050
-9597
-11738
-13706
-15053
-16682
-18312
-19891
-21174
-22234
-23201
-23205
-22682
-21582
-20489
-19620
-18388
-16955
-15345
-14036
-12750
-11724
-10533
-9450
-8269
-6567
-4817
-3137
-1910
-530
796
1925
2713
2982
2981
2481
1615
553
-406
-1543
-2821
-4025
-5328
-6179
-6999
-7698
-8453
-9240
-9986
-10789
-11380
-11850
-11919
-11935
-11858
-11465
-10598
-9380
-8153
-6679
-5115
-3471
-1757
-36
1894
3802
5309
6815
8378
9780
11165
12373
13522
14579
15399
16207
16807
17382
17922
18240
18672
18816
18841
18993
18695
18642
18113
17979
17523
17239
17336
16991
17290
17268
17405
17799
17904
18162
18408
18182
17249
15271
13616
11743
10023
7756
5210
3337
1220
-684
-2349
-3403
-4567
-6384
-8359
-10501
-11987
-13854
-15746
-17229
-18733
-19669
-20539
-20310
-19756
-18657
-17595
-16825
-15511
-14329
-12900
-11908
-10768
-9836
-8859
-7685
-6563
-4705
-3051
-1448
-135
1198
2492
3428
4163
4239
4185
3628
2767
1855
920
-87
-1324
-2524
-3754
-4614
-5432
-6370
-7253
-8195
-9068
-9997
-10725
-11264
-11569
-11724
-11870
-11443
-10637
-9543
-8323
-6937
-5388
-3907
-2318
-884
725
2255
3547
4923
6335
7838
9213
10614
11838
12787
13823
14452
15168
15613
15978
16147
16131
16209
15931
15918
15519
15205
15096
14671
14553
14094
13834
13574
13365
13274
13088
13266
13205
13433
13458
13632
13763
13196
11902
10367
9053
7487
5664
3389
1509
-169
-2297
-4027
-5364
-6329
-7768
-9613
-11197
-12622
-14009
-15738
-17159
-18343
-19315
-20211
-20584
-20247
-19671
-18758
-18028
-16937
-15548
-14265
-12951
-11831
-10666
-9571
-8608
-7510
-6211
-4664
-3351
-2106
-949
304
1480
2274
2843
2955
2829
2312
1589
788
-45
-1121
-2415
-3577
-4710
-5525
-6426
-7408
-8206
-9052
-9780
-10533
-10993
-11265
-11500
-11675
-11624
-11125
-10390
-9505
-8531
-7253
-5988
-4691
-3210
-1690
-35
1432
2964
4472
5976
7418
8703
9890
10780
11666
12352
13111
13781
14268
14693
14855
15091
15145
15334
15499
15263
15238
14948
14444
14222
13576
13327
12946
12581
12491
12551
12759
13047
13358
13638
13917
13995
13889
13112
11363
10038
8273
6588
4742
2337
941
-829
-2625
-4008
-5165
-6190
-7756
-9496
-11168
-12530
-14251
-15825
-17203
-18339
-19039
-19927
-19764
-19292
-18541
-17444
-16760
-15467
-14163
-12981
-11789
-10676
-9585
-8561
-7541
-6443
-4933
-3559
-2234
-932
232
1607
2545
3415
3962
4020
4016
3504
2904
2267
1358
411
-705
-1864
-2798
-3603
-4481
-5249
-6126
-6860
-7571
-8388
-8783
-9289
-9683
-9943
-10063
-9652
-9169
-8498
-7526
-6462
-5273
-3942
-2576
-1054
392
1648
2964
4097
5254
6415
7412
8448
9298
10063
10862
11597
12369
13016
13352
13596
13765
13730
13791
13521
13170
12948
12429
12134
11979
11639
11509
11126
10847
10845
10689
10749
10645
10643
10577
10620
10625
10668
10632
10052
8818
7457
6162
4877
3218
1426
-255
-1813
-3528
-5173
-6245
-7265
-8552
-10121
-11527
-12742
-13898
-15196
-16354
-17288
-18146
-18871
-19119
-18843
-18309
-17659
-17006
-16127
-14983
-13731
-12589
-11448
-10336
-9370
-8409
-7357
-6142
-4832
-3644
-2599
-1498
-367
650
1634
2292
2790
2941
2815
2590
2202
1755
948
-52
-1050
-2008
-2828
-3643
-4514
-5268
-6050
-6865
-7505
-7947
-8312
-8713
-9138
-9332
-9174
-8839
-8411
-7700
-6876
-5897
-4855
-3619
-2207
-902
399
1550
2831
4094
5295
6543
7689
8771
9717
10557
11316
11989
12605
12990
13326
13553
13827
14135
14134
14164
14007
13950
13761
13509
13261
12930
12642
12184
12034
11789
11875
11765
11773
11830
11756
11962
11913
11979
12195
11864
11573
10421
9332
8324
6937
5621
3803
2330
697
-819
-2322
-3452
-4465
-5856
-7143
-8545
-9573
-10686
-12005
-13000
-14219
-14961
-15827
-16254
-16194
-16059
-15586
-15183
-14370
-13493
-12360
-11375
-10372
-9345
-8532
-7565
-6754
-5640
-4595
-3651
-2646
-1771
-698
237
1046
1711
2171
2368
2365
2197
1837
1463
734
-167
-1094
-2083
-2901
-3860
-4732
-5541
-6337
-7109
-7844
-8377
-8842
-9264
-9754
-10016
-10078
-9948
-9638
-9251
-8534
-7811
-6950
-5896
-4758
-3511
-2357
-1173
9
1254
2473
3593
4715
5728
6696
7614
8534
9326
10036
10553
10829
11126
11299
11556
11745
11847
11982
11967
11869
11808
11608
11552
11254
10964
10785
10582
10514
10389
10468
10493
10702
10780
10994
11283
11370
11576
11699
11493
11269
10331
9481
8486
7129
5867
4212
2801
1296
-202
-1570
-2796
-3944
-5190
-6475
-7820
-8936
-10164
-11422
-12457
-13675
-14441
-15298
-15755
-15832
-15852
-15476
-15117
-14405
-13576
-12594
-11636
-10623
-9613
-8673
-7660
-6809
-5756
-4738
-3810
-2801
-1971
-978
-67
704
1466
1966
2344
2523
2464
2282
1931
1338
566
-371
-1289
-2222
-3250
-4135
-5088
-5926
-6655
-7460
-8013
-8525
-9027
-9390
-9714
-9884
-9907
-9788
-9545
-9118
-8565
-7888
-7017
-6065
-4945
-3863
-2704
-1543
-422
773
1777
2798
3719
4598
5493
6312
7091
7781
8386
8802
9138
9326
9490
9618
9707
9750
9742
9692
9602
9515
9428
9335
9146
8945
8738
8565
8418
8409
8224
8402
8370
8507
8719
8831
9098
9252
9447
9589
9399
9151
8545
7705
6886
5636
4530
3259
1815
505
-773
-2050
-3229
-4343
-5457
-6509
-7632
-8751
-9735
-10812
-11710
-12655
-13383
-13917
-14418
-14431
-14420
-14128
-13624
-13008
-12197
-11250
-10281
-9280
-8228
-7297
-6296
-5361
-4440
-3467
-2616
-1704
-908
-62
782
1505
2249
2863
3336
3652
3829
3780
3681
3288
2771
2240
1473
810
33
-711
-1340
-2021
-2545
-3080
-3546
-3885
-4239
-4496
-4664
-4826
-4854
-4780
-4692
-4399
-4021
-3542
-2902
-2197
-1321
-423
492
1482
2430
3367
4263
5053
5869
6625
7269
7916
8457
8935
9393
9816
10191
10564
10802
11032
11162
11204
11237
11122
11035
10836
10686
10483
10295
10098
9787
9709
9427
9398
9216
9101
9101
9001
9139
9109
9171
9221
9240
9305
9322
9403
9264
8980
8663
7963
7252
6227
5181
4146
2834
1513
190
-1006
-2209
-3365
-4424
-5461
-6448
-7516
-8459
-9332
-10158
-10927
-11751
-12281
-12832
-13110
-13250
-13244
-12940
-12597
-12088
-11485
-10702
-9886
-9031
-8232
-7427
-6561
-5818
-5013
-4249
-3455
-2695
-2030
-1283
-616
51
653
1064
1451
1722
1798
1789
1592
1306
892
339
-308
-913
-1483
-2068
-2615
-3175
-3597
-3991
-4320
-4552
-4808
-4947
-5169
-5279
-5301
-5280
-5157
-4987
-4666
-4261
-3712
-3146
-2441
-1757
-1018
-277
406
1131
1784
2449
3007
3525
4019
4474
4877
5260
5608
5916
6249
6442
6690
6830
6882
6975
6956
6977
6949
6862
6764
6597
6467
6381
6246
6242
6179
6143
6211
6160
6185
6262
6224
6282
6336
6269
6437
6405
6458
6523
6502
6508
6246
6022
5604
4856
4128
3084
2179
1137
-105
-1243
-2322
-3414
-4539
-5405
-6367
-7169
-8063
-8977
-9601
-10336
-10929
-11597
-12089
-12469
-12865
-12959
-12990
-12805
-12478
-12078
-11587
-10889
-10135
-9416
-8550
-7802
-7003
-6245
-5590
-4876
-4243
-3592
-3014
-2433
-1782
-1231
-700
-240
61
304
486
452
348
153
-180
-572
-1047
-1483
-1836
-2215
-2542
-2836
-2976
-3080
-3204
-3224
-3209
-3165
-3158
-3101
-2993
-2797
-2606
-2370
-2017
-1621
-1130
-551
111
795
1486
2161
2809
3455
4024
4494
4888
5255
5546
5833
6072
6267
6520
6790
7057
7267
7479
7607
7705
7811
7868
7913
7956
7865
7815
7662
7613
7403
7402
7282
7229
7252
7198
7309
7364
7492
7474
7463
7493
7414
7314
7242
7058
7007
6827
6713
6579
6437
6101
5773
5266
4571
3822
2890
2024
926
-261
-1379
-2520
-3562
-4583
-5516
-6273
-7088
-7839
-8521
-9062
-9573
-10044
-10549
-10951
-11277
-11583
-11666
-11709
-11566
-11324
-11045
-10539
-9968
-9275
-8563
-7873
-7145
-6477
-5823
-5208
-4595
-4074
-3585
-3144
-2749
-2332
-1974
-1615
-1324
-1151
-1027
-987
-999
-1143
-1405
-1699
-2075
-2501
-2911
-3328
-3708
-4023
-4318
-4510
-4631
-4717
-4744
-4693
-4599
-4502
-4352
-4170
-3960
-3717
-3405
-3074
-2696
-2243
-1770
-1217
-655
-98
519
1118
1689
2208
2668
3038
3360
3606
3818
3995
4109
4286
4421
4597
4750
4931
5064
5251
5381
5489
5548
5561
5578
5569
5575
5580
5547
5579
5553
5618
5696
5764
5898
5995
6187
6322
6421
6481
6522
6489
6467
6394
6326
6238
6213
6109
6071
5980
5731
5508
5122
4686
4117
3377
2586
1712
813
-170
-1144
-2025
-2902
-3729
-4516
-5179
-5824
-6339
-6892
-7385
-7746
-8177
-8476
-8749
-8915
-8995
-9030
-8932
-8730
-8396
-7989
-7508
-6954
-6315
-5661
-5010
-4323
-3691
-3050
-2515
-2022
-1521
-1141
-764
-454
-161
98
275
424
528
586
533
407
247
48
-191
-524
-861
-1192
-1500
-1775
-2049
-2214
-2388
-2520
-2578
-2612
-2555
-2495
-2439
-2337
-2193
-2021
-1805
-1563
-1257
-904
-539
-124
307
749
1208
1598
2015
2361
2670
2988
3191
3448
3675
3875
4094
4263
4466
4635
4776
4879
4998
5109
5158
5152
5122
5078
5005
4898
4871
4680
4629
4474
4321
4328
4183
4166
4125
4106
4121
4129
4106
4108
4125
4041
4006
3850
3753
3689
3557
3519
3429
3335
3301
3181
3103
2863
2601
2245
1772
1250
600
-93
-840
-1616
-2418
-3144
-3878
-4569
-5127
-5683
-6147
-6562
-6974
-7291
-7631
-7927
-8170
-8402
-8540
-8643
-8661
-8570
-8394
-8129
-7727
-7276
-6748
-6166
-5599
-4974
-4382
-3802
-3215
-2741
-2265
-1842
-1462
-1090
-795
-536
-284
-55
90
222
279
331
324
256
177
20
-156
-369
-597
-784
-998
-1225
-1360
-1453
-1507
-1520
-1484
-1391
-1264
-1112
-917
-712
-469
-202
42
320
604
888
1201
1524
1874
2237
2629
3012
3412
3794
4126
4423
4685
4924
5119
5266
5382
5451
5552
5642
5722
5797
5873
5936
5972
6009
5962
5956
5867
5781
5633
5511
5273
5109
4936
4800
4702
4588
4551
4478
4450
4393
4330
4267
4128
3970
3841
3626
3448
3227
3073
2884
2717
2512
2338
2197
1989
1783
1559
1317
998
670
269
-178
-665
-1286
-1852
-2380
-2925
-3461
-3962
-4393
-4786
-5121
-5426
-5688
-5882
-6104
-6302
-6454
-6567
-6680
-6722
-6712
-6685
-6549
-6372
-6134
-5791
-5413
-5006
-4579
-4142
-3718
-3316
-2956
-2657
-2396
-2151
-1947
-1767
-1615
-1504
-1420
-1332
-1272
-1230
-1170
-1183
-1174
-1200
-1267
-1338
-1437
-1522
-1618
-1705
-1786
-1832
-1833
-1811
-1742
-1625
-1474
-1288
-1070
-826
-568
-299
-53
212
506
788
1076
1384
1703
2031
2369
2696
3018
3336
3625
3897
4142
4355
4504
4683
4808
4893
4958
4992
5000
4978
4976
4930
4884
4823
4717
4593
4460
4264
4069
3892
3670
3482
3274
3079
2935
2797
2658
2626
2530
2506
2482
2422
2375
2318
2195
2101
2014
1870
1762
1627
1516
1396
1320
1214
1125
999
871
683
483
250
-65
-324
-624
-953
-1248
-1593
-1938
-2257
-2598
-2936
-3245
-3602
-3960
-4311
-4677
-5041
-5407
-5732
-6049
-6339
-6579
-6788
-6938
-7031
-7107
-7113
-7061
-7005
-6878
-6742
-6601
-6410
-6234
-5998
-5733
-5476
-5211
-4907
-4583
-4278
-3934
-3606
-3275
-2976
-2685
-2408
-2172
-1924
-1754
-1557
-1357
-1213
-1065
-926
-814
-717
-620
-552
-472
-405
-349
-303
-255
-207
-166
-79
14
107
228
345
465
597
722
847
993
1134
1284
1443
1595
1740
1854
1999
2139
2276
2409
2516
2588
2646
2682
2711
2738
2781
2789
2807
2780
2735
2611
2543
2425
2325
2235
2109
2079
1995
1996
1924
1932
1875
1843
1798
1750
1719
1617
1599
1485
1493
1391
1407
1367
1339
1320
1248
1217
1120
1063
916
825
649
509
374
258
130
1
-126
-259
-391
-512
-644
-790
-942
-1097
-1280
-1446
-1648
-1838
-2033
-2233
-2400
-2582
-2715
-2842
-2944
-3036
-3089
-3161
-3186
-3206
-3214
-3195
-3194
-3174
-3112
-3022
-2918
-2804
-2659
-2486
-2299
-2098
-1888
-1663
-1430
-1210
-984
-757
-545
-370
-182
-2
155
299
429
562
671
773
867
954
1035
1108
1166
1218
1257
1255
1279
1293
1289
1303
1318
1339
1383
1441
1495
1564
1640
1735
1834
1955
2086
2199
2355
2511
2642
2763
2877
2995
3093
3188
3280
3344
3401
3436
3465
3480
3491
3460
3457
3424
3353
3270
3178
3087
2967
2865
2725
2604
2475
2334
2206
2071
1959
1795
1739
1612
1551
1453
1373
1304
1211
1150
1060
1030
925
901
821
793
733
666
654
603
584
524
466
413
311
223
107
19
-124
-199
-334
-419
-501
-621
-706
-816
-937
-1063
-1190
-1339
-1478
-1630
-1763
-1903
-2003
-2083
-2156
-2212
-2260
-2352
-2395
-2453
-2507
-2552
-2606
-2658
-2678
-2694
-2713
-2689
-2681
-2641
-2612
-2547
-2483
-2430
-2364
-2313
-2267
-2232
-2199
-2167
-2123
-2076
-2011
-1945
-1859
-1769
-1670
-1581
-1492
-1430
-1353
-1273
-1221
-1153
-1117
-1061
-1031
-980
-930
-882
-840
-782
-731
-671
-580
-531
-444
-394
-344
-329
-324
-327
-335
-342
-350
-369
-377
-369
-364
-318
-276
-248
-212
-181
-191
-186
-216
-280
-328
-412
-472
-525
-587
-615
-637
-643
-629
-640
-610
-598
-610
-634
-672
-744
-808
-873
-947
-1025
-1084
-1133
-1152
-1181
-1200
-1237
-1234
-1240
-1277
-1293
-1322
-1382
-1459
-1493
-1590
-1611
-1704
-1710
-1752
-1745
-1760
-1789
-1745
-1768
-1712
-1752
-1698
-1733
-1706
-1713
-1709
-1698
-1717
-1717
-1747
-1723
-1742
-1730
-1721
-1693
-1658
-1627
-1590
-1577
-1541
-1534
-1531
-1523
-1525
-1468
-1476
-1409
-1373
-1335
-1258
-1162
-1063
-960
-838
-746
-620
-532
-408
-316
-219
-141
-49
51
155
268
405
563
714
876
1028
1183
1333
1474
1602
1726
1829
1930
2024
2124
2231
2328
2487
2625
2771
2926
3069
3212
3346
3465
3570
3672
3765
3860
3946
4042
4118
4197
4301
4407
4493
4598
4702
4790
4881
4971
5040
5097
5152
5215
5262
5325
5388
5421
5491
5560
5606
5646
5674
5671
5680
5676
5677
5667
5655
5632
5579
5519
5422
5297
5188
5076
4932
4817
4678
4530
4406
4254
4116
3937
3776
3592
3428
3221
2960
2660
2393
2236
2032
1883
1729
1589
1397
1247
1067
939
818
682
567
416
285
117
19
-89
-163
-268
-383
-473
-631
-700
-854
-959
-1096
-1283
-1447
-1652
-1848
-2073
-2220
-2374
-2495
-2628
-2705
-2762
-2837
-2866
-2976
-3028
-3119
-3186
-3278
-3348
-3437
-3489
-3512
-3522
-3524
-3544
-3557
-3585
-3597
-3613
-3639
-3692
-3759
-3821
-3912
-3971
-4071
-4172
-4215
-4292
-4412
-4518
-4614
-4601
-4606
-4658
-4676
-4702
-4745
-4752
-4763
-4764
-4736
-4768
-4736
-4720
-4694
-4637
-4569
-4494
-4380
-4271
-4161
-4022
-3937
-3819
-3745
-3698
-3619
-3629
-3582
-3509
-3476
-3376
-3268
-3123
-2963
-2790
-2618
-2446
-2284
-2145
-2005
-1911
-1795
-1701
-1631
-1519
-1410
-1234
-1064
-918
-742
-601
-494
-358
-266
-146
-41
49
134
180
257
340
421
500
603
684
779
858
918
988
1019
1051
1061
1039
1038
1007
1038
1078
1108
1142
1163
1205
1241
1289
1344
1377
1421
1445
1474
1500
1517
1509
1513
1535
1541
1562
1582
1618
1649
1694
1742
1791
1843
1872
1897
1910
1910
1884
1896
1901
1912
1929
1959
2006
2079
2167
2235
2320
2391
2455
2531
2579
2645
2670
2728
2788
2837
2896
2935
2972
2995
3018
3039
3071
3079
3092
3070
3038
2990
2899
2854
2782
2728
2665
2600
2539
2468
2406
2320
2238
2149
2068
1971
1888
1797
1694
1640
1565
1497
1433
1380
1334
1283
1245
1199
1153
1112
1072
1008
955
875
790
750
687
619
541
440
350
256
176
87
3
-84
-165
-242
-316
-381
-482
-539
-603
-663
-711
-756
-792
-817
-850
-854
-847
-842
-823
-809
-786
-764
-758
-720
-702
-690
-687
-698
-688
-689
-684
-706
-698
-685
-678
-665
-670
-659
-691
-706
-706
-721
-739
-769
-792
-810
-812
-813
-801
-787
-767
-724
-665
-587
-521
-440
-334
-251
-169
-70
29
126
224
326
432
544
655
754
871
966
1056
1155
1272
1349
1420
1485
1531
1602
1644
1695
1738
1778
1831
1886
1930
1974
1992
2047
2106
2129
2179
2191
2212
2221
2220
2221
2199
2184
2153
2114
2066
2024
1949
1900
1872
1806
1738
1665
1584
1494
1393
1291
1195
1085
982
864
756
632
479
382
277
168
73
-33
-134
-239
-345
-461
-570
-680
-773
-866
-974
-1061
-1184
-1271
-1368
-1461
-1542
-1636
-1719
-1823
-1908
-1994
-2071
-2149
-2229
-2295
-2369
-2429
-2516
-2572
-2615
-2670
-2716
-2768
-2814
-2860
-2900
-2934
-2958
-2967
-2984
-3003
-3011
-3024
-3035
-3022
-3005
-3000
-3006
-2992
-2980
-2954
-2926
-2901
-2874
-2855
-2818
-2784
-2743
-2710
-2691
-2636
-2588
-2542
-2490
-2449
-2395
-2347
-2294
-2229
-2169
-2101
-2050
-1992
-1927
-1870
-1824
-1752
-1686
-1629
-1587
-1545
-1499
-1452
-1403
-1363
-1327
-1290
-1255
-1215
-1181
-1146
-1135
-1103
-1060
-1031
-982
-958
-936
-920
-897
-871
-830
-788
-742
-684
-635
-585
-552
-508
-466
-422
-384
-341
-310
-274
-242
-222
-183
-148
-107
-68
-32
8
34
78
119
149
181
203
218
242
268
294
322
348
375
415
451
490
495
537
595
630
671
705
747
788
838
890
950
995
1046
1100
1146
1198
1222
1278
1340
1383
1433
1481
1538
1592
1643
1683
1720
1761
1799
1817
1839
1867
1840
1851
1873
1870
1864
1860
1868
1864
1872
1858
1849
1851
1842
1829
1819
1811
1777
1775
1776
1742
1725
1704
1685
1670
1653
1628
1614
1587
1567
1539
1510
1477
1413
1392
1365
1326
1292
1241
1192
1135
1076
1026
971
917
862
805
756
711
639
616
596
556
517
474
439
392
352
311
270
234
194
169
146
127
81
66
67
38
16
-21
-52
-85
-131
-179
-222
-269
-310
-349
-396
-442
-499
-534
-546
-573
-600
-640
-682
-716
-758
-796
-829
-862
-889
-914
-929
-939
-961
-953
-942
-942
-938
-939
-935
-941
-938
-932
-929
-922
-915
-906
-888
-869
-869
-832
-801
-771
-747
-726
-698
-680
-648
-632
-608
-582
-556
-531
-517
-502
-511
-509
-493
-478
-473
-473
-469
-470
-469
-465
-466
-452
-439
-425
-419
-412
-408
-389
-360
-343
-328
-318
-308
-297
-281
-282
-274
-262
-257
-247
-235
-228
-244
-229
-223
-232
-234
-244
-239
-244
-251
-263
-275
-291
-302
-308
-312
-316
-339
-338
-335
-338
-339
-357
-359
-368
-380
-379
-385
-391
-393
-384
-385
-395
-423
-422
-413
-411
-404
-407
-405
-407
-401
-401
-399
-395
-393
-397
-393
-390
-411
-397
-385
-381
-365
-360
-353
-345
-326
-313
-302
-285
-274
-249
-234
-221
-227
-199
-165
-146
-124
-99
-78
-51
-29
-4
28
59
83
110
136
163
176
195
229
239
252
263
279
294
298
306
308
314
317
323
318
321
293
299
322
329
333
337
364
368
389
399
412
421
426
436
432
445
425
443
468
469
475
474
478
477
480
494
493
496
513
524
541
539
518
534
567
574
573
574
576
578
581
576
573
568
556
550
528
515
466
446
436
402
380
342
321
287
258
233
197
174
140
131
97
83
32
20
9
-22
-24
-45
-47
-70
-85
-93
-104
-109
-106
-109
-112
-107
-126
-122
-115
-109
-116
-123
-125
-135
-135
-139
-143
-150
-148
-158
-162
-170
-192
-189
-186
-201
-214
-232
-250
-262
-271
-277
-292
-304
-305
-306
-308
-320
-350
-356
-354
-353
-355
-357
-350
-356
-364
-367
-361
-352
-353
-350
-355
-355
-374
-377
-374
-387
-394
-410
-419
-429
-445
-444
-453
-458
-461
-462
-468
-470
-491
-490
-487
-501
-507
-500
-498
-503
-493
-486
-480
-467
-460
-448
-437
-425
-427
-413
-397
-392
-383
-391
-391
-379
-372
-364
-363
-355
-352
-339
-332
-326
-340
-341
-332
-330
-327
-330
-325
-325
-319
-309
-307
-299
-297
-296
-287
-281
-285
-278
-258
-258
-238
-216
-209
-190
-178
-164
-147
-138
-129
-120
-117
-109
-114
-99
-74
-66
-46
-31
-22
-6
7
27
37
36
36
46
36
45
32
30
50
56
58
63
76
81
88
107
120
132
139
153
168
182
161
184
217
219
244
252
264
275
298
312
321
333
346
357
365
359
339
343
372
361
362
361
350
349
347
347
341
345
337
326
319
317
291
297
311
298
294
292
286
279
271
271
279
273
268
267
263
254
216
226
246
228
229
215
204
202
196
186
182
177
171
169
156
160
130
131
149
155
157
156
156
149
157
141
135
133
123
117
113
116
80
84
102
85
82
70
66
54
40
29
10
8
4
3
0
0
-24
-15
1
1
18
17
20
31
37
48
56
65
69
78
88
99
85
96
124
124
132
125
124
118
116
131
125
122
125
127
120
119
89
93
113
103
108
106
105
109
110
116
124
130
141
148
153
165
133
148
181
173
180
185
191
205
203
197
195
186
184
172
167
157
115
119
133
123
122
121
112
113
109
102
97
89
85
85
80
88
62
69
92
84
92
90
92
92
91
88
83
76
70
73
71
71
35
30
45
32
19
5
-2
-12
-20
-28
-35
-49
-54
-66
-86
-102
-131
-119
-122
-128
-139
-142
-144
-145
-148
-154
-155
-165
-160
-154
-158
-152
-163
-154
-142
-136
-120
-119
-103
-92
-78
-72
-61
-54
-46
-33
-26
-20
-30
-18
-1
10
16
19
19
28
30
25
30
29
24
34
35
40
23
30
55
61
65
63
71
79
86
95
102
100
103
109
113
117
97
109
135
145
156
153
155
154
150
146
133
137
132
130
123
113
78
77
92
79
77
64
59
46
36
32
21
9
0
-4
-11
-16
-61
-48
-35
-58
-56
-69
-73
-81
-103
-123
-139
-152
-156
-175
-187
-203
-232
-235
-235
-251
-264
-277
-280
-291
-312
-323
-334
-357
-365
-366
-373
-371
-395
-393
-391
-386
-383
-394
-399
-397
-397
-402
-401
-410
-410
-410
-406
-402
-412
-396
-381
-377
-374
-371
-373
-372
-365
-365
-369
-365
-362
-360
-349
-346
-349
-341
-325
-318
-294
-287
-277
-261
-276
-269
-275
-259
-260
-241
-226
-224
-223
-202
-176
-166
-152
-147
-135
-121
-118
-104
-95
-91
-83
-80
-72
-67
-78
-77
-63
-54
-50
-45
-41
-37
-29
-35
-37
-32
-39
-38
-38
-37
-40
-29
-22
-11
-3
-3
9
18
35
42
49
57
63
75
77
87
61
72
109
111
115
117
115
117
114
111
109
103
100
94
84
80
44
50
58
50
53
43
36
30
24
16
13
5
-1
-5
-3
-6
-36
-17
-5
-16
-7
-6
2
11
-1
-9
-6
-6
-4
-8
2
2
-19
-26
-7
-11
-10
-9
-8
-9
-16
-8
-16
-13
-14
-10
-7
-6
-11
-7
-5
3
6
7
6
4
12
9
20
27
26
40
32
39
14
14
47
49
52
56
54
54
63
67
72
72
74
87
89
92
75
80
110
110
117
121
126
139
150
155
161
166
171
179
191
207
186
198
220
223
236
239
247
244
247
257
259
273
271
274
273
266
247
249
268
257
257
248
238
228
214
212
204
191
183
185
175
172
146
135
153
140
136
120
117
114
106
102
92
86
82
76
73
84
45
66
71
61
56
55
64
51
49
37
29
23
21
22
20
28
-8
0
20
7
10
-10
-11
-18
-23
-23
-33
-45
-55
-48
-58
-70
-93
-91
-95
-104
-95
-110
-103
-117
-122
-116
-121
-123
-128
-130
-133
-138
-154
-151
-149
-149
-144
-146
-147
-154
-146
-141
-142
-142
-148
-144
-148
-152
-160
-156
-138
-135
-132
-136
-136
-128
-133
-137
-133
-131
-135
-132
-134
-129
-135
-125
-112
-105
-99
-104
-98
-92
-86
-81
-81
-77
-76
-73
-65
-62
-69
-53
-38
-26
-12
-10
-8
4
10
8
7
15
14
17
17
18
9
7
31
31
38
49
50
47
52
48
42
50
43
56
48
49
22
23
51
41
42
42
40
32
23
20
14
3
-5
-19
-26
-25
-57
-57
-36
-46
-44
-49
-51
-59
-62
-59
-62
-59
-59
-66
-71
-62
-83
-78
-59
-63
-68
-76
-80
-82
-83
-84
-92
-104
-115
-119
-126
-131
-155
-156
-150
-154
-161
-164
-169
-171
-169
-172
-169
-164
-159
-147
-147
-138
-147
-142
-123
-125
-119
-121
-107
-108
-105
-103
-107
-101
-98
-91
-91
-89
-102
-94
-79
-65
-52
-49
-39
-28
-18
-12
-4
4
17
31
40
61
54
65
95
103
113
122
130
139
147
163
174
189
207
217
228
249
242
254
289
302
319
335
348
368
393
414
434
461
473
484
506
528
522
544
593
610
630
649
665
674
691
705
714
725
722
732
731
739
710
709
730
722
723
696
690
696
675
656
637
616
590
573
547
523
468
435
432
389
361
334
301
269
235
208
181
149
115
88
52
31
-25
-59
-50
-88
-114
-136
-162
-195
-218
-248
-283
-317
-341
-364
-395
-414
-457
-468
-470
-492
-510
-527
-544
-556
-569
-581
-591
-606
-618
-626
-636
-638
-666
-683
-673
-679
-687
-692
-702
-708
-715
-723
-728
-729
-730
-729
-734
-731
-750
-740
-721
-722
-710
-698
-675
-668
-665
-654
-646
-635
-622
-600
-580
-559
-557
-537
-504
-475
-445
-425
-404
-390
-366
-337
-314
-296
-272
-257
-233
-213
-209
-187
-147
-124
-111
-91
-71
-51
-35
-21
-14
-3
4
12
25
36
29
36
58
61
68
79
84
95
99
106
109
120
127
138
142
148
119
118
148
148
159
161
162
164
167
174
177
171
179
178
182
195
171
176
203
196
206
207
215
223
221
226
227
228
235
238
241
259
236
223
254
255
261
264
266
274
273
269
269
268
265
268
264
273
244
242
261
254
255
252
250
246
238
242
238
231
231
233
222
219
189
193
214
205
210
203
196
189
184
184
184
180
173
164
156
146
113
109
130
123
125
114
108
95
88
91
79
73
64
58
53
43
16
17
31
11
16
11
3
0
-8
-7
-7
-10
-18
-25
-32
-24
-49
-23
-18
-30
-24
-33
-27
-39
-25
-30
-43
-46
-45
-42
-45
-49
-66
-60
-54
-48
-48
-50
-55
-55
-59
-58
-54
-64
-62
-56
-57
-60
-74
-66
-53
-48
-41
-46
-53
-50
-45
-53
-50
-51
-58
-58
-63
-61
-75
-74
-54
-56
-53
-50
-55
-54
-53
-47
-46
-46
-47
-40
-39
-31
-44
-39
-26
-26
-19
-12
-11
-7
-10
-6
0
-10
-8
-10
-15
-10
-30
-33
-20
-26
-21
-27
-28
-27
-33
-29
-30
-28
-20
-15
-17
-10
-19
-7
1
10
18
13
21
24
20
27
31
30
36
40
43
42
28
28
52
48
51
51
47
51
53
43
36
39
31
34
30
38
10
10
35
34
37
29
28
29
35
37
38
39
49
60
62
78
66
67
95
95
110
107
110
109
112
118
132
124
117
113
98
92
58
51
65
56
58
38
29
16
11
3
-13
-22
-35
-44
-59
-61
-97
-99
-97
-110
-117
-126
-140
-153
-157
-164
-173
-183
-191
-189
-192
-191
-201
-200
-184
-182
-181
-185
-184
-175
-170
-165
-162
-158
-157
-152
-146
-144
-153
-153
-138
-132
-121
-119
-108
-103
-107
-97
-95
-89
-82
-75
-72
-71
-83
-80
-68
-60
-52
-51
-53
-48
-41
-37
-38
-41
-38
-32
-29
-24
-33
-21
-4
1
18
20
22
31
28
29
25
49
58
57
58
61
42
49
71
72
79
69
75
76
81
74
70
75
69
75
75
83
56
57
85
80
80
77
86
87
99
101
96
93
96
104
107
113
87
91
112
112
113
106
106
101
97
104
107
115
113
121
115
127
99
97
128
121
133
126
132
145
143
142
140
148
147
145
147
156
132
134
156
144
158
150
151
149
148
143
140
139
122
120
106
105
76
69
73
60
60
39
24
12
1
-14
-27
-40
-52
-63
-80
-85
-119
-131
-132
-150
-171
-188
-206
-232
-253
-270
-298
-316
-335
-356
-376
-387
-426
-453
-464
-480
-498
-527
-541
-557
-573
-586
-598
-608
-618
-619
-624
-623
-645
-638
-607
-603
-588
-586
-581
-569
-561
-551
-548
-538
-528
-517
-509
-503
-510
-503
-483
-483
-474
-471
-472
-469
-465
-467
-472
-479
-472
-471
-473
-470
-483
-469
-451
-447
-436
-435
-437
-425
-425
-422
-409
-402
-393
-382
-377
-363
-364
-359
-321
-313
-299
-284
-269
-255
-232
-206
-185
-167
-151
-123
-109
-91
-86
-67
-39
-20
4
17
31
47
58
73
85
108
126
150
174
213
209
228
281
304
330
356
404
437
457
492
517
530
547
578
600
628
626
639
677
684
706
709
714
727
732
731
728
725
719
720
718
706
675
669
681
665
647
635
626
616
602
588
580
564
546
530
501
493
448
432
444
414
402
368
355
333
304
285
262
243
218
199
168
160
113
94
102
81
63
37
21
2
-12
-29
-46
-58
-73
-88
-96
-96
-138
-154
-146
-169
-189
-213
-231
-243
-256
-275
-295
-311
-337
-350
-368
-374
-412
-419
-417
-437
-447
-472
-494
-508
-510
-536
-543
-550
-565
-577
-579
-592
-628
-626
-626
-636
-638
-651
-661
-659
-668
-671
-672
-669
-670
-671
-660
-651
-654
-644
-611
-587
-560
-533
-506
-471
-424
-391
-353
-304
-266
-217
-171
-123
-103
-58
-12
22
78
109
141
179
209
237
264
284
304
331
339
374
368
383
427
431
451
466
493
505
512
525
543
549
559
580
585
602
596
598
624
642
650
644
657
662
673
678
678
682
688
691
693
707
689
694
718
722
732
743
748
758
769
770
784
791
792
805
809
821
792
787
810
804
806
798
784
786
770
760
745
731
718
700
680
657
612
586
586
566
541
509
485
453
426
404
385
363
338
324
287
273
225
201
195
167
153
120
101
84
58
32
14
-7
-32
-48
-73
-87
-136
-150
-151
-178
-194
-217
-231
-251
-268
-290
-312
-324
-347
-355
-372
-391
-427
-450
-452
-472
-487
-509
-526
-543
-563
-574
-585
-595
-606
-614
-625
-631
-654
-656
-650
-655
-651
-660
-668
-673
-672
-672
-674
-672
-678
-675
-676
-678
-687
-691
-678
-680
-675
-674
-669
-656
-655
-655
-649
-643
-641
-633
-626
-605
-615
-604
-586
-588
-572
-560
-541
-541
-529
-513
-501
-491
-479
-462
-448
-425
-424
-420
-400
-393
-366
-340
-328
-313
-296
-284
-269
-246
-230
-203
-187
-173
-177
-173
-144
-132
-116
-109
-103
-90
-75
-71
-59
-51
-41
-28
-16
-7
-20
-6
13
14
23
33
41
47
57
65
72
81
86
102
105
119
110
113
141
151
158
167
180
182
185
187
185
192
194
185
193
210
184
179
202
204
212
212
222
225
222
232
239
231
240
244
253
270
255
256
287
298
308
311
309
323
325
334
335
337
343
351
347
351
335
332
356
345
341
338
329
328
323
316
306
297
284
282
271
264
240
225
239
224
217
208
199
186
184
181
178
179
172
181
173
177
154
145
170
166
176
168
175
168
159
156
156
152
150
150
141
144
114
108
115
105
106
93
84
85
82
72
61
55
40
32
16
10
-26
-38
-11
-27
-26
-32
-40
-43
-45
-49
-53
-53
-57
-53
-56
-57
-74
-71
-55
-55
-49
-49
-53
-55
-58
-58
-61
-68
-76
-82
-89
-87
-109
-121
-119
-131
-138
-149
-158
-170
-177
-195
-208
-219
-230
-237
-250
-254
-283
-291
-278
-278
-280
-281
-281
-284
-282
-282
-281
-278
-268
-259
-257
-236
-237
-224
-201
-182
-172
-166
-158
-159
-152
-139
-138
-136
-127
-130
-130
-133
-149
-150
-140
-132
-140
-141
-144
-144
-146
-148
-139
-130
-126
-117
-108
-102
-101
-94
-69
-57
-47
-43
-31
-21
-14
0
14
19
27
35
34
47
46
42
60
67
71
79
76
82
79
86
93
94
107
111
106
102
82
64
112
91
116
74
131
77
57
96
40
83
48
57
62
48
14
9
3
24
-17
15
-29
-1
-18
-24
-40
-59
-60
-73
-89
-77
-95
-116
-78
-121
-93
-127
-120
-130
-139
-135
-132
-144
-131
-139
-131
-126
-147
-134
-136
-124
-132
-128
-123
-120
-106
-96
-95
-82
-81
-60
-52
-36
-42
-42
-10
-7
2
16
16
22
30
31
41
52
63
74
80
82
68
67
101
114
123
127
125
135
142
152
156
160
157
171
174
182
164
158
191
188
187
183
174
176
172
159
152
150
139
138
132
131
101
88
112
100
105
97
84
81
77
72
59
56
51
51
40
46
19
5
25
16
10
-4
-16
-31
-47
-62
-79
-99
-125
-135
-155
-163
-201
-220
-223
-245
-256
-287
-300
-322
-338
-354
-374
-387
-394
-399
-407
-409
-414
-424
-409
-421
-408
-396
-408
-402
-403
-403
-409
-408
-406
-403
-402
-402
-411
-414
-396
-392
-392
-392
-383
-374
-378
-379
-367
-359
-359
-342
-339
-324
-327
-320
-297
-288
-265
-265
-246
-237
-227
-213
-199
-193
-179
-171
-171
-154
-166
-155
-139
-127
-113
-116
-113
-110
-96
-92
-90
-79
-77
-73
-67
-61
-68
-67
-52
-48
-42
-46
-42
-35
-34
-39
-40
-37
-42
-35
-41
-37
-55
-58
-49
-50
-51
-62
-68
-64
-62
-65
-70
-62
-55
-58
-46
-50
-48
-37
-39
-42
-46
-43
-49
-49
-42
-43
-48
-47
-50
-53
-48
-48
-64
-81
-66
-62
-67
-73
-76
-73
-79
-81
-83
-80
-85
-85
-74
-74
-77
-78
-66
-68
-64
-60
-56
-53
-59
-52
-50
-43
-45
-42
-37
-42
-57
-54
-37
-37
-24
-27
-27
-28
-24
-19
-17
-4
-3
2
6
16
17
24
45
50
55
65
72
78
92
97
112
132
142
151
146
174
161
161
212
215
235
252
276
282
286
295
310
323
334
351
359
377
362
366
405
408
420
425
430
432
447
456
457
462
457
460
456
462
440
429
455
447
450
447
437
434
426
421
413
406
397
383
371
371
341
334
349
338
335
325
320
312
308
297
285
287
274
274
263
261
231
217
233
231
224
213
213
200
194
188
182
171
164
155
152
148
115
94
111
105
93
85
80
70
46
31
19
7
-11
-19
-35
-51
-85
-106
-100
-118
-131
-145
-166
-177
-188
-201
-217
-227
-240
-251
-260
-272
-283
-298
-291
-300
-303
-315
-330
-330
-336
-336
-352
-360
-366
-378
-387
-387
-409
-427
-422
-419
-428
-443
-447
-456
-465
-480
-487
-497
-512
-512
-525
-528
-541
-554
-547
-552
-559
-568
-569
-575
-575
-572
-574
-572
-577
-565
-572
-558
-570
-573
-548
-556
-544
-526
-507
-507
-490
-474
-469
-457
-454
-430
-426
-410
-409
-402
-372
-356
-333
-327
-298
-277
-264
-232
-207
-192
-158
-130
-110
-81
-72
-39
5
21
44
61
87
102
121
140
154
176
186
211
212
229
210
207
248
251
261
266
272
274
279
291
288
298
302
311
319
332
319
317
360
372
384
401
410
416
425
431
439
445
450
459
456
462
448
445
472
479
482
487
482
475
477
469
463
460
438
437
418
412
388
369
383
362
348
333
315
304
297
281
265
252
239
228
221
220
197
185
212
209
212
208
199
197
190
185
172
171
165
156
144
148
122
96
116
96
90
78
63
51
33
20
4
-11
-32
-36
-48
-61
-101
-116
-97
-107
-111
-114
-118
-124
-129
-124
-133
-131
-142
-150
-145
-153
-162
-182
-153
-178
-156
-173
-173
-179
-177
-181
-188
-187
-194
-197
-204
-205
-216
-212
-187
-183
-177
-170
-172
-165
-158
-149
-141
-135
-130
-116
-108
-98
-112
-112
-86
-77
-67
-70
-64
-61
-58
-56
-55
-51
-46
-42
-48
-48
-62
-71
-51
-50
-50
-44
-42
-45
-42
-40
-36
-29
-22
-10
-10
4
-4
-1
28
39
58
66
83
98
109
120
129
141
139
152
155
165
155
143
180
189
191
192
189
189
195
203
206
197
200
207
194
206
195
183
214
215
216
226
218
230
228
230
229
227
222
223
220
225
210
196
221
216
217
200
203
217
202
195
186
193
198
195
197
198
181
161
181
177
184
193
190
193
193
193
190
195
185
188
189
201
170
147
166
155
149
141
139
136
130
123
123
129
124
123
112
119
88
79
99
85
90
80
78
80
80
85
79
70
69
71
63
63
45
36
50
42
34
20
13
7
1
4
0
-5
-4
-3
-8
2
-28
-35
-6
-13
-5
-6
3
4
5
8
8
16
12
18
18
32
24
6
28
30
32
31
24
20
15
7
-2
-9
-18
-24
-37
-30
-53
-76
-53
-59
-69
-75
-84
-89
-90
-92
-102
-104
-103
-99
-99
-92
-96
-100
-92
-98
-102
-111
-116
-118
-116
-116
-124
-133
-135
-132
-135
-126
-140
-135
-129
-121
-108
-108
-100
-96
-93
-91
-84
-78
-73
-63
-67
-67
-73
-78
-72
-74
-66
-69
-76
-79
-77
-85
-92
-87
-87
-88
-95
-92
-104
-116
-96
-96
-98
-98
-103
-108
-108
-112
-122
-127
-130
-136
-138
-136
-155
-159
-150
-151
-156
-161
-165
-170
-172
-170
-171
-177
-181
-176
-176
-173
-191
-188
-178
-179
-164
-173
-171
-156
-148
-158
-155
-150
-149
-139
-141
-131
-145
-145
-126
-130
-127
-128
-133
-136
-131
-136
-147
-151
-150
-149
-153
-160
-178
-189
-186
-192
-199
-204
-215
-223
-218
-216
-220
-221
-225
-224
-222
-219
-228
-229
-196
-182
-176
-165
-150
-144
-128
-121
-103
-88
-82
-73
-63
-50
-61
-56
-27
-19
-15
0
7
17
15
16
23
23
26
29
31
31
27
8
34
40
31
27
26
17
16
14
1
-2
-5
-8
-11
-9
-41
-51
-30
-33
-36
-48
-64
-69
-72
-75
-79
-90
-96
-107
-119
-127
-147
-158
-165
-167
-180
-195
-207
-226
-243
-260
-268
-294
-294
-315
-333
-340
-360
-371
-384
-381
-394
-411
-425
-431
-432
-440
-448
-451
-450
-455
-463
-459
-470
-475
-453
-460
-441
-434
-435
-430
-441
-426
-424
-424
-409
-401
-393
-379
-387
-387
-356
-364
-357
-344
-336
-303
-311
-307
-298
-291
-285
-284
-268
-261
-271
-267
-243
-230
-220
-202
-185
-166
-146
-130
-118
-99
-76
-53
-36
-13
-7
17
47
65
94
111
139
165
193
216
240
264
282
306
328
353
354
368
417
437
458
472
496
520
521
537
561
570
581
600
599
614
601
593
623
629
633
637
637
645
645
651
652
651
653
658
653
659
641
624
644
637
628
612
601
591
573
555
535
526
505
484
463
444
405
375
383
356
331
306
282
262
236
217
182
157
133
115
90
75
33
4
8
-14
-33
-55
-75
-88
-103
-120
-131
-140
-154
-170
-173
-185
-214
-219
-218
-229
-233
-235
-251
-254
-255
-261
-271
-277
-282
-282
-283
-280
-292
-296
-281
-279
-280
-281
-278
-276
-266
-257
-244
-240
-233
-226
-221
-209
-207
-211
-192
-188
-190
-181
-172
-159
-168
-169
-171
-172
-169
-177
-174
-170
-189
-196
-189
-192
-191
-191
-192
-206
-208
-212
-218
-217
-210
-197
-200
-197
-206
-206
-181
-168
-164
-148
-137
-134
-125
-115
-97
-96
-84
-75
-72
-56
-76
-73
-54
-44
-38
-30
-25
-24
-17
-8
-2
4
5
2
8
19
17
13
38
44
44
62
54
57
64
70
78
83
87
87
94
111
97
82
121
125
142
151
163
167
169
176
175
182
186
194
201
204
202
187
217
232
226
232
233
238
232
241
240
241
245
251
248
256
242
234
256
257
263
257
253
252
253
241
238
239
234
240
235
241
215
200
221
216
224
213
210
202
193
189
176
171
163
165
152
153
128
110
123
118
112
97
91
80
76
67
53
46
34
28
21
25
-1
-24
-1
-18
-19
-30
-28
-40
-58
-56
-67
-76
-93
-96
-109
-114
-131
-147
-136
-139
-142
-157
-163
-167
-170
-175
-185
-192
-208
-210
-226
-226
-247
-261
-252
-251
-256
-266
-270
-281
-290
-296
-293
-299
-302
-303
-306
-302
-319
-328
-314
-321
-322
-326
-325
-330
-332
-334
-339
-336
-344
-343
-337
-335
-355
-360
-352
-351
-351
-360
-365
-364
-378
-377
-376
-378
-378
-375
-376
-377
-382
-382
-366
-357
-350
-347
-336
-336
-329
-318
-305
-286
-286
-275
-254
-243
-238
-235
-213
-199
-190
-178
-171
-158
-149
-136
-128
-115
-110
-104
-93
-84
-91
-87
-60
-49
-35
-25
-20
-8
-2
11
17
26
32
40
48
61
58
51
84
91
101
102
111
117
119
128
123
133
135
141
138
153
138
120
153
153
158
157
164
166
163
170
167
173
174
169
160
156
140
124
155
148
151
155
161
164
173
195
201
209
216
232
244
262
263
265
306
324
337
349
363
365
376
390
387
394
409
422
428
448
437
427
455
459
465
473
474
470
474
479
481
485
489
500
501
506
499
482
514
517
527
521
514
513
505
507
498
501
492
489
481
478
457
429
442
443
427
416
407
399
391
378
361
355
339
328
322
321
295
271
288
281
274
258
244
231
216
210
200
193
173
168
150
136
113
83
97
83
76
56
41
24
16
5
-6
-17
-42
-39
-58
-65
-92
-111
-102
-113
-124
-142
-155
-166
-180
-197
-208
-221
-237
-245
-256
-260
-284
-299
-294
-304
-308
-324
-335
-347
-355
-373
-386
-392
-406
-413
-422
-428
-456
-463
-452
-459
-465
-477
-484
-500
-508
-508
-524
-534
-542
-541
-545
-546
-567
-584
-565
-581
-578
-583
-580
-574
-579
-587
-592
-591
-599
-590
-588
-579
-594
-599
-582
-581
-574
-566
-572
-571
-568
-568
-561
-557
-554
-538
-532
-522
-519
-521
-499
-501
-490
-481
-473
-462
-448
-441
-426
-414
-411
-394
-381
-369
-369
-355
-329
-309
-286
-270
-257
-238
-233
-214
-197
-180
-165
-150
-133
-122
-119
-113
-84
-77
-58
-43
-37
-23
-12
-5
2
6
13
23
39
52
52
28
49
62
56
66
64
66
63
69
63
54
53
64
56
52
38
8
40
39
35
37
35
36
32
41
42
47
45
47
46
62
59
48
93
100
116
126
140
158
163
182
197
212
232
248
259
272
263
255
299
306
320
323
324
337
339
351
350
350
352
350
349
354
337
317
342
347
340
335
324
319
314
305
294
285
289
282
270
270
247
226
244
225
226
221
221
216
202
191
174
174
171
169
160
161
137
113
133
130
123
109
101
97
93
92
88
86
80
80
71
67
50
24
44
44
44
35
23
21
10
12
-1
-8
-14
-12
-20
-18
-32
-51
-27
-28
-29
-27
-29
-34
-36
-39
-44
-43
-41
-39
-38
-34
-42
-44
-41
-40
-43
-42
-49
-47
-53
-55
-64
-63
-66
-71
-74
-77
-85
-101
-90
-93
-93
-103
-104
-101
-102
-104
-114
-106
-105
-98
-104
-95
-104
-109
-93
-91
-82
-84
-79
-72
-66
-71
-63
-60
-53
-42
-41
-24
-33
-30
-3
11
27
29
42
52
59
68
80
93
100
115
124
137
131
122
161
175
183
194
194
203
210
216
220
228
223
222
222
224
210
190
211
210
203
195
190
182
171
163
150
139
126
116
104
99
75
48
67
60
59
47
50
55
43
41
24
28
20
8
5
0
-25
-46
-28
-35
-41
-45
-61
-70
-78
-83
-105
-111
-117
-118
-132
-140
-149
-167
-163
-168
-174
-181
-185
-182
-177
-185
-196
-198
-200
-202
-201
-198
-202
-202
-189
-184
-174
-172
-167
-160
-158
-146
-140
-135
-130
-120
-114
-104
-106
-101
-82
-70
-65
-55
-39
-55
-32
-17
-26
6
9
11
33
28
36
45
61
80
92
104
103
136
147
149
162
174
183
193
200
214
204
188
221
229
230
229
231
229
229
239
241
253
240
245
246
245
226
212
233
232
236
230
215
222
221
218
214
212
207
198
192
192
174
156
178
176
170
171
163
164
154
150
146
141
136
130
126
122
102
75
94
91
80
74
62
51
37
24
15
9
-4
-7
-23
-29
-53
-78
-63
-71
-82
-100
-109
-123
-141
-142
-153
-167
-180
-188
-200
-208
-219
-232
-234
-236
-241
-249
-256
-261
-264
-262
-277
-277
-281
-288
-291
-288
-297
-311
-304
-309
-307
-310
-311
-315
-322
-323
-320
-319
-326
-319
-327
-323
-329
-339
-323
-323
-320
-323
-324
-331
-326
-321
-320
-314
-313
-313
-311
-314
-316
-320
-309
-299
-297
-297
-290
-283
-285
-283
-279
-275
-275
-271
-271
-263
-271
-277
-250
-241
-241
-241
-236
-235
-231
-230
-225
-219
-212
-204
-197
-191
-205
-197
-181
-173
-168
-168
-164
-150
-146
-143
-136
-131
-134
-125
-114
-100
-103
-106
-84
-80
-71
-70
-57
-44
-42
-37
-32
-26
-21
-12
-10
2
-1
-5
19
25
32
47
45
44
57
62
61
75
81
85
89
92
89
63
99
103
107
118
110
123
116
120
123
132
129
132
130
130
125
106
133
143
144
146
154
155
148
162
160
153
147
159
157
161
152
131
156
158
164
160
153
155
152
169
159
159
158
152
153
153
142
117
142
149
150
147
149
153
144
145
136
133
131
129
121
122
121
96
127
132
125
122
112
110
106
110
109
113
107
109
101
103
96
79
98
104
107
102
104
110
105
102
103
100
89
99
93
100
76
63
86
89
91
88
79
77
77
74
78
72
63
63
71
68
51
34
57
54
48
45
42
44
39
45
36
36
32
28
31
25
12
-9
10
22
21
16
11
12
3
8
-6
-5
-13
-8
-9
-10
-23
-42
-20
-25
-25
-33
-38
-35
-40
-36
-39
-44
-46
-47
-50
-51
-57
-70
-63
-69
-68
-68
-65
-64
-67
-72
-78
-81
-78
-75
-79
-73
-80
-91
-78
-82
-90
-87
-88
-85
-82
-80
-90
-91
-87
-84
-80
-81
-89
-108
-100
-100
-98
-97
-103
-100
-108
-103
-105
-104
-110
-109
-114
-111
-112
-125
-112
-105
-105
-105
-110
-121
-120
