-24
-27
-23
-10
-7
-9
-9
-12
-6
-7
-6
-9
-14
1
-4
1
-3
-6
4
-1
10
11
16
13
12
9
12
8
-13
17
21
22
20
20
29
30
32
24
26
26
27
20
30
11
-12
17
15
18
25
26
46
45
42
45
46
43
49
45
52
36
16
52
56
52
52
52
58
63
52
56
57
51
64
50
65
53
37
73
84
80
77
74
81
76
73
75
67
67
64
62
65
48
27
48
54
48
41
41
40
37
28
12
2
-11
-9
7
14
4
-11
-10
-23
-10
-1
-1
10
4
-4
-3
14
28
32
32
33
21
3
27
33
40
38
37
34
31
41
42
39
36
40
20
-8
-17
-10
54
57
26
-17
-41
-27
-3
1
-11
-38
-73
-82
-77
-74
-102
-178
-219
-345
-425
-604
-758
-1130
-1645
-2663
-3955
-5542
-6237
-6278
-6363
-6586
-8561
-7887
-6484
-6561
-7546
-8151
-6526
-3733
-1135
-1137
-3102
-7356
-9528
-5664
-160
3636
1987
-3177
-6239
-3565
1469
4333
3739
514
183
2340
4463
2436
464
658
3008
6821
6135
3410
-347
-90
3037
5823
4111
2432
3221
2833
3465
2766
1439
904
2625
4791
4894
4253
2504
2917
3168
3189
1831
3829
4350
5262
5861
3017
1629
140
2562
3218
4978
3927
2136
990
2182
264
371
1321
966
3328
1349
-1108
-798
255
-206
-220
535
-1446
-256
341
-1154
-1925
-1168
-1600
-1145
-465
-287
-729
-1435
-1239
-2711
-1443
59
-469
845
-20
-1372
-4612
-2092
-206
1441
1533
616
-960
-2903
-1421
414
896
-732
-755
-1069
1385
482
80
-1802
-1834
-1146
-2310
-29
1932
2319
215
-2030
-3697
-2749
-328
704
2020
-492
-1210
-1658
-437
-564
-1555
-3600
-3843
-440
1488
1659
-222
-2720
-3261
-3101
-4014
-3069
-2028
988
781
-1122
-4625
-4697
-3514
-2699
-2274
-1065
-803
-1847
-2247
-4084
-3277
-2559
-2700
-1775
-1172
-2580
-2436
-2210
-2519
-2538
-2877
-2642
-2747
-45
-237
-2180
-3497
-4661
-4156
-1597
-2055
-417
-741
-3046
-5109
-5431
-4116
-2641
-1127
-1132
-2367
-4078
-5504
-4850
-2999
-2314
-1397
-2103
-3029
-3527
-3710
-2842
-2435
-2910
-2639
-2244
-1919
-1217
-2273
-4078
-3418
-2563
-1751
-2476
-974
-1253
-2234
-3797
-3423
-3587
-1586
82
-783
-1303
-3075
-3437
-4767
-3165
-537
827
-1045
-2571
-2986
-4405
-3849
-2857
-1914
-1566
-498
-1334
-2625
-3994
-3749
-3248
-2395
-1608
-284
-668
-947
-2035
-3402
-3320
-3120
-1426
-612
667
-133
-1498
-3518
-4416
-3052
-1318
-492
-781
-1210
-2704
-4358
-4542
-3296
-2888
-2777
-2465
-3218
-3845
-4421
-4931
-5453
-4563
-3799
-4079
-4370
-4632
-4514
-5732
-6617
-6058
-5549
-5740
-5245
-5196
-6694
-6966
-7225
-8045
-7863
-6099
-6457
-7536
-8040
-8242
-8288
-7972
-7763
-7719
-7700
-8492
-8316
-8322
-7700
-6909
-7216
-7647
-8050
-8248
-7721
-6692
-5766
-5978
-6529
-6689
-7388
-7202
-6833
-6946
-6628
-6200
-5819
-5726
-5159
-5336
-5902
-5627
-5288
-4051
-1971
-1112
-576
101
623
761
809
2420
3164
4300
5750
6644
7062
8449
9022
9480
10612
12848
14616
16241
17563
18683
19912
21279
23007
23426
24841
26406
27556
27885
28760
29092
29878
30576
31130
31435
31861
32058
32080
32270
32696
32767
32730
32767
32729
32389
31838
32096
32574
32664
32011
31329
30359
29153
27824
26881
26619
26278
25579
24528
23463
22369
20923
18891
17010
15752
15036
14382
13294
11872
10181
8423
6851
5358
4540
4084
3753
3300
2189
1095
127
-305
-743
-980
-926
-879
-792
-1162
-1441
-1903
-2088
-1738
-1505
-1173
-1037
-887
-215
-118
-310
-324
46
566
1431
1911
2030
1992
1922
2024
2291
3032
3673
4172
4636
5184
5856
6545
7151
7587
8167
9052
9954
10842
11506
12054
12639
13403
14037
14751
15059
14723
14930
15261
16354
16678
17060
17611
17614
17611
17443
16880
16606
16968
16999
16255
14417
11948
10030
8740
8366
7585
5419
2803
-8
-2735
-5042
-6830
-8188
-9670
-11837
-14260
-16170
-17654
-18327
-19143
-20200
-21257
-22164
-22104
-21833
-21373
-20799
-20470
-20245
-20182
-19503
-18176
-16511
-15122
-14127
-13557
-13166
-12445
-11683
-10650
-10081
-9973
-10145
-10582
-10883
-11106
-11501
-12424
-13850
-15429
-16790
-17727
-18519
-19205
-20368
-21980
-23815
-25217
-25956
-26350
-26537
-26762
-27048
-27301
-27334
-26881
-26224
-25435
-24446
-23446
-22348
-20797
-18839
-17009
-15565
-14589
-13465
-11785
-9788
-7490
-5679
-4288
-3455
-2649
-1713
-561
656
1513
2165
2494
3030
3667
4432
4631
4560
4409
4551
5095
5794
6702
7302
7517
7305
6952
5900
4533
2358
566
-572
-845
-256
-1010
-3165
-6028
-8868
-11471
-13419
-14212
-14125
-14319
-15574
-16850
-18328
-19481
-20023
-20442
-20428
-20273
-19261
-17566
-16128
-14947
-13963
-13263
-12888
-11973
-10025
-7242
-4629
-2482
-960
-170
553
1153
2056
3034
3998
4970
5434
5508
5447
5187
4441
2998
1394
242
-380
-961
-1400
-1984
-2842
-4052
-5644
-6830
-7603
-7746
-7548
-7153
-6846
-6317
-5680
-5136
-4739
-4338
-3284
-2049
-522
1239
3214
4981
6340
7286
8235
9411
10892
12520
14010
15311
16199
17028
17689
18056
18225
18591
18576
18822
18993
19239
19249
18689
18217
17496
17050
16549
16473
16444
16619
16563
16350
15966
15448
13980
12073
8903
6367
4752
4516
4651
3558
1476
-1556
-4790
-8022
-10349
-11720
-12482
-13480
-15043
-16120
-17335
-18060
-18943
-20052
-21038
-21707
-21289
-20161
-18631
-17034
-15787
-15342
-15335
-14956
-13813
-11869
-10039
-8173
-6621
-5389
-4415
-3681
-2841
-2233
-1873
-1631
-1562
-1296
-650
-288
-579
-1877
-3612
-5174
-6519
-7446
-7987
-8228
-8808
-9816
-10933
-11771
-12504
-13098
-13541
-13810
-13686
-13123
-12040
-10802
-9835
-9051
-8529
-8109
-7169
-5642
-3477
-1412
248
1806
3159
4438
5584
6813
7938
8962
10012
11232
12478
13535
14323
14638
14642
14617
14888
15365
15742
15908
15986
15735
15716
15455
15708
15677
15973
16027
16170
16489
16633
16974
16137
14675
11594
9121
7549
7297
7536
6663
5486
3227
720
-2150
-4141
-5540
-6806
-8323
-9988
-10620
-11007
-10662
-10941
-11802
-12970
-14001
-14155
-13703
-12192
-10328
-8617
-7840
-7341
-6455
-5286
-3952
-2906
-1742
-681
541
1912
3402
4853
5694
5917
5528
5061
4905
5212
5364
5171
4533
3580
2411
897
-535
-1923
-3147
-4447
-5458
-6100
-6440
-6766
-7376
-8113
-8972
-9494
-9610
-9225
-8566
-7754
-6748
-5827
-4806
-3854
-2771
-1780
-874
189
1513
3169
4774
6319
7713
8787
9439
9836
10569
11267
12185
12728
13180
13490
13667
13919
13948
13937
13591
13448
12949
12989
12865
12882
12659
12485
12449
12668
12918
13031
13078
12942
12491
11422
9052
6641
5102
4447
4044
2868
1647
249
-1764
-4161
-6135
-7735
-9328
-11278
-13206
-14320
-14854
-14786
-14912
-15518
-16290
-16927
-17281
-17402
-16871
-15634
-14424
-13563
-12550
-11123
-9487
-8170
-7199
-6227
-5347
-4347
-3183
-1794
-289
1018
1771
2078
2159
2397
2630
2446
1946
1360
789
124
-756
-1460
-2318
-3477
-4788
-5927
-6662
-7258
-7813
-8196
-8556
-8884
-9001
-8841
-8480
-7980
-7386
-6625
-5811
-4802
-3483
-2096
-739
385
1707
2982
4349
5755
7224
8457
9487
10368
11297
12317
13134
13871
14219
14514
14615
14799
14986
15310
15389
15489
15333
15112
14816
14451
14200
14063
13977
14081
14058
14155
14346
14570
14660
14635
14555
14190
12986
10597
8736
7438
6934
6012
4749
3728
2379
535
-1391
-2872
-4301
-6039
-8240
-9989
-11113
-11691
-11728
-12066
-12495
-12943
-13267
-13587
-13689
-13162
-12307
-11763
-11298
-10348
-8888
-7282
-6033
-4839
-3737
-2971
-2259
-1443
-427
665
1473
1956
2360
2749
3217
3426
3152
2543
1670
657
-456
-1374
-2085
-2823
-3843
-4757
-5404
-5833
-6362
-7008
-7547
-8049
-8400
-8437
-8130
-7556
-6834
-6078
-5248
-4454
-3522
-2500
-1499
-511
586
1824
3127
4468
5808
6963
7827
8461
9026
9750
10476
11055
11555
12044
12400
12793
12814
12778
12502
12183
11908
11613
11632
11473
11458
11275
11091
10964
10824
10694
10541
10592
10524
10486
10361
10460
10724
10476
8977
6887
5109
4034
3016
1516
381
-635
-2015
-3727
-5175
-6120
-7343
-9223
-11347
-13029
-14338
-15031
-15464
-15801
-15969
-15942
-15867
-15888
-15516
-14816
-14297
-14167
-13837
-12833
-11444
-10112
-8790
-7252
-5926
-4880
-4005
-3050
-2063
-1425
-1058
-848
-564
-47
463
716
623
287
-420
-1487
-2746
-3843
-4727
-5728
-6711
-7389
-7766
-8112
-8429
-8705
-9012
-9404
-9825
-9888
-9654
-9180
-8629
-7925
-7036
-5881
-4538
-3297
-2165
-1190
-180
855
1865
2934
4039
5107
6006
6878
7693
8460
9002
9319
9644
9934
10103
10092
10108
9995
9836
9702
9704
9687
9559
9335
9069
8625
8335
8198
8149
7990
8086
8077
8247
8360
8512
8692
8763
8785
8738
7672
6065
4523
3482
2798
1564
313
-614
-1770
-3170
-4400
-5435
-6432
-8072
-10018
-11654
-13021
-13801
-14300
-14749
-14987
-15061
-15001
-14903
-14714
-14077
-13546
-13377
-13130
-12393
-11153
-9878
-8702
-7319
-6042
-4989
-3960
-3027
-1999
-1255
-824
-471
-174
197
664
808
770
338
-167
-979
-1991
-2880
-3673
-4479
-5498
-6282
-6776
-7025
-7397
-7555
-7641
-7701
-7679
-7570
-7248
-6914
-6486
-5985
-5150
-4112
-2831
-1535
-292
873
2000
3296
4309
5229
6052
6837
7546
8232
8923
9726
10628
11477
12020
12216
12041
11832
11533
11494
11574
11723
11734
11652
11538
11345
11232
11102
10937
10825
10627
10546
10689
10986
11232
11388
11622
11838
12163
12312
12538
12253
10953
9359
7899
7212
6324
5191
4056
3115
1845
521
-617
-1525
-2700
-4592
-6435
-8046
-9194
-9972
-10504
-10942
-11261
-11369
-11374
-11260
-10887
-10236
-9902
-9800
-9588
-8816
-7722
-6732
-5653
-4430
-3270
-2259
-1242
-171
815
1353
1580
1721
1868
2180
2336
2353
2089
1677
1118
280
-687
-1543
-2486
-3534
-4580
-5329
-5649
-5972
-6267
-6392
-6442
-6483
-6477
-6263
-5889
-5475
-4983
-4334
-3612
-2757
-1717
-539
638
1792
2869
3917
4787
5517
6231
6749
7209
7801
8716
9582
10205
10586
10879
10968
10874
10614
10283
9890
9561
9444
9545
9666
9754
9714
9443
8929
8484
8004
7459
7064
6948
7102
7371
7630
8101
8469
8651
8626
8429
8358
7995
6763
5325
3898
3183
2403
1171
120
-610
-1690
-3018
-4333
-5387
-6564
-8471
-10332
-11881
-13071
-13914
-14613
-15058
-15312
-15409
-15441
-15455
-15259
-14764
-14582
-14583
-14428
-13872
-12950
-12088
-11023
-9708
-8474
-7398
-6403
-5425
-4464
-3830
-3540
-3200
-2995
-2608
-2496
-2423
-2499
-2682
-2934
-3452
-4022
-4802
-5530
-6624
-7447
-8257
-8664
-8996
-9290
-9312
-9313
-9165
-9090
-8751
-8482
-8116
-7772
-7170
-6366
-5392
-4280
-3206
-2107
-1146
-21
1054
2054
2910
3790
4586
5263
5855
6404
6885
7266
7706
8170
8449
8666
8884
9054
9091
9108
8953
8740
8504
8322
8097
7975
7792
7603
7767
7713
7791
7897
7882
7847
7722
7562
7579
7753
7861
8155
8269
8623
8367
7369
6144
4823
3904
2501
1078
-101
-981
-2274
-3393
-4437
-5051
-5947
-7421
-8720
-10072
-11241
-12338
-13233
-13892
-14146
-14265
-14115
-13751
-13047
-12079
-11520
-10888
-10257
-9366
-8492
-7705
-6697
-5500
-4310
-3112
-1773
-455
918
1794
2520
2977
3307
3551
3602
3454
3247
2997
2550
2084
1356
702
-199
-1183
-2156
-3043
-3913
-4770
-5593
-6152
-6512
-6817
-6866
-6770
-6530
-6293
-6028
-5696
-5351
-4924
-4423
-3780
-2961
-1957
-869
248
1245
2137
3034
3807
4496
5005
5399
5638
5756
6014
6446
6777
7113
7479
7561
7573
7434
7215
6950
6717
6606
6422
6392
6379
6440
6538
6747
6990
7239
7304
7439
7516
7555
7762
8023
8388
8743
9105
9474
9985
10089
9411
8374
7161
6323
5182
3771
2625
1663
571
-533
-1424
-2051
-2771
-4014
-5351
-6641
-7809
-8878
-9823
-10596
-11146
-11408
-11412
-11162
-10548
-9713
-9092
-8571
-8083
-7374
-6652
-6048
-5337
-4454
-3507
-2507
-1363
-143
1119
2096
2826
3359
3756
4025
4092
4007
3781
3461
3091
2713
2229
1721
859
-220
-1251
-2172
-3017
-3927
-4812
-5505
-6060
-6462
-6599
-6503
-6281
-6078
-5792
-5393
-4922
-4363
-3778
-3141
-2434
-1612
-641
454
1512
2684
3798
4706
5514
6294
7021
7525
7794
7957
8220
8368
8527
8910
9314
9611
9645
9533
9320
9072
8800
8485
8342
8180
8256
8189
8278
8334
8396
8412
8543
8737
8919
9166
9184
9476
9671
10018
10331
10706
11017
11386
11138
10272
9333
8329
7650
6381
5168
4094
3081
1790
663
-205
-863
-1841
-3207
-4438
-5647
-6645
-7697
-8600
-9310
-9825
-10083
-10121
-9864
-9232
-8509
-8058
-7475
-6853
-6018
-5287
-4607
-3787
-2941
-2051
-1133
-49
1092
2227
3033
3765
4300
4789
5131
5216
5139
4833
4542
4117
3624
3116
2593
1887
847
-189
-1136
-1967
-2913
-3807
-4600
-5205
-5677
-5954
-5851
-5708
-5510
-5273
-4917
-4454
-3819
-3186
-2547
-1909
-1224
-410
401
1236
2097
2962
3708
4406
5084
5673
6102
6341
6385
6449
6380
6132
6034
6006
5932
5886
5812
5689
5446
5163
4778
4351
3894
3522
3170
2817
2538
2396
2253
2245
2227
2391
2502
2544
2677
2771
2796
2848
2772
2817
2835
2885
2503
1590
504
-442
-1321
-2582
-3973
-5274
-6494
-7995
-9340
-10363
-11267
-12407
-13809
-15026
-16077
-17051
-17890
-18616
-19221
-19616
-19862
-19869
-19554
-18891
-18144
-17483
-16798
-15930
-14889
-13852
-12812
-11757
-10639
-9619
-8543
-7377
-6131
-4976
-4024
-3199
-2467
-1750
-1178
-755
-546
-427
-498
-658
-925
-1172
-1472
-2007
-2787
-3672
-4502
-5286
-6068
-6749
-7369
-7946
-8328
-8504
-8367
-8093
-7752
-7303
-6768
-6103
-5283
-4374
-3443
-2535
-1646
-668
382
1506
2716
3911
5029
6129
7187
8166
8867
9395
9790
10023
10216
10514
10931
11322
11583
11757
11921
11974
11928
11716
11439
11176
10941
10805
10773
10739
10762
10614
10629
10610
10611
10691
10742
10866
11005
11121
11181
11356
11436
11613
11688
11852
11994
11834
11022
10078
9061
8126
6907
5401
4082
2715
1326
-96
-1199
-2082
-3112
-4392
-5594
-6733
-7801
-8802
-9884
-10762
-11484
-11982
-12254
-12257
-11869
-11260
-10719
-10148
-9455
-8646
-7823
-7150
-6448
-5740
-5041
-4299
-3465
-2511
-1498
-665
107
782
1360
1879
2089
2100
1993
1725
1309
826
337
-23
-591
-1303
-2076
-2754
-3540
-4413
-5278
-6077
-6779
-7563
-8058
-8317
-8353
-8293
-8051
-7668
-7145
-6484
-5811
-5105
-4400
-3628
-2857
-2063
-1248
-411
461
1229
2070
3032
3965
4728
5313
5776
6118
6372
6562
6759
6921
7027
6965
6816
6710
6633
6488
6356
6221
6262
6257
6249
6211
6110
5935
5788
5446
5408
5391
5441
5581
5841
6097
6486
6885
7243
7682
7822
7967
7914
8036
7952
7647
6770
5846
4879
4038
2921
1732
686
-482
-1715
-3011
-4033
-4951
-6038
-7345
-8512
-9610
-10535
-11349
-12101
-12572
-12935
-13093
-13140
-12883
-12371
-11717
-11124
-10462
-9720
-8850
-7950
-7114
-6170
-5275
-4384
-3474
-2523
-1489
-462
422
1109
1722
2212
2656
2871
2958
2919
2795
2505
2111
1740
1401
972
334
-364
-1130
-1839
-2674
-3500
-4274
-5028
-5671
-6187
-6530
-6603
-6505
-6298
-5905
-5423
-4799
-4123
-3476
-2854
-2205
-1539
-847
-96
749
1653
2504
3329
4118
4926
5721
6366
6917
7304
7519
7637
7646
7637
7653
7647
7610
7559
7556
7661
7807
7910
7944
7846
7623
7375
7233
7088
7034
6965
6934
7049
7232
7542
7834
8132
8426
8614
8833
8944
9055
9100
9174
9277
9455
9438
9132
8375
7530
6651
5701
4472
3128
1807
489
-948
-2308
-3374
-4372
-5427
-6606
-7682
-8641
-9554
-10407
-11209
-11883
-12452
-12870
-13106
-12967
-12571
-12055
-11502
-10842
-10013
-9127
-8257
-7414
-6571
-5747
-4994
-4234
-3399
-2547
-1722
-944
-271
365
959
1441
1822
2019
2064
1918
1626
1275
902
445
-118
-747
-1402
-2043
-2714
-3413
-4103
-4830
-5520
-6188
-6702
-7068
-7336
-7476
-7483
-7338
-7025
-6566
-6010
-5322
-4677
-4028
-3365
-2657
-1883
-1121
-372
335
1017
1736
2442
3144
3800
4357
4841
5231
5545
5733
5881
5928
5928
5870
5817
5764
5705
5640
5574
5518
5469
5467
5487
5609
5648
5687
5622
5533
5504
5394
5456
5460
5680
5882
6122
6494
6828
7244
7474
7721
7816
7968
7995
8067
7947
7625
7022
6163
5334
4350
3387
2194
973
-321
-1546
-2795
-3843
-4905
-5887
-6945
-8021
-8938
-9766
-10476
-11185
-11764
-12271
-12549
-12699
-12526
-12188
-11636
-11019
-10372
-9550
-8666
-7688
-6741
-5835
-4997
-4133
-3309
-2432
-1509
-586
273
1005
1748
2423
2987
3440
3690
3842
3816
3665
3439
3143
2763
2287
1716
1125
584
-50
-672
-1378
-2087
-2805
-3504
-4124
-4630
-5016
-5278
-5442
-5421
-5246
-4943
-4499
-3975
-3388
-2711
-2046
-1376
-664
9
699
1368
2042
2738
3416
4080
4683
5247
5721
6090
6336
6526
6665
6730
6728
6651
6549
6422
6309
6191
6087
6033
5978
5894
5876
5841
5826
5844
5815
5793
5776
5787
5830
5960
6165
6341
6555
6725
6968
7148
7338
7565
7701
7906
7945
8013
8073
8161
8018
7717
7087
6306
5365
4267
3149
1822
431
-993
-2357
-3642
-4783
-5888
-6897
-7957
-8961
-9892
-10742
-11543
-12312
-13016
-13615
-14062
-14337
-14315
-14142
-13683
-13134
-12476
-11663
-10772
-9812
-8885
-7992
-7155
-6331
-5582
-4780
-3992
-3198
-2444
-1757
-1027
-349
188
652
981
1218
1310
1205
1030
740
367
-77
-622
-1172
-1724
-2361
-2956
-3634
-4317
-4947
-5621
-6222
-6723
-7114
-7434
-7703
-7827
-7754
-7598
-7311
-6925
-6451
-5848
-5234
-4559
-3842
-3136
-2450
-1781
-1133
-440
235
896
1518
2098
2662
3116
3474
3808
4076
4250
4359
4421
4484
4519
4480
4446
4398
4407
4409
4454
4581
4699
4856
5033
5222
5421
5696
5842
6053
6208
6377
6562
6730
6942
7187
7438
7729
8050
8294
8665
8901
9156
9286
9396
9400
9327
9046
8641
8031
7243
6334
5241
4223
3087
1831
578
-614
-1760
-2867
-4004
-5030
-6019
-7037
-8019
-8935
-9725
-10428
-11045
-11553
-11888
-12064
-12007
-11839
-11499
-11000
-10445
-9782
-9067
-8253
-7395
-6589
-5796
-4989
-4199
-3408
-2622
-1867
-1095
-392
279
881
1418
1904
2286
2556
2684
2691
2633
2468
2189
1870
1427
910
392
-124
-669
-1251
-1865
-2452
-2994
-3500
-3954
-4339
-4655
-4921
-5099
-5182
-5135
-5003
-4753
-4447
-4072
-3649
-3178
-2651
-2116
-1552
-977
-405
170
767
1354
1925
2420
2867
3276
3615
3867
4077
4198
4291
4323
4302
4293
4258
4248
4219
4201
4193
4228
4248
4384
4533
4697
4868
4994
5124
5213
5309
5422
5618
5777
6009
6245
6581
6906
7264
7601
7948
8235
8465
8679
8788
8901
8956
8973
8779
8537
8128
7789
7178
6330
5304
4310
3326
2162
955
-197
-1265
-2425
-3554
-4577
-5379
-6203
-7077
-7891
-8579
-9155
-9671
-10112
-10372
-10485
-10530
-10443
-10218
-9733
-9142
-8525
-7851
-7091
-6272
-5459
-4674
-3892
-3101
-2363
-1669
-1020
-350
322
904
1414
1863
2250
2586
2808
2931
2992
2937
2751
2410
2048
1659
1152
569
-41
-673
-1299
-1898
-2454
-2912
-3342
-3735
-4053
-4272
-4396
-4459
-4423
-4316
-4163
-3943
-3656
-3276
-2832
-2324
-1783
-1202
-602
36
675
1273
1849
2376
2908
3376
3777
4110
4383
4586
4730
4855
4869
4888
4800
4686
4533
4316
4124
3858
3688
3528
3424
3321
3304
3284
3328
3389
3504
3603
3714
3794
3895
4003
4165
4339
4593
4878
5121
5450
5753
6039
6302
6545
6720
6876
6951
7016
7037
7006
6811
6508
6129
5724
5141
4303
3379
2373
1407
268
-891
-1979
-3013
-4072
-5110
-6054
-6840
-7607
-8384
-9071
-9677
-10165
-10580
-10937
-11165
-11209
-11180
-11029
-10755
-10282
-9673
-9035
-8337
-7578
-6710
-5865
-5068
-4281
-3504
-2805
-2168
-1563
-970
-390
107
531
925
1264
1551
1735
1835
1855
1769
1562
1239
850
430
-58
-639
-1204
-1718
-2180
-2618
-3018
-3318
-3550
-3722
-3813
-3846
-3803
-3725
-3628
-3481
-3268
-2995
-2666
-2283
-1864
-1369
-849
-296
247
852
1435
1960
2438
2877
3262
3579
3810
3986
4102
4152
4178
4155
4136
4074
3963
3874
3775
3641
3534
3345
3175
2973
2773
2571
2390
2271
2229
2216
2233
2333
2435
2648
2867
3068
3314
3516
3698
3908
4050
4230
4420
4603
4821
5030
5214
5418
5547
5683
5820
5896
5922
5929
5828
5587
5247
4773
4284
3553
2713
1792
899
-16
-1061
-2022
-2869
-3705
-4546
-5336
-6046
-6635
-7224
-7814
-8318
-8742
-9088
-9355
-9556
-9590
-9505
-9320
-9030
-8629
-8047
-7406
-6749
-6057
-5313
-4569
-3862
-3184
-2517
-1858
-1274
-733
-232
266
760
1174
1541
1845
2070
2212
2228
2199
2080
1854
1488
1055
638
216
-241
-681
-1051
-1400
-1695
-1961
-2151
-2253
-2358
-2448
-2510
-2515
-2471
-2395
-2283
-2113
-1890
-1587
-1218
-794
-321
191
685
1167
1655
2101
2505
2830
3110
3362
3560
3697
3792
3885
3941
3958
3933
3928
3899
3850
3746
3598
3458
3279
3077
2859
2655
2472
2254
2061
1949
1845
1805
1753
1748
1768
1831
1880
1958
2005
2090
2164
2196
2280
2321
2471
2568
2663
2769
2883
2996
3119
3218
3296
3397
3435
3492
3472
3449
3389
3256
3123
2948
2647
2262
1802
1279
688
-28
-763
-1497
-2242
-2992
-3713
-4370
-4954
-5531
-6020
-6415
-6795
-7089
-7378
-7622
-7781
-7879
-7931
-7926
-7831
-7631
-7344
-7012
-6583
-6085
-5491
-4883
-4272
-3638
-3008
-2424
-1877
-1383
-924
-520
-205
64
295
479
601
655
711
761
748
689
605
492
356
176
-24
-212
-392
-574
-756
-908
-1002
-1069
-1068
-1022
-934
-797
-652
-473
-263
-20
230
499
751
1037
1346
1641
1946
2247
2553
2850
3102
3324
3528
3692
3800
3859
3911
3920
3932
3903
3858
3801
3718
3614
3503
3433
3338
3238
3104
2999
2864
2733
2602
2494
2403
2360
2274
2252
2222
2212
2283
2334
2414
2435
2520
2518
2601
2620
2686
2741
2778
2843
2888
2951
2957
2993
3013
3085
3066
3065
3020
2945
2859
2698
2547
2315
2049
1677
1283
840
390
-135
-661
-1173
-1735
-2273
-2834
-3350
-3844
-4309
-4767
-5197
-5584
-5922
-6217
-6469
-6657
-6826
-6894
-6921
-6885
-6772
-6597
-6373
-6131
-5830
-5494
-5131
-4768
-4374
-3985
-3609
-3247
-2913
-2550
-2209
-1901
-1631
-1395
-1172
-968
-800
-676
-568
-503
-475
-468
-491
-522
-606
-676
-736
-794
-834
-876
-894
-903
-883
-860
-830
-784
-715
-646
-552
-458
-352
-197
-32
144
318
499
669
835
997
1164
1328
1470
1607
1735
1856
1971
2009
2090
2151
2190
2216
2248
2269
2290
2306
2297
2314
2321
2339
2331
2313
2288
2254
2246
2232
2227
2222
2201
2174
2142
2139
2155
2152
2163
2151
2132
2109
2077
2015
2016
2008
1968
1951
1893
1859
1799
1716
1613
1485
1348
1172
973
752
531
236
-30
-318
-621
-928
-1266
-1601
-1948
-2286
-2642
-2985
-3318
-3610
-3902
-4185
-4443
-4697
-4866
-5002
-5115
-5163
-5183
-5165
-5103
-5006
-4865
-4683
-4488
-4257
-4010
-3756
-3492
-3253
-2976
-2700
-2432
-2164
-1914
-1656
-1416
-1196
-1008
-842
-689
-559
-465
-403
-353
-358
-344
-356
-387
-408
-445
-468
-500
-518
-524
-519
-507
-480
-440
-387
-329
-260
-157
-66
40
144
246
372
490
609
734
873
1017
1153
1291
1437
1563
1665
1787
1897
1973
2049
2099
2145
2177
2200
2222
2265
2305
2346
2394
2428
2471
2464
2475
2489
2446
2423
2392
2375
2358
2340
2324
2303
2273
2241
2221
2185
2162
2070
2037
1964
1887
1795
1719
1662
1612
1590
1536
1515
1482
1419
1359
1264
1161
1018
912
774
643
491
366
227
118
1
-99
-202
-294
-400
-524
-650
-800
-945
-1082
-1206
-1346
-1471
-1607
-1726
-1834
-1932
-2024
-2115
-2187
-2251
-2322
-2397
-2461
-2549
-2610
-2655
-2707
-2734
-2752
-2761
-2738
-2703
-2650
-2578
-2509
-2417
-2314
-2213
-2110
-2030
-1916
-1805
-1696
-1574
-1454
-1317
-1185
-1055
-922
-790
-658
-532
-423
-329
-247
-197
-132
-79
-47
-14
8
36
68
95
139
170
211
265
316
365
420
453
511
577
614
670
728
808
889
976
1078
1181
1294
1397
1505
1590
1661
1683
1730
1765
1781
1795
1804
1831
1839
1857
1875
1885
1878
1864
1823
1774
1744
1658
1620
1549
1472
1366
1285
1201
1173
1165
1159
1156
1153
1149
1145
1136
1122
1069
1036
1012
999
984
983
996
1017
1044
1067
1083
1082
1061
1040
996
954
884
830
791
713
636
544
463
393
312
238
164
93
18
-56
-128
-191
-289
-348
-411
-489
-551
-616
-658
-689
-707
-704
-704
-683
-657
-631
-608
-603
-629
-638
-658
-676
-694
-707
-703
-702
-673
-629
-582
-529
-486
-448
-416
-385
-389
-371
-351
-347
-346
-340
-325
-306
-292
-265
-239
-217
-202
-190
-204
-221
-261
-275
-287
-305
-326
-350
-354
-354
-347
-345
-336
-337
-329
-331
-333
-343
-372
-374
-369
-374
-377
-396
-372
-368
-359
-360
-326
-333
-339
-357
-407
-413
-466
-472
-519
-544
-593
-618
-638
-662
-699
-701
-710
-715
-695
-703
-725
-756
-798
-834
-864
-889
-908
-914
-905
-888
-887
-891
-908
-922
-938
-954
-963
-980
-1009
-1028
-1028
-1060
-1056
-1055
-1059
-1064
-1092
-1118
-1137
-1160
-1190
-1201
-1229
-1244
-1281
-1285
-1280
-1295
-1274
-1274
-1281
-1288
-1280
-1274
-1258
-1264
-1250
-1245
-1256
-1255
-1281
-1249
-1239
-1196
-1177
-1128
-1093
-1068
-1048
-1033
-1045
-1058
-1054
-1049
-1007
-1074
-1167
-1184
-1085
-871
-760
-650
-523
-500
-426
-328
-243
-119
-39
-2
29
109
164
268
387
492
593
707
794
894
1009
1116
1230
1338
1423
1480
1540
1600
1638
1755
1900
1991
2080
2157
2234
2323
2393
2438
2460
2466
2444
2434
2438
2452
2447
2488
2507
2498
2520
2569
2672
2684
2687
2669
2607
2582
2557
2536
2514
2475
2439
2437
2469
2470
2471
2445
2403
2342
2267
2181
2081
1969
1876
1790
1711
1666
1563
1530
1486
1433
1416
1387
1377
1311
1211
1093
952
825
699
589
478
393
311
282
297
292
293
282
263
217
174
127
77
10
-81
-163
-224
-255
-291
-255
-213
-185
-127
-79
-5
50
94
132
115
107
94
85
105
115
119
146
169
206
232
271
318
344
374
359
342
319
290
296
296
301
307
318
386
414
464
515
559
619
664
704
750
785
831
870
915
953
961
1016
1046
1083
1126
1145
1185
1186
1187
1176
1148
1122
1074
1030
996
938
875
828
797
751
681
626
546
476
390
295
221
114
17
-85
-189
-272
-411
-482
-554
-657
-745
-875
-987
-1111
-1248
-1366
-1518
-1661
-1812
-1964
-2102
-2244
-2396
-2529
-2653
-2779
-2912
-3023
-3134
-3257
-3376
-3494
-3602
-3709
-3792
-3863
-3928
-3967
-4005
-4012
-3998
-3986
-3976
-3973
-3950
-3947
-3958
-3959
-3974
-3977
-3963
-3927
-3883
-3830
-3781
-3706
-3623
-3540
-3440
-3345
-3239
-3153
-3058
-2965
-2873
-2777
-2685
-2568
-2461
-2345
-2227
-2087
-1945
-1813
-1668
-1543
-1416
-1306
-1220
-1103
-987
-874
-748
-631
-505
-371
-248
-84
100
267
453
618
800
966
1134
1308
1457
1624
1770
1917
2072
2206
2309
2445
2575
2694
2793
2900
2991
3055
3136
3186
3248
3281
3298
3340
3354
3392
3399
3434
3491
3510
3542
3555
3559
3559
3529
3491
3446
3372
3307
3212
3127
3031
2902
2817
2730
2629
2530
2423
2328
2216
2114
2003
1890
1779
1668
1552
1444
1343
1211
1100
1018
905
796
698
589
501
411
309
215
119
34
-60
-137
-199
-306
-339
-390
-462
-504
-584
-633
-691
-737
-780
-841
-882
-932
-972
-984
-985
-1010
-1011
-1017
-1041
-1063
-1092
-1108
-1134
-1161
-1205
-1255
-1301
-1339
-1368
-1395
-1427
-1474
-1475
-1481
-1488
-1499
-1517
-1527
-1557
-1564
-1584
-1587
-1584
-1592
-1576
-1576
-1578
-1589
-1592
-1587
-1579
-1571
-1554
-1538
-1528
-1521
-1512
-1492
-1476
-1450
-1418
-1392
-1353
-1344
-1287
-1227
-1178
-1124
-1093
-1030
-986
-928
-864
-818
-776
-735
-690
-637
-596
-570
-537
-499
-461
-410
-351
-303
-257
-216
-182
-129
-74
-27
25
51
87
100
135
186
218
268
314
374
440
491
538
567
594
627
670
698
728
718
750
786
811
848
874
903
902
915
931
943
949
947
936
917
899
873
890
893
887
889
884
887
895
911
918
914
922
936
944
957
981
957
970
978
961
949
922
900
890
870
850
832
815
807
791
777
769
725
719
713
677
643
598
551
495
447
411
356
309
278
251
221
191
129
93
79
27
10
-15
-49
-73
-97
-119
-135
-140
-152
-158
-156
-140
-142
-108
-81
-69
-43
-29
0
23
44
58
75
102
118
146
154
160
140
142
155
149
147
134
117
87
62
33
17
0
-12
-18
-29
-21
-50
-34
-14
-10
19
23
59
78
95
109
125
142
144
161
174
192
173
185
205
203
205
206
208
208
217
218
223
222
215
198
199
212
173
171
166
146
118
82
52
33
26
29
33
31
36
43
49
66
40
51
82
82
84
74
78
78
90
105
125
153
166
181
202
230
218
243
265
278
297
290
302
300
295
287
281
266
253
244
224
202
152
146
137
107
80
54
25
-4
-34
-73
-108
-141
-163
-196
-232
-256
-316
-329
-330
-339
-347
-362
-365
-380
-383
-394
-416
-423
-430
-437
-439
-448
-473
-478
-475
-477
-490
-511
-533
-561
-590
-618
-640
-670
-695
-715
-746
-768
-798
-810
-812
-825
-829
-841
-849
-852
-859
-859
-871
-876
-882
-890
-896
-902
-930
-932
-937
-959
-966
-975
-971
-972
-982
-987
-987
-985
-988
-985
-995
-1011
-1037
-1049
-1042
-1063
-1070
-1086
-1103
-1104
-1118
-1122
-1128
-1129
-1139
-1143
-1147
-1163
-1179
-1178
-1174
-1177
-1174
-1172
-1157
-1151
-1140
-1117
-1107
-1076
-1054
-1031
-993
-950
-928
-886
-827
-778
-737
-691
-629
-577
-521
-488
-448
-413
-368
-313
-288
-246
-226
-182
-133
-104
-65
-47
-23
1
26
49
56
69
80
100
122
151
164
198
256
287
329
366
411
458
511
563
619
669
722
780
834
903
930
988
1058
1105
1149
1191
1234
1278
1304
1333
1364
1395
1427
1453
1476
1490
1473
1485
1503
1503
1514
1514
1536
1555
1566
1583
1602
1612
1624
1635
1645
1653
1632
1642
1662
1652
1640
1619
1592
1554
1536
1515
1486
1452
1411
1377
1336
1295
1228
1190
1167
1119
1072
1017
971
915
869
823
768
715
666
623
576
537
469
435
410
364
329
279
238
207
161
112
70
20
-21
-57
-88
-127
-172
-179
-185
-202
-208
-228
-247
-257
-280
-292
-308
-318
-337
-360
-378
-394
-421
-426
-421
-422
-420
-430
-429
-434
-441
-437
-451
-463
-480
-483
-479
-482
-491
-470
-441
-426
-402
-385
-363
-345
-319
-303
-275
-260
-243
-222
-201
-180
-179
-155
-121
-103
-88
-70
-51
-25
3
23
42
58
75
83
82
80
54
47
56
40
28
22
25
39
49
68
82
101
106
121
125
135
97
95
121
118
125
128
124
121
132
129
135
142
153
165
161
174
143
144
158
142
145
132
118
101
94
74
59
48
32
27
10
4
-34
-53
-48
-66
-92
-119
-148
-180
-215
-252
-287
-322
-359
-394
-423
-463
-516
-548
-578
-622
-653
-692
-733
-764
-794
-833
-853
-874
-889
-903
-940
-956
-995
-1014
-1026
-1053
-1053
-1080
-1089
-1110
-1122
-1136
-1150
-1146
-1152
-1146
-1137
-1125
-1132
-1122
-1106
-1102
-1088
-1077
-1066
-1037
-1019
-1001
-987
-959
-933
-913
-894
-872
-868
-843
-812
-791
-771
-751
-730
-712
-689
-671
-651
-626
-608
-586
-558
-540
-533
-494
-454
-429
-400
-385
-355
-317
-295
-269
-244
-228
-201
-173
-159
-127
-134
-107
-63
-37
-8
8
27
31
51
63
76
103
121
148
170
193
194
220
268
291
315
336
359
382
411
436
460
479
502
523
546
577
567
593
640
650
667
676
688
704
709
718
721
727
741
750
745
745
719
721
739
734
735
739
740
726
719
707
703
700
699
698
690
692
660
656
678
671
666
665
655
647
634
627
617
602
593
579
561
551
520
515
529
516
511
494
481
476
463
441
412
396
371
352
327
314
269
259
260
229
224
203
192
169
149
126
104
89
69
50
33
21
-24
-36
-23
-40
-53
-66
-81
-88
-96
-117
-134
-136
-139
-151
-160
-171
-194
-200
-191
-195
-207
-215
-225
-236
-243
-254
-264
-266
-272
-280
-282
-289
-304
-297
-287
-291
-287
-290
-288
-284
-284
-277
-280
-271
-264
-261
-265
-267
-284
-276
-268
-278
-270
-273
-276
-280
-278
-270
-263
-254
-248
-250
-249
-249
-271
-276
-263
-272
-280
-281
-286
-285
-286
-286
-288
-284
-280
-286
-290
-294
-316
-312
-308
-319
-327
-330
-324
-329
-324
-329
-338
-330
-325
-320
-311
-320
-332
-328
-337
-348
-360
-379
-390
-410
-420
-423
-432
-433
-441
-444
-443
-442
-449
-449
-442
-449
-458
-467
-483
-505
-524
-538
-547
-545
-548
-541
-530
-522
-527
-510
-490
-479
-469
-472
-475
-471
-464
-462
-465
-475
-464
-451
-450
-446
-453
-438
-410
-401
-383
-365
-361
-337
-332
-335
-330
-330
-321
-321
-326
-322
-329
-320
-297
-290
-286
-273
-270
-254
-239
-227
-227
-212
-207
-199
-194
-200
-203
-196
-164
-153
-135
-121
-105
-91
-76
-57
-53
-39
-32
-25
-22
-16
-32
-18
-3
-6
1
6
13
14
31
46
59
68
81
103
109
124
104
115
146
151
176
179
190
204
216
218
234
247
255
277
291
306
286
297
316
311
316
311
305
311
316
312
320
335
338
355
360
372
360
368
401
409
426
427
437
445
456
466
462
470
478
493
500
501
483
488
498
506
504
495
501
494
500
497
493
494
484
484
485
493
474
481
501
496
496
486
476
476
469
457
447
435
428
423
413
412
382
378
390
389
394
381
381
380
381
381
378
378
374
379
370
380
344
339
353
334
345
336
343
342
329
329
317
310
301
289
278
273
233
218
224
207
191
179
172
152
150
139
132
120
114
116
104
96
53
47
58
45
43
36
24
11
0
-13
-17
-27
-32
-28
-39
-35
-70
-78
-77
-93
-96
-114
-121
-124
-126
-138
-135
-143
-144
-137
-127
-126
-143
-127
-116
-106
-102
-104
-99
-91
-93
-80
-74
-82
-78
-78
-73
-74
-76
-57
-50
-41
-39
-51
-35
-31
-33
-24
-18
-24
-22
-19
-20
0
-3
12
35
49
68
71
82
81
92
101
96
101
96
115
123
132
105
107
126
123
132
126
132
146
156
160
169
173
185
201
201
210
192
193
215
208
208
203
202
204
206
202
196
194
197
195
182
180
141
130
138
124
112
89
77
60
44
36
19
10
2
-1
-14
-19
-48
-49
-33
-47
-40
-56
-54
-62
-83
-95
-115
-125
-146
-160
-178
-191
-224
-238
-239
-254
-256
-277
-281
-297
-310
-320
-339
-357
-373
-373
-387
-396
-426
-437
-429
-447
-455
-471
-474
-472
-464
-461
-462
-463
-455
-448
-451
-451
-477
-475
-453
-455
-445
-448
-449
-442
-438
-433
-426
-419
-415
-416
-415
-414
-427
-424
-412
-411
-407
-415
-423
-422
-422
-423
-421
-413
-418
-414
-414
-421
-433
-424
-413
-408
-408
-410
-405
-407
-397
-394
-397
-396
-395
-387
-385
-388
-403
-402
-389
-392
-395
-394
-398
-398
-392
-396
-399
-393
-398
-383
-371
-373
-384
-376
-360
-364
-347
-353
-338
-331
-323
-314
-310
-306
-303
-279
-274
-255
-258
-246
-223
-213
-193
-187
-179
-162
-158
-149
-128
-115
-103
-86
-74
-62
-66
-46
-26
-11
-1
7
14
16
21
28
31
36
27
28
34
39
19
15
42
41
51
56
57
58
60
68
68
65
74
79
86
90
70
80
108
108
119
117
124
117
117
125
130
132
133
141
139
151
120
128
153
162
168
160
165
175
183
184
199
207
214
228
235
258
246
252
284
285
289
284
286
281
286
294
297
302
307
314
321
331
314
322
350
351
359
361
370
368
374
374
366
369
367
357
359
356
324
325
347
342
339
337
335
332
326
326
322
316
307
306
294
299
272
268
293
279
288
278
291
299
302
311
306
305
303
307
293
302
268
259
279
262
263
251
246
232
237
235
228
223
214
213
196
190
160
143
156
157
150
137
126
121
116
112
97
91
83
81
81
83
51
41
60
52
54
45
40
43
43
47
52
61
62
67
66
81
61
68
97
94
100
97
105
99
101
101
109
114
125
141
142
169
152
163
203
196
201
197
200
206
201
212
215
217
223
238
247
257
232
230
256
246
239
240
229
229
220
209
203
184
179
172
163
162
135
130
136
118
109
92
74
57
40
25
3
-16
-34
-48
-68
-85
-125
-137
-146
-164
-174
-194
-206
-217
-219
-234
-244
-250
-255
-273
-282
-291
-314
-321
-309
-310
-319
-325
-321
-325
-326
-317
-313
-304
-294
-289
-294
-290
-305
-298
-301
-311
-312
-331
-335
-331
-335
-335
-340
-349
-356
-361
-367
-361
-395
-420
-407
-431
-432
-434
-444
-450
-449
-445
-449
-440
-426
-410
-388
-359
-350
-322
-287
-256
-223
-189
-153
-119
-78
-43
-1
35
74
113
147
190
212
248
310
353
401
437
480
518
551
589
619
648
671
690
706
731
719
732
770
770
792
801
817
820
823
830
831
825
819
819
808
797
758
743
750
729
714
696
673
656
628
596
571
535
490
453
406
372
300
251
226
181
138
88
48
3
-31
-60
-99
-135
-175
-205
-240
-256
-304
-339
-351
-384
-406
-444
-460
-472
-484
-493
-504
-515
-522
-529
-532
-537
-551
-558
-552
-558
-565
-579
-591
-607
-621
-638
-651
-658
-669
-670
-678
-677
-691
-686
-675
-674
-665
-660
-654
-638
-636
-622
-611
-598
-575
-547
-520
-499
-483
-452
-414
-390
-367
-341
-321
-289
-263
-242
-221
-202
-183
-174
-155
-131
-121
-102
-76
-54
-33
-17
5
27
39
57
89
113
118
141
153
173
166
172
207
204
198
198
196
186
176
170
163
158
152
152
147
145
115
114
135
141
142
137
133
134
131
125
120
114
103
100
82
84
46
26
51
25
25
10
17
15
-4
-8
-10
-12
-24
-28
-37
-36
-71
-66
-58
-63
-64
-75
-91
-102
-110
-126
-120
-127
-142
-147
-146
-147
-163
-164
-157
-158
-148
-147
-139
-130
-132
-126
-130
-139
-147
-145
-160
-168
-190
-197
-193
-193
-201
-210
-200
-199
-188
-188
-182
-175
-170
-170
-160
-162
-169
-144
-142
-143
-134
-131
-121
-104
-89
-70
-53
-36
-20
-5
2
-8
-12
-27
-17
-21
-21
-16
-20
-20
-17
-13
-19
-16
-22
-19
-17
-27
-46
-57
-58
-66
-75
-89
-95
-105
-107
-110
-118
-115
-117
-124
-127
-126
-142
-154
-146
-153
-170
-180
-195
-202
-208
-219
-217
-220
-230
-224
-216
-211
-225
-218
-211
-209
-211
-218
-218
-229
-217
-197
-200
-197
-182
-165
-166
-149
-155
-151
-130
-122
-113
-109
-107
-108
-99
-94
-81
-67
-56
-36
-21
-9
-13
-3
18
26
41
48
63
65
65
72
76
89
105
133
150
184
190
210
265
303
337
362
390
420
461
481
518
558
581
601
626
665
667
688
723
738
751
756
772
780
784
783
783
787
780
779
775
772
749
745
770
777
783
784
785
788
793
795
783
784
774
765
752
737
701
684
691
670
660
643
626
609
594
567
533
507
477
445
412
386
325
282
272
231
197
161
120
72
34
-14
-61
-102
-154
-202
-259
-305
-371
-407
-428
-465
-499
-540
-570
-611
-639
-679
-712
-745
-784
-808
-845
-869
-905
-932
-955
-976
-994
-1023
-1037
-1054
-1061
-1067
-1077
-1083
-1092
-1085
-1072
-1061
-1060
-1039
-1015
-998
-980
-972
-963
-956
-951
-944
-937
-921
-914
-901
-891
-868
-868
-851
-814
-798
-781
-773
-758
-743
-728
-702
-677
-648
-622
-592
-566
-526
-508
-481
-422
-369
-325
-278
-213
-165
-102
-41
29
96
160
234
306
370
413
479
561
618
675
721
765
805
851
874
900
938
958
984
1006
1042
1040
1059
1097
1107
1119
1122
1129
1137
1136
1129
1125
1121
1117
1125
1123
1125
1106
1089
1106
1100
1089
1081
1064
1048
1041
1018
1008
1000
991
981
971
965
941
933
955
953
949
942
926
909
885
867
842
806
780
748
713
700
648
619
624
591
562
524
498
478
450
432
408
389
352
336
313
304
267
249
252
230
218
188
170
146
131
113
94
76
59
46
18
7
-32
-59
-58
-88
-115
-141
-151
-178
-193
-207
-219
-217
-217
-214
-219
-213
-235
-247
-244
-252
-260
-283
-293
-307
-321
-330
-333
-351
-362
-364
-378
-386
-411
-416
-414
-419
-437
-454
-475
-494
-505
-532
-549
-561
-575
-585
-603
-606
-628
-638
-623
-636
-631
-621
-625
-628
-630
-633
-630
-629
-635
-638
-641
-645
-666
-656
-653
-657
-654
-655
-649
-651
-641
-645
-645
-637
-623
-618
-613
-613
-630
-633
-634
-635
-634
-643
-643
-644
-646
-643
-646
-643
-644
-636
-639
-634
-638
-641
-631
-632
-637
-640
-644
-653
-652
-655
-661
-670
-680
-679
-687
-692
-716
-727
-717
-727
-732
-742
-757
-766
-766
-772
-780
-783
-787
-786
-794
-789
-803
-816
-792
-788
-788
-782
-785
-785
-787
-789
-792
-793
-796
-793
-786
-782
-788
-776
-752
-740
-722
-705
-689
-667
-651
-629
-615
-591
-576
-559
-547
-534
-525
-510
-485
-465
-436
-428
-405
-393
-364
-353
-347
-333
-327
-308
-295
-280
-291
-282
-258
-249
-229
-218
-207
-193
-179
-159
-141
-132
-115
-109
-107
-95
-110
-102
-82
-76
-62
-49
-40
-17
4
16
32
53
74
99
126
158
158
169
221
235
259
279
289
320
336
355
370
386
403
423
435
449
445
446
478
478
486
476
484
481
475
476
457
446
434
420
403
402
374
359
377
366
355
344
333
319
308
302
276
260
239
221
209
201
160
127
141
121
97
85
82
73
63
63
55
52
40
32
21
16
-7
-18
16
15
27
37
39
39
45
50
51
71
79
98
102
129
123
129
162
185
198
206
217
200
244
244
232
257
280
308
291
326
346
353
406
415
450
489
504
525
551
595
642
666
714
769
813
867
874
924
990
1025
1060
1071
1105
1119
1129
1142
1153
1167
1178
1188
1184
1193
1178
1176
1195
1206
1225
1234
1260
1279
1304
1331
1353
1387
1411
1442
1476
1504
1501
1507
1535
1538
1544
1544
1542
1547
1543
1539
1526
1524
1510
1510
1496
1487
1455
1432
1435
1403
1393
1373
1359
1338
1298
1271
1240
1204
1159
1120
1071
1018
947
879
841
778
704
621
543
466
386
327
250
177
113
53
-18
-76
-144
-208
-239
-301
-357
-421
-486
-549
-611
-680
-744
-810
-873
-921
-973
-1024
-1091
-1143
-1178
-1213
-1251
-1291
-1328
-1355
-1385
-1420
-1435
-1452
-1473
-1473
-1475
-1488
-1494
-1498
-1481
-1469
-1452
-1433
-1417
-1408
-1390
-1370
-1345
-1307
-1291
-1257
-1242
-1199
-1191
-1165
-1118
-1095
-1056
-1038
-1001
-950
-918
-885
-858
-831
-805
-776
-747
-711
-695
-670
-625
-595
-563
-532
-498
-460
-426
-400
-362
-328
-293
-249
-216
-180
-166
-135
-76
-43
1
48
85
124
152
193
223
265
294
332
355
386
399
421
475
497
523
538
559
572
583
596
606
605
600
604
602
611
586
576
601
594
596
593
595
594
584
585
567
555
538
525
509
492
463
438
447
420
412
400
392
381
364
356
332
312
289
278
249
236
206
174
189
177
163
153
133
122
99
95
77
55
47
46
36
26
-7
-24
1
5
11
10
12
22
28
36
46
59
75
92
98
121
120
131
176
199
223
233
242
251
271
285
295
300
304
313
317
325
308
297
324
325
316
307
294
284
284
287
272
269
262
255
239
228
197
172
183
159
146
124
106
89
71
57
39
23
-6
-21
-47
-61
-100
-128
-125
-149
-173
-195
-224
-247
-276
-304
-323
-349
-374
-394
-419
-450
-485
-515
-523
-541
-569
-580
-614
-632
-641
-655
-657
-669
-671
-658
-655
-638
-643
-636
-616
-607
-599
-601
-594
-597
-595
-597
-600
-601
-599
-602
-606
-607
-633
-637
-623
-636
-627
-628
-638
-637
-646
-643
-646
-648
-653
-647
-653
-649
-662
-669
-660
-650
-647
-653
-649
-651
-651
-658
-655
-664
-667
-665
-684
-700
-721
-729
-730
-724
-730
-745
-762
-767
-775
-787
-782
-796
-801
-806
-809
-816
-834
-840
-819
-808
-800
-791
-783
-764
-748
-732
-706
-686
-663
-636
-613
-583
-570
-547
-510
-487
-467
-443
-409
-386
-359
-332
-309
-288
-260
-229
-210
-183
-172
-156
-122
-101
-90
-65
-45
-30
-15
12
34
55
74
91
100
114
114
121
157
163
179
193
207
222
229
240
251
263
265
283
281
285
268
257
288
280
293
289
291
297
291
283
276
267
265
261
255
262
235
212
232
232
216
215
212
206
204
197
195
194
193
201
188
195
172
165
192
187
189
187
188
192
191
191
196
200
195
196
189
199
182
174
204
206
209
207
203
203
201
205
200
206
212
218
222
232
219
222
260
259
277
284
295
305
309
322
332
349
353
366
365
375
359
350
384
386
384
381
382
382
389
376
376
378
361
371
367
361
341
329
346
345
353
347
339
335
332
321
311
298
277
275
257
249
214
192
206
192
187
174
160
144
130
118
95
97
92
86
79
83
55
39
64
54
52
41
34
33
29
32
26
20
16
21
21
29
19
11
44
54
65
77
83
97
110
114
121
131
137
147
148
154
137
130
164
178
190
189
201
208
214
216
207
208
197
203
190
185
153
123
138
119
100
82
65
41
25
-4
-21
-43
-54
-62
-81
-87
-120
-133
-117
-115
-113
-115
-119
-115
-113
-108
-106
-108
-113
-119
-131
-123
-132
-140
-120
-121
-108
-95
-84
-80
-76
-65
-63
-53
-42
-37
-39
-37
-46
-53
-44
-49
-46
-45
-32
-44
-58
-62
-72
-82
-98
-102
-122
-145
-183
-209
-221
-241
-258
-290
-308
-327
-338
-354
-363
-374
-394
-399
-398
-396
-418
-425
-420
-425
-431
-439
-435
-443
-450
-454
-465
-471
-486
-500
-495
-497
-520
-530
-525
-527
-534
-543
-556
-555
-559
-562
-569
-571
-570
-561
-545
-534
-537
-530
-505
-490
-466
-444
-423
-403
-383
-371
-351
-338
-325
-294
-277
-252
-242
-225
-184
-157
-127
-98
-70
-50
-30
-11
12
39
53
81
104
133
143
159
213
246
278
297
314
339
357
379
392
411
418
428
441
458
456
463
493
502
529
530
537
548
544
556
560
560
553
554
549
557
535
524
549
541
543
534
528
527
530
529
519
519
517
521
524
529
510
496
527
541
543
545
547
544
540
526
516
506
491
488
467
454
419
385
398
372
351
333
307
281
248
224
201
182
160
141
117
91
56
24
34
19
1
-14
-28
-41
-53
-50
-64
-70
-84
-103
-109
-105
-119
-127
-114
-106
-93
-92
-80
-69
-63
-58
-47
-42
-36
-16
-8
10
20
25
52
76
80
94
110
121
144
163
181
196
210
230
238
268
270
278
324
343
361
371
395
416
445
461
466
484
500
514
526
536
527
528
568
580
588
599
598
597
607
619
614
617
616
620
623
629
614
593
622
620
617
615
601
595
580
568
553
541
528
503
483
464
422
389
388
354
339
310
279
259
230
213
180
149
120
94
58
34
-15
-56
-57
-83
-113
-146
-180
-216
-230
-261
-300
-328
-361
-397
-426
-449
-485
-512
-520
-537
-554
-580
-600
-624
-643
-663
-687
-696
-707
-720
-732
-741
-755
-773
-772
-794
-794
-799
-798
-798
-815
-809
-813
-808
-804
-802
-802
-796
-809
-808
-781
-768
-759
-757
-751
-743
-728
-714
-713
-703
-693
-693
-686
-661
-666
-662
-645
-633
-617
-613
-603
-596
-584
-577
-569
-562
-549
-538
-524
-511
-514
-504
-480
-464
-446
-428
-408
-387
-378
-367
-355
-338
-315
-301
-282
-263
-267
-262
-229
-214
-210
-199
-190
-182
-176
-160
-157
-153
-154
-148
-150
-143
-145
-141
-127
-120
-119
-115
-112
-112
-110
-113
-108
-109
-110
-103
-105
-107
-124
-127
-109
-118
-107
-103
-103
-106
-100
-97
-103
-102
-106
-103
-105
-105
-116
-118
-104
-106
-92
-90
-84
-71
-72
-60
-66
-60
-51
-39
-28
-12
-19
-11
10
20
32
43
45
51
58
63
75
87
90
97
99
105
95
88
119
122
127
118
117
118
118
123
115
122
123
125
120
117
101
87
125
131
132
137
152
145
153
160
158
165
171
173
173
197
172
160
182
170
185
176
169
170
171
169
150
150
142
140
132
129
116
91
109
94
88
97
86
86
73
69
65
57
53
52
52
55
38
20
52
55
67
74
72
79
83
94
96
107
110
115
111
126
107
89
133
132
129
125
123
118
118
109
103
112
106
96
93
95
59
44
63
61
50
40
34
28
23
17
16
10
4
7
-15
-2
-26
-37
-7
-7
0
-9
-3
1
-2
1
10
12
11
3
2
8
0
-12
11
12
17
27
23
24
22
19
5
12
1
3
-1
-3
-21
-48
-28
-30
-31
-36
-44
-48
-58
-67
-77
-85
-87
-83
-84
-94
-117
-130
-131
-137
-146
-160
-166
-174
-181
-199
-208
-214
-230
-237
-257
-264
-285
-306
-302
-314
-324
-330
-336
-331
-348
-355
-361
-373
-387
-388
-403
-413
-425
-445
-438
-436
-445
-451
-465
-474
-483
-477
-484
-490
-479
-488
-492
-483
-485
-493
-475
-464
-458
-454
-452
-441
-437
-430
-428
-426
-423
-416
-409
-405
-407
-416
-400
-390
-390
-386
-389
-386
-381
-384
-390
-390
-387
-380
-379
-374
-373
-376
-365
-357
-353
-356
-353
-347
-346
-342
-338
-333
-326
-311
-307
-300
-307
-308
-291
-280
-263
-254
-239
-240
-237
-224
-225
-218
-213
-205
-197
-186
-197
-193
-173
-174
-168
-169
-168
-158
-158
-151
-149
-147
-146
-145
-149
-149
-160
-154
-135
-130
-126
-130
-125
-114
-102
-91
-82
-84
-80
-76
-71
-72
-69
-66
-50
-37
-29
-27
-25
-9
-10
-5
4
9
21
33
40
55
61
55
85
102
122
142
144
162
175
195
205
220
243
256
263
288
293
297
337
344
364
375
404
429
439
456
463
480
486
515
531
559
561
564
611
629
650
664
679
692
699
712
723
732
744
764
765
776
767
757
789
791
800
799
810
817
820
829
830
843
842
856
852
865
855
849
883
887
896
896
897
902
900
903
901
897
890
894
887
891
869
849
860
846
844
826
812
808
793
788
778
765
754
750
729
726
705
676
697
686
680
669
654
654
635
625
609
596
583
573
562
547
516
476
484
467
449
425
403
388
366
344
324
303
276
257
233
212
172
140
146
127
96
88
60
42
23
2
-10
-30
-46
-67
-87
-105
-132
-153
-146
-158
-182
-198
-218
-235
-258
-273
-285
-301
-322
-339
-348
-365
-392
-418
-415
-429
-445
-455
-474
-486
-500
-513
-522
-534
-547
-549
-564
-567
-587
-607
-600
-612
-611
-610
-615
-617
-621
-623
-628
-626
-626
-622
-612
-603
-606
-600
-583
-576
-571
-559
-551
-534
-523
-517
-502
-500
-490
-480
-470
-458
-455
-440
-418
-409
-408
-404
-398
-394
-380
-375
-371
-365
-357
-348
-338
-331
-339
-341
-319
-313
-306
-302
-302
-301
-293
-290
-283
-273
-261
-249
-249
-233
-242
-241
-219
-208
-196
-192
-177
-166
-155
-145
-145
-134
-120
-110
-99
-85
-91
-77
-39
-26
-28
-18
-13
-4
6
16
26
34
42
56
65
73
67
55
77
92
102
112
120
129
136
144
150
165
172
181
182
185
176
163
193
213
206
217
220
224
234
236
242
250
256
256
259
263
254
245
282
289
299
295
297
302
303
310
309
319
311
318
312
314
301
288
320
317
325
326
326
330
328
334
334
334
325
334
334
337
328
308
331
322
321
316
314
310
289
283
275
277
266
264
257
251
231
200
217
215
207
201
187
174
166
150
141
121
102
106
92
83
54
32
45
35
25
3
-7
-19
-28
-40
-50
-64
-86
-99
-112
-118
-143
-155
-148
-158
-162
-181
-194
-202
-215
-222
-234
-243
-255
-264
-271
-277
-302
-319
-310
-323
-327
-329
-341
-344
-349
-368
-374
-378
-391
-392
-394
-391
-403
-421
-414
-424
-416
-409
-423
-415
-423
-431
-429
-431
-427
-426
-422
-426
-433
-440
-420
-418
-413
-408
-402
-398
-400
-391
-397
-386
-386
-381
-378
-380
-379
-379
-356
-342
-338
-342
-334
-333
-324
-313
-305
-289
-278
-263
-255
-250
-248
-239
-219
-208
-193
-185
-186
-175
-168
-158
-147
-140
-129
-122
-112
-109
-107
-102
-77
-71
-64
-55
-48
-38
-31
-24
-18
-10
-2
20
21
28
35
23
51
65
77
76
90
103
100
116
116
120
126
130
133
149
138
130
165
165
165
177
183
191
203
200
207
217
210
224
212
217
202
198
235
231
232
231
226
230
233
232
238
238
231
238
230
236
220
202
227
226
222
227
223
227
222
217
218
221
217
212
210
213
198
181
211
214
212
212
208
205
200
198
198
199
195
198
196
203
191
167
192
189
189
189
187
187
180
174
173
178
168
163
158
152
143
122
147
156
147
140
135
131
134
137
129
124
122
122
108
108
87
70
92
93
86
83
79
74
70
64
62
53
42
39
26
24
4
-28
-7
-7
-12
-24
-31
-36
-40
-49
-68
-81
-91
-98
-111
-114
-129
-147
-144
-144
-154
-163
-169
-180
-186
-191
-201
-207
-216
-215
-227
-235
-255
-268
-249
-256
-251
-256
-259
-264
-274
-269
-276
-282
-286
-282
-288
-285
-301
-306
-294
-288
-283
-280
-273
-272
-273
-266
-266
-261
-267
-251
-245
-245
-255
-258
-233
-220
-211
-209
-205
-198
-190
-196
-188
-189
-186
-179
-173
-162
-169
-169
-149
-151
-142
-136
-136
-134
-133
-131
-128
-127
-123
-115
-115
-101
-112
-119
-106
-105
-97
-94
-90
-85
-84
-79
-79
-74
-67
-61
-54
-50
-64
-69
-56
-42
-37
-32
-27
-36
-34
-32
-31
-28
-24
-19
-25
-26
-38
-45
-24
-20
-16
-12
-13
-6
4
0
7
8
9
21
16
16
11
-1
17
30
33
27
37
43
43
47
44
42
41
47
37
50
48
28
57
60
64
