-75
-67
-75
-71
-68
-72
-68
-71
-75
-79
-81
-89
-94
-102
-101
-88
-79
-82
-89
-82
-85
-89
-83
-82
-79
-75
-74
-76
-70
-69
-65
-54
-59
-56
-61
-56
-48
-48
-38
-38
-36
-31
-29
-24
-11
-18
-1
-2
-3
5
-2
8
1
5
13
20
25
26
24
27
28
26
26
29
36
40
44
54
53
59
57
56
61
68
75
69
71
75
77
83
87
95
96
99
114
117
119
117
114
114
116
121
129
129
133
133
135
136
130
129
132
129
122
118
122
130
129
126
126
116
118
108
117
112
107
103
113
109
118
119
110
107
103
102
105
96
92
84
78
84
76
80
75
77
77
68
62
56
50
52
55
49
47
48
41
39
34
31
22
17
2
-9
-11
-9
-8
-11
-16
-24
-25
-23
-26
-24
-27
-26
-43
-45
-46
-51
-58
-62
-74
-83
-89
-101
-96
-94
-97
-107
-109
-100
-105
-110
-113
-117
-119
-122
-133
-139
-140
-147
-146
-165
-165
-177
-166
-180
-171
-187
-171
-168
-163
-147
-191
-143
-285
157
-61
121
114
174
24
-23
-96
-236
-363
-297
-412
-286
-269
-260
-205
-112
-184
-124
-160
-147
-145
-29
-166
7
-98
-111
-168
-190
-273
-404
-324
-428
-292
-296
-191
-131
-107
-8
-55
-62
-26
-131
-125
-95
-166
-120
-171
-145
-194
-193
-214
-242
-187
-217
-79
-85
14
56
58
102
52
38
-16
-61
-76
-92
-104
-88
-91
-55
-50
-10
-31
-22
8
-6
71
61
112
105
109
109
44
32
-32
-61
-77
-67
-38
-16
10
52
72
108
112
126
127
125
135
97
117
92
94
85
42
35
-12
-2
11
32
67
93
122
145
162
166
153
143
116
103
88
67
64
40
43
34
35
38
36
51
61
89
117
135
155
151
149
131
106
83
46
34
8
-2
11
21
18
38
103
100
83
130
127
94
100
104
45
50
61
20
30
10
-29
-31
-6
-16
-7
37
37
63
96
85
86
93
49
37
40
-2
-33
-31
-45
-62
-38
-37
-51
-19
-6
-24
-3
17
-8
10
33
6
-5
-2
-33
-50
-50
-78
-98
-89
-89
-78
-43
-32
-32
-11
-11
-24
-43
-65
-74
-89
-113
-129
-119
-125
-128
-113
-112
-118
-96
-82
-80
-55
-47
-35
-27
-33
-48
-55
-55
-57
-85
-131
-161
-156
-154
-164
-132
-98
-53
4
52
60
58
51
14
11
-26
-36
-115
-54
-135
-14
-207
-42
-460
140
-3201
-6939
-3198
1281
-226
-1272
1064
2212
2639
2809
1366
-1679
-4761
-3989
-1230
-257
-2373
-2805
-312
1363
1379
403
-3084
-3093
-730
-1335
-617
1014
257
590
2628
2267
213
-1697
-2304
-947
-819
-1097
-1245
-350
1002
-347
-1708
-842
604
338
804
1557
1720
1610
1076
1000
277
-2189
-2243
-1266
-1068
-1259
-1223
-1313
-516
308
178
494
1077
925
1690
1804
1711
519
220
919
692
39
-938
-567
-99
-310
-129
25
432
837
1300
1885
1803
1217
475
472
1060
785
259
-259
951
1923
2920
3377
3096
2320
2070
2545
2540
1879
1272
1813
3207
4115
3624
3880
3102
2158
1481
214
-1471
-1964
-1358
101
2406
4034
5460
6635
6558
6545
5016
3540
2817
2602
1669
1567
1159
1993
1536
981
612
44
-185
-354
483
2409
3443
3056
4159
4752
4612
3924
1653
452
-3
-531
-286
-710
-2051
-1081
-345
-927
-2412
-4618
-5219
-4134
-3652
-4532
-4780
-3857
-2148
-2180
-2500
-2317
-3949
-5181
-4743
-4503
-5466
-6346
-6802
-6310
-6352
-6550
-7579
-8704
-8668
-7570
-8267
-11444
-10567
-10326
-11500
-10707
-7929
-6962
-6771
-4300
-2201
-2015
-1876
-1702
-2042
-1607
-1994
-2528
-2515
-1973
-2300
-1775
-2006
-2133
-909
-1921
-752
1087
1775
2679
4150
5081
4900
5053
5300
4657
4975
5195
5921
7197
8613
9299
8938
9353
9158
8569
8489
7749
8222
9349
11133
12969
14710
16472
17259
18617
17908
18172
19416
20890
20031
16699
11159
3132
-9753
-19508
-21573
-22906
-27011
-22506
-8968
942
5515
11014
15486
14145
9058
6646
3987
-1227
-6394
-7087
-6532
-8329
-11175
-14007
-16668
-17989
-17459
-16110
-12432
-6200
675
6704
12103
14317
12373
8111
3319
-2234
-9148
-14795
-17544
-17366
-15711
-13322
-10471
-8327
-6858
-4979
-2703
-775
98
400
1555
3466
3630
1671
-1635
-4144
-11584
-15799
-18668
-21847
-21307
-16920
-11144
-6454
-620
3074
5245
6342
5630
3204
710
-1361
-2336
-2920
-3913
-6139
-6850
-7110
-8271
-5580
-4760
-3951
110
3427
7732
11057
13494
13771
14415
13875
11672
9285
5991
5041
5083
6046
9176
10238
12387
16701
18803
19687
21540
23424
24116
22884
21133
19280
20491
20964
19264
18460
20227
19512
12291
200
-16093
-26540
-25931
-25601
-26063
-19605
-6046
7200
14861
18953
19915
14095
5355
1428
-523
-7486
-14115
-13958
-9983
-8511
-11102
-14136
-18216
-19839
-17772
-15100
-11221
-5345
1569
9330
15533
16423
11620
4325
-2603
-8680
-15592
-21899
-23903
-21827
-17122
-11524
-7670
-5663
-5191
-4018
-1944
-1256
-1662
-2790
-1799
2099
3781
2058
-6389
-15999
-23223
-26538
-27675
-27223
-23744
-17099
-6295
4050
8668
8194
5515
3346
1399
-1061
-4954
-8595
-8487
-6401
-4708
-5096
-8490
-10005
-9402
-6979
-2897
918
5749
11929
18631
22471
22972
19776
14852
11361
7327
4525
2390
2421
5636
10352
14780
18801
21455
24384
26071
27216
25439
23785
23485
25085
24157
21776
21172
22058
21767
20332
17659
12851
2116
-11069
-20665
-23623
-23737
-26057
-23035
-9212
4754
9881
11932
15798
15308
8497
1726
-1500
-5370
-12623
-14557
-11130
-10247
-13963
-16612
-17336
-17826
-18372
-16952
-13653
-7786
-672
5915
10593
12562
10552
5090
-565
-6373
-13753
-20277
-23085
-21016
-18327
-15456
-12089
-8014
-6139
-4906
-3572
-1071
-2045
-4072
-3254
-4586
-6235
-11485
-14957
-18828
-18662
-19353
-19182
-16949
-12595
-8638
-5452
-1942
370
407
270
58
-495
-1954
-4323
-5494
-5666
-7189
-5900
-6116
-4244
-2180
1659
4616
7915
11057
12369
14890
16041
16704
15510
13734
12543
11515
11116
11306
9978
9772
11564
13378
16124
17230
20212
22501
25925
26266
25053
24326
22641
22725
21256
21384
19887
19749
21005
23866
26262
28309
27186
18674
3834
-19396
-32768
-32768
-31841
-31410
-32646
-17460
8436
20478
15566
11974
9241
5045
52
-393
-3241
-8982
-9277
-3499
-1398
-8695
-20565
-30719
-32768
-29593
-25884
-23702
-14144
-477
11462
19553
20969
15573
5599
-1321
-6869
-14661
-23710
-27340
-23859
-17921
-13406
-12678
-13884
-14508
-12980
-9076
-5564
-4673
-3687
526
5036
5849
-240
-9097
-16145
-19677
-22429
-25411
-26444
-23571
-15996
-7672
-1750
434
1127
1855
3580
3686
1697
-1620
-2642
-2256
-2161
-3406
-6518
-8719
-7545
-3626
217
3979
8629
13993
19835
22857
22592
18845
16752
14360
11978
8422
6728
6828
8050
11119
13463
16694
18534
21633
23840
25676
27732
27913
28107
26789
26253
24241
21991
20604
16937
15268
25361
32570
32767
28443
8304
-5681
-21663
-32768
-32166
-32768
-30467
-5964
14063
17878
22285
25086
20660
10362
152
-11383
-22590
-19460
-6730
1695
46
-4337
-10628
-18725
-27488
-32768
-32509
-32768
-28111
-10420
5008
16076
22105
24500
24232
14000
-4962
-19928
-24233
-25333
-29314
-30434
-26679
-21067
-17720
-14653
-11804
-11849
-10079
-4995
1290
4075
5353
4369
2276
-1112
-7660
-18349
-26937
-29888
-28967
-24212
-18761
-13859
-9308
-3004
1894
4183
3461
1398
1583
1915
1108
-430
-1915
-3616
-5005
-5539
-6095
-6499
-5362
-970
5794
11261
15196
18898
22615
24485
22938
18812
14201
11172
9378
7555
6123
6351
9430
12385
15802
18467
21819
22709
25232
27573
28949
26805
23682
22346
20682
17689
15460
16240
18704
22737
28553
32266
32738
32767
32767
29897
-489
-23948
-26976
-32345
-32768
-32718
-31941
-17010
1913
15326
19901
14496
10153
9410
6865
-385
-8478
-12497
-8452
-3667
-7207
-18432
-27844
-32707
-32768
-32716
-32768
-29251
-19590
-3872
11446
17651
16566
12872
8096
2050
-6576
-17895
-27065
-29104
-25810
-22920
-21560
-20403
-19047
-17198
-13996
-12325
-11409
-9272
-4020
122
1928
811
-2557
-7141
-12557
-17637
-24233
-27517
-26574
-21306
-16136
-10558
-5002
-231
3719
5360
5342
3558
2170
460
8
-488
-1478
-2188
-1686
470
2173
4198
5662
9173
12598
15569
18041
19871
20310
20399
19145
16579
13165
9318
6286
5519
6861
8715
12225
17244
22990
28451
31246
32736
32440
28597
24026
21939
18217
15222
13146
14882
17587
22341
24987
26438
30477
32522
32659
32767
29797
6543
-23584
-31371
-29902
-32768
-32338
-32768
-21236
-2830
6380
13144
10949
6096
4271
5244
1157
-6835
-12363
-12086
-7687
-7971
-15535
-26619
-31316
-31926
-32517
-31895
-27517
-20894
-10779
2569
10874
11037
7907
5045
1596
-4971
-14047
-23625
-27577
-26737
-23541
-21856
-19962
-17960
-16740
-14599
-11517
-10482
-11695
-9761
-4842
-1219
-1357
-4110
-7434
-9878
-13441
-19050
-24667
-25534
-21683
-15565
-9663
-4040
563
4489
6986
7439
5755
2396
255
894
2507
3320
2867
2848
3486
6030
6419
7120
9287
13212
17249
21158
22568
21231
19203
17586
15428
12227
9865
8212
10471
13353
17067
18286
19746
22060
24327
25022
23528
21913
19440
17932
17983
17691
17048
16234
21686
27681
31068
32370
32767
32690
32767
32709
32444
21153
-10005
-31641
-32691
-32768
-32597
-32768
-31380
-16610
1316
11838
17568
14215
9106
7411
6914
1562
-8568
-16834
-16982
-13752
-16255
-25454
-32720
-32577
-32768
-32058
-28614
-22724
-15734
-4709
7658
14052
12522
7435
2935
-1616
-9172
-19626
-28095
-31330
-30583
-27530
-24838
-21890
-19720
-16922
-12253
-8593
-7393
-8503
-6296
-3220
-889
-3418
-7534
-12073
-15417
-17340
-19109
-20717
-20225
-15523
-8674
-2504
1674
4231
6955
8583
9144
7488
4306
1776
1637
3116
3341
2981
3299
5520
8005
9859
10984
13662
16421
20156
21757
23216
19707
17355
13796
11053
9052
6237
6378
8067
13508
17230
20883
22353
24204
27189
27154
24525
19895
15482
13739
15611
17258
16454
14986
18672
24342
28961
29325
25739
24153
27166
32704
32767
30785
14853
-9041
-23233
-27753
-32768
-32715
-32746
-32072
-16739
-2378
9238
15336
14284
12883
13593
9752
-2297
-18041
-28900
-27181
-22207
-25192
-32423
-29416
-20893
-17655
-17951
-17237
-16290
-13664
-5027
2850
3886
1209
819
982
-2795
-10577
-20775
-28153
-29498
-26553
-26372
-25945
-21964
-16337
-11410
-7261
-6798
-9574
-9023
-5193
-4485
-7094
-9888
-11163
-11115
-10046
-12010
-15099
-15590
-11862
-7516
-4016
-1636
990
4663
8882
10976
9342
6267
4406
4024
3589
3478
2272
2845
6138
9906
11247
10695
12037
14279
17296
19108
19760
18614
17573
17104
15327
13178
9395
7284
8945
13384
16067
19191
22131
25181
26819
25455
21269
17747
15483
15036
16613
14980
15726
19306
22390
23078
24437
24902
23944
24983
26034
26443
26421
25524
17281
-5229
-24738
-32494
-32768
-32662
-32768
-32700
-31816
-15126
2950
11986
17564
20478
20110
15616
9885
-1352
-15067
-21768
-22196
-26035
-31318
-32768
-32166
-29472
-26687
-23437
-19459
-15072
-7075
1450
5962
7860
8018
4404
384
-5228
-14427
-25307
-30256
-31920
-32072
-30703
-26975
-22756
-16990
-9896
-5707
-4755
-4366
-3851
-3589
-4017
-6369
-9977
-11499
-12139
-13380
-15378
-16078
-15240
-12224
-8062
-3428
606
3779
8215
11158
11728
9785
7930
4897
2593
1746
1723
1837
2673
5039
8732
11974
14389
15391
17622
19531
20811
20189
18470
17267
14815
14517
13519
11960
11383
12910
15912
16757
19273
20149
20661
20416
20538
20819
19873
17725
15684
15246
16805
16727
16588
17266
22076
25585
26791
26461
28290
29023
28739
25560
23504
10662
-11947
-29388
-32426
-32396
-32768
-32435
-25232
-12314
-1654
7347
11964
8443
5115
2875
-680
-5755
-12275
-18046
-18117
-17085
-20353
-25383
-28318
-27782
-26900
-26397
-22231
-15737
-11343
-5213
1670
3182
1758
-770
-4576
-9403
-15644
-22038
-26495
-24382
-22843
-22520
-22235
-19057
-16116
-14652
-12668
-10825
-9087
-7088
-5660
-4888
-5422
-7192
-11800
-15212
-16672
-16910
-17508
-15793
-12181
-7244
-3103
782
3202
4009
5429
5928
6084
5731
5841
4485
4664
5366
5205
4437
4214
5730
6205
7245
8781
10934
14185
18014
21952
23384
23712
22178
19709
18405
15475
11283
5824
4158
7880
10547
14469
18752
23922
27261
29615
30497
26646
23251
17984
15462
13480
11539
10587
11777
15061
19001
21950
22951
24397
29081
32767
32686
32679
28536
13813
-10725
-29465
-32652
-32768
-32590
-32768
-28329
-13411
-719
9535
12259
10861
8031
5677
1390
-3925
-11250
-16562
-16247
-15571
-20335
-26942
-31216
-31299
-30117
-28781
-24765
-19906
-13354
-3575
4119
5462
3764
1391
-2996
-7737
-14244
-22415
-27878
-27802
-25345
-23205
-21676
-22119
-20121
-15725
-10787
-10344
-9301
-7431
-5200
-3879
-3373
-5605
-10780
-14360
-16134
-16554
-17159
-17527
-15341
-10071
-4112
495
3246
5591
8541
9906
9641
7719
6670
4288
5113
4981
4462
3043
3641
6595
8272
10235
10360
12586
14304
17528
19186
18515
17993
16951
16949
15303
13828
11582
10807
11206
13971
18854
22107
24735
25804
26936
24529
21233
16050
14259
13099
13702
14069
15489
18348
20385
21027
20954
20637
19448
21128
24880
26625
27139
27210
28961
23844
4434
-19734
-32121
-32669
-32768
-32695
-32411
-21693
-6752
6380
15086
15784
11641
6179
1938
-3130
-11282
-18910
-20582
-18412
-17529
-19345
-23900
-25954
-25895
-25814
-24710
-20586
-16530
-9971
-1186
4595
5187
3005
-775
-6083
-12493
-20841
-28423
-32066
-30872
-28405
-23841
-20509
-19451
-16641
-10833
-7631
-8235
-8387
-8041
-7439
-6481
-7251
-11207
-16204
-17972
-17129
-15946
-16242
-15756
-11310
-5086
39
2209
3283
4543
7356
8183
6921
4735
2625
1581
3109
4118
3566
3498
5949
9176
11709
13438
14137
15240
16727
17934
17569
17862
19865
19869
18372
16864
14116
12273
10305
11630
12202
14677
18894
23273
25751
25331
26658
25250
22369
17370
15039
14961
15974
17518
18801
21367
23302
24660
23280
21832
20667
19991
21646
22020
24698
25204
18053
-4866
-22316
-26523
-31696
-32761
-32768
-28053
-15693
-2819
7853
12736
11562
8484
5372
-1943
-8908
-15488
-20520
-21458
-18609
-19117
-22052
-23244
-22226
-22254
-23658
-21544
-18507
-14166
-7679
-254
1175
988
354
-3182
-8576
-14796
-22581
-28850
-29080
-27483
-26618
-23022
-18199
-16756
-15607
-12458
-9685
-10255
-10827
-10862
-9185
-8562
-8942
-12063
-14110
-15293
-15096
-16198
-15410
-12577
-8345
-4837
-696
2057
3869
3986
4860
3855
3495
1818
1883
3142
5491
5724
6411
8273
10504
11236
11918
12735
12967
13334
13643
15278
16224
15822
16055
17164
19153
17815
16724
14050
14369
15481
17227
19939
21743
22420
22131
22661
23034
19701
15987
12670
13782
15206
16815
19815
21247
20694
20172
21299
21670
19938
18125
17572
20518
23786
25688
25636
20834
8480
-10253
-23514
-28546
-32768
-32488
-32768
-23647
-9726
1327
8917
10670
9687
5815
1602
-3876
-11753
-17776
-20140
-17678
-16910
-18564
-21821
-23688
-23949
-23923
-24474
-22855
-18829
-12753
-4970
1045
2288
1002
-1103
-5621
-11162
-16911
-24291
-28926
-30220
-28570
-27363
-24939
-22682
-17664
-11875
-8532
-7279
-6577
-7220
-8922
-9661
-11024
-13907
-16374
-16693
-15349
-14307
-13114
-12036
-8899
-5768
-2016
491
2647
4037
5764
6947
6449
5065
2577
2026
3176
4140
3649
4730
7569
10602
12667
13576
13129
14670
16023
17798
17293
17877
16975
16326
15278
14723
12155
9808
11010
13823
17529
19587
21343
22451
24499
24723
21879
17844
15689
16192
15766
18651
19874
21449
21163
21212
19942
17486
14659
11407
12814
15760
21603
25107
28613
30912
32767
29093
11945
-11777
-28198
-32427
-32768
-32632
-32768
-23408
-9821
2368
10690
10549
6575
3371
650
-5320
-10507
-15797
-18024
-15196
-13615
-15739
-21362
-24240
-25642
-25949
-26709
-23541
-19599
-13769
-4330
2474
3713
2350
797
-4017
-9338
-16208
-23132
-27881
-30076
-29266
-29097
-26145
-23098
-19442
-16337
-11650
-8880
-8351
-6954
-6283
-6282
-8308
-11049
-14529
-16413
-16984
-17703
-17114
-14990
-11767
-8046
-3592
-154
1586
3950
5581
6821
5919
5427
3949
3336
3349
3544
3623
4069
7063
9499
11734
12265
14337
15823
16823
17309
17136
17808
16722
17218
16668
16374
14160
11674
11063
11673
15228
16863
19641
22102
25423
26901
24372
21556
18885
18276
15518
14855
14095
15759
18496
20622
20703
20853
21211
21951
23709
24452
22523
21213
21914
23132
24307
21110
4966
-15010
-26368
-27572
-31650
-32768
-31498
-22030
-8331
3378
9773
8873
5034
1952
-1167
-5502
-11502
-17646
-20285
-17196
-15066
-16927
-22126
-23753
-22573
-22315
-22692
-20722
-17940
-12970
-5214
-410
252
-1314
-3338
-6065
-9485
-15438
-21628
-25283
-25638
-25432
-25899
-25551
-23475
-20201
-16771
-12934
-10755
-8990
-7137
-6067
-7087
-9884
-12731
-15157
-16304
-17387
-17454
-16573
-14145
-10329
-6283
-3011
-1105
688
2529
3919
3544
2640
1935
1358
957
1431
1670
2692
4257
6115
6708
8020
9875
12245
13633
14377
16027
17920
20391
20596
21126
21511
21389
18982
15713
13291
11049
10378
9801
10631
12831
16550
21370
25173
27367
27055
27674
26485
23495
20334
17614
14809
14114
14604
14653
16241
20942
24182
25302
26466
28093
27882
26132
25929
24646
11776
-7973
-20179
-22746
-29918
-32768
-32768
-26718
-15811
-5846
2880
5346
6415
6366
3994
-193
-4565
-10701
-16296
-15764
-16171
-19607
-23937
-26024
-25536
-25003
-24617
-22403
-18163
-13787
-6167
-387
527
226
-308
-3304
-6986
-11773
-18414
-22848
-23302
-23872
-24909
-25703
-24962
-23622
-20346
-17200
-15100
-13074
-9518
-5782
-4777
-6182
-9020
-11666
-13680
-15428
-17448
-18945
-17648
-14372
-10339
-7235
-4848
-3157
-941
1142
2599
2321
2381
2318
2377
2341
2150
1267
451
2037
4838
7376
8938
10582
14239
17003
18508
17439
17300
17059
17239
16920
16715
17311
16851
17714
18644
18455
15473
15099
16180
16765
17304
17976
18135
19654
22393
24009
23281
22921
23024
24106
24554
24791
22172
19734
18613
18714
19447
18638
18865
22264
26260
26393
25059
17611
2193
-12489
-21130
-27121
-32048
-31799
-26169
-14702
-4307
2513
5250
4697
2248
-1284
-5713
-10335
-13754
-15641
-14776
-13369
-13569
-15715
-18935
-20611
-21926
-23362
-23093
-19614
-16478
-11349
-5546
-2237
-1330
-1734
-4048
-7832
-10976
-15136
-18363
-20311
-20146
-20138
-19588
-20960
-21534
-21164
-20387
-18760
-16902
-14518
-11393
-7291
-5344
-5627
-8433
-11181
-13475
-16188
-18861
-20486
-19111
-15267
-10419
-6031
-3503
-1748
-202
712
-295
-1444
-1923
-1652
-350
757
1077
1558
2182
3115
3281
5059
6540
9022
11053
14982
17722
19435
20060
19551
18173
17908
18396
18184
17095
16480
15684
15346
15680
15879
14749
14096
16599
18384
20492
22695
24677
24159
24384
23497
24281
23388
21021
20190
20880
20996
22258
22709
22696
23061
24571
24704
26978
26347
24921
16525
1468
-16001
-24663
-29181
-30928
-29172
-23201
-14110
-3971
4525
7400
5353
62
-3259
-4513
-6992
-11218
-13984
-13662
-13568
-14086
-16483
-21285
-25305
-25637
-24251
-22401
-18088
-14510
-9061
-2943
501
-365
-2166
-5644
-8436
-10876
-14894
-18692
-19596
-18788
-18492
-17711
-18244
-19219
-19770
-19282
-18667
-17633
-15358
-13452
-10322
-7446
-6014
-6798
-8707
-11566
-14294
-17690
-20478
-20455
-17884
-14270
-10204
-6558
-3851
-1262
747
1188
303
-1195
-1656
-1630
-704
-464
-297
115
1787
3451
4614
5619
7224
10031
13644
16964
19080
20046
20571
20483
19769
17518
14886
13406
13337
13695
14951
16060
16819
16050
16372
17960
18074
16236
18038
21647
24587
26398
26368
25995
25133
23185
22355
21824
20453
20446
21823
23290
24593
25610
25426
25270
24601
23248
19188
7351
-10483
-22319
-23287
-23718
-25928
-24447
-17039
-8030
228
4393
3575
-462
-3249
-4159
-4143
-7370
-11555
-13076
-11819
-11877
-14272
-19551
-23821
-24673
-23649
-22677
-18528
-14666
-10903
-5684
-760
-576
-2696
-4767
-7305
-9588
-11873
-14607
-16187
-16103
-15520
-14869
-15566
-17203
-18396
-18223
-18345
-17426
-18299
-16671
-14693
-13782
-13120
-12490
-13361
-14782
-14671
-13577
-13343
-13085
-12346
-10325
-8481
-7012
-6234
-6061
-5483
-6260
-5208
-4637
-4099
-3963
-3323
-1532
588
2170
2635
3405
4522
5527
7637
9512
11095
12369
14323
16945
17785
17302
14987
14292
15227
16433
16390
15463
17096
17984
20266
20490
18569
17184
17855
19773
21096
19902
19398
19660
21904
23446
24062
21470
20926
22321
23857
23783
22422
22633
26041
28675
29564
29032
28942
27532
23990
13800
-4084
-20696
-28700
-30088
-29250
-25965
-20785
-12268
-1479
5109
6378
2930
-425
-1595
-2246
-3130
-5852
-8134
-11099
-11721
-14645
-20194
-27967
-32281
-31532
-27736
-23276
-17549
-11678
-4973
809
3007
1403
-1795
-5111
-8140
-9254
-11730
-14335
-16537
-16566
-16415
-17059
-18620
-19552
-18629
-16793
-14972
-16510
-15421
-12554
-9638
-8982
-10221
-12375
-14768
-14493
-14937
-15581
-17748
-17504
-14334
-10914
-8883
-9537
-8415
-6623
-4380
-3410
-4455
-4600
-4171
-2641
-2390
-2232
-2972
-2620
-320
1731
2348
3297
5560
8327
11418
13060
13524
15436
18447
19391
18583
16774
15630
15573
14759
15258
16186
16041
16796
18388
19573
19717
20277
20783
20960
20066
19769
20360
22143
23584
23438
23758
24417
24238
23668
22686
23962
23916
25311
25539
29431
31405
31487
31323
29032
17233
-5352
-22950
-28890
-30268
-32160
-29131
-20292
-9824
-1444
3552
4240
705
-4224
-4171
-1888
-1762
-3791
-6390
-6929
-8193
-13371
-22122
-28011
-31581
-31856
-28663
-23005
-16709
-11421
-5871
363
2632
-1518
-4683
-5755
-7277
-8901
-9941
-11968
-13198
-13757
-15390
-17385
-19469
-21617
-22418
-20072
-16824
-14391
-12483
-10510
-7996
-7864
-9886
-12447
-14037
-15593
-16439
-15397
-14700
-13535
-12576
-10496
-10145
-9862
-10439
-10340
-8698
-5969
-4100
-3082
-1592
-1182
-1203
-2360
-3572
-4320
-3462
-1292
1629
4439
6384
8704
10860
12184
12683
12549
13386
15094
16882
16777
18276
19279
19720
18795
17600
17698
15715
16328
16514
18432
18568
17666
17795
18797
20429
18638
19768
20829
21598
22765
23354
25804
24496
23974
25211
28187
28832
27679
28225
27685
27450
24546
23959
23686
11728
-10992
-25389
-24397
-26199
-28834
-24263
-17698
-10242
-2543
4696
5304
605
-4609
-4277
247
542
-4501
-8116
-9154
-11202
-16786
-22520
-29152
-31965
-30575
-25429
-17919
-12839
-10465
-6344
300
1119
-2559
-5033
-5945
-6915
-6911
-7497
-9839
-13003
-15408
-17208
-18328
-20732
-22650
-21508
-17754
-14836
-12780
-12146
-10531
-8835
-9008
-9542
-9995
-11719
-13706
-12724
-12367
-13619
-14709
-14392
-13698
-12692
-11845
-11468
-9798
-7721
-5478
-2692
-1055
-2122
-3002
-2226
-1559
-2384
-3551
-2611
-446
1584
2768
3758
5531
7342
10183
13130
15291
16403
19000
20731
20878
19664
17547
16371
15749
15297
14759
14722
16528
18788
20627
22417
22291
23176
22929
23387
21140
17755
16457
17079
21089
21500
23081
24304
26101
28779
31116
32509
30339
29370
27758
26200
24554
17285
-1496
-20855
-24830
-25707
-28770
-26864
-21028
-14719
-7481
414
2987
1330
-2388
-2456
1502
3740
1161
-2513
-4579
-7076
-12434
-19830
-27973
-32456
-32501
-28150
-21189
-15798
-12919
-9934
-4142
-1494
-3377
-5374
-5043
-4200
-3016
-2829
-5329
-9048
-13140
-15705
-18072
-20509
-22462
-22057
-18651
-15064
-12163
-11762
-10158
-9980
-9250
-9707
-9045
-10385
-11276
-10776
-10482
-10755
-13066
-13499
-14703
-15301
-14416
-12215
-10307
-8902
-6798
-5471
-4526
-3673
-3851
-3644
-3894
-3053
-2919
-2794
-1874
-1507
122
767
3270
4336
6278
8181
10948
13299
14457
16253
16808
17611
17229
18127
17624
17263
17808
19770
19512
19164
18839
20026
20495
20487
20350
20159
20755
19806
20355
19342
19497
21213
23417
26413
26097
26506
27185
28121
30876
31809
32040
29354
30043
26175
7555
-15324
-26061
-26850
-29169
-25521
-20401
-17036
-10352
-1209
2317
-769
-3929
-3648
539
6174
7157
4120
125
-5223
-11101
-17026
-25251
-32279
-32768
-28590
-21173
-16673
-13428
-11025
-7678
-5403
-4140
-3866
-3097
-2271
278
2370
131
-5380
-10622
-14704
-18286
-20726
-21676
-21705
-18847
-14620
-10654
-11317
-12499
-12408
-11882
-9825
-8594
-8078
-8254
-6683
-6911
-8322
-11064
-15047
-16706
-17053
-14866
-13046
-10737
-8268
-6721
-5016
-5599
-6084
-7037
-6249
-4262
-2407
-1157
-1910
-1407
-1660
-1472
-1353
-644
1387
3818
7487
10181
11420
10970
12134
14843
15936
16986
17350
17760
18543
19536
20584
18482
17947
17684
17559
18697
19270
18751
19669
20872
20263
17827
16344
14553
14777
17163
20305
23928
25900
29867
31950
32767
31196
28850
27038
27608
26689
26601
17149
-4819
-23212
-25354
-26792
-29157
-23583
-19346
-15895
-6379
3598
2336
-3258
-3954
-874
4400
8171
6879
2255
-1520
-6431
-12742
-19238
-27645
-32768
-30688
-24812
-19422
-16161
-13283
-12201
-9015
-5441
-4016
-3795
-2962
-62
2871
3784
-593
-6546
-12021
-15473
-17730
-18741
-20160
-19773
-16852
-13709
-13233
-15179
-14733
-14044
-12243
-9688
-7212
-6987
-6500
-6151
-6895
-8603
-11976
-13391
-13300
-11733
-10750
-10304
-10799
-11081
-10256
-9013
-8505
-8337
-6821
-4064
-1976
-614
-1208
-2255
-2722
-2568
-1371
-35
1728
3098
5526
7705
8854
8971
8641
10142
12751
15743
17902
18340
19541
20002
20426
20050
18182
17938
18332
20335
20921
21466
19987
18095
16837
16562
17482
16532
16175
18346
20972
23361
24057
22866
21736
22898
24996
24817
27303
28504
28991
28311
26921
16287
-4496
-22085
-26240
-24972
-20558
-16148
-15848
-13929
-6726
-3352
-6995
-9728
-7433
-3384
2550
8698
9793
4500
-1852
-6645
-11774
-17362
-23363
-26507
-23916
-18898
-15602
-15429
-17058
-17477
-14470
-10950
-8786
-5539
-1978
1136
3367
3499
-228
-6117
-10940
-12892
-12777
-13638
-14861
-15447
-14479
-13844
-15504
-18888
-20641
-19059
-14989
-10554
-8527
-6744
-6614
-6383
-6534
-7114
-9205
-10317
-9133
-7150
-6282
-7556
-10319
-12520
-13137
-12041
-11747
-10209
-7830
-4885
-1875
72
-3
-1802
-2251
-1248
1275
3237
4005
4739
5442
6355
6545
6275
6696
8396
11149
14247
16665
17664
18111
17780
17544
17295
17160
17141
17477
19547
20907
19809
18395
17845
17965
19557
19516
18083
17139
17928
17851
17003
18077
19712
21697
22780
22870
23559
23880
23733
23911
24477
26784
27423
13681
-8191
-21066
-20914
-18622
-17195
-19752
-21313
-15511
-8239
-7588
-12265
-13034
-9772
-5305
2225
9895
7088
766
-2288
-4836
-8995
-12232
-20086
-25123
-21335
-16171
-16053
-18066
-20476
-20830
-17773
-13696
-9929
-6484
-3584
-487
2378
2885
76
-5118
-8792
-10096
-9347
-10270
-12599
-14599
-14336
-14474
-15083
-16507
-15578
-17402
-19912
-18101
-14264
-9043
-7984
-8820
-9862
-6531
-5479
-6742
-9618
-9922
-8350
-6881
-7220
-8180
-10082
-10592
-11003
-9977
-7627
-6095
-5307
-4742
-2474
-1024
-627
-978
-451
2129
4243
5578
5646
5983
6117
6928
7632
9260
11554
13744
15689
17140
17417
16706
16265
16161
18145
19897
21684
21915
21857
20911
19532
17661
16976
16701
17017
17491
16973
15546
15569
15437
17052
18074
20077
22068
23621
24699
24821
24335
23743
23224
23747
25088
21173
8254
-10473
-20945
-21057
-16295
-16082
-19247
-20902
-16652
-10649
-8469
-12084
-14369
-10386
-2593
4273
7398
6318
2021
-2637
-6484
-9324
-12272
-15377
-18427
-19291
-16973
-14660
-16413
-20637
-22295
-19389
-13640
-8374
-5895
-4920
-2849
-408
332
-1370
-3806
-5493
-5891
-5406
-5751
-7660
-11177
-14024
-17244
-18219
-19332
-18233
-18729
-17502
-15194
-11918
-9895
-10211
-10113
-9296
-6231
-4470
-3186
-4797
-5076
-5291
-4894
-6414
-8336
-10272
-10335
-9005
-7277
-6146
-5990
-5276
-4958
-3783
-2631
-705
585
2052
3749
5660
6776
6361
5203
4352
5865
8123
10729
11740
12946
14114
15919
16812
16111
15194
15189
17070
18675
19946
20394
20251
19554
18259
16963
16171
16854
18240
19771
20259
19211
17426
15500
15737
16009
16532
16485
16334
18235
20090
22854
21978
19999
17508
17327
19026
19563
16408
6113
-5529
-13199
-13560
-11904
-10993
-13857
-17713
-19054
-15791
-12456
-12905
-14609
-14851
-10536
-4165
1604
1849
-1166
-4896
-6610
-7122
-6844
-7514
-9414
-11247
-12325
-12862
-14052
-15371
-17276
-18257
-17609
-14647
-10981
-8398
-7414
-7701
-7738
-7062
-5628
-4706
-4620
-4678
-4392
-4178
-4610
-6775
-10572
-15713
-18539
-18711
-16596
-14533
-13699
-14115
-15382
-14875
-13408
-11057
-9393
-7690
-5931
-4025
-1970
-1306
-2024
-4033
-5761
-6456
-5703
-4171
-3171
-3216
-3947
-5041
-5249
-4675
-3061
-1504
-73
1376
2780
4699
5782
6678
6393
6441
6717
8194
9998
11562
12378
12543
12470
12777
13401
14063
14780
15485
16312
16662
17439
17367
17338
16572
16733
16465
16044
15583
14858
14347
13396
13396
12731
12655
12334
12818
13208
13889
14284
14445
14302
14106
13897
13396
13199
12763
12972
12734
12198
8648
3290
-3208
-7351
-8829
-8033
-6901
-7402
-9424
-12351
-13952
-14494
-13693
-12609
-11226
-10062
-8751
-7687
-6957
-7042
-7559
-8503
-9225
-9146
-8551
-7337
-6386
-5998
-6858
-8245
-9540
-9817
-9169
-8038
-7176
-6707
-6955
-7393
-7563
-7303
-6958
-6827
-6602
-6608
-6471
-6232
-5867
-5420
-4973
-4899
-5235
-5687
-5704
-5070
-4245
-3437
-3130
-3064
-3122
-3222
-3334
-3168
-2954
-2294
-1689
-1952
-2195
-2754
-2815
-2382
-1954
-1455
-1388
-902
-1061
-854
347
845
799
1527
1860
1900
2364
2063
1880
2526
2911
3187
3542
3318
3341
3133
2942
3331
3459
4211
3808
2728
3484
4159
5105
4545
3769
4728
4689
4892
5543
5249
5986
5643
5371
6015
5477
5732
5497
5392
5916
5398
5457
5553
6084
5543
4786
4514
4688
4481
5005
4954
3864
4526
3858
3140
3409
2780
2457
2813
2735
2870
2706
2909
2873
2801
2958
2231
1729
1537
1345
1427
1531
1486
1014
411
-100
-670
-1281
-1571
-1905
-2173
-2431
-2706
-3099
-3568
-3944
-4448
-4952
-5108
-5202
-5366
-5490
-5566
-5640
-5835
-5917
-6124
-6277
-6033
-5754
-5629
-5428
-5306
-5221
-5158
-4981
-4714
-4460
-4392
-4148
-3909
-3797
-3618
-3356
-3450
-3285
-3291
-3513
-3084
-3150
-2762
-2866
-3101
-2208
-2130
-1963
-1662
-2072
-1606
-1347
-1462
-898
-1002
-618
-445
-562
-149
179
890
834
393
541
1195
1732
1658
1620
1584
1602
1642
1291
1204
2490
2682
2400
2203
1826
2342
2658
2502
3015
3994
4450
3402
2105
3203
4268
3784
3837
3394
3544
4137
3393
3376
4054
4598
4263
3412
3240
3646
4004
4522
4157
3898
3008
2761
3320
3257
3889
3798
3744
3555
3606
2596
2350
3105
3663
3921
3583
2943
2667
3074
3483
3317
2837
2460
2303
2047
1815
1818
1730
1968
1454
444
-415
-807
-531
-111
-253
-846
-1486
-1971
-2021
-2228
-2521
-2655
-2783
-3001
-3329
-3604
-3578
-3361
-3412
-3746
-3872
-3871
-3722
-3429
-3187
-2990
-3071
-3137
-3247
-3280
-2899
-2259
-1955
-2288
-2797
-2655
-1976
-1682
-1249
-1365
-1775
-1856
-1673
-1227
-1127
-1322
-1175
-1249
-1198
-847
-547
126
244
-131
-32
-502
-185
1404
1407
1326
461
-255
517
1154
1421
1127
1014
744
320
218
1348
1766
1155
-9
-546
-158
1879
2195
1584
1008
297
8
725
1429
1548
1357
967
656
573
1403
824
285
53
-398
-201
846
1172
388
-552
-1429
-1601
-625
64
-153
-647
-1160
-1575
-1404
-713
-294
-806
-1410
-1834
-2075
-1612
-956
-565
-1371
-2439
-2656
-2261
-1517
-1109
-1308
-2410
-2976
-2787
-2349
-2236
-2313
-2749
-3163
-3054
-2998
-3092
-3589
-4043
-4767
-5082
-5028
-4710
-4706
-5356
-6277
-7077
-7338
-7394
-7518
-7941
-8338
-8380
-8370
-8416
-8618
-8571
-8377
-8139
-7941
-7884
-7797
-7533
-7348
-7232
-6796
-6591
-6514
-6969
-7487
-7828
-7502
-6716
-6016
-5760
-5991
-6213
-6100
-5398
-4742
-3893
-3147
-2325
-1621
-912
-460
-172
-251
-521
-249
376
1391
2137
2695
2829
2563
1929
1635
1969
2921
3885
4471
4876
5230
5962
6472
6436
6249
6742
7804
9053
9710
9694
9162
9021
8878
8904
9392
10088
10297
10289
9687
9164
8842
8922
8750
8233
8138
8594
9194
9470
8849
7633
7053
6969
7402
7081
6574
6055
6260
7034
8073
8627
8650
8405
8407
8998
9943
10772
10624
10136
9707
9830
10087
10253
9868
9441
9325
9949
10623
10640
9532
8081
6280
5160
4305
3553
2698
1976
1569
1275
617
-314
-1059
-1482
-1176
-569
343
1004
1606
1857
1684
1232
658
363
464
831
1106
1172
773
269
-364
-1028
-1971
-2463
-2715
-2156
-1458
-796
-724
-952
-1409
-1686
-1841
-1875
-1517
-822
136
586
405
-733
-1824
-2784
-3026
-3092
-2858
-2783
-2778
-3077
-3852
-4970
-6211
-7152
-7596
-7346
-6978
-6625
-6781
-7306
-8304
-9201
-9856
-10093
-9982
-9757
-9242
-8626
-7969
-7802
-8094
-8800
-9269
-9196
-8663
-7860
-7441
-7301
-8045
-8905
-9694
-9793
-9669
-9537
-9623
-9520
-8915
-8237
-7615
-7728
-7684
-7597
-7335
-7011
-6902
-6196
-5415
-4732
-5191
-5627
-6253
-5581
-5084
-4198
-3636
-2890
-1558
-869
-168
-853
-866
-943
188
990
2050
2017
2135
2096
2122
2298
1910
2272
2539
3579
3222
2374
-198
-2483
-4072
-4355
-4220
-4267
-4309
-4706
-4418
-4503
-4185
-4744
-4578
-4211
-2682
-1174
-59
348
149
-24
-228
73
11
316
564
1128
1366
1360
892
-13
-1017
-1875
-1963
-1561
-678
-206
11
-295
-620
-880
-916
-712
-105
878
1879
2654
2982
3067
3043
3164
3311
3559
4040
4856
5812
6380
6456
5938
5393
5102
5177
5416
5715
6062
6466
6799
6905
6807
6607
6648
7055
7738
8381
8935
9324
9595
9759
9835
9812
9589
9512
9566
9825
9999
10032
9644
8975
8371
7898
7596
7349
7190
6780
6528
6429
6503
6429
6126
5520
5109
5071
5237
5505
5355
5163
4541
3982
3578
3139
2569
2127
1525
1204
1121
1212
1119
635
543
273
435
322
-231
-879
-1478
-1595
-1524
-1542
-1950
-2346
-2516
-2145
-1813
-1689
-2034
-2469
-2479
-2441
-2465
-2957
-3502
-3917
-3903
-3700
-3823
-4230
-4677
-4853
-5051
-5392
-6272
-6915
-7361
-7288
-7369
-7754
-8287
-8736
-8785
-8802
-8841
-9245
-9396
-9291
-8713
-8224
-7880
-7917
-7865
-7696
-7407
-7141
-7067
-6905
-6753
-6292
-5854
-5439
-5126
-4898
-4523
-4055
-3584
-3201
-2777
-2582
-2275
-1977
-1428
-893
-451
-32
216
223
135
754
1584
2241
1896
1684
1932
2794
3619
3621
3106
2208
2687
3322
3722
3472
3332
3501
3340
3800
3961
3672
3416
3718
3973
4082
4450
4626
3894
3135
3636
4039
3824
3519
3815
3912
3641
3637
3160
2985
2841
2568
2177
2245
2833
3361
3514
3286
2288
1349
1304
1948
2759
3040
2634
2472
2547
2205
1806
1079
795
1470
2743
3205
2635
1737
955
1065
1548
2029
1981
1710
1345
1140
1402
1809
1976
1483
722
150
226
618
1052
1325
1161
683
239
191
337
603
498
17
-301
-120
150
318
489
558
294
72
107
236
655
839
861
741
748
913
995
1179
1145
1583
2042
2150
1852
1570
1875
2187
2522
2152
1378
1196
1808
2111
1992
1433
616
611
1247
1908
1631
1001
464
721
1189
1194
907
336
320
373
533
496
250
-191
-239
-230
-391
-529
-586
-585
-614
-278
-605
-918
-913
-877
-782
-880
-1173
-2091
-1951
-1222
-1273
-1655
-2187
-2487
-2910
-2467
-2176
-2261
-2483
-2912
-3152
-2902
-2658
-3189
-3371
-3270
-3214
-3566
-4219
-4183
-4258
-4094
-4019
-4459
-4945
-5527
-4638
-4330
-4756
-5213
-5634
-5342
-4814
-4790
-5057
-5296
-5594
-5281
-4772
-4935
-5815
-5966
-5347
-4484
-4407
-4920
-4816
-4445
-4451
-4880
-4488
-3842
-3570
-3640
-3938
-4381
-4092
-3121
-3088
-3658
-4026
-3312
-2514
-1760
-1910
-2955
-3142
-2125
-1009
-1225
-1838
-1910
-1628
-1095
-845
-787
-962
-931
-208
142
-222
-838
-715
-214
730
878
138
-434
-334
601
1443
1272
199
-288
537
1760
2120
1688
1319
1207
1499
1887
1939
1507
1372
1761
2348
2493
2070
1875
2231
2827
2980
3034
2707
2354
2527
3347
3889
3694
3383
2969
2809
3156
3761
3802
3287
2988
3031
3296
3616
3537
3008
2374
2227
2516
2844
2863
2796
2612
2648
3166
3271
2981
2851
2907
2968
2946
2778
2567
2606
2933
3107
2762
2230
1846
2021
2513
2756
2464
2196
2399
2777
2812
2604
2242
1946
2155
2487
2860
2836
2538
2417
2267
2097
1982
2055
2283
2520
2549
2405
2128
1732
1322
1046
1264
1612
2012
2123
1715
1335
1149
1090
1028
960
829
1002
1117
819
351
62
61
-54
-140
-512
-426
-328
-255
-393
-777
-1137
-1425
-1310
-1511
-1634
-2239
-2580
-2871
-2805
-2805
-3152
-3356
-3510
-3207
-3115
-3026
-3445
-3718
-3986
-4051
-3996
-4022
-3672
-3615
-3383
-3652
-3788
-4102
-4251
-4198
-4200
-3898
-3533
-3123
-3130
-3151
-3416
-3287
-3285
-3488
-3452
-3100
-2455
-2093
-2145
-2786
-3357
-3683
-3235
-2762
-2551
-2746
-2823
-2528
-2400
-2568
-3044
-3331
-3192
-2596
-2099
-1974
-2124
-2263
-2355
-2363
-2299
-2087
-1691
-1304
-1040
-1046
-1090
-1213
-1428
-1617
-1693
-1484
-1225
-1057
-1037
-1030
-1036
-1050
-977
-888
-573
-184
348
556
437
118
-220
-330
-448
-355
-267
-68
187
420
475
357
183
18
91
397
1015
1453
1599
1203
726
508
617
878
762
652
613
988
1255
1391
1303
984
763
669
647
438
397
281
287
308
394
517
570
837
848
704
348
92
154
407
616
403
137
-58
245
620
802
492
4
-338
-674
-614
-621
-565
-576
-337
-155
-133
-35
-331
-610
-929
-807
-532
-213
-145
-329
-430
-538
-407
-433
-262
-60
311
697
721
698
498
523
520
596
517
455
544
640
669
355
175
-20
138
289
574
852
1003
1175
1112
1147
995
1052
899
909
1033
1324
1674
1451
1218
939
1313
1603
1894
1721
1387
1278
1464
1756
1591
1436
1177
1522
1789
1833
1378
871
781
932
1186
959
868
798
1194
1603
1683
1518
1253
1436
1737
2000
1790
1480
1407
1528
1723
1780
1663
1346
1360
1515
1697
1667
1508
1263
1249
1622
1787
1728
1453
1288
1282
1530
1623
1438
1257
1202
1468
1706
1866
1714
1537
1508
1681
1857
1822
1594
1279
1209
1159
1036
755
527
468
598
778
818
756
569
548
628
746
699
582
654
829
988
1013
824
588
580
822
1071
1160
1059
975
1103
1299
1431
1416
1334
1206
1109
1050
1081
1121
1049
917
853
979
1212
1409
1384
1378
1430
1595
1723
1612
1314
1167
1401
1565
1409
979
710
725
858
848
795
932
1112
1324
1417
1243
1072
1002
1099
1224
1333
1353
1179
1077
938
812
692
588
604
810
1036
1078
984
698
566
601
735
613
364
196
185
270
266
350
174
-220
-652
-720
-421
-113
-70
-395
-646
-788
-801
-873
-1054
-1216
-1303
-1304
-1320
-1211
-1263
-1329
-1294
-1332
-1586
-1875
-1982
-1981
-1798
-1815
-2015
-2268
-2321
-2305
-2513
-2821
-3084
-3055
-2786
-2474
-2678
-3022
-3254
-3445
-3508
-3578
-3555
-3571
-3504
-3454
-3444
-3450
-3627
-3934
-4040
-3824
-3617
-3302
-3088
-3089
-3251
-3242
-3170
-3241
-3307
-3440
-3433
-3301
-2904
-2559
-2419
-2421
-2632
-2807
-2783
-2576
-2532
-2593
-2535
-2117
-1785
-1674
-1747
-1943
-2057
-2211
-2277
-2379
-2321
-2142
-1814
-1682
-1688
-1607
-1422
-1196
-1185
-1427
-1618
-1421
-978
-402
-280
-558
-810
-832
-747
-771
-722
-670
-502
-155
197
188
-72
-252
-245
-178
-200
-103
33
231
344
268
49
-221
-239
-137
39
71
114
166
72
113
135
175
59
10
203
299
283
241
66
-139
-44
230
436
633
751
795
939
1126
904
617
592
744
1153
1726
2143
2011
1712
1658
1523
1457
1487
1652
1875
2193
2368
2267
2116
2150
2283
2343
2224
2062
2030
2481
2798
2770
2602
2455
2826
2922
2758
2459
2421
2406
2453
2425
2334
2314
2463
2649
2574
2204
1996
2044
2289
2480
2606
2521
2379
2260
1991
1830
1941
2205
2271
2272
2274
2372
2442
2435
2209
2115
2092
2008
1888
1882
1979
2113
2181
2075
1827
1735
1765
1641
1614
1566
1643
1681
1663
1489
1398
1448
1492
1410
1123
939
979
1151
1120
966
862
844
824
727
651
621
685
674
494
294
303
407
312
35
-54
108
154
78
-56
-119
19
140
59
-115
-255
-344
-367
-189
-20
-71
-183
-259
-280
-357
-425
-523
-557
-495
-403
-344
-417
-495
-629
-664
-666
-701
-673
-646
-679
-761
-786
-902
-1021
-1000
-970
-892
-833
-923
-1069
-1086
-923
-768
-792
-996
-1074
-917
-732
-746
-925
-1188
-1399
-1379
-1186
-1068
-1143
-1156
-1062
-986
-960
-989
-1032
-1100
-1208
-1316
-1222
-1006
-898
-958
-1197
-1378
-1396
-1294
-1152
-1051
-990
-946
-962
-1029
-1051
-968
-883
-893
-955
-970
-929
-771
-642
-813
-1090
-1181
-1064
-854
-696
-630
-551
-496
-393
-742
-696
-789
-755
-812
-793
-574
-688
-672
-810
-932
-936
-914
-1017
-1260
-1182
-983
-921
-1044
-1242
-1278
-1320
-1158
-1261
-1367
-1502
-1440
-1355
-1340
-1339
-1385
-1368
-1305
-1218
-1147
-1091
-1057
-1042
-945
-878
-944
-1040
-1047
-947
-784
-651
-627
-599
-469
-312
-221
-217
-214
-133
14
134
159
189
304
367
281
177
124
115
141
256
306
260
187
86
-9
38
180
272
263
114
-3
-12
100
176
120
3
-31
67
187
235
235
230
210
202
145
89
127
234
329
319
273
258
303
303
218
158
184
245
292
322
275
273
286
263
209
130
141
231
355
435
466
465
420
330
260
314
461
626
733
711
641
608
621
634
635
638
697
822
916
944
913
850
776
742
727
694
679
705
729
710
694
699
699
696
689
699
755
806
832
796
745
687
639
612
602
616
648
687
667
603
519
448
373
287
221
182
169
199
223
212
155
75
28
32
65
120
141
104
17
-84
-174
-243
-276
-277
-239
-197
-202
-237
-267
-314
-371
-416
-426
-366
-247
-182
-216
-322
-463
-632
-752
-789
-741
-612
-520
-457
-445
-441
-471
-576
-682
-763
-769
-699
-647
-619
-634
-684
-714
-767
-829
-879
-875
-868
-849
-814
-771
-709
-684
-734
-826
-913
-976
-1014
-1020
-1026
-1046
-1028
-976
-901
-820
-788
-842
-915
-992
-1006
-965
-897
-827
-804
-791
-772
-763
-777
-805
-796
-772
-724
-685
-640
-563
-493
-463
-515
-572
-592
-561
-518
-489
-465
-452
-414
-389
-390
-423
-456
-455
-437
-394
-363
-343
-325
-313
-310
-293
-280
-296
-324
-339
-355
-339
-294
-246
-211
-182
-167
-170
-176
-169
-158
-143
-109
-79
-24
53
128
184
206
193
161
138
100
62
50
76
131
178
194
198
192
194
203
188
157
122
95
97
120
121
92
47
-6
-64
-106
-108
-83
-45
-4
16
38
53
36
8
-24
-58
-58
-53
-54
-27
14
72
92
98
87
55
44
27
36
68
110
137
153
142
126
114
107
90
78
91
150
226
312
389
405
385
333
291
273
268
286
296
328
373
406
414
403
391
367
355
354
372
406
437
471
480
464
442
432
435
443
457
474
491
491
480
465
464
450
414
390
377
368
379
388
396
408
398
372
338
298
281
275
278
294
297
286
265
233
191
140
114
101
99
125
140
137
117
78
47
28
21
-7
-23
-25
-27
-14
-14
-25
-38
-53
-71
-78
-65
-49
-30
-31
-50
-70
-91
-110
-128
-154
-183
-210
-238
-258
-274
-279
-263
-242
-231
-242
-264
-291
-300
-291
-290
-307
-322
-317
-320
-325
-339
-359
-373
-378
-386
-401
-407
-399
-378
-364
-370
-394
-419
-440
-431
-418
-411
-396
-371
-346
-346
-348
-359
-374
-377
-374
-383
-375
-347
-320
-312
-313
-305
-299
-285
-273
-271
-273
-255
-238
-229
-204
-198
-185
-172
-162
-162
-171
-179
-196
-202
-206
-188
-170
-157
-140
-129
-118
-111
-126
-149
-147
-129
-98
-69
-46
-36
-40
-34
-30
-21
-9
0
6
30
54
66
68
75
82
96
119
114
123
149
173
194
211
218
216
230
239
238
234
230
218
225
231
236
242
241
252
256
254
234
216
207
204
210
216
213
208
217
223
236
237
229
215
204
205
200
197
183
176
171
178
175
169
155
138
135
131
133
122
120
115
120
104
79
58
40
29
17
15
-4
-17
-25
-13
-4
-4
-4
-22
-40
-37
-48
-52
-53
-53
-46
-58
-80
-100
-114
-118
-119
-106
-90
-96
-94
-101
-103
-97
-88
-86
-84
-79
-74
-67
-65
-62
-59
-51
-36
-22
-7
1
4
2
12
8
-2
18
23
45
72
85
92
100
113
121
121
118
125
131
143
144
133
134
124
133
138
145
146
141
150
159
157
152
156
161
174
185
183
178
173
170
164
163
158
152
151
163
167
156
147
132
121
116
108
104
106
126
126
115
122
121
106
91
75
62
59
45
37
28
14
12
8
-4
-20
-26
-25
-12
-21
-22
-29
-35
-41
-41
-44
-57
-67
-83
-80
-74
-68
-75
-83
-97
-100
-106
-117
-122
-122
-117
-97
-77
-68
-72
-75
-95
-109
-108
-97
-91
-73
-61
-76
-73
-64
-77
-82
-89
-87
-77
-60
-34
-20
-22
-16
-15
-5
12
28
48
58
65
61
73
73
82
82
83
97
115
139
160
163
161
154
144
143
141
153
171
170
166
170
172
177
170
174
175
179
183
179
172
158
151
153
165
170
183
182
184
180
172
178
170
165
161
172
194
205
211
220
224
223
232
237
250
264
270
263
252
239
224
216
206
216
228
241
243
234
216
196
186
185
183
177
170
172
168
169
170
165
157
142
138
124
120
115
113
105
106
105
105
99
80
66
57
61
62
59
57
50
46
45
41
46
38
27
19
14
2
-8
-9
-15
-11
-17
-18
-15
-15
-12
-15
-9
4
13
34
40
39
40
55
57
61
79
91
103
105
93
91
87
88
89
99
115
120
112
107
116
129
145
154
165
172
175
177
190
205
216
224
222
225
238
241
248
251
248
258
261
276
275
269
272
274
280
279
282
278
275
284
287
287
287
290
291
291
286
278
273
268
261
247
255
255
249
246
233
231
238
240
235
234
230
228
223
217
207
195
189
178
166
157
158
161
151
140
138
130
117
104
100
92
81
73
65
54
47
35
14
4
-6
-9
-10
-12
-27
-30
-45
-70
-83
-100
-103
-104
-113
-129
-141
-144
-145
-150
-154
-163
-164
-173
-183
-197
-193
-193
-199
-191
-196
-194
-200
-209
-221
-223
-222
-220
-225
-234
-236
-235
-217
-215
-219
-227
-231
-230
-223
-218
-216
-208
-207
-194
-189
-176
-176
-176
-168
-166
-160
-152
-148
-153
-146
-152
-160
-159
-155
-148
-139
-128
-122
-131
-140
-130
-118
-101
-93
-76
-68
-70
-63
-60
-59
-52
-43
-36
-24
-26
-23
-35
-39
-37
-34
-36
-30
-33
-36
