-94
-100
-106
-102
-100
-102
-106
-97
-95
-87
-77
-68
-66
-64
-65
-59
-57
-63
-56
-48
-51
-43
-41
-51
-49
-49
-48
-46
-49
-45
-37
-30
-25
-26
-32
-32
-27
-25
-11
3
7
5
4
3
5
13
17
25
24
17
15
10
10
5
2
4
6
8
2
0
-3
3
0
1
7
0
-3
-6
-13
-11
-2
-2
0
8
4
10
0
4
12
10
27
28
26
25
29
32
33
40
38
35
31
33
29
35
40
43
47
46
53
56
52
52
50
59
67
77
81
82
65
78
75
89
83
100
94
114
90
114
75
112
74
123
87
109
57
91
774
271
934
681
911
755
447
705
-208
329
-422
-223
-201
-360
-99
-330
193
-344
235
-154
3
163
13
270
50
468
6
303
53
-60
-219
-456
-354
-732
-328
-615
-325
-234
-180
52
-79
194
-11
92
52
-59
75
-157
17
-149
-108
-205
-375
-257
-472
-366
-371
-335
-205
-115
41
64
208
184
162
145
86
27
-81
-77
-143
-148
-118
-175
-139
-160
-131
-120
-81
-32
23
96
149
209
232
222
211
154
106
-7
-58
-108
-145
-119
-98
-66
-41
16
49
84
129
133
158
173
199
197
182
163
120
85
32
-28
-74
-102
-106
-98
-62
-26
29
75
119
157
164
163
153
139
107
80
61
37
14
-6
-27
-55
-64
-74
-61
-35
4
50
93
132
159
176
170
147
123
87
55
17
-13
-35
-42
-52
-51
-43
-37
-23
-5
17
40
52
64
87
95
101
91
66
42
8
-26
-57
-77
-78
-76
-61
-51
-26
-1
23
35
40
52
48
46
24
7
-7
-26
-40
-63
-77
-112
-132
-130
-127
-104
-80
-45
-31
-17
5
18
19
18
5
-21
-37
-54
-73
-85
-96
-99
-105
-109
-102
-94
-79
-67
-52
-31
-16
-3
-3
-5
-17
-28
-42
-54
-68
-80
-101
-115
-113
-111
-95
-91
-79
-63
-50
-38
-21
-8
-1
-1
-8
-12
-25
-32
-42
-49
-57
-63
-68
-66
-59
-49
-43
-26
-5
3
21
14
7
13
11
3
4
-12
-13
-30
-43
-21
-35
-51
-44
-24
-25
-22
-2
-10
-7
6
-7
-14
1
-21
-28
-24
-45
-63
-57
-44
-45
-27
-19
-15
-11
4
-8
-5
26
-8
1
11
5
-21
-13
-17
-28
-21
-22
-48
-47
-39
-48
-37
-19
-9
-10
0
-2
-4
-3
0
-14
-17
-14
-18
-30
-31
-29
-28
-29
-32
-21
-31
-36
-37
-40
-44
-34
-23
-26
-30
-30
-32
-44
-38
-46
-55
-66
-83
-82
-79
-74
-67
-60
-42
-29
-25
-21
-12
-12
-28
-37
-52
-66
-87
-88
-118
-147
-156
-178
-177
-165
-141
-132
-112
-106
-119
-101
-76
-76
-96
-89
-104
-123
-124
-136
-136
-129
-127
-129
-105
-85
-96
-95
-80
-86
-74
-62
-51
-35
-4
18
19
48
48
30
-14
-14
-95
-139
-328
-423
-721
-838
-6376
-13435
-10749
-9628
-15686
-17004
-11450
-6040
-2987
464
2627
4862
7098
5968
5090
5127
2330
-117
961
644
-1012
-2588
-5508
-4793
-2921
-5035
-6579
-3287
622
1146
4103
7300
6858
7049
8244
7903
5361
2980
-30
-2221
-1312
-2286
-5119
-4764
-3280
-2298
-1176
-913
-371
-289
926
3223
3711
3837
2370
2619
3913
2293
156
-1315
-1586
-891
388
517
630
2179
3355
4646
5793
6206
5569
5501
7253
7251
6625
6498
5987
6363
6571
5761
4281
3322
3993
4402
4157
4507
4641
5243
6692
7458
5767
4914
5868
5555
5443
5533
5685
6277
6457
7137
7254
5641
4275
4105
3837
2381
902
585
501
2018
4196
3354
2087
1936
2034
1271
267
-182
-1270
-1051
-192
193
-758
-1822
-1572
-2288
-3031
-4175
-5824
-6117
-5670
-4947
-4881
-4628
-4461
-5229
-5394
-4980
-6283
-9214
-10009
-9439
-9688
-9895
-10020
-10154
-10359
-10304
-11229
-12881
-15052
-17742
-18199
-18346
-19901
-19956
-18463
-17035
-14285
-11685
-11118
-10092
-8025
-6872
-6513
-5124
-5035
-6098
-3984
-2496
-2351
-1977
-2336
-1523
-637
92
541
1402
2181
3652
5867
6760
7318
6966
7686
8926
8235
8626
7843
9281
11427
11054
12616
11813
12502
14969
15883
16708
15446
16052
18518
18541
18566
18583
17530
17743
16424
15372
15339
13063
12314
12907
14990
18221
19720
21554
22307
21104
13675
2889
-5290
-14662
-23878
-27189
-24749
-23341
-19125
-9353
-1861
2304
4221
4893
4028
1645
-224
-2049
-4004
-5407
-5057
-5453
-8032
-10945
-14538
-18916
-22283
-22422
-22190
-21373
-15690
-8480
-3053
1945
5775
6261
4600
2358
-1594
-7421
-12181
-13706
-15699
-17077
-15710
-16043
-16792
-15659
-15531
-16288
-16235
-15155
-15045
-14165
-9302
-5429
-3921
-2557
-1910
-1577
-3000
-5588
-7407
-9026
-9963
-9574
-7519
-5410
-3590
-1548
704
2120
2989
3320
2855
4184
5624
5763
6508
7333
7763
7252
7545
8317
6910
7427
9678
10677
13212
16436
18629
21286
23526
23556
23110
22988
22738
21351
20345
21973
20685
18956
18874
19846
20335
15176
13127
15194
14529
14667
16800
18861
19967
23104
26636
26601
20304
7598
-3757
-13204
-21773
-29307
-32768
-31544
-26662
-15314
-4885
-166
2857
4956
5412
4765
2514
-2043
-5301
-6060
-5181
-4425
-7840
-12653
-16014
-18845
-22547
-26175
-27353
-26496
-21985
-13244
-5201
-249
3974
7039
7557
5022
-1445
-8342
-13739
-17967
-20239
-23347
-26581
-26755
-25601
-25484
-25186
-24539
-22230
-17978
-13382
-8303
-4840
-1208
2195
3226
3682
850
-3556
-7369
-11020
-12856
-14728
-15881
-13916
-10028
-6580
-2151
1635
3611
6800
8819
10517
10888
10301
11355
11198
11223
9764
7443
6916
6668
7869
9784
12546
15780
20138
23631
25587
28253
28551
28601
28108
26211
24881
23848
24268
23367
21680
20416
19081
19787
20591
19171
16996
18234
21366
23247
24313
24591
25313
25580
19724
6427
-5534
-11675
-18489
-28627
-32768
-31305
-24270
-18100
-11696
-3403
2146
2822
3531
6321
4315
-1441
-4722
-4798
-5612
-7726
-11793
-16223
-18703
-21072
-24422
-27600
-27869
-25397
-21442
-14764
-6908
-1681
1291
4755
7546
4962
-2329
-7757
-13362
-20229
-29387
-32768
-32489
-32768
-32577
-32768
-30030
-22607
-17297
-11088
-3581
181
2157
1585
2849
3987
12
-5102
-8999
-12149
-14780
-17159
-18997
-17731
-14913
-10998
-4301
1510
5638
9929
14192
17182
17303
16216
14006
12522
11849
9511
8149
7673
8037
9994
12579
16270
18672
21347
25272
26260
28695
30132
28756
29923
29687
27339
23352
20279
16661
11252
8565
6739
6705
9603
15566
22659
29867
32767
32639
32767
32739
32767
32536
25263
13783
5569
-2375
-13062
-26615
-32746
-32762
-32717
-32768
-30751
-23023
-13288
-2999
5885
12123
14817
14788
14030
11225
4738
-4818
-13163
-19607
-25450
-29934
-32618
-32733
-32768
-29944
-24475
-19633
-14633
-9480
-3373
1929
4961
5461
4301
1873
-2313
-10298
-24166
-32303
-32768
-32736
-32768
-32698
-32768
-31447
-21135
-11344
-6259
-500
1720
3653
3841
815
-2692
-6956
-9001
-11338
-13768
-16696
-18716
-17660
-15681
-12438
-8570
-4267
1880
8533
14442
17621
19579
20746
19988
18610
16446
12830
9497
8170
7967
9510
10554
11095
14428
16726
18896
22166
24504
27637
29941
31805
32694
32767
32659
32767
30627
27956
25925
22425
20371
17453
15962
15813
15465
18596
22590
25046
28721
31518
32767
31034
27638
23381
16616
7786
248
-6643
-11223
-18375
-30185
-32768
-29892
-26058
-27695
-25335
-16163
-7325
-1384
2941
5242
4506
2072
535
-2064
-9095
-17431
-22619
-24485
-26523
-28700
-31075
-32053
-27533
-22287
-20264
-17537
-12551
-8528
-5529
-2286
-424
-2478
-6208
-6893
-8393
-16038
-29044
-32768
-32579
-32768
-32738
-32726
-32768
-28062
-18930
-11133
-6799
-3667
-1839
-499
1737
-1811
-6552
-10470
-10923
-11328
-14560
-17687
-18265
-14993
-12609
-9721
-5514
-1483
4285
9383
13895
16431
16644
16730
17019
16736
14582
12211
11446
12511
13733
13640
14639
16647
18675
20647
22946
25055
26428
28068
30117
32698
32337
32152
32623
32079
32175
30771
28440
26299
24510
21926
21606
20751
17249
17122
20488
23361
25213
26285
29694
32767
32728
32763
32767
32095
23611
7657
-12648
-30391
-32768
-32561
-32768
-32627
-32704
-25070
-11786
1184
8376
10823
9986
6596
1278
-2554
-4645
-8491
-13716
-16318
-17921
-22729
-29048
-32645
-32738
-32768
-32678
-32768
-29567
-20650
-9197
-226
5853
9470
8960
4197
-1484
-7902
-17450
-25490
-30598
-32768
-32727
-32768
-32749
-32768
-32557
-27950
-22987
-20526
-16916
-9775
-3987
-552
1735
974
-1206
-3842
-7920
-14553
-20716
-23551
-23812
-21979
-18259
-13381
-8867
-3008
3886
7738
8097
8548
10402
10975
11067
10823
10209
9826
10392
12008
12060
11582
12549
14325
16281
18084
20090
21779
22862
25620
28400
28694
28047
27171
27818
28831
30200
29023
27816
29187
29127
29250
27391
25201
23914
21455
22552
21904
20454
21602
22917
27765
30413
32303
32767
32691
32767
32676
32767
30919
20960
9210
-9899
-30641
-32768
-32480
-32768
-32377
-32768
-26853
-13329
-3030
5903
9375
7954
4763
3193
1089
-4168
-10361
-15672
-18618
-20489
-25327
-31691
-32768
-32609
-32768
-32556
-32768
-29237
-20569
-11619
-1663
4765
6263
4299
1419
-1162
-9620
-21383
-29540
-32768
-32751
-32742
-32768
-32641
-32768
-29795
-22475
-18909
-15341
-12946
-8849
-4000
-4419
-6019
-8085
-9514
-11571
-15246
-18986
-21538
-21493
-19622
-15431
-11532
-8004
-1932
3400
7247
9243
8792
8348
8223
7897
7393
7082
7498
9286
11486
14074
16559
18444
21175
23655
26340
28298
29538
31059
32180
32767
32529
30718
29664
30413
28387
25311
23949
23667
25904
26843
26717
27171
26857
29624
31572
27914
25358
25321
26764
28255
29358
30548
32684
32690
32767
32597
32767
31178
22576
14161
4610
-15930
-32587
-32578
-32768
-32593
-32768
-29811
-20227
-11353
-1989
4848
4725
113
-1645
-1630
-5266
-11336
-18225
-21548
-22073
-23737
-28520
-32768
-32711
-32768
-32768
-32617
-29101
-23959
-18987
-10554
-2424
-287
-1810
-3273
-4048
-7585
-16115
-23340
-29044
-32768
-32679
-32768
-32711
-32768
-32555
-29138
-24518
-22148
-19413
-14025
-7925
-3306
-3561
-5663
-6095
-7679
-10634
-14978
-18842
-20465
-20334
-17679
-14501
-11845
-7414
-1793
3206
6272
7898
8410
8149
9576
9596
8520
8088
8658
11475
13378
14475
16111
18489
21550
24438
26450
27403
28012
28213
28314
29399
27862
27460
27775
28212
29657
28805
28843
30377
30396
30519
31424
32109
32409
30533
28709
27989
26536
23822
22763
23428
26857
29357
31230
32767
32620
32767
32600
32767
31191
21316
5476
-16214
-31480
-32768
-32714
-32768
-32721
-32387
-22657
-13024
-5123
2111
4345
4226
1526
-1748
-6236
-11382
-14106
-16180
-20675
-24189
-28814
-32578
-32768
-32715
-32768
-32673
-32768
-27903
-20177
-13541
-5603
-223
1073
647
-2782
-8933
-15717
-21993
-28624
-32768
-32682
-32768
-32749
-32768
-32695
-29912
-26495
-21516
-15911
-12404
-7957
-5260
-4713
-5143
-6078
-7868
-11560
-15460
-18811
-21228
-21150
-18516
-14930
-11044
-5419
481
5077
7558
9161
10568
10102
9767
9839
9893
11600
13059
14418
15530
16510
18916
20499
21087
22010
22926
24407
26928
28358
27426
26855
28228
29114
29938
28610
28499
28505
27093
28647
29471
28538
28189
28158
28943
30183
28052
25853
25901
27079
28650
28117
26989
28276
30600
32445
32767
32682
32767
32612
32767
29785
16436
-2818
-22038
-32347
-32675
-32768
-32584
-32768
-31031
-20378
-11640
-3480
3792
5898
4655
1169
-3710
-9035
-14554
-16113
-18190
-23629
-26968
-29678
-32418
-32768
-32768
-32743
-32768
-32282
-26099
-18946
-12205
-4868
-287
2063
779
-4379
-10679
-17039
-23494
-30341
-32768
-32607
-32768
-32603
-32768
-31350
-27765
-25599
-21391
-17692
-12741
-8918
-7025
-4729
-5101
-6272
-8050
-12064
-16117
-19302
-21417
-20444
-18111
-14589
-9608
-4508
1917
6366
7827
9500
9298
8117
7170
6900
7110
8318
11258
14263
17881
20544
22111
24079
24503
25187
26836
26738
27424
28427
29521
30232
31104
31650
31302
30469
28425
27441
25167
22193
22609
22407
23456
25384
26741
30784
29453
27228
25473
24799
26670
25853
24236
28284
32724
32758
32736
32767
32630
32767
30486
20525
7706
-16051
-32265
-32643
-32768
-32647
-32768
-31810
-21497
-7625
2270
243
-3895
3276
4116
-5381
-14288
-20790
-23510
-24780
-25579
-23500
-25424
-30334
-26308
-20746
-25386
-28009
-25060
-22548
-17817
-12944
-9594
-9000
-7641
-4203
-6717
-12646
-18337
-23858
-27887
-30653
-32089
-32441
-32550
-30922
-28356
-26384
-25267
-22295
-20675
-20360
-15583
-12198
-12680
-10958
-9371
-10205
-11277
-13465
-15204
-16730
-16948
-14456
-12281
-10183
-5230
-734
1462
3284
4246
3825
3973
5234
5739
6550
9014
13144
16436
16773
18010
19925
20656
21906
22134
23043
24861
26501
29579
30551
30830
31023
29134
28472
29012
29896
29072
28010
27413
27449
28476
28288
28410
28591
27510
27144
28132
27226
27092
28586
28508
28447
31321
32767
32727
32767
32767
32702
32767
31491
19850
5210
-13872
-30442
-32768
-32639
-32768
-32656
-32707
-22734
-10409
-2259
3190
7273
7650
2752
-2711
-7739
-12752
-18425
-22027
-23973
-25477
-29110
-31761
-32429
-32768
-32627
-32768
-31330
-26772
-21395
-14158
-7525
-2676
-647
-157
-1999
-6035
-11953
-21067
-26765
-30829
-32768
-32484
-32768
-30101
-26481
-29016
-25359
-21370
-20514
-19168
-17472
-12396
-9632
-9615
-7368
-6280
-9486
-12105
-14872
-17613
-19346
-19985
-18390
-14862
-10712
-5495
-274
3369
6203
6913
5497
6003
6070
4029
4641
7643
11812
14916
17034
20674
23628
24081
24073
25146
25384
24356
26309
27634
29457
30401
28724
31044
31726
30469
30034
28574
28835
28691
27846
27555
27190
26687
24602
24873
26183
27595
27120
28046
32385
32767
32755
32767
32767
32758
32767
32713
32767
30490
16366
-2678
-18600
-30835
-32768
-32768
-32650
-32768
-30347
-17874
-8225
-565
4067
5495
6067
3339
-1936
-9401
-14442
-15766
-19101
-24055
-28063
-30330
-31393
-32552
-32741
-32768
-32050
-28140
-23130
-17448
-12863
-7287
-4567
-2826
-1381
-4707
-9928
-14179
-16974
-19332
-27242
-32768
-31164
-30541
-29726
-28635
-28029
-24989
-25736
-23964
-18770
-18692
-17991
-15701
-11749
-8819
-9363
-9997
-10778
-12414
-14688
-16417
-17548
-18354
-16015
-13632
-9966
-5734
-3787
-946
1754
3217
3865
3007
3315
5344
6463
7849
11212
13546
15960
19790
22716
25437
26421
25178
25137
26409
26071
25349
25938
27782
30535
31331
30831
30735
31044
31242
30708
31849
32676
32767
32745
32767
32713
32767
31811
28775
29509
28758
27332
26777
29443
32767
32670
32767
32767
32554
32767
24570
5781
-17276
-32571
-32382
-32768
-32258
-32768
-29203
-14654
-5798
3257
8528
8288
4957
1123
-4554
-11612
-15144
-14719
-15022
-18956
-21129
-23933
-29743
-32768
-32677
-32768
-32621
-32768
-29228
-19912
-10829
-1916
3340
4994
4519
97
-9054
-15256
-19649
-25125
-28419
-32044
-32768
-32147
-31897
-30523
-29068
-30040
-26465
-25224
-25419
-18005
-14582
-13030
-9654
-7884
-7298
-10371
-13741
-14800
-19738
-23369
-22054
-19640
-17408
-13189
-8477
-5175
-1672
750
1801
401
-576
1111
2451
3644
5941
8663
11349
14685
17838
19140
21299
23956
25640
26855
27942
29373
29808
29144
29156
29516
28429
28164
30414
29961
31567
32767
32634
32767
32685
32767
32704
32767
32655
32136
30812
29843
30181
30703
32021
32767
32767
32704
32767
32605
32767
32384
32767
24598
6291
-13910
-30806
-32729
-32768
-32641
-32768
-31778
-19563
-7863
240
6909
9537
7844
3806
-1944
-7104
-10549
-14202
-15631
-19138
-23902
-27012
-31372
-32768
-32616
-32768
-32587
-32768
-29696
-21088
-11817
-4272
2310
5711
3858
26
-5991
-13279
-19168
-24920
-29344
-29851
-31701
-32768
-32201
-32200
-32768
-32697
-32704
-28382
-25354
-21410
-13875
-10524
-7522
-4728
-4698
-8641
-13151
-17191
-20616
-22657
-23539
-21630
-18451
-14896
-8767
-5680
-4383
-2378
-1210
-58
1028
910
496
2635
4795
6890
8525
9359
12288
15086
16989
20804
23025
25039
28145
31331
32767
32706
32767
32767
32437
30913
27806
27041
27022
28223
29500
29383
31695
32767
32749
32767
32742
32767
32375
31659
30307
30162
31814
32690
32767
32710
32767
32718
32767
32712
32767
31550
17226
1430
-17896
-32663
-32451
-32768
-32369
-32768
-28813
-14010
-5709
920
6265
8360
8082
3103
-2866
-7336
-9426
-12029
-15966
-20663
-24175
-29681
-32768
-32653
-32768
-32745
-32768
-32525
-26264
-17722
-9586
-790
4204
5143
3330
-1105
-8777
-15257
-20038
-25396
-28597
-28856
-30958
-32575
-32652
-32768
-32393
-31851
-28801
-24450
-26238
-21756
-12834
-10588
-9014
-10078
-11396
-11307
-14620
-17776
-20007
-23626
-22653
-18528
-16091
-13273
-9895
-7097
-3548
-1296
-1724
-2811
-3074
-977
1410
1934
3014
6463
9202
11512
14460
16172
18898
22596
25526
28995
30377
31117
32683
31597
31036
29819
28554
28657
30242
32396
32742
32767
32718
32767
32696
32767
32413
31019
30024
31747
32535
32465
32767
32698
32767
32733
32767
32744
32767
32742
32767
32765
32219
20416
3776
-15763
-31794
-32682
-32768
-32556
-32768
-30545
-16251
-5076
3164
10164
12293
10781
5525
-1314
-6242
-10883
-14596
-17329
-22177
-24862
-28030
-32352
-32768
-32698
-32768
-32626
-32768
-28798
-19759
-11407
-2560
4770
6667
5231
1999
-4779
-12379
-18904
-24975
-28733
-29587
-29484
-30459
-31291
-32419
-32768
-31408
-29998
-26470
-23776
-23626
-17726
-11049
-9475
-8879
-11358
-12983
-13494
-17465
-20494
-22541
-23639
-20819
-16597
-13716
-10668
-7988
-5550
-2426
-1595
-2357
-2473
-1792
-93
1432
2590
4486
7767
10089
12638
16068
17860
20201
24110
27438
30551
32236
32371
32767
32722
32767
32445
30688
29721
30663
31285
31837
32593
32762
32703
32767
32655
32767
32349
32397
32609
32323
32432
32050
32767
32662
32767
32660
32767
32604
32767
32413
32767
24874
7391
-8940
-27469
-32768
-32532
-32768
-32532
-32768
-20688
-6938
-1964
3863
9248
9719
6348
1039
-4497
-7829
-10031
-12559
-17271
-22314
-27688
-32079
-32768
-32629
-32768
-32553
-32768
-30267
-21538
-13588
-4807
3075
7011
6342
2808
-2971
-10202
-16269
-21627
-26876
-29588
-29889
-28331
-29904
-32768
-32683
-32768
-32728
-32642
-30293
-24173
-17698
-11360
-6701
-4343
-3864
-5687
-8745
-14107
-19493
-23864
-24963
-23702
-21935
-18454
-14605
-9876
-5551
-3630
-2852
-2373
-1005
97
601
1494
3393
5493
6618
7695
8119
8692
10564
13246
16768
20787
24916
29475
32666
32764
32767
32741
32767
31760
30020
27926
28166
28034
30261
32767
32640
32767
32708
32767
32767
32616
32400
32034
32050
32767
32687
32767
32712
32767
32725
32767
32733
32767
32720
32767
31220
13839
-6927
-24196
-32768
-32397
-32768
-32322
-32768
-25040
-9944
-1435
4699
8220
9775
8339
2150
-4618
-7829
-9284
-11029
-14431
-20162
-25295
-30044
-32768
-32670
-32768
-32727
-32768
-32375
-25026
-15287
-6977
966
7242
8082
3858
-1505
-8272
-14851
-20104
-24864
-27483
-28359
-27363
-26275
-31082
-32768
-32606
-32768
-31649
-29587
-25489
-21279
-16906
-10238
-7011
-8340
-11261
-11184
-11136
-16370
-19822
-20906
-21053
-18103
-16192
-14817
-12782
-10439
-7451
-6064
-5383
-3616
-1716
-425
2841
5063
4749
5786
7400
8750
9556
10816
13544
16882
20479
25356
29207
31102
32705
32727
32767
32200
29460
27882
27831
28815
31525
32718
32767
32744
32767
32709
32767
32634
32767
30643
29006
28339
27144
29329
32196
32767
32758
32741
32767
32679
32767
32552
32767
29105
13214
-3457
-24948
-32768
-32278
-32768
-32391
-32768
-24963
-13547
-5779
1572
6515
6817
4502
2274
-837
-2954
-5188
-8250
-12235
-17272
-23172
-30562
-32768
-32645
-32768
-32720
-32768
-32626
-26785
-16595
-6388
1254
4781
5675
3599
-1095
-7217
-13126
-17871
-21782
-25190
-26722
-26682
-25905
-29198
-32768
-32741
-32750
-32098
-32509
-30601
-23487
-14036
-9385
-6690
-5920
-7718
-9180
-11588
-14668
-18762
-21968
-19837
-16544
-14160
-13868
-13183
-10699
-7866
-7683
-8484
-7685
-4694
-828
2572
5328
6910
8053
9693
10183
9258
7602
8189
12854
16872
21845
25648
29726
32767
32691
32767
32352
30556
29207
28332
29756
32426
32755
32767
32749
32767
32746
32767
32732
32767
31635
28267
25854
25329
27334
30824
32645
32767
32762
32765
32767
32732
32767
32677
32623
23230
8278
-15411
-32453
-32463
-32768
-32471
-32768
-31009
-20626
-11414
-3653
3384
4868
3571
3119
1603
-623
-2094
-5754
-9189
-12445
-18990
-27831
-32768
-32730
-32763
-32768
-32664
-32768
-30329
-20645
-9797
-1969
2005
4105
4224
897
-4335
-9109
-13658
-18529
-21386
-23051
-24484
-25761
-25545
-26659
-31933
-32768
-32721
-32753
-32768
-30209
-22697
-14063
-7575
-2656
-850
-3115
-6810
-10493
-14488
-19129
-22146
-22492
-19893
-16526
-15188
-13353
-11367
-9386
-7173
-6885
-4981
-1160
2373
5506
7578
8252
7975
6815
6119
5765
5934
7223
11563
17142
22480
26974
30769
32697
32767
32706
32767
31143
29096
27959
28620
30294
30493
31918
32726
32767
32761
32767
32767
32764
32767
32765
32766
32767
32760
32767
32749
32767
32728
32767
32687
32767
32572
32767
28715
18708
8038
-12984
-31591
-32757
-32768
-32506
-32768
-28678
-14091
-8376
-2043
3699
3108
1050
-998
-2713
-4437
-7233
-11383
-12634
-14053
-19247
-26536
-32441
-32768
-32760
-32760
-32768
-32178
-26576
-18315
-8924
-1731
951
727
106
-1381
-7119
-12987
-15879
-19240
-21517
-21798
-23327
-24589
-24577
-25891
-30050
-32768
-32111
-29673
-25645
-19939
-14850
-13199
-13905
-10886
-10909
-14276
-17352
-19704
-18429
-16184
-14933
-12816
-12010
-11240
-10038
-9587
-10504
-11875
-11637
-9316
-5905
-4747
-3403
-759
2031
3993
3705
3036
3702
4915
7021
10591
14071
17126
21718
26347
28151
28406
28512
28801
29583
29604
30526
30577
32074
32767
32727
32767
32737
32767
32735
32767
32727
32767
32709
32767
32657
32767
31684
31970
32767
32612
32767
32643
32767
32623
32767
32558
32767
24755
12999
-7501
-30746
-32768
-32768
-32527
-32768
-27993
-15642
-10632
-5670
463
703
-3405
-3752
-3734
-3178
-1153
-2028
-5365
-7463
-13760
-23605
-31943
-32768
-32635
-32768
-32610
-32768
-27508
-19774
-9963
-2840
-1507
-475
-1392
-4263
-7435
-9595
-10964
-12337
-14633
-16673
-19591
-23188
-26505
-29325
-32169
-32768
-32746
-32161
-24942
-18641
-15184
-11466
-7457
-10235
-16811
-17086
-19281
-21570
-20803
-18449
-14803
-13915
-12911
-10724
-13236
-15974
-16672
-16531
-13469
-9404
-6946
-2461
1903
2890
2708
2405
1358
792
1369
3916
7241
10666
14898
19945
23486
24341
26720
27408
28789
29259
29160
30159
30843
30370
29339
29309
29730
32293
32586
32767
32737
32767
32767
32749
32767
32702
32767
30709
27010
25459
25338
27165
31805
32767
32710
32767
32767
32650
32767
27924
16653
5125
-15493
-31635
-32768
-32729
-32768
-30420
-25045
-19515
-17515
-13394
-7680
-7011
-7237
-2816
2452
6091
5819
639
-5052
-9979
-18378
-28776
-32768
-32527
-32768
-32637
-32768
-29048
-24197
-19683
-12897
-8754
-7582
-6710
-5215
-3296
-2433
-2900
-5024
-8466
-12727
-17204
-23001
-27713
-30547
-31310
-29834
-31030
-32768
-29947
-25552
-24966
-24625
-23248
-17559
-13818
-11798
-9177
-9252
-9630
-9359
-11945
-13620
-16119
-18826
-18270
-16505
-15943
-15735
-14450
-11349
-7615
-5917
-4102
-1251
226
2190
4697
5376
5973
6841
7797
9133
10802
11551
13855
17332
20789
23464
25459
26868
29461
30575
29799
31125
30625
30291
31829
32767
32727
32767
32553
32765
32751
32767
32701
32767
32268
31748
28315
28118
27736
27380
30077
32331
32767
32625
32767
32661
32767
32663
32735
26091
15339
5559
-11946
-29771
-32768
-32664
-32768
-32383
-27828
-22158
-18727
-12619
-5810
-2221
-3042
-440
4428
5984
3744
-1825
-9028
-13771
-21314
-30665
-32768
-32585
-32768
-32592
-32768
-29930
-25356
-21255
-14465
-8804
-6873
-5130
-3171
-2050
-1804
-3407
-6382
-10076
-15496
-20337
-24109
-27304
-29411
-29144
-28815
-31745
-32768
-29699
-24970
-21071
-18254
-15239
-16011
-17733
-13411
-11824
-15211
-17004
-15963
-14240
-13879
-14336
-15744
-16389
-15545
-15710
-14863
-13245
-11705
-9165
-5768
-1773
-948
-2006
-126
2045
2004
2686
4822
7025
9239
12689
14876
17036
18204
20272
22864
24810
26720
28938
31415
32767
32640
32767
32620
32767
32119
30883
32052
31979
32767
32748
32752
32767
32759
32767
32766
32763
32767
32754
32744
32251
32640
32755
32767
32705
32767
32647
32767
31764
21905
10378
-8309
-27991
-32768
-32660
-32748
-31723
-26446
-18398
-14679
-13514
-10500
-8218
-6671
-2816
1708
6235
7824
2662
-4031
-9283
-19713
-30797
-32768
-32574
-32768
-32539
-32768
-28948
-23858
-21262
-16907
-13042
-10369
-7622
-4677
-1299
1445
-35
-3094
-6816
-12970
-19181
-24572
-28861
-30302
-29476
-27998
-22495
-23323
-29167
-28202
-26644
-26414
-26683
-24612
-17949
-13183
-9969
-6978
-8572
-11515
-13188
-15539
-15770
-16008
-16674
-15174
-11704
-11376
-12709
-13615
-13535
-12143
-10086
-6324
-2406
852
2920
5973
7227
6537
5496
5538
7631
10856
13085
15831
19197
21496
23807
25221
25517
26131
26966
27979
30105
30542
32201
32248
32418
31536
31984
32767
32501
32767
32570
32767
32578
32767
31952
28267
28006
27901
30429
32054
32627
32767
32661
32767
32672
32767
32699
32402
24633
16781
10625
-6008
-24937
-31581
-30357
-31030
-30265
-26919
-23826
-20451
-15215
-8188
-5133
-6130
-2684
3087
5888
4801
-1775
-8954
-12186
-18677
-27211
-32116
-32768
-32669
-32768
-31172
-28568
-27374
-24410
-18611
-12796
-9429
-6711
-4302
-1579
364
-697
-4274
-8026
-13554
-18247
-20265
-23266
-26820
-26725
-25016
-21847
-21804
-29558
-32223
-28189
-23184
-19058
-16872
-19433
-18679
-13642
-9861
-11458
-16202
-16285
-12822
-10657
-8889
-11102
-15815
-14813
-12664
-13230
-13129
-14184
-13682
-8200
-3165
-2595
-2481
-1186
2174
5747
5597
6221
7431
9225
13758
16626
17088
17592
19239
21895
26597
27547
25677
26541
27025
28126
29068
27817
28108
28956
31353
32767
32686
32767
32728
32767
32740
32767
32599
31727
32287
32767
32726
32767
32763
32756
32767
32714
32767
32637
32767
28180
21981
15183
4747
-8687
-23416
-25691
-23247
-27752
-28655
-23344
-19341
-18134
-12973
-9218
-8977
-7658
-2736
1645
1947
-715
-5691
-10171
-13378
-19624
-26897
-30284
-31649
-32589
-30860
-27420
-26672
-26103
-22807
-18249
-14871
-12269
-8873
-5560
-2751
-2108
-3478
-6590
-10052
-13972
-16596
-18715
-20817
-22840
-23370
-22092
-21042
-21188
-28743
-32768
-31642
-28336
-25740
-23016
-18958
-14449
-11606
-9163
-8625
-13160
-14003
-11261
-9062
-7567
-8454
-12064
-12288
-11975
-15359
-17675
-17009
-15160
-11218
-6075
-2410
-527
354
3328
5942
6099
5984
7800
9427
12479
14887
14911
15636
16888
18346
20466
22411
22159
24450
27348
29867
32689
32730
32767
32767
32719
32767
32672
32767
32614
32767
32517
32767
31730
27274
25832
26754
29351
30958
32767
32727
32736
32767
32604
32767
31482
24810
18468
11321
-1705
-16600
-24159
-24892
-25238
-25462
-25955
-26946
-26660
-19828
-11670
-8190
-6070
-1766
3587
6734
5650
-372
-6536
-11008
-15961
-19864
-23214
-28201
-31788
-31777
-30451
-30598
-31018
-29246
-24363
-18438
-12433
-7919
-4932
-1880
-202
-556
-1775
-4997
-9617
-11965
-13016
-15320
-19524
-22593
-24535
-25400
-26380
-24819
-27165
-32768
-31001
-26321
-22536
-19670
-16950
-12968
-10018
-8852
-6297
-9706
-11208
-9937
-9861
-8487
-7960
-12730
-13895
-11925
-13718
-14916
-13912
-13213
-9383
-4184
96
2194
2764
3887
5687
5931
5791
7473
9055
11761
14987
13786
14372
16407
17079
18384
20851
22239
24498
27327
29169
30817
32094
32161
32481
30889
28747
29777
30221
31704
32202
32510
32028
32452
30398
29140
29861
31562
32767
32696
32767
32767
32724
32767
32640
32688
24957
16275
8033
-7874
-20491
-24121
-25195
-27844
-27676
-26587
-25231
-24253
-17608
-9395
-6642
-3095
2876
6331
7982
6715
-104
-4565
-7884
-14967
-19258
-22264
-28044
-31581
-32228
-32768
-32741
-32719
-29928
-23796
-17694
-11835
-6344
-3745
-775
869
-225
-976
-3419
-7804
-9439
-11119
-15043
-18309
-21836
-25166
-26093
-25472
-26222
-25781
-31020
-31703
-27654
-23560
-19013
-15912
-13718
-9155
-7277
-5803
-5939
-8992
-9984
-8788
-7675
-8231
-9801
-13247
-13141
-13669
-15976
-15725
-14616
-11937
-6876
-2416
809
1422
1257
3119
5522
6042
5859
8411
10412
12935
13912
12595
11626
12044
14091
18425
22129
23629
26506
28150
28482
28314
27083
25894
28925
30296
31933
32767
32708
32429
32354
31888
30504
28904
28666
31421
32085
32767
32731
32757
32767
32673
32767
32580
32695
25368
21882
19754
12890
686
-16133
-24200
-22522
-20932
-22365
-22366
-23814
-22543
-15974
-9394
-10199
-11086
-6821
102
3789
4897
254
-6039
-8358
-10664
-15795
-19781
-24398
-28581
-27128
-24636
-26698
-29209
-28538
-24750
-19851
-15009
-11154
-8884
-6142
-2139
-862
-2622
-5070
-8187
-9505
-9157
-10948
-14875
-17789
-19860
-20243
-20778
-21242
-24180
-30860
-32768
-28875
-24550
-22442
-19502
-14740
-10794
-9254
-7322
-7474
-9553
-8251
-5875
-4691
-4480
-7664
-10868
-11164
-11477
-14328
-14761
-13247
-10710
-6978
-3847
-2339
-1068
-199
2073
4642
5732
7016
8917
10987
12337
11273
9840
10784
12333
13467
16258
19624
21374
23567
25976
27578
27114
27361
28170
30477
31582
31256
30440
29956
30282
32712
31677
29081
27911
27083
26819
27101
28052
30843
32698
32767
32645
32767
32531
32767
30238
24305
20884
15308
9360
-2252
-15752
-21636
-20173
-22769
-24761
-24555
-23545
-21595
-15690
-11591
-11000
-9482
-5499
-1084
2152
3216
-990
-4866
-6151
-8478
-14006
-17921
-21765
-24817
-25761
-25525
-27021
-28160
-27550
-24636
-20849
-16876
-13525
-11121
-7865
-4220
-2656
-3214
-4514
-6499
-7904
-8082
-9019
-12297
-15792
-18480
-20632
-22033
-24219
-27877
-27676
-25601
-22504
-19984
-17749
-15380
-12564
-9667
-6344
-5389
-5265
-4507
-3852
-3731
-4036
-5538
-8133
-8640
-9195
-9925
-10633
-10617
-9719
-7119
-4683
-3383
-3560
-3705
-1438
2255
4924
6151
6553
6598
8225
9680
9322
9213
10238
12331
15023
16835
17564
17884
19642
22200
24619
24960
24994
26424
28525
30336
30431
28476
26649
26822
28226
29671
29465
27774
27194
28104
29358
29201
28221
28561
31831
32767
32551
32767
29098
23249
19596
17813
13077
-555
-16247
-20655
-15935
-16164
-21580
-25683
-27388
-24867
-17677
-13804
-16008
-15608
-8981
-2966
982
2496
-749
-5815
-6572
-5064
-7116
-12448
-17480
-20193
-20969
-21364
-23552
-27689
-30128
-27581
-23303
-19917
-17154
-15586
-13876
-9693
-5587
-4962
-6159
-6231
-5662
-4947
-5507
-7805
-11439
-14071
-15441
-17897
-21610
-24898
-25899
-25425
-24144
-23314
-22379
-20416
-16632
-13117
-10688
-8834
-6758
-4695
-2636
-1478
-2120
-3300
-3938
-4243
-5390
-6823
-8490
-9456
-9583
-8159
-6515
-5427
-4756
-3618
-1981
-308
1830
3409
4181
5631
7979
10052
11329
11764
11431
10962
12200
14245
15814
16241
16893
18582
20285
21717
21951
21723
22540
25346
28298
29048
28609
27902
27719
27785
27598
26692
25774
25802
27005
26942
26240
25082
24846
25050
27553
30052
29426
25366
20959
18407
17330
15929
11686
1390
-10735
-15443
-13154
-12002
-15594
-20908
-25003
-23771
-17605
-14410
-16243
-19260
-16925
-9117
-3019
-1274
-3779
-6286
-7151
-4316
-3379
-7154
-11585
-13392
-13914
-14133
-15074
-18592
-23012
-23927
-21837
-20049
-18719
-17712
-16554
-15041
-12135
-9527
-8956
-9292
-9349
-7719
-6019
-4874
-5499
-7939
-10813
-12232
-12958
-14721
-17199
-19198
-19735
-18440
-16170
-15469
-16102
-16146
-14326
-11618
-9079
-7031
-5756
-4247
-2253
-564
-576
-1405
-1854
-1708
-894
-357
-312
-920
-1568
-1616
-1026
-914
-748
-210
564
1335
2367
3754
4986
6799
8182
9273
10045
11292
12375
13304
14389
15676
16743
17414
17994
18301
18690
19321
20212
20692
20813
21149
21909
22735
23115
22820
21893
21272
21208
21499
21172
20955
21011
21448
21769
21999
22159
22459
23208
23023
21033
17411
14233
12666
12246
11163
7834
1456
-5829
-10594
-11998
-12648
-14126
-16343
-18453
-19243
-18201
-16389
-15978
-16985
-17397
-15901
-13043
-9853
-7712
-7133
-7794
-8282
-8286
-8114
-8380
-9043
-10049
-11064
-11565
-11657
-12046
-13039
-14140
-15237
-15818
-15389
-14070
-12969
-12350
-12029
-11549
-10873
-9900
-8730
-7899
-7734
-7659
-7225
-6726
-6235
-6069
-6537
-7667
-8489
-8324
-6974
-5402
-4169
-4040
-4941
-5781
-5489
-4394
-3327
-2563
-2150
-2342
-2364
-1442
-915
-882
-830
-496
373
1178
1550
1087
80
-270
860
2294
2682
2195
2046
2480
3071
4206
4963
4378
3659
3476
3640
4121
4790
4801
3952
4201
4911
4556
5074
4997
4640
4686
5252
6502
5205
4967
6432
6852
6336
6463
6097
5024
6019
6685
6695
6178
5825
6159
5596
6308
6342
6374
7034
6883
5942
6027
7148
7071
6425
6371
6642
6128
6139
6571
6276
6258
5682
4655
4035
4062
3888
3671
3571
3314
2365
1629
1000
752
437
-338
-1174
-1882
-1758
-2559
-3208
-3312
-3703
-4150
-4600
-4809
-5330
-5484
-5339
-5654
-5780
-5580
-5756
-5958
-5905
-5922
-5852
-5605
-5338
-5579
-5239
-5032
-5234
-4952
-4754
-4528
-4158
-3598
-3298
-3702
-3226
-2444
-2649
-2615
-2212
-1810
-1507
-1447
-1441
-1165
-836
-473
-772
-787
-134
-602
-345
21
154
102
790
1217
736
1213
1532
1362
1140
2013
2440
1790
2353
1792
1448
2077
2000
2238
2532
2386
1665
1415
2072
2502
2568
1912
1495
2470
2807
2697
1558
2121
2606
2135
1304
1226
1821
1993
2484
1851
1522
1386
1205
1367
1896
1973
1425
591
641
1462
1737
1624
1604
1304
852
580
1141
1953
1863
1358
815
828
1079
1283
1280
1250
1447
1426
812
367
645
765
785
438
305
-65
-515
-211
-457
-841
-871
-883
-1495
-1885
-1943
-1825
-1923
-2115
-2335
-2555
-2582
-3016
-3293
-3247
-2844
-2803
-3145
-3511
-3471
-2859
-2504
-2918
-3598
-3269
-2480
-2584
-2827
-2628
-2626
-2944
-3181
-2793
-2281
-2390
-2671
-2889
-3166
-2761
-2408
-2752
-2642
-2779
-2587
-3002
-3011
-2566
-2471
-2104
-2430
-2593
-2621
-1979
-1870
-2061
-2210
-2137
-1807
-2285
-2526
-1838
-1154
-1297
-1448
-2321
-1695
-648
-788
-757
-946
-603
-556
-767
-459
-51
379
548
-352
-137
477
370
185
-238
-339
549
739
278
970
1541
1285
466
471
639
1282
1779
1349
1177
1208
1448
1687
1771
859
579
1374
2205
2166
1865
1093
492
932
1671
1462
809
581
722
939
909
613
361
633
321
52
-384
-459
-433
-324
-682
-94
155
-597
-1299
-1430
44
492
-25
-1385
-1728
-754
277
203
-1978
-4983
-7390
-6783
-5656
-4184
-3572
-4720
-5587
-5406
-3651
-1927
26
675
1312
839
-381
-1528
-270
3130
5533
5347
2576
1594
2466
5403
7149
6654
5754
5373
6254
6685
7156
6737
5933
6075
6227
6323
6932
7887
8124
7661
7496
7716
7845
8145
7947
7962
8303
8754
9106
7917
6560
5479
5593
5795
5848
5341
4003
3696
3708
3724
3346
2550
852
-267
-452
-644
-1267
-2094
-3789
-5712
-6576
-7622
-8642
-9738
-10237
-10264
-10179
-10494
-11866
-13039
-13396
-13196
-13082
-13581
-14357
-14514
-14338
-14503
-15471
-16284
-16576
-16244
-15402
-15075
-15217
-16005
-16489
-16638
-16463
-16228
-16490
-16697
-16908
-16761
-16523
-16618
-16839
-17154
-17178
-17331
-17496
-17379
-17028
-16270
-15602
-15282
-14999
-14686
-13924
-13028
-12147
-11261
-10543
-9685
-9006
-8488
-8069
-7695
-7224
-6940
-6890
-6845
-6757
-6492
-6438
-6352
-6374
-6621
-6821
-7022
-7050
-7162
-7335
-7259
-7000
-6432
-5791
-5358
-4965
-4357
-3174
-1941
-745
399
1242
2227
3377
4726
5940
6979
8193
9479
10950
12260
13213
13933
14611
15670
16863
17952
18913
19813
20955
22112
23171
24057
24779
25731
26805
27984
28995
29934
30694
31351
31881
32376
32729
32767
32767
32765
32767
32767
32767
32767
32767
32767
32767
32767
32767
32766
32767
32764
32767
32761
32767
32750
32767
32504
31923
31157
30144
28883
27685
26404
25251
24120
23323
22504
21614
20780
19870
19250
18013
16819
15443
14951
14857
14483
13384
11365
9594
7978
6719
5093
3485
2285
1636
988
-158
-2022
-3926
-5379
-6434
-7458
-8925
-10289
-11612
-12290
-13211
-14346
-15843
-17301
-18355
-19243
-19997
-21000
-21683
-22083
-22139
-22279
-22603
-23205
-23706
-23925
-23909
-23839
-23947
-23942
-23940
-23653
-23526
-23387
-23377
-23213
-22792
-22316
-21799
-21497
-21013
-20468
-19846
-19310
-18871
-18452
-17915
-17269
-16549
-15878
-15241
-14507
-13711
-12768
-11905
-11006
-10327
-9772
-9187
-8428
-7357
-6197
-5045
-4150
-3459
-2790
-2080
-1331
-707
-157
408
1125
2103
3050
3807
4492
5174
6053
6724
7164
7512
7964
8645
9221
9626
9683
9646
9872
10276
10453
9994
9153
8355
7959
7891
7684
7258
6905
6887
6985
6847
6612
6418
6518
6804
6990
6839
6669
6606
6715
6608
6101
5379
4714
4435
4053
3509
2472
1384
400
-442
-1182
-2102
-2881
-3550
-3972
-4589
-5392
-6316
-6958
-7333
-7605
-8035
-8635
-9189
-9568
-9640
-9735
-9904
-10249
-10512
-10678
-10727
-10779
-10925
-11033
-11161
-11224
-11349
-11514
-11699
-11758
-11759
-11695
-11633
-11540
-11368
-11115
-10758
-10366
-10004
-9810
-9589
-9330
-8961
-8536
-8097
-7723
-7413
-7060
-6706
-6364
-5980
-5489
-4994
-4508
-4040
-3549
-3131
-2697
-2364
-2154
-1990
-1716
-1092
-300
334
480
394
430
689
995
1319
1671
1870
1942
2025
2167
2388
2748
3096
3378
3116
2591
2624
3498
4544
5049
4674
4012
4056
4450
4841
5054
5441
5803
5917
5734
5478
5649
6135
6386
6246
5934
5638
5654
5837
5969
5868
5859
5462
4791
4412
4475
4763
4785
4490
3742
3265
3266
3262
3129
2793
2255
1829
1538
1387
1179
967
888
723
349
-409
-1212
-1472
-1178
-825
-793
-1304
-2034
-2482
-2566
-2522
-2425
-2421
-2617
-2922
-3164
-3236
-3299
-3251
-3265
-3381
-3448
-3646
-3857
-3868
-3543
-3207
-3046
-3229
-3720
-4018
-3983
-3670
-3373
-3376
-3545
-3633
-3707
-3802
-3736
-3437
-3082
-2878
-2997
-3394
-3527
-3124
-2639
-2222
-2113
-2410
-2559
-2485
-2017
-1428
-990
-1090
-1437
-1514
-1198
-599
54
198
-406
-556
-142
249
574
791
488
150
277
630
1000
1323
1203
858
738
1176
1504
1361
1363
1627
1772
1536
991
852
1168
2096
2964
2521
1241
455
870
1930
2997
2788
1857
1312
1491
1707
2186
2728
2417
1594
1228
1297
1589
2081
2299
1951
1460
1227
1244
1293
1644
1816
1784
1783
1568
867
502
694
1208
1392
1027
666
259
87
230
666
820
522
232
-175
-433
-141
414
693
495
2
-546
-568
-232
120
127
-171
-504
-825
-932
-960
-778
-672
-871
-1187
-1437
-1413
-1437
-1295
-1106
-1085
-1391
-1624
-1575
-1344
-918
-723
-968
-1424
-1770
-1884
-1627
-1056
-681
-1226
-1992
-2403
-2211
-1624
-924
-738
-1339
-1837
-1959
-1712
-1236
-703
-630
-1045
-1292
-1724
-1688
-1050
-491
-629
-1213
-1334
-1351
-1265
-1096
-626
-299
-501
-799
-1041
-784
-367
280
360
-142
-400
-471
-230
54
578
649
252
-269
-407
73
627
880
845
1002
763
585
820
1121
1512
1599
1055
363
599
1314
1755
1712
1342
983
1017
1272
1419
1580
1809
1985
1867
1559
1200
881
1159
1532
1428
1223
884
823
1051
1123
970
776
493
344
293
250
367
716
939
768
350
65
-30
126
243
166
-5
-52
34
105
124
-13
-303
-609
-619
-596
-452
-236
-228
-319
-447
-501
-390
-278
-300
-251
-135
-237
-248
-135
59
174
185
54
36
97
147
139
135
165
132
189
287
488
694
861
915
860
821
898
1186
1578
1817
1734
1557
1359
1234
1312
1446
1499
1522
1709
1971
2239
2169
1809
1405
1185
1329
1649
1918
2022
2176
2320
2374
2270
2210
2262
2327
2411
2518
2651
2734
2912
2963
2836
2517
2279
2247
2463
2716
2804
2723
2522
2421
2243
2089
1946
1833
1504
1111
1064
1317
1598
1552
1304
877
658
697
937
1219
1316
1145
748
456
318
384
394
212
-139
-279
-202
3
243
251
-10
-438
-692
-722
-412
-63
151
158
39
-146
-252
-68
102
131
-12
-150
-287
-259
-199
-213
-335
-596
-818
-906
-722
-589
-522
-650
-1060
-1449
-1655
-1601
-1448
-1205
-1098
-1137
-1232
-1334
-1379
-1410
-1463
-1645
-1772
-1754
-1457
-1077
-869
-925
-1174
-1502
-1843
-1917
-1814
-1623
-1496
-1481
-1580
-1746
-1873
-1987
-2124
-2385
-2639
-2696
-2510
-2292
-2235
-2362
-2611
-2738
-2767
-2661
-2510
-2412
-2418
-2499
-2511
-2519
-2455
-2399
-2307
-2187
-2043
-1944
-1904
-1853
-1824
-1851
-1924
-1946
-1955
-1928
-1904
-1904
-1936
-2008
-2017
-1985
-1870
-1766
-1685
-1569
-1454
-1350
-1315
-1315
-1379
-1470
-1563
-1629
-1622
-1613
-1539
-1433
-1324
-1333
-1436
-1539
-1526
-1412
-1299
-1187
-1121
-1048
-959
-859
-819
-852
-906
-927
-808
-570
-232
-23
7
-54
-137
-171
-212
-360
-590
-698
-664
-546
-409
-310
-339
-396
-410
-415
-352
-201
-4
185
354
371
304
301
374
435
444
450
469
502
550
730
945
1073
1030
856
685
659
778
913
944
843
764
759
820
851
805
671
592
579
611
709
937
1156
1246
1223
1084
951
892
969
1026
1117
1138
1041
975
924
983
1013
999
902
885
1016
1179
1392
1601
1774
1756
1556
1160
793
699
792
938
1111
1250
1242
1206
1157
1094
1065
1100
1031
965
1027
1188
1449
1566
1285
714
264
57
129
307
445
465
368
401
510
647
646
401
-49
-452
-472
-146
291
319
-102
-660
-984
-895
-654
-458
-396
-449
-473
-364
-200
-82
-123
-372
-707
-944
-853
-599
-303
-112
-196
-425
-693
-724
-490
-204
-233
-435
-545
-480
-210
-21
-21
-155
-283
-320
-142
105
283
366
437
500
452
473
502
430
337
396
430
352
331
463
569
617
757
797
683
586
735
1003
1166
1021
735
664
863
1110
1149
968
728
688
760
947
1164
1244
1168
1096
1184
1316
1493
1479
1282
1146
1164
1223
1236
1187
1036
1011
993
854
665
695
934
1104
1140
926
770
819
963
1006
922
735
479
330
245
177
205
375
300
122
-55
-311
-413
-448
-413
-267
-115
-162
-369
-566
-620
-553
-624
-812
-942
-862
-711
-527
-400
-457
-730
-1031
-1090
-950
-724
-509
-443
-423
-279
-176
-68
-437
-386
-559
-313
-227
-360
-53
266
691
592
303
-26
-99
113
226
262
154
132
39
-80
46
265
429
73
-326
-701
-481
-130
213
297
414
512
466
401
563
992
1262
1522
1396
1112
1098
1354
1503
1509
1442
1140
932
940
1119
1291
1449
1427
1195
1002
810
862
1109
1370
1388
1252
969
774
858
1133
1425
1467
1165
579
158
169
536
966
1060
774
353
134
165
417
616
575
320
-22
-151
-101
135
320
324
58
-373
-686
-699
-427
-127
-8
-173
-459
-657
-667
-648
-628
-581
-552
-516
-478
-410
-355
-352
-387
-422
-455
-554
-630
-580
-405
-250
-128
-147
-330
-482
-490
-428
-350
-306
-302
-308
-341
-365
-420
-494
-564
-589
-521
-397
-283
-257
-277
-281
-203
-108
-46
84
125
54
8
25
-8
-26
67
123
135
98
-8
-89
-164
-212
-244
-286
-419
-547
-561
-481
-364
-280
-310
-466
-638
-737
-691
-547
-376
-256
-262
-354
-425
-487
-498
-505
-555
-600
-558
-423
-263
-110
-73
-129
-231
-300
-297
-278
-289
-292
-310
-309
-260
-216
-242
-340
-460
-573
-622
-562
-430
-365
-376
-505
-540
-555
-542
-512
-533
-552
-602
-547
-484
-426
-362
-349
-465
-637
-809
-863
-841
-792
-813
-898
-988
-1020
-963
-899
-886
-1046
-1283
-1400
-1297
-1047
-850
-754
-852
-1053
-1321
-1510
-1527
-1419
-1286
-1266
-1297
-1312
-1257
-1177
-1158
-1220
-1341
-1492
-1623
-1631
-1494
-1274
-1092
-1050
-1146
-1272
-1315
-1286
-1196
-1125
-1094
-1126
-1124
-1045
-895
-744
-671
-667
-749
-785
-711
-529
-338
-175
-50
31
76
97
172
223
209
129
65
114
254
433
571
631
610
562
511
511
562
644
694
708
699
722
762
801
783
700
618
550
532
587
671
740
790
789
762
724
715
701
669
623
566
515
498
549
665
816
885
856
786
734
736
749
748
753
774
833
931
1028
1088
1085
1011
889
808
787
816
847
876
873
848
796
712
646
605
591
565
551
545
584
640
691
742
730
686
641
626
670
725
733
693
635
567
506
437
397
378
358
341
320
291
253
229
237
239
228
211
196
196
199
195
174
126
57
-1
9
67
127
152
106
33
-26
-54
-49
-22
4
20
39
44
58
72
80
63
46
51
78
122
154
161
141
112
91
105
134
184
235
272
263
200
114
75
66
51
-4
-86
-156
-179
-159
-141
-118
-145
-198
-255
-291
-315
-322
-342
-396
-462
-555
-611
-616
-583
-540
-505
-524
-599
-686
-750
-764
-735
-673
-620
-569
-540
-539
-548
-569
-608
-651
-712
-783
-833
-867
-888
-889
-897
-947
-1034
-1147
-1242
-1271
-1239
-1169
-1103
-1063
-1043
-1038
-1039
-1027
-1018
-995
-1002
-1043
-1082
-1108
-1099
-1089
-1084
-1073
-1047
-1000
-950
-902
-839
-786
-735
-692
-682
-701
-699
-674
-625
-584
-544
-532
-554
-576
-593
-589
-549
-486
-439
-397
-360
-336
-303
-254
-197
-130
-67
-20
5
12
26
52
73
87
75
64
85
144
227
312
354
359
359
340
351
400
469
556
624
657
647
591
544
531
543
574
619
661
676
676
671
645
609
587
574
585
607
644
674
696
710
715
705
682
668
673
709
740
757
738
710
684
678
683
700
713
706
688
649
610
570
537
523
535
547
543
510
477
448
435
426
411
398
386
390
407
392
353
307
266
223
187
149
140
157
166
167
138
107
75
47
15
-20
-52
-57
-56
-49
-39
-33
-26
-41
-66
-97
-123
-147
-168
-189
-208
-209
-202
-198
-197
-198
-211
-238
-261
-267
-266
-258
-245
-236
-230
-243
-259
-288
-304
-314
-315
-308
-320
-325
-326
-331
-335
-355
-372
-386
-395
-407
-413
-423
-441
-438
-420
-375
-329
-302
-281
-290
-300
-294
-294
-286
-285
-283
-273
-293
-291
-290
-283
-265
-243
-236
-209
-198
-187
-159
-161
-159
-171
-192
-226
-254
-265
-269
-240
-193
-146
-99
-68
-64
-64
-73
-89
-103
-112
-101
-90
-78
-80
-81
-87
-76
-60
-39
-12
1
20
28
42
72
92
104
98
102
100
102
103
112
128
136
153
148
165
202
238
249
236
190
141
101
66
50
51
71
100
121
156
178
185
187
167
160
150
144
149
167
201
235
253
253
246
236
249
273
284
305
338
378
421
430
431
421
408
426
447
463
476
483
500
527
544
552
567
579
602
612
615
600
581
554
534
517
521
539
566
596
615
629
628
621
601
588
604
646
664
683
689
688
694
695
691
684
682
683
678
676
679
674
654
618
571
529
502
499
488
488
485
472
469
465
468
471
468
464
438
410
370
320
283
255
249
263
295
315
322
314
307
294
271
235
207
175
146
127
107
80
49
18
-29
-51
-72
-96
-109
-129
-150
-169
-190
-223
-264
-305
-312
-320
-325
-336
-363
-376
-387
-391
-403
-419
-430
-442
-463
-503
-535
-559
-556
-557
-552
-543
-540
-528
-509
-495
-511
-532
-569
-602
-634
-644
-625
-609
-574
-552
-552
-544
-544
-543
-531
-511
-506
-503
-503
-501
-477
-458
-444
-443
-432
-431
-427
-426
-426
-413
-402
-379
-369
-342
-302
-268
-238
-210
-191
-190
-181
-173
-168
-172
-167
-160
-148
-140
-144
-139
-139
-142
-154
-166
-179
-190
-186
-177
-170
-165
-157
-159
-152
-137
-111
-88
-64
-62
-53
-53
-48
-52
-70
-76
-74
-77
-85
-69
-66
-56
-30
-18
-6
0
-16
-48
-54
-56
-72
-56
-63
-71
-67
-70
-84
-105
-110
-117
-120
-139
-155
-171
-185
-185
-175
-159
-142
-137
-138
-142
-150
-152
-155
-179
-188
-200
-205
-203
-199
-185
-182
-169
-175
-174
-171
-153
-134
-127
-129
-142
-149
-157
-146
-141
-140
-141
-142
-143
-139
-126
-123
-107
-100
-87
-71
-56
-53
-49
-31
-20
-21
-18
-20
-28
-40
-36
-30
-38
-35
-31
-37
-41
-40
-40
-38
-45
-41
-51
-62
-76
-83
-70
-52
-45
-48
-50
-65
-85
-109
-120
-127
-135
-146
-133
-119
-116
-99
-88
-85
-70
-75
-85
-96
-92
-79
-75
-69
-60
-70
-86
-84
-93
-84
-87
-87
-76
-81
-74
-67
-56
-39
-28
-29
-37
-48
-53
-62
-62
-46
-43
-33
-20
-6
-13
-19
-29
-48
-60
-72
-81
-81
-72
-74
-59
-54
-46
-54
-48
-62
-65
-63
-71
-67
-83
-71
-70
-61
-50
-45
-44
-40
-30
-40
-32
-30
-30
-21
-23
-24
-30
-39
-47
-50
-69
-75
-72
-73
-71
-57
-52
-37
-19
-25
-22
-32
-40
-44
-51
-50
-59
-61
-67
-77
-81
-86
-91
-93
-92
-92
-95
-93
-89
-77
-67
-57
-60
-66
-61
-67
-67
-71
-75
-93
-92
-90
-86
-73
-67
-55
-62
-58
-48
-42
-38
-40
-47
-41
-28
-23
-11
-6
-16
-12
-20
-18
-19
-20
-17
-12
-6
9
33
47
66
88
96
96
104
112
114
120
128
142
153
167
177
185
194
197
209
224
225
233
235
243
251
256
259
267
281
289
287
281
276
272
280
296
307
320
322
327
340
345
356
364
365
374
389
401
422
439
438
438
430
432
424
423
428
425
434
439
445
450
456
464
460
462
442
439
436
418
417
408
394
380
384
377
370
382
388
382
366
359
361
367
368
352
332
313
299
301
302
295
266
241
216
201
185
186
195
188
188
178
167
158
157
140
108
96
74
62
52
39
27
4
-9
-18
-29
-41
-51
-64
-76
-84
-97
-116
-122
-123
-118
-115
-133
-151
-181
-195
-217
-226
-228
-248
-262
-280
-286
-275
-269
-270
-267
-272
-286
-294
-304
-318
-328
-342
-351
-358
-361
-364
-369
-371
-381
-387
-391
-385
-382
-373
-375
-379
-371
-365
-349
-334
-323
-317
-313
-312
-302
-302
-298
-301
-302
-301
-301
-296
-290
-283
-287
-277
-273
-267
-263
-265
-262
-254
-244
-240
-225
-229
-224
-217
-215
-219
-218
-202
-197
-200
-193
-191
-182
-172
-167
-170
-168
-155
-153
-159
-166
-163
-162
-154
-142
-137
-142
-152
-152
-145
-130
-126
-132
-123
-129
-132
-126
-122
-117
-101
-91
-74
-71
-72
-66
-63
-41
-26
-25
-21
-33
-30
-24
-19
-15
-12
-2
7
20
17
14
-2
-3
2
1
14
6
2
12
23
11
2
-8
-3
-4
-7
-15
-18
-24
-37
-45
-42
-46
-57
-66
-75
-70
-75
-63
-66
-50
-43
-32
-25
-25
-25
-22
-31
-35
-27
-31
-29
-32
-30
-37
-42
-53
-57
-57
-59
-65
-64
-69
-77
-72
-71
-81
-84
-85
-85
-74
-72
-64
-66
-60
-61
-54
-53
-65
-56
-52
-47
-49
-42
-49
-42
-25
-19
-17
-17
3
0
9
7
14
17
23
38
44
54
70
75
84
93
98
105
109
124
130
136
143
152
153
161
167
170
170
170
183
186
193
197
199
213
217
222
223
224
240
245
252
254
255
256
252
256
252
251
254
251
256
246
242
229
221
222
230
230
232
238
238
237
232
232
231
232
229
225
221
221
211
209
205
199
206
210
222
222
206
192
179
176
171
169
148
126
109
94
87
68
58
43
31
15
7
-15
-27
-42
-56
-57
-70
-76
-82
-93
-105
-115
-125
-131
-134
-147
-163
-166
-161
-152
-156
-154
-155
-164
-168
-171
-172
-171
-173
-169
-164
-158
-145
-137
-134
-129
-124
-110
-105
-95
-86
-82
-78
-70
-59
-43
-31
-27
-18
-14
-14
-8
-10
-7
1
7
13
19
18
21
24
24
32
24
35
50
57
54
56
71
69
82
86
97
95
97
99
103
114
118
118
114
112
114
116
107
105
109
115
116
116
111
106
109
110
106
104
113
107
114
114
108
100
95
93
94
99
97
103
101
104
101
105
104
101
106
101
109
103
101
89
88
91
84
89
91
87
78
71
61
51
58
54
38
33
32
24
24
24
5
-6
-9
-12
-11
-29
-40
-60
-60
-62
-76
-106
-127
-132
-126
-125
-142
-151
-157
-168
-173
-179
-187
-194
-204
-218
-236
-248
-257
-255
-266
-276
-277
-289
-292
-291
-297
-300
-306
-304
-308
-315
-303
-314
-312
-320
-328
-321
-325
-326
-322
-314
-298
-288
-283
-272
-267
-269
-257
-262
-259
-256
-247
-231
-218
-200
-201
-185
-182
-172
-171
-164
-162
-161
-151
-147
-141
-128
-107
-98
-79
-65
-56
-46
-46
-41
-49
-38
-37
-29
-17
-15
-2
7
17
20
35
30
36
42
47
52
53
55
58
70
73
80
94
104
119
126
128
134
129
130
143
141
134
136
141
141
146
149
150
146
153
158
154
150
146
143
150
153
155
149
156
164
153
151
159
159
149
159
158
157
167
176
188
191
195
184
178
177
179
191
196
197
196
198
191
193
195
191
184
174
167
144
142
132
127
114
103
94
88
87
73
64
55
55
48
44
30
17
8
9
16
9
-2
-23
-38
-46
-47
-61
-69
-86
-104
-108
-119
-130
-146
-163
-186
-203
-209
-214
-224
-238
-244
-253
-260
-272
-272
-273
-282
-284
-301
-300
-307
-305
-308
-312
-313
-320
-321
-328
-336
-346
-344
-340
-335
-337
-349
-343
-356
-350
-344
-343
-337
-346
-342
-344
-347
-345
-333
-334
-334
-330
-332
-332
-322
-313
-315
-297
-289
-283
-279
-270
-251
-246
-233
-233
-224
-203
-190
-174
-163
-150
-143
-127
-126
-111
-104
-95
-90
-78
-62
-45
-23
-11
-9
-3
2
-5
3
15
12
15
15
16
31
35
33
31
30
34
37
38
35
27
25
40
35
34
36
32
23
21
23
21
28
18
12
8
-1
-6
-1
5
6
-1
0
-22
-25
-31
-38
-33
-43
-39
-44
-51
-45
-46
-47
-52
-75
-73
-88
-98
-105
-101
-83
-86
-89
-95
-106
-110
-113
-120
-119
-121
-123
-119
-127
-119
-115
-115
-108
-101
-94
-91
-85
-81
-74
-74
-72
-72
-60
-59
-56
-53
-56
-52
-55
-42
-38
-43
-43
-40
-38
-37
-42
-40
-41
-38
-37
-34
-25
-16
-15
-3
-4
-12
-8
-10
-4
-2
3
-1
-6
0
-11
-4
1
0
6
7
-4
-16
-22
-21
-2
18
