-36
-41
-45
-49
-53
-57
-49
-44
-55
-50
-53
-57
-53
-56
-54
-64
-67
-69
-77
-71
-61
-50
-34
-19
-35
-38
-42
-41
-42
-51
-43
-41
-38
-38
-44
-35
-36
-32
-32
-35
-39
-48
-51
-59
-53
-48
-54
-61
-55
-63
-57
-52
-67
-62
-69
-65
-61
-58
-56
-61
-44
-44
-41
-30
-30
-28
-31
-22
-19
-12
-15
-8
-10
-10
-7
-14
-12
-16
-13
-18
-22
-21
-23
-24
-30
-35
-39
-44
-48
-44
-49
-52
-51
-57
-63
-66
-59
-64
-65
-45
-49
-55
-54
-55
-56
-53
-49
-42
-37
-41
-40
-41
-39
-37
-38
-34
-34
-32
-41
-42
-53
-62
-64
-74
-74
-79
-78
-84
-81
-98
-101
-96
-104
-99
-105
-87
-88
-81
-77
-70
-64
-67
-62
-53
-44
-37
-24
-21
-22
-17
-14
-7
-9
-12
-22
-31
-34
-36
-41
-56
-67
-91
-108
-105
-119
-126
-133
-132
-136
-150
-151
-152
-151
-155
-151
-143
-136
-132
-127
-98
-77
-73
-64
-45
-30
-20
-6
5
19
22
17
13
32
32
23
26
11
0
-12
-23
-43
-53
-46
-48
-55
-64
-69
-76
-81
-74
-77
-70
-77
-83
-82
-70
-54
-44
-33
-19
-6
-13
-10
-13
3
20
11
23
9
15
3
31
13
-10
11
-48
-7
-34
-27
-28
-84
-48
-85
-71
-64
-92
-109
-97
-111
-99
-80
-112
-78
-114
-106
-76
-93
-60
-58
-57
-59
-48
-45
-27
-20
-33
-16
-34
-23
-23
-28
-19
-34
-37
-53
-37
-43
-51
-40
-39
-40
-42
-43
-47
-42
-58
-45
-43
-38
-54
-60
8
-14
-48
-43
-53
-44
-13
-5
-27
-50
-44
-18
-12
17
-7
-47
-22
-40
-25
-8
-32
-36
-42
-55
-55
-70
-72
-40
-60
-81
-79
-82
-51
-43
-56
-55
-54
-41
-24
-21
-20
-27
-26
-22
-4
11
17
7
11
18
20
29
21
20
20
22
13
15
3
-1
8
-7
-23
-21
-15
-19
-24
-29
-34
-49
-38
-25
-33
-22
-29
-26
-27
-31
-23
-23
-12
-9
-14
-21
-14
-15
-14
-11
-21
-28
-25
-21
-28
-24
-37
-54
-42
-49
-57
-67
-76
-83
-92
-92
-87
-79
-79
-78
-76
-74
-69
-58
-40
-34
-27
-21
-11
-6
2
5
1
6
8
15
10
14
6
1
-2
-9
-6
-13
-5
-18
-26
-36
-43
-46
-53
-48
-49
-41
-42
-33
-21
-23
-21
-17
-14
-7
2
4
15
25
22
24
27
34
40
41
45
37
30
25
24
17
7
12
14
15
16
6
10
12
3
-6
5
11
9
6
8
9
12
15
13
12
12
1
11
-2
-25
-13
-17
-14
-10
-9
-12
-36
-52
-48
-53
-55
-58
-66
-71
-54
-29
-52
-69
-61
-54
-26
-24
-38
-40
-33
-20
-14
-18
-13
-12
-4
-2
-11
12
32
17
2
-1
0
15
34
36
13
7
16
17
29
25
-3
0
-1
5
19
12
-6
-14
-19
-24
-26
-27
-20
-30
-40
-46
-54
-50
-57
-68
-81
-85
-77
-68
-72
-64
-64
-75
-71
-75
-63
-53
-41
-17
-10
-7
-4
7
28
48
48
60
54
56
71
78
63
76
61
71
63
42
46
35
27
18
-184
-1990
-1087
980
471
-933
-2347
-1783
-1901
-252
1087
-804
-2774
-2256
-696
-617
257
-388
-1001
-1468
-1134
-142
-368
57
-11
-445
-984
-915
-599
227
518
-318
-888
-1375
-633
245
526
137
-755
-922
-219
656
1081
1026
508
334
860
1352
1927
2084
2052
2179
1710
1817
1926
2266
2955
3076
2220
1162
1434
2489
3176
2334
1582
368
891
2568
2077
1179
-112
704
1273
968
948
-71
129
1091
1120
-18
-453
-2
1084
1256
118
-146
-150
633
1076
459
352
-294
162
1464
734
-326
-409
6
610
530
-451
-511
-890
-773
175
-755
-1238
-1526
-1229
-727
-1498
-1551
-1480
-1867
-1849
-1212
-1808
-2070
-1677
-1529
-1238
-2356
-2142
-1659
-1593
-1122
-1605
-2364
-2418
-1406
-1043
-1136
-1783
-1867
-1435
-1063
-1337
-1683
-766
-716
-880
-1367
-830
-617
-805
646
138
-855
-480
136
567
688
470
244
-429
-96
1028
221
-211
-172
-484
-505
-504
-617
-394
-478
-755
-536
-705
-17
498
644
1052
469
667
1870
3152
2726
2102
2375
2970
3684
3502
4230
3334
3043
3341
3266
3615
3717
2738
1472
2765
2164
1809
950
1265
1582
94
300
-574
-168
720
1085
-421
-1493
-1371
-40
1346
1
-144
-968
-538
575
253
178
-386
-987
-955
-148
-730
-1212
-1491
-1360
-1454
-2430
-1823
-2247
-2594
-1626
-1716
-2937
-3086
-2422
-2194
-1610
-1752
-2136
-2804
-2501
-1195
-1187
-1515
-1719
-1962
-1676
-1102
-1312
-967
-705
-1859
-1625
-922
-471
-125
-1230
-1383
-1442
-913
459
-400
-1415
-1212
-1071
-541
53
-659
-905
-967
-752
-76
-787
-493
-86
-505
-162
-308
-474
104
597
776
443
-94
951
1692
1735
2238
1763
1731
2114
3132
3631
3193
3152
2995
3634
4476
5216
5060
3671
4300
5573
5268
4495
4616
5268
4567
4011
3548
3148
3096
3773
3291
581
85
758
1358
542
-2052
-3605
-2779
-1627
-2138
-3314
-4905
-5380
-4946
-3488
-2794
-4738
-5215
-4011
-3385
-3010
-2354
-2133
-2077
-1546
-781
-476
-838
134
1215
830
309
25
204
917
1311
812
-274
-1225
-961
-208
-530
-1362
-2276
-2882
-2517
-2118
-2393
-2938
-3300
-3065
-2662
-2754
-2617
-1974
-2037
-1634
-1977
-2044
-653
-517
-161
-576
-541
-78
-59
512
777
375
-173
117
-179
212
342
-8
-402
-1040
-755
-542
-382
-505
-797
-1126
-855
-348
153
534
446
418
901
1881
2164
2617
3179
3230
2994
3466
4846
5708
5070
4766
5044
5151
6811
6953
6538
5689
5106
5989
5601
5657
4923
4382
3993
3572
2607
1590
1660
912
872
-947
-3240
-4165
-2884
-1190
-3413
-6165
-7021
-6264
-5402
-3909
-4112
-6358
-6843
-5344
-3321
-3209
-2743
-2196
-2667
-2123
-680
142
161
943
1324
981
371
678
1665
1983
1806
527
-606
-688
46
347
-457
-2014
-3121
-2899
-2592
-2426
-2716
-3458
-4103
-4101
-3453
-2938
-3060
-2700
-2348
-2512
-2822
-2265
-642
-141
-322
-849
-955
-517
698
1629
922
-119
-384
371
518
707
432
-334
-622
-917
-519
-1387
-672
-142
-984
-1391
-2162
-606
9
839
636
-194
297
1692
3337
3061
3431
2847
3986
4551
5031
6427
5361
5542
5279
5478
6650
7390
6287
5192
4386
4835
6440
4799
4696
3037
1843
3214
2548
2023
1049
325
3
-334
-1054
-438
-1570
-3673
-3381
-3639
-2131
-2368
-4675
-4994
-4845
-4366
-3075
-2879
-4097
-4304
-4122
-2760
-2175
-2256
-1270
-2000
-2235
-999
-547
-565
-7
69
-294
-794
-796
225
304
93
-365
-1363
-1676
-1155
-750
-970
-1709
-2765
-2778
-2244
-1887
-1985
-2605
-2884
-2744
-2404
-1953
-2221
-2285
-1554
-1602
-1865
-1974
-1278
-574
-615
-705
-1156
-1305
-469
284
149
-470
-990
-760
-162
234
-23
-567
-1087
-764
-300
-256
-124
-183
-47
-272
-145
870
1873
1824
1504
1611
2296
3606
3980
4093
4033
4193
4695
5001
5536
5338
5779
6078
5166
4718
6100
6945
5358
4428
4372
4631
4210
4385
4173
2359
1949
2418
2181
1415
1065
27
-658
-1927
-2818
-2257
-1903
-1957
-3981
-6007
-6015
-4731
-3662
-3280
-4913
-6816
-5972
-4372
-3041
-2815
-3193
-3588
-3767
-2622
-833
-390
-898
-572
-575
-606
-150
437
1072
873
178
-374
-585
-274
502
245
-828
-1958
-2493
-1661
-1180
-1626
-2283
-3144
-3190
-2662
-2398
-2241
-2809
-2743
-2789
-2760
-1855
-1712
-1797
-1831
-1371
-1371
-1055
-472
-220
-183
-416
-49
-272
68
703
566
33
-234
-88
93
435
80
-219
-527
-354
151
308
477
132
339
957
1627
1587
1670
2520
2813
3153
3613
4355
4477
4886
5024
5403
5465
5466
6583
6017
6179
6356
5873
5237
4672
5134
4005
4221
4946
3114
300
191
2706
2284
887
-1189
-2241
-1102
20
-1374
-4952
-4106
-2332
-2099
-3228
-4926
-5771
-4929
-2529
-2411
-3744
-5355
-4543
-3021
-1927
-1373
-2848
-3127
-1987
-844
-701
-877
-966
-575
-199
-578
-429
-599
-189
199
-283
-960
-1663
-1467
-716
-462
-1690
-2680
-2813
-2433
-1800
-1850
-2783
-3856
-3472
-2923
-2512
-2676
-2832
-2911
-3425
-2533
-2077
-2071
-1737
-1472
-1654
-1531
-880
-537
-1
-232
-147
-28
113
809
843
926
769
625
801
1363
1689
1458
1721
1538
1501
1897
2529
3047
2783
2708
2838
3099
3677
4365
4157
3974
3869
3922
5046
5341
4759
4254
4765
5099
4426
3976
5059
5206
3914
3947
3696
3547
3692
4162
3945
2468
1851
2292
2486
1942
2157
497
-2597
-3068
-434
1385
-1649
-5572
-6234
-5104
-4176
-3112
-3936
-7078
-7944
-6157
-4511
-4577
-4784
-4573
-5015
-4810
-3331
-2407
-2406
-1444
-833
-1542
-1842
-678
907
1329
721
-11
-224
96
1103
1532
745
-523
-1313
-856
-188
-386
-1288
-1959
-2420
-2545
-2131
-2011
-2383
-3025
-3043
-2940
-2561
-2499
-2947
-3019
-2238
-1556
-2110
-2254
-1875
-1212
-851
-436
-349
-773
-511
179
738
563
379
218
650
956
927
701
488
934
1178
885
543
806
1454
1751
1471
1259
1502
2013
2811
2964
2628
2524
2877
3767
4049
3963
4007
4061
4257
4553
4660
4662
4996
5044
4874
4329
3829
4457
4928
4308
4049
3557
3133
3668
3354
3085
3201
2144
1679
1378
1881
2510
496
-762
-381
-1819
-2622
-1070
-828
-2548
-5336
-5961
-4430
-4190
-3525
-3918
-6737
-7368
-5065
-4198
-3892
-3673
-4619
-5171
-4328
-1982
-1282
-2263
-1830
-1145
-1546
-1075
383
688
416
112
16
29
25
577
764
-118
-1051
-1369
-1147
-657
-982
-1786
-2461
-2556
-2241
-2177
-2282
-2876
-2964
-3120
-2863
-2715
-2757
-2259
-2481
-2169
-2162
-2048
-1430
-923
-486
-697
-665
-423
378
597
839
873
196
773
1261
1686
1422
1012
1299
1440
1558
1418
1762
1814
2262
2146
1810
2274
2668
2920
2817
3015
2913
3169
3401
3777
3700
3502
3978
4114
4114
4102
4127
3897
4463
4626
3804
3072
3572
4646
4650
3301
2411
2559
3237
4388
3298
2182
1660
1731
2515
2381
1831
743
-108
-958
-1253
-1212
-280
-866
-3675
-5014
-4978
-3724
-3015
-3718
-5470
-6990
-6534
-4844
-3899
-4394
-4826
-5778
-5474
-3627
-2572
-2561
-2841
-2480
-2353
-2066
-1003
107
61
-452
-392
-430
44
662
1015
475
-652
-962
-594
215
-61
-1105
-2201
-2048
-1266
-1460
-1790
-2582
-2667
-3036
-2549
-2367
-2807
-2763
-2666
-2118
-2725
-2328
-2015
-1466
-813
-1158
-1281
-1093
-4
478
513
246
325
772
1111
1840
1531
999
1535
2002
2278
1871
1803
2378
2607
2588
2424
2369
2695
3358
3385
2976
2571
2919
3583
4171
4169
3422
3641
3895
4466
4511
4094
4330
3889
4377
4504
3881
3771
3472
3765
4367
3542
2833
3084
2778
3195
3454
2851
1891
601
1240
2348
1487
60
-1832
-2876
-694
344
-2315
-4917
-5221
-4149
-3739
-3949
-4647
-6450
-7036
-5252
-4398
-5123
-5244
-5148
-4916
-4321
-3647
-3369
-3034
-2134
-1820
-2363
-2010
-666
-53
54
-68
-341
-461
38
1012
882
-255
-638
-450
-319
-358
-711
-1134
-1705
-1934
-1880
-1903
-2054
-2781
-3251
-3202
-2109
-2166
-3420
-3243
-2782
-2096
-1919
-1876
-1914
-2024
-1221
-410
126
-278
-371
-127
673
1571
1143
1056
1150
1646
1792
1815
2246
1997
2103
1856
2299
2455
2493
2522
2358
2662
2575
3048
3200
3121
3118
3320
3846
3815
3697
4022
4455
4485
4344
3945
3933
4442
4217
4357
4589
3986
3183
2695
4015
4602
3519
2475
2202
2908
3382
3315
1985
640
679
1930
2017
-429
-2628
-1991
-15
-508
-3259
-5171
-4960
-3582
-3225
-4215
-6027
-6889
-6107
-4962
-4365
-5004
-6197
-6050
-4426
-3490
-3842
-3904
-3041
-2425
-2482
-1999
-1250
-873
-523
-76
-101
-391
-177
686
1055
403
-369
-424
175
338
-241
-970
-1089
-1182
-1800
-1537
-1388
-1963
-2644
-3280
-2844
-2455
-2616
-2759
-3242
-3272
-2837
-2379
-1906
-1762
-2380
-1985
-932
-612
-473
-581
-38
462
538
840
1130
1286
1463
1642
1695
2059
2242
2334
2311
2149
2160
2484
2962
2818
2596
2361
2712
3506
3477
3394
3063
3547
4027
4211
4165
3795
4190
4232
4726
4307
4269
4265
3787
3916
4019
4393
3915
3597
2610
2818
3534
4121
3986
1799
1171
1346
2277
2683
1545
83
-1562
-2392
-1106
655
-1254
-4192
-5460
-4642
-3320
-3764
-4488
-5880
-6798
-6284
-5289
-4889
-4815
-5279
-5950
-5047
-4276
-3848
-3151
-2420
-2528
-3209
-2461
-901
-93
-387
-436
-501
-558
296
1036
1122
92
-517
-329
289
570
-376
-997
-1442
-1268
-1519
-1809
-1611
-2288
-2741
-3154
-3260
-2838
-2332
-2503
-3342
-3853
-3353
-1879
-1477
-1935
-2425
-2630
-1077
-175
-312
-254
-492
-267
663
1282
1269
1330
1020
1533
1775
1702
2507
2457
2119
1993
1990
2393
3079
2945
2557
2657
2485
3036
3210
3526
3909
3307
3272
3727
3902
4443
4888
4474
4132
3813
4262
5211
4948
4166
4018
3870
4206
4234
3595
4216
3466
2434
3228
3304
2385
1937
1445
1249
540
-1347
-960
9
-740
-2478
-4845
-4447
-2947
-3651
-4501
-5143
-6739
-6662
-5130
-4754
-5022
-6306
-6409
-5149
-4553
-4044
-3816
-3748
-3341
-3138
-2724
-1312
-931
-1236
-839
-597
-280
98
723
861
166
-230
307
569
442
307
-447
-936
-916
-899
-994
-1204
-1875
-2486
-2693
-2491
-2112
-2977
-2958
-3100
-3459
-2644
-2454
-2502
-2981
-2552
-1986
-1725
-1236
-1320
-1161
-870
-229
32
281
438
599
970
1164
1535
1320
1705
2067
1897
1931
2151
2469
2354
2464
2310
2385
2805
2903
3034
2626
2901
3085
3606
3769
3614
3767
3805
4395
4271
4547
4620
4464
4868
4606
4697
4544
5045
4969
3992
4028
4747
5093
4469
3599
2856
3137
2902
2528
2172
62
-816
-7
107
-1072
-3483
-4488
-3476
-3761
-4718
-4834
-6336
-7081
-6341
-6043
-5736
-6350
-7044
-6171
-5449
-5307
-4584
-4252
-3995
-3451
-3320
-2272
-1388
-1178
-683
-548
-472
336
855
1047
1149
686
532
958
1070
908
478
82
-318
-574
-323
-559
-1652
-2394
-2004
-1772
-2218
-2727
-3453
-3218
-3238
-3246
-2478
-2864
-3183
-3535
-2976
-1496
-1712
-2133
-1900
-1477
-986
-75
-91
-157
188
23
1153
1429
1017
1242
1641
1892
1859
1777
2106
2560
2085
2219
2223
2449
2796
2681
2747
2600
2776
2954
3435
3635
3459
3363
3379
3982
4502
4848
4495
3847
4526
4892
5260
5394
4547
4281
4942
5012
4964
5014
4204
4494
3932
3019
3498
3013
2337
1204
-173
-374
250
-481
-2030
-3926
-4528
-3418
-4172
-5072
-5652
-6712
-6890
-6589
-6229
-6085
-6686
-7006
-5817
-5583
-5392
-4456
-4131
-3719
-3492
-2915
-1875
-1262
-955
-482
-321
-57
671
1002
1400
1167
713
976
1300
1351
1000
432
-10
144
-119
-451
-673
-1374
-1725
-2262
-2190
-1988
-2474
-3296
-3525
-3302
-2961
-2876
-3299
-2837
-3219
-2977
-2306
-2069
-1624
-1868
-1459
-916
-527
-379
30
328
521
827
845
1480
1426
1681
1859
1644
1920
2094
2338
2147
2306
2078
2270
2624
2493
2694
2443
2544
2825
3237
3240
3421
3371
3667
4332
4336
4610
4023
4359
5241
5113
4798
4198
4651
5565
5320
4155
3751
4161
4769
4952
4034
3295
1908
1989
3449
2829
643
-1215
-861
485
-102
-2654
-3701
-3608
-3987
-3933
-4499
-5209
-6221
-6618
-5880
-5483
-5959
-6356
-5926
-5509
-5359
-5267
-4259
-3506
-3832
-3531
-2852
-2032
-1423
-1018
-727
-592
-571
104
1099
1045
556
300
742
1178
879
720
493
52
-211
-292
-131
-226
-1117
-1796
-2007
-1973
-1931
-1779
-2008
-3120
-3718
-3298
-2070
-1716
-2601
-3474
-3364
-2160
-1231
-1254
-1799
-2076
-1669
-444
185
55
-226
-403
347
1132
1331
1196
1196
1184
1470
1952
2154
2273
2078
2053
2140
2439
2585
2764
2754
2499
2915
2997
3303
3327
3468
3660
3655
3845
3834
4406
4377
4544
4340
4200
4837
4884
5014
4521
4334
4746
4805
4573
4551
4493
4074
3582
2870
3438
3475
2030
1020
-83
87
686
-137
-1942
-3579
-3952
-3165
-3130
-4541
-5360
-6380
-6554
-5603
-5634
-5851
-6482
-6677
-5918
-5413
-5125
-4473
-4241
-4313
-3721
-3143
-2182
-1520
-1379
-1187
-998
-390
313
887
896
595
442
884
1392
1312
1069
478
290
386
330
248
-330
-935
-1164
-1197
-1617
-1993
-1718
-1881
-2483
-3220
-2962
-2221
-2384
-2691
-2925
-2866
-2697
-1922
-1573
-1631
-2094
-2052
-735
-439
-231
-440
-495
139
517
1022
1088
948
785
1317
1796
1750
1743
1765
2091
1949
1915
2262
2459
2448
2258
2467
2749
2975
2864
3093
3285
3288
3530
3841
4167
4114
3856
4250
5034
4774
4525
4615
4491
5146
4917
4873
4763
4185
4578
5031
4618
3538
3044
3079
3438
2530
1105
379
58
392
-270
-1896
-3344
-3431
-3097
-3702
-4627
-5459
-5856
-6114
-5906
-5808
-6047
-6494
-6360
-5506
-5510
-5387
-4761
-4259
-3893
-3587
-3190
-2435
-1630
-1450
-971
-730
-509
150
698
900
763
664
817
1304
1284
938
771
476
260
294
195
-131
-558
-1168
-1300
-1278
-1279
-1573
-2438
-2746
-2381
-2123
-2509
-2884
-3018
-2789
-2503
-2551
-2085
-2038
-2327
-2036
-1623
-1114
-746
-642
-824
-558
-252
455
1035
664
244
373
1324
1793
1769
1371
868
1455
2028
2241
2222
1666
1439
2279
2680
2644
2613
2295
2747
3182
3313
3449
3652
3702
3811
3934
4303
4717
4643
4653
4567
4753
5146
5054
5064
5024
5029
4963
5123
4723
4312
4055
3936
4209
3114
1623
563
833
1855
1151
-1497
-3777
-3329
-2119
-2318
-4155
-5639
-6309
-6538
-5482
-5146
-6038
-7394
-7381
-6118
-5500
-5591
-5342
-4891
-4909
-4461
-3613
-2662
-1943
-2028
-1736
-1310
-629
242
843
802
468
505
1151
1910
1828
1231
814
749
1087
1113
686
340
-243
-487
-698
-901
-706
-1214
-1943
-2118
-2331
-2379
-2075
-2355
-2595
-3069
-3408
-2301
-1948
-2315
-2696
-2789
-1989
-1188
-1231
-1276
-1126
-1229
-495
143
189
326
67
232
820
959
1032
1309
1060
1008
1211
1238
1806
1853
1363
1255
1515
1958
2292
2248
1989
1979
2058
2728
3378
3227
2673
2805
3393
3950
4368
4199
4047
3885
4183
5024
5483
5119
4558
4590
4986
5436
5448
5245
4483
3892
4023
4310
4174
3078
2179
1054
35
801
1554
51
-2877
-4188
-2983
-2096
-3369
-4675
-5539
-6696
-6203
-5126
-4907
-5958
-7281
-6774
-5380
-5024
-4930
-4523
-4679
-4480
-3850
-2865
-1716
-1811
-2103
-1619
-923
-238
473
627
351
178
382
1277
1678
1172
552
398
612
738
798
380
-241
-786
-755
-434
-653
-993
-1539
-1778
-1919
-1822
-1907
-2138
-2449
-2341
-2065
-2802
-2495
-2247
-1911
-1865
-2594
-2130
-1689
-1234
-933
-960
-1408
-1214
-390
313
426
-486
-338
445
977
1002
730
574
806
1202
1453
1644
1167
1052
1553
1866
1929
1859
1892
2046
2251
2418
2811
2864
2735
2898
3311
3767
4105
4003
3727
4007
4367
5122
5110
4633
4609
4772
5381
5605
5184
4615
4958
5009
4836
4358
3675
4147
3706
2598
1107
444
1593
2097
-125
-3034
-3198
-2211
-1800
-3137
-4678
-5537
-6381
-5638
-4694
-5084
-6740
-7408
-6424
-5494
-5324
-5487
-5221
-5219
-4792
-4178
-3266
-2566
-2831
-2576
-2051
-1459
-725
-180
-50
-68
-188
147
1275
1373
901
574
391
985
1211
904
609
78
-301
-10
155
-330
-931
-1107
-896
-975
-1626
-1819
-1702
-2056
-2178
-2064
-2064
-2287
-2659
-2305
-2131
-2282
-2125
-1940
-1880
-1888
-1643
-1141
-709
-1024
-1015
-494
-124
185
102
138
534
624
714
996
1085
948
1053
1242
1487
1515
1401
1492
1720
1791
1955
2147
2102
2245
2540
2717
2907
3036
3267
3604
3841
3752
3988
4157
4424
4990
4656
4495
4780
4897
5072
5092
4942
5006
4602
4456
4726
4316
3943
3910
3344
2608
2207
2042
1202
61
144
515
-1084
-3125
-3056
-2212
-2878
-4301
-4868
-5046
-5577
-5599
-5102
-5313
-6400
-6574
-5561
-5073
-5287
-5266
-4913
-4428
-4121
-3837
-3077
-2594
-2641
-2218
-1608
-1203
-787
-536
-205
55
-65
252
891
868
623
514
585
820
867
468
334
189
-8
7
-299
-508
-623
-822
-974
-1228
-1638
-1786
-1413
-1812
-2166
-2534
-2445
-1839
-2217
-2409
-2661
-2493
-1889
-1699
-1801
-1985
-1753
-1466
-770
-747
-667
-608
-593
231
403
454
477
600
770
1079
1231
1370
1618
1215
1487
1708
1830
2081
2029
2151
2232
2224
2322
2850
2887
2855
2996
3103
3464
3556
3829
4089
3983
3941
4314
4643
4774
4833
4586
4767
4758
4760
5100
4747
4856
4774
4018
3874
4088
4178
3621
2281
1688
1530
878
1196
1244
-812
-2817
-3037
-1688
-1561
-3662
-5056
-5249
-5560
-5228
-4688
-5334
-6619
-7232
-6207
-5025
-5366
-5740
-5581
-5382
-4916
-4274
-3472
-3049
-3352
-3228
-2350
-1523
-930
-814
-797
-573
-344
342
1115
1010
583
404
780
1432
1444
931
653
458
558
700
324
154
-250
-686
-597
-699
-803
-1063
-1651
-2044
-1802
-1451
-1452
-2124
-2929
-2634
-1768
-1553
-1916
-2547
-2639
-1681
-1176
-1114
-1364
-1670
-1179
-551
-115
-150
-263
-245
260
605
671
1009
931
1081
1034
1244
1763
1922
1732
1411
1707
2108
2639
2507
2157
2234
2308
2959
3227
3086
3058
2930
3212
3876
4110
3892
3834
3801
4498
4703
4310
4611
4565
4545
4451
4496
4818
4933
4210
3559
3788
4084
4303
3203
1911
2010
2015
1295
489
607
185
-1410
-2797
-2300
-1628
-2817
-4100
-4618
-4941
-5311
-4971
-4521
-5480
-6697
-6533
-5242
-4837
-5397
-5614
-5307
-4950
-4589
-3764
-3402
-3421
-3440
-2929
-1967
-1506
-1369
-1168
-896
-693
-219
316
603
603
269
512
923
1142
1206
921
662
461
576
932
773
307
-298
-320
-81
-100
-343
-955
-1195
-1345
-1263
-1081
-1252
-1773
-2567
-2367
-1584
-1198
-2055
-2712
-2358
-1752
-1336
-1597
-1581
-1619
-1493
-783
-332
-395
-671
-334
286
601
512
725
1203
1096
1112
1316
1860
2023
1742
1773
1992
2262
2383
2422
2466
2473
2508
2579
2930
3072
3107
2984
2846
3230
3577
3755
3782
3696
3426
3757
4291
4442
4264
3666
3756
4320
4327
4433
4001
3340
3254
3639
3924
3414
2196
1734
2071
1892
882
-128
123
385
-1001
-2579
-2677
-1918
-2225
-3638
-4406
-4580
-4840
-4591
-4232
-5004
-6039
-6108
-4993
-4276
-5011
-5448
-4959
-4558
-4203
-3834
-3512
-3260
-3285
-2986
-2147
-1735
-1649
-1396
-1165
-868
-600
-178
296
279
17
133
673
978
832
671
558
560
639
796
875
347
-170
-130
296
264
-279
-546
-855
-1002
-998
-700
-520
-1395
-2354
-2070
-1143
-827
-1419
-2321
-2367
-1719
-1210
-801
-1223
-1885
-1806
-838
-38
-169
-744
-778
-74
475
629
866
706
714
1002
1467
2007
1908
1645
1703
2090
2340
2645
2690
2424
2351
2499
3068
3321
3028
2843
2896
3237
3413
3733
3613
3187
3245
3741
4187
3966
3481
3488
3890
3807
3722
3957
3759
3098
2714
3205
3866
3153
1865
1562
2029
1944
1519
822
-358
-877
-274
168
-1114
-3128
-3228
-2029
-2213
-3584
-4194
-4276
-4433
-4415
-4383
-4542
-5107
-5313
-4774
-4440
-4738
-4746
-4281
-4081
-4077
-3908
-3392
-2791
-2736
-2826
-2409
-1819
-1475
-1141
-974
-876
-609
-297
210
497
257
142
581
845
881
834
715
638
559
550
812
791
150
-206
28
237
139
-409
-927
-671
-490
-605
-755
-1505
-1773
-1314
-918
-902
-1739
-2242
-1714
-1034
-982
-1315
-1579
-1498
-1075
-572
-313
-412
-660
-434
145
613
639
667
791
901
1246
1632
1895
1936
1592
1644
2323
2684
2624
2383
2168
2547
2842
2794
3051
3036
2590
2578
2956
3448
3451
2844
2802
3034
3268
3383
3535
3309
2821
3045
3354
3566
3419
2989
2735
2671
2835
3074
3002
2004
1464
1769
1892
1794
610
-506
-198
488
-108
-1503
-2552
-2308
-1625
-2435
-3430
-3720
-4171
-4161
-3995
-4261
-4788
-5123
-5020
-4536
-4595
-5034
-4630
-4317
-4381
-4267
-3921
-3459
-3121
-3121
-2998
-2415
-2042
-1740
-1260
-1250
-1117
-698
-309
62
141
18
290
663
675
850
924
817
812
754
884
934
751
459
542
345
-61
195
242
-123
-754
-856
-266
-463
-1102
-1335
-1121
-1264
-1315
-1146
-1227
-1583
-1786
-1255
-888
-1102
-1272
-1070
-764
-698
-444
-153
21
-56
-12
561
812
979
996
1156
1397
1447
1765
2150
2156
1829
1860
2518
2881
2576
2143
2441
2900
2942
2654
2672
2959
2853
2738
2867
3068
3112
2874
2743
3030
3016
2900
3056
2985
2853
2740
2785
2940
2594
2354
2555
2595
2107
1550
1710
1890
1499
854
557
293
-252
-417
-64
-448
-1983
-2781
-1992
-1544
-2405
-3590
-3797
-3597
-3785
-3809
-3746
-4270
-4898
-4658
-4001
-3904
-4361
-4453
-4021
-3837
-3762
-3422
-3006
-2884
-3032
-2720
-2109
-1686
-1535
-1430
-1291
-1028
-601
-204
58
-55
-139
211
635
839
748
607
593
813
873
917
847
505
284
419
687
450
-83
-277
-46
58
-577
-706
-539
-782
-905
-1033
-1111
-1220
-1272
-1015
-952
-1489
-1526
-857
-627
-877
-1062
-837
-357
-154
-186
-50
194
231
583
882
880
1099
1117
1298
1564
1753
1954
2019
1894
1880
2265
2490
2692
2596
2130
2262
2733
3172
2953
2417
2331
2793
3212
2946
2764
2484
2571
2862
2843
2875
2628
2430
2428
2454
2657
2561
2311
1998
1970
1985
2044
1934
1445
1072
864
927
945
431
-428
-793
-409
-412
-1221
-2224
-2287
-1858
-2357
-2963
-3170
-3347
-3643
-3719
-3597
-3729
-4129
-4293
-3838
-3764
-4072
-3862
-3562
-3457
-3483
-3367
-2919
-2576
-2592
-2500
-2086
-1891
-1659
-1306
-1112
-980
-897
-638
-176
20
-115
-42
252
394
541
563
606
694
529
429
710
765
361
400
345
183
-6
-111
158
-38
-554
-724
-656
-741
-770
-500
-1021
-1470
-1315
-899
-543
-1001
-1410
-1125
-872
-685
-339
-305
-611
-579
-130
474
640
328
331
793
1111
1290
1541
1386
1315
1667
1980
2188
2067
1872
2204
2399
2300
2559
2561
2205
2409
2752
2884
2670
2209
2527
3155
2731
2378
2651
2648
2750
2717
2531
2679
2395
2144
2684
2569
2052
2013
1955
1902
1949
1506
1353
1269
756
690
738
204
11
-153
-704
-946
-1311
-1462
-1205
-1822
-2744
-2707
-2546
-2548
-2810
-3454
-3558
-3321
-3552
-3336
-3225
-3672
-3684
-3437
-3264
-2972
-3060
-3111
-2705
-2676
-2606
-2101
-1930
-1901
-1805
-1740
-1285
-945
-972
-856
-673
-659
-385
-128
-100
-43
-118
-47
295
265
82
247
234
90
89
101
208
77
-249
-149
-125
-355
-371
-369
-498
-621
-773
-787
-616
-674
-816
-966
-940
-729
-576
-652
-614
-520
-531
-285
-20
37
99
127
365
684
749
877
1023
1083
1239
1454
1612
1816
1798
1813
2010
2098
2188
2334
2309
2267
2334
2433
2550
2502
2324
2481
2671
2402
2335
2409
2486
2551
2251
2162
2360
2352
2196
2166
2030
2037
2043
1846
1872
1938
1683
1492
1361
1381
1493
1281
866
644
617
507
483
-46
-730
-679
-401
-733
-1541
-2075
-1901
-1730
-2256
-2755
-2813
-3093
-3248
-3132
-3202
-3471
-3721
-3618
-3344
-3373
-3559
-3367
-3111
-3142
-3094
-2846
-2593
-2412
-2366
-2199
-1924
-1739
-1548
-1231
-1091
-1106
-908
-573
-277
-219
-318
-176
88
189
300
323
224
227
380
467
381
160
149
259
167
21
-230
-169
-6
-175
-521
-711
-660
-411
-546
-800
-785
-863
-789
-562
-680
-665
-547
-426
-302
-320
-150
183
315
165
308
740
920
1034
957
1104
1433
1473
1684
1934
1789
1780
2030
2191
2382
2243
2264
2463
2328
2267
2668
2689
2414
2185
2313
2640
2623
2117
2160
2289
2186
2246
2106
1981
1942
1898
1907
1829
1638
1540
1781
1747
1266
1153
1181
1416
1199
613
507
626
505
321
100
-276
-590
-810
-881
-768
-1139
-1761
-2007
-2075
-2020
-2176
-2481
-2761
-3000
-3099
-2965
-2785
-3018
-3338
-3323
-3156
-2968
-2925
-2901
-2858
-2860
-2749
-2436
-2185
-2169
-2110
-2003
-1777
-1494
-1324
-1153
-1079
-1125
-917
-594
-438
-396
-436
-431
-232
-69
-11
-4
-122
-185
-66
-20
61
10
-181
-284
-225
-126
-49
-182
-418
-436
-278
-139
-162
-309
-364
-295
-102
11
-8
51
48
112
278
420
595
623
600
749
964
1078
1257
1309
1226
1371
1545
1678
1788
1735
1860
1952
1799
1707
2053
2347
2244
1896
1741
2071
2388
2188
1992
1860
1750
1891
2125
2005
1483
1382
1653
1751
1475
1190
1162
1215
1158
1103
964
855
829
868
929
649
304
433
710
610
229
54
86
119
5
-194
-319
-532
-742
-795
-745
-959
-1373
-1552
-1572
-1649
-1826
-1984
-2062
-2262
-2417
-2346
-2318
-2492
-2637
-2579
-2485
-2500
-2547
-2434
-2335
-2379
-2292
-2103
-2002
-1947
-1852
-1651
-1523
-1486
-1351
-1127
-1019
-981
-859
-711
-614
-528
-405
-332
-331
-259
-127
-50
-121
-169
-105
-6
52
15
-63
-115
-54
37
146
124
14
-38
67
292
380
302
269
309
372
627
743
700
670
622
831
966
1013
1178
1126
998
1196
1339
1319
1307
1318
1395
1441
1490
1458
1384
1518
1618
1463
1402
1440
1433
1496
1562
1460
1289
1185
1334
1386
1267
1201
1059
1077
1046
1029
1038
934
759
648
758
747
623
580
572
423
358
403
330
306
197
53
50
1
-65
-78
-134
-330
-427
-440
-467
-536
-640
-749
-861
-917
-948
-1005
-1090
-1166
-1194
-1212
-1239
-1276
-1279
-1271
-1291
-1291
-1285
-1279
-1248
-1185
-1170
-1168
-1174
-1150
-1123
-1087
-1076
-1091
-1083
-1079
-1049
-1022
-995
-985
-976
-958
-929
-890
-873
-863
-846
-835
-798
-761
-764
-763
-734
-709
-694
-638
-598
-593
-565
-505
-400
-374
-357
-290
-221
-159
-71
-20
6
78
163
252
306
352
419
501
566
616
676
731
795
853
890
920
965
1037
1093
1098
1089
1116
1160
1177
1177
1174
1153
1141
1142
1142
1121
1071
1041
1019
998
967
923
862
806
770
737
720
668
606
562
529
491
439
389
342
318
279
246
220
183
121
97
64
24
24
0
-30
-85
-125
-141
-163
-186
-208
-226
-242
-263
-291
-330
-344
-367
-384
-403
-422
-427
-437
-457
-487
-504
-506
-519
-515
-528
-554
-556
-567
-559
-574
-598
-617
-630
-633
-623
-634
-657
-667
-688
-701
-693
-692
-704
-710
-708
-697
-686
-695
-704
-697
-689
-677
-645
-611
-607
-599
-586
-556
-516
-489
-468
-451
-428
-375
-318
-305
-263
-223
-179
-109
-95
-61
-5
42
97
128
175
227
281
321
364
414
454
485
510
554
603
639
674
691
745
784
807
808
809
826
825
844
839
838
833
825
803
777
750
715
697
663
622
580
557
524
490
445
401
369
342
329
291
249
220
201
168
141
118
98
76
42
15
-3
-20
-38
-67
-99
-120
-119
-125
-146
-172
-204
-199
-209
-210
-222
-257
-273
-277
-266
-273
-290
-311
-294
-286
-296
-296
-293
-293
-296
-288
-288
-282
-277
-284
-295
-307
-304
-295
-288
-299
-320
-325
-330
-343
-366
-381
-396
-397
-414
-444
-464
-476
-475
-491
-517
-555
-567
-572
-571
-570
-589
-588
-577
-567
-551
-540
-531
-512
-480
-454
-407
-374
-340
-304
-272
-227
-190
-138
-106
-71
-41
9
67
112
143
169
216
256
284
311
336
377
415
450
468
471
493
517
538
545
565
584
596
578
584
598
589
577
544
530
532
529
500
486
461
433
410
382
352
319
293
284
247
207
188
159
140
105
94
83
58
30
-2
-17
-41
-58
-66
-72
-71
-76
-79
-74
-77
-82
-64
-54
-38
-40
-33
-32
-21
1
19
25
29
43
45
65
63
63
55
54
50
46
40
22
15
17
2
-16
-19
-47
-80
-108
-129
-139
-165
-202
-242
-278
-308
-338
-351
-373
-402
-441
-480
-509
-501
-515
-536
-557
-567
-571
-567
-547
-556
-581
-586
-563
-539
-527
-526
-531
-501
-449
-423
-402
-390
-354
-308
-257
-202
-188
-168
-127
-73
-27
1
35
67
103
143
193
216
235
256
302
324
323
351
383
404
387
391
416
433
434
428
416
401
390
402
401
358
335
341
358
346
310
290
280
266
244
233
215
188
170
152
137
119
90
87
74
64
33
26
30
16
6
-7
-7
-11
-8
3
-4
-17
-16
-2
6
10
33
50
55
75
85
96
101
102
105
115
132
131
115
89
94
87
82
78
56
33
19
10
0
-30
-56
-87
-112
-119
-141
-161
-189
-215
-249
-254
-268
-309
-331
-355
-376
-403
-427
-446
-455
-477
-510
-501
-499
-508
-518
-527
-529
-535
-526
-508
-497
-496
-469
-441
-415
-382
-373
-332
-288
-253
-217
-169
-130
-105
-64
-14
29
57
93
116
133
153
187
224
251
271
263
278
293
297
292
293
304
319
311
294
288
283
285
277
278
269
267
272
264
251
239
235
237
223
214
204
191
190
173
164
150
134
115
115
113
95
71
61
55
47
23
3
-7
-14
-14
-41
-49
-46
-39
-24
-24
-33
-37
-27
-23
-7
1
11
29
47
45
52
58
65
80
93
94
75
74
78
81
69
61
37
14
-9
-20
-21
-46
-74
-102
-123
-156
-185
-210
-249
-272
-276
-304
-339
-359
-379
-404
-428
-433
-435
-438
-447
-460
-466
-466
-456
-453
-453
-440
-415
-394
-379
-357
-332
-306
-275
-236
-210
-193
-166
-128
-98
-80
-44
-11
8
34
60
83
106
119
137
158
185
198
197
204
218
225
242
246
247
261
272
289
295
275
258
263
279
268
258
240
245
259
257
241
218
191
177
195
175
153
134
121
111
105
108
97
77
65
77
68
50
41
35
35
29
20
28
34
23
11
10
29
24
16
7
3
19
31
39
35
32
33
40
49
41
26
30
38
26
26
30
24
10
1
-5
-21
-23
-38
-54
-70
-79
-89
-106
-123
-151
-172
-191
-209
-223
-238
-252
-280
-298
-300
-303
-325
-357
-364
-367
-366
-373
-381
-396
-396
-384
-365
-353
-359
-359
-329
-291
-279
-252
-220
-200
-182
-153
-123
-95
-74
-52
-21
9
23
49
74
83
91
104
136
139
129
141
156
160
161
175
180
171
161
171
189
191
184
183
181
180
182
196
190
178
173
177
180
178
172
169
169
160
146
137
142
133
120
104
119
116
104
84
69
61
54
58
55
46
32
28
26
40
32
29
34
29
25
48
51
41
26
32
57
62
69
59
53
47
50
48
59
58
40
50
52
52
37
32
36
17
13
6
-13
-36
-38
-42
-53
-69
-94
-112
-134
-153
-176
-191
-211
-235
-255
-264
-271
-304
-319
-336
-343
-347
-353
-353
-363
-366
-362
-339
-328
-324
-321
-300
-269
-250
-219
-197
-192
-188
-171
-150
-120
-88
-73
-54
-43
-32
-24
-18
-4
3
17
10
21
38
50
61
63
58
57
69
102
123
124
121
121
137
133
137
149
166
175
174
174
189
191
187
185
184
192
191
192
181
173
161
164
158
142
135
106
97
88
87
86
78
65
47
44
33
21
26
21
19
16
24
33
44
41
39
31
33
44
56
68
64
71
80
89
97
92
89
90
88
83
92
88
67
68
54
41
21
13
8
-3
-24
-48
-62
-83
-92
-119
-139
-161
-179
-186
-209
-228
-249
-261
-280
-289
-293
-313
-324
-331
-330
-333
-332
-329
-332
-329
-311
-293
-290
-281
-270
-254
-236
-224
-203
-186
-161
-143
-123
-103
-92
-73
-52
-16
3
18
22
39
45
55
60
62
82
93
106
112
112
105
111
105
90
103
104
110
111
102
94
83
82
79
89
87
88
88
82
88
86
83
89
101
107
107
106
106
111
108
100
103
102
109
134
128
120
122
112
110
102
91
100
98
90
89
92
93
87
91
98
94
83
84
95
97
114
102
102
122
126
133
123
128
117
108
96
88
80
77
76
58
47
32
22
11
-12
-28
-36
-46
-64
-79
-99
-122
-148
-160
-166
-184
-208
-217
-229
-242
-250
-264
-270
-271
-283
-280
-278
-283
-286
-284
-277
-269
-257
-244
-248
-245
-216
-200
-175
-159
-151
-143
-127
-98
-92
-79
-69
-57
-42
-34
-17
-2
10
7
16
36
47
47
54
63
64
75
81
91
80
69
85
100
111
107
112
116
120
120
128
129
129
138
149
162
160
156
156
162
169
156
160
159
150
148
137
141
132
125
119
120
109
93
89
88
77
63
67
60
57
61
62
64
56
57
61
66
66
69
93
101
102
111
111
125
124
123
153
166
154
148
145
133
125
120
118
104
84
70
59
39
14
-10
-32
-52
-70
-81
-104
-124
-150
-171
-183
-195
-195
-207
-215
-221
-231
-231
-231
-234
-247
-237
-228
-223
-230
-225
-206
-202
-198
-208
-202
-203
-197
-183
-177
-176
-188
-184
-180
-171
-159
-163
-177
-166
-148
-139
-130
-123
-116
-95
-71
-64
-57
-42
-28
-11
-1
1
15
26
42
51
58
71
78
80
87
88
89
89
87
78
75
75
79
81
87
81
69
71
68
70
74
60
58
70
81
82
88
96
83
87
103
120
138
139
150
153
151
150
150
157
162
165
163
169
162
165
160
150
152
155
163
155
144
138
130
127
127
120
114
101
105
102
96
96
84
69
58
52
47
34
23
11
-13
-25
-33
-58
-78
-86
-96
-114
-134
-151
-177
-198
-204
-217
-227
-249
-272
-273
-277
-279
-285
-301
-301
-289
-278
-274
-281
-282
-270
-261
-241
-226
-209
-189
-175
-156
-141
-136
-123
-104
-80
-64
-50
-28
-22
-9
-4
11
18
26
37
35
41
52
47
50
46
40
47
31
67
72
55
57
45
47
43
46
55
53
52
53
62
73
84
77
81
87
84
95
102
105
108
109
112
122
128
125
125
117
113
106
105
106
103
115
111
106
101
93
97
91
92
95
107
106
107
111
110
118
117
116
121
124
121
127
136
128
128
125
125
118
112
108
100
92
65
53
41
33
23
-1
-7
-32
-50
-73
-86
-108
-128
-130
-148
-157
-170
-190
-205
-212
-218
-228
-232
-234
-233
-237
-232
-230
-226
-223
-221
-209
-205
-202
-202
-198
-193
-188
-174
-160
-154
-159
-162
-142
-138
-127
-95
-97
-96
-80
-77
-67
-65
-71
-59
-55
-44
-56
-52
-35
-36
-31
-27
-24
-34
-27
-15
-14
-20
-24
-15
-7
0
-9
-2
1
1
12
11
12
13
18
25
21
23
39
47
44
50
57
52
47
60
56
54
78
79
71
79
77
77
78
83
93
93
89
99
118
100
94
89
110
125
108
118
124
133
127
133
157
148
128
129
150
125
112
111
94
78
60
59
47
20
-5
-13
-15
-33
-60
-72
-88
-110
-119
-122
-138
-157
-166
-172
-183
-189
-195
-202
-209
-209
-215
-217
-208
-226
-232
-259
-262
-246
-252
-260
-257
-273
-293
-279
-283
-272
-274
-270
-256
-260
-254
-255
-240
-219
-200
-192
-184
-206
-179
-121
-118
-100
-94
-72
-50
-44
-37
-33
-22
-3
18
29
32
25
19
26
30
38
36
18
16
10
18
32
17
6
4
-7
-6
0
3
7
-1
4
8
11
14
24
25
45
54
47
66
63
66
78
84
97
101
99
96
103
102
111
112
114
117
111
116
101
105
109
111
112
105
105
95
111
117
121
126
131
125
109
106
97
92
85
82
88
82
76
63
66
50
24
11
-2
3
-18
-31
-51
-77
-84
-106
-122
-132
-144
-169
-178
-185
-192
-192
-199
-203
-225
-227
-226
-224
-225
-238
-236
-226
-216
-224
-226
-215
-215
-206
-193
-183
-186
-179
-167
-169
-162
-151
-141
-139
-129
-121
-113
-101
-91
-90
-90
-78
-73
-55
-47
-42
-40
-42
-23
-22
-14
-12
-8
1
3
7
7
11
11
26
32
34
38
30
39
48
52
34
47
50
40
49
60
70
60
62
63
63
65
67
79
89
93
92
88
87
92
125
138
136
133
138
137
139
141
152
159
167
153
149
159
156
161
150
145
132
135
147
144
122
121
96
83
85
91
67
59
51
30
20
11
3
-11
-19
-34
-47
-62
-64
-74
-83
-82
-92
-92
-88
-102
-112
-123
-135
-139
-147
-145
-152
-162
-171
-169
-178
-186
-206
-214
-204
-209
-209
-222
-198
-187
-196
-190
-181
-173
-172
-157
-156
-145
-134
-117
-106
-107
-94
-74
-59
-55
-42
-32
-26
-18
-20
-16
-4
0
0
8
14
4
-1
-2
0
-8
-7
-11
-14
-16
-20
-18
-22
-18
-25
-25
-14
-19
-26
-21
-22
-25
-15
-12
-6
-4
1
18
29
41
45
56
72
83
91
99
103
107
121
131
142
139
142
147
145
149
144
151
155
145
143
142
143
135
130
134
118
111
103
102
95
85
83
66
72
65
74
85
77
71
73
69
54
45
39
40
37
30
10
5
-4
-25
-36
-60
-93
-114
-121
-133
-145
-168
-186
-197
-217
-237
-267
-268
-262
-266
-262
-272
-272
-280
-273
-268
-254
-239
-223
-201
-193
-172
-166
-152
-125
-113
-105
-90
-78
-67
-52
-32
-32
-20
-13
-16
-8
-3
1
-3
-2
-8
-11
0
-5
-9
-14
-12
-13
-9
-7
-12
-14
-7
-9
-7
3
2
9
19
36
38
41
46
50
51
51
54
61
66
66
71
81
84
75
86
90
80
89
89
81
84
85
94
100
110
109
112
119
117
122
116
125
123
123
127
126
117
120
121
125
134
111
108
101
83
89
81
76
68
62
50
36
20
2
0
-12
-16
-34
-45
-47
-60
-68
-86
-80
-87
-88
-94
-107
-111
-114
-119
-122
-130
-114
-120
-124
-115
-117
-125
-128
-126
-132
-125
-122
-134
-139
-130
-135
-138
-131
-122
-123
-125
-128
-120
-114
-106
-109
-96
-93
-83
-92
-66
-84
-183
-24
47
-59
-74
-15
46
18
-14
-5
34
50
-4
-4
39
50
24
7
35
29
-2
-13
0
14
-9
-15
-9
-3
-11
-25
-11
-13
-22
-16
-11
1
-3
-2
16
30
40
50
64
67
74
73
80
85
95
105
108
117
110
128
132
127
122
118
113
113
115
111
118
114
103
97
95
92
87
86
72
64
56
57
59
56
56
54
54
58
52
43
51
44
36
38
39
33
32
30
26
9
-2
-15
-22
-38
-40
-46
-48
-50
-62
-67
-77
-82
-93
-95
-110
-109
-104
-113
-113
-119
-114
-114
-118
-110
-110
-112
-107
-106
-100
-95
-87
-82
-82
-73
-67
-62
-58
-58
-66
-56
-51
-39
-38
-41
-33
-31
-23
-22
-20
-26
-30
-21
-10
-12
-21
-9
-9
-8
-9
-6
-14
-22
-13
-20
-10
-16
-17
-15
-16
-25
-26
-25
-35
-34
-26
-22
-20
-21
-16
-17
-11
-12
-1
10
10
26
26
39
47
49
62
69
74
80
88
96
94
91
95
93
94
92
90
93
91
93
93
96
82
73
70
65
66
65
59
58
44
34
39
57
71
54
26
11
-9
-10
-12
-14
-20
-49
-68
-76
-75
-87
-87
-99
-99
-106
-115
-111
-124
-125
-127
-130
-129
-123
-109
-102
-94
-98
-91
-76
-74
-68
-65
-52
-40
-24
-5
-5
-6
-5
4
8
21
16
25
35
43
39
28
27
24
18
14
18
16
8
-1
-13
-24
-34
-37
-41
-59
-58
-59
-55
-58
-65
-66
-66
-70
-69
-55
-53
-65
-53
-72
-64
-60
-36
-43
-49
-52
-43
-77
-92
-94
28
36
-4
-123
-43
-72
42
-848
-3763
-2003
1812
1596
-847
-1514
-230
509
-38
-623
61
-1221
-1750
282
557
-843
-1154
-354
322
580
-549
-1028
-438
-105
-331
-662
-440
184
397
-144
-222
-113
-345
-783
-78
1093
524
-635
-593
191
224
-74
294
997
472
-406
475
764
-449
-517
1094
1261
481
239
238
-392
-214
1256
874
244
-132
148
607
-346
-94
597
836
91
-289
644
679
-310
-561
864
974
289
124
12
122
646
357
-80
593
793
-148
-274
829
539
-362
61
682
614
-473
-346
-484
-614
-136
-383
-666
-1280
-1171
-1020
-799
-550
-462
-567
-259
-244
-780
-814
-185
587
767
411
-5
-94
-178
101
877
791
375
251
40
-313
-202
-42
-65
195
10
-421
-615
-667
-567
-105
8
-114
-215
-404
-541
-197
222
338
245
228
274
3
-109
543
626
565
482
604
307
-105
157
520
522
236
125
5
133
-155
-299
102
386
144
28
-142
-334
-306
-116
189
80
-24
-26
-211
-213
-285
68
341
223
392
248
-255
-317
237
514
453
519
145
-202
-76
124
248
332
627
181
-343
19
-147
-274
370
345
51
-129
-243
-276
41
99
158
465
90
-243
-146
257
160
295
664
201
-63
-18
86
291
432
355
103
125
39
-369
-78
446
131
185
388
-124
-763
-561
-169
-102
337
473
-37
-695
-805
-772
-47
693
478
94
-491
-672
-546
-403
-39
426
525
58
-476
-684
-923
-461
230
615
486
-489
-1277
-910
-155
258
465
108
-189
-624
-848
-354
-308
-195
601
803
-262
-1084
-679
-627
-121
876
879
208
-450
-924
-859
263
377
-75
310
458
-351
-1005
-706
-404
-56
635
708
-52
-1115
-1408
-814
321
920
401
-334
-875
-855
-572
-194
338
311
186
-51
-547
-784
-637
-197
276
758
484
-440
-1026
-728
22
325
88
221
194
-534
-584
-155
-4
132
394
354
32
-339
-740
-254
416
555
419
82
-522
-895
-527
233
654
457
-90
-458
-281
-370
-275
93
127
358
287
-283
-468
-520
-467
163
745
422
-220
-668
-637
-264
121
472
205
-218
-296
-238
-189
-116
32
348
489
171
-137
-232
-182
37
520
714
526
-98
-284
19
250
264
376
546
280
58
24
-162
-13
474
574
466
250
-95
-386
-31
414
658
681
325
-66
-256
3
301
571
711
656
389
-29
-133
44
316
501
576
400
127
-107
-214
-125
260
589
523
179
-92
-260
-137
-30
56
429
446
93
-133
-191
-99
-74
226
455
282
-103
-273
46
94
177
216
150
121
-62
83
-63
-164
42
310
296
67
-148
-383
-50
124
76
18
-29
-90
-78
-106
-149
15
19
-85
-57
-113
-138
-206
-101
50
31
-100
-274
-262
-109
25
-56
-102
-86
-126
-27
-51
-61
32
90
71
-52
66
48
-8
82
239
321
116
112
117
366
563
357
236
383
305
194
575
663
516
401
442
408
300
296
527
844
683
314
320
491
422
502
823
829
487
489
714
691
627
526
561
627
771
597
442
600
538
322
319
613
685
343
226
180
74
66
208
376
461
250
-8
-58
-20
61
100
330
394
44
-49
119
66
-121
-52
220
98
-196
-74
62
-241
-474
-163
23
-161
-179
-267
-259
-150
-294
-510
-269
-107
-279
-282
-161
-403
-570
-278
-94
31
-74
-283
-460
-277
-230
-261
-61
-54
-216
-242
-178
-247
-317
-222
-91
-168
-331
-367
-253
-312
-364
-187
-197
-432
-419
-299
-219
-205
-161
-171
-199
-223
-406
-240
-38
23
-41
31
94
-19
-108
-129
195
204
29
37
-15
-76
-75
32
14
116
179
-2
-95
-65
-18
50
50
73
-1
-31
126
128
-47
-65
96
146
22
-10
85
107
68
29
-32
-121
-90
23
104
5
-158
-236
-204
-140
-129
-127
-143
-249
-274
-172
-196
-221
-224
-177
-179
-206
-203
-320
-301
-123
-50
-146
-256
-262
-253
-238
-153
-113
-210
-284
-196
-177
-243
-171
-58
-75
-167
-180
-151
-93
-22
-31
-165
-123
-66
-147
-114
-34
25
-9
13
29
-55
-102
-116
25
81
63
54
-37
-38
9
-11
-52
-31
48
59
-2
-39
13
110
85
25
101
190
162
108
88
161
193
118
83
198
217
113
138
176
122
57
96
171
240
202
98
98
141
75
95
240
265
219
137
102
152
143
170
216
209
65
10
46
23
52
10
40
20
-33
-117
-191
-134
-66
0
-65
-126
-182
-293
-224
-144
-142
-181
-175
-136
-173
-227
-266
-230
-191
-177
-203
-172
-170
-292
-355
-354
-263
-215
-221
-206
-264
-379
-444
-379
-317
-251
-243
-365
-468
-464
-484
-500
-366
-238
-281
-376
-496
-550
-436
-299
-326
-271
-295
-475
-567
-535
-424
-354
-289
-391
-430
-467
-563
-535
-372
-220
-255
-404
-491
-585
-591
-420
-294
-238
-299
-458
-588
-539
-440
-370
-329
-315
-365
-508
-599
-541
-415
-357
-310
-318
-463
-609
-558
-417
-285
-216
-204
-200
-266
-351
-323
-229
-106
59
64
-24
-82
-78
-53
20
100
149
207
167
89
90
90
139
281
331
311
243
148
163
265
367
401
365
355
340
293
270
314
405
441
418
373
332
307
336
438
484
423
371
398
418
374
366
439
467
436
368
349
325
318
347
392
377
275
211
222
213
186
194
232
255
190
128
64
74
120
167
188
165
53
-88
-104
-22
67
107
102
5
-107
-157
-126
-36
63
49
-130
-256
-271
-308
-250
-137
-108
-157
-302
-442
-427
-340
-263
-219
-241
-292
-377
-438
-453
-355
-237
-157
-179
-252
-343
-424
-411
-276
-162
-169
-245
-316
-394
-415
-340
-307
-251
-213
-271
-381
-413
-371
-300
-175
-86
-84
-146
-234
-234
-151
-66
-46
-57
-69
-115
-144
-150
-133
-98
-51
-26
11
-28
-64
-12
41
79
114
177
233
246
225
197
196
198
268
371
406
365
259
198
222
310
388
386
362
349
320
272
254
257
327
387
385
356
329
277
236
257
319
400
427
409
349
277
259
303
367
406
437
374
243
195
227
256
292
343
373
288
163
129
142
183
216
249
249
211
149
106
123
167
212
245
234
196
171
166
162
205
231
177
123
95
83
88
100
95
81
54
32
29
-1
17
51
68
93
54
10
-15
-7
26
49
88
90
47
13
-5
-16
-10
21
9
-17
-48
-78
-79
-83
-71
-57
-54
-79
-131
-154
-157
-159
-131
-109
-109
-164
-208
-197
-227
-210
-154
-132
-127
-137
-186
-228
-210
-165
-142
-135
-131
-142
-178
-203
-171
-137
-140
-162
-160
-142
-157
-166
-173
-166
-142
-144
-142
-138
-145
-168
-189
-181
-165
-147
-115
-101
-116
-139
-168
-178
-180
-173
-195
-174
-153
-159
-152
-157
-206
-221
-172
-120
-82
-76
-67
-109
-143
-140
-118
-66
-27
-9
-15
-57
-97
-87
-41
0
33
51
56
28
-10
-7
25
77
96
112
97
55
10
-7
57
135
187
183
150
123
107
135
191
248
260
266
278
250
250
276
330
364
380
380
334
338
358
375
412
483
504
476
468
445
441
484
539
557
558
531
496
482
484
513
544
567
555
540
535
523
545
587
636
649
656
661
665
655
631
663
696
695
690
668
642
610
598
606
601
588
546
535
537
528
516
485
470
460
441
444
452
447
434
441
435
425
427
435
449
455
430
395
384
379
378
382
383
345
298
251
230
240
230
235
236
214
167
152
147
144
105
268
208
-77
66
217
174
248
269
108
149
278
143
53
191
137
10
90
101
-38
-68
-114
-180
-161
-226
-331
-279
-241
-325
-341
-307
-335
-320
-246
-285
-302
-267
-319
-343
-251
-256
-327
-330
-329
-363
-360
-335
-354
-341
-344
-404
-415
-405
-440
-428
-395
-424
-454
-438
-484
-524
-481
-491
-544
-558
-559
-582
-570
-546
-554
-553
-571
-624
-638
-616
-616
-624
-613
-636
-662
-679
-687
-674
-630
-621
-657
-649
-649
-652
-631
-614
-612
-609
-595
-593
-597
-590
-580
-563
-541
-548
-557
-558
-556
-546
-529
-527
-525
-520
-516
-517
-499
-493
-501
-484
-471
-487
-491
-472
-463
-453
-455
-458
-444
-434
-430
-412
-404
-409
-393
-376
-386
-410
-405
-402
-383
-366
-372
-376
-382
-369
-350
-325
-340
-339
-330
-318
-321
-318
-313
-298
-288
-273
-268
-270
-277
-280
-251
-220
-207
-220
-217
-198
-200
-179
-163
-157
-154
-161
-164
-168
-169
-174
-173
-165
-164
-181
-176
-167
-176
-183
-198
-191
-189
-205
-214
-213
-199
-207
-213
-217
-210
-219
-225
-203
-193
-177
-180
-168
-167
-179
-183
-174
-151
-161
-151
-142
-145
-144
-170
-173
-174
-175
-143
-145
-172
-186
-200
-187
-188
-216
-228
-249
-255
-265
-278
-271
-282
-298
-312
-324
-338
-347
-353
-353
-347
-378
-390
-396
-392
-404
-411
-394
-402
-412
-428
-420
-422
-436
-426
-411
-411
-425
-433
-424
-407
-396
-398
-391
-400
-404
-391
-372
-378
-396
-397
-388
-380
-385
-387
-372
-361
-364
-361
-355
-349
-335
-324
-305
-308
-320
-306
-279
-265
-255
-244
-224
-208
-217
-206
-189
-187
-188
-176
-173
-178
-178
-189
-199
-198
-202
-203
-196
-209
-237
-250
-248
-258
-254
-246
-236
-232
-224
-218
-224
-201
-179
-151
-123
-107
-98
-75
-41
-32
-17
5
28
40
52
60
57
72
75
95
105
106
101
90
98
95
90
97
100
93
97
102
93
87
91
100
103
101
103
109
115
110
111
119
124
128
139
160
170
165
162
168
183
191
201
190
181
186
190
221
230
195
189
193
183
166
144
151
142
134
120
116
115
92
64
76
94
85
82
81
76
59
64
72
81
89
98
100
101
109
104
99
104
104
102
107
90
110
118
119
112
97
98
85
84
76
84
84
88
77
57
47
42
43
50
56
54
51
37
47
49
59
58
58
63
61
83
86
95
107
104
113
112
117
120
139
141
138
153
140
135
133
160
172
180
176
167
166
158
172
170
175
162
137
134
140
152
154
143
125
110
97
93
84
85
94
97
96
92
86
77
79
96
102
101
117
119
116
114
121
140
153
160
169
168
166
174
191
198
189
175
181
185
183
179
190
175
149
142
137
136
126
116
114
120
116
109
103
101
107
103
111
104
93
110
121
133
151
176
177
169
164
168
182
204
222
229
237
236
240
240
251
256
264
270
264
269
268
268
262
278
298
292
292
288
278
269
291
297
297
298
296
300
294
293
302
309
321
314
321
320
330
345
350
354
348
356
353
345
355
353
362
369
372
376
374
365
379
397
408
406
407
414
396
412
423
429
428
420
419
408
414
409
401
402
406
409
402
399
396
398
409
407
413
406
399
407
412
411
411
409
400
406
409
400
385
385
376
382
369
366
370
353
341
326
330
322
317
311
301
307
308
304
304
305
303
291
284
277
284
294
291
282
262
270
275
272
272
267
242
218
216
208
218
213
199
182
172
158
166
180
160
149
149
146
130
119
131
111
118
113
111
138
103
94
85
84
97
92
122
128
106
86
77
78
70
72
73
64
50
52
51
48
29
28
19
9
14
8
10
8
7
13
17
6
8
14
23
31
26
28
28
19
9
10
18
8
5
0
-12
-25
-24
-31
-31
-29
-55
-60
-65
-77
-91
-88
-81
-91
-106
-108
-100
-114
-119
-122
-121
-115
-123
-129
-135
-144
-150
-139
-127
-122
-123
-132
-133
-136
-137
-147
-141
-128
-124
-131
-127
-120
-127
-128
-128
-138
-143
-150
-142
-135
-133
-140
-144
-138
-152
-149
-148
-147
-143
-143
-141
-152
-157
-157
-146
-136
-129
-126
-134
-129
-129
-131
-131
-129
-123
-122
-110
-104
-98
-92
-97
-101
-98
-101
-107
-94
-116
-129
-87
-102
-126
-131
-126
-131
-128
-132
-140
-148
-143
-142
-142
