15
6
-9
-31
-34
-23
-27
-23
-36
-52
-66
-74
-55
-56
-48
-57
-58
-72
-77
-55
-38
-8
-2
-22
-33
-45
-32
0
16
23
10
-1
-16
-18
-9
-7
5
-6
-31
-39
-40
-36
-32
-38
-45
-50
-53
-42
-30
-29
-26
-36
-41
-26
-16
-4
10
11
3
5
7
12
29
42
47
47
45
25
14
15
22
40
36
29
21
14
1
-11
-6
-14
-19
-10
-6
-7
-15
-32
-32
-37
-3
5
20
4
-7
-35
-27
-27
6
-18
31
-165
-679
-287
-65
119
-96
-743
-586
-500
-253
-98
-167
-536
-657
-396
-348
-53
-261
-307
-230
-364
-341
-345
-296
-166
-53
-179
-393
-480
-434
-169
95
-760
-1603
-1338
-378
279
-496
-1649
-1959
-1289
-529
-15
-283
-1291
-1382
-753
129
352
-4
16
265
679
718
855
874
1202
1596
1719
1624
1023
836
1457
2171
2405
1726
1017
670
1283
2258
1967
1831
726
796
1117
1027
1394
1386
1464
922
343
122
613
983
1220
286
166
497
-511
-433
-49
599
1055
349
-939
-684
-281
-1
1704
606
-543
15
-173
512
1117
585
755
1185
156
200
732
175
1622
1437
113
96
-511
20
1161
610
-641
-844
-1253
-1153
-1274
-1577
-892
-1313
-2248
-2536
-2403
-2256
-1777
-1448
-1452
-2014
-2593
-1816
-1137
-752
-479
-876
-1060
-811
-555
-98
61
-317
-215
-281
-630
-665
-868
-914
-462
-1514
-2450
-2070
-2654
-1802
-2339
-3347
-2751
-3574
-2943
-2288
-2374
-2636
-2445
-2000
-1572
-587
-1290
-620
-9
-273
878
859
605
1108
1902
1312
1422
2101
967
2525
2092
1484
2655
1046
1465
2797
2345
2142
2429
1804
2918
3949
2962
3249
3535
3850
4675
4156
3741
5317
5590
3952
4583
4212
3429
5030
4124
2892
2274
1090
1741
2426
1224
810
-2306
-6344
-3040
438
-1405
-4007
-6397
-6668
-5133
-4143
-2574
-2563
-5814
-5397
-2732
-2667
-1956
-820
-676
-39
-42
-691
132
1075
2372
3218
1341
-176
-181
90
1426
2093
259
-1901
-2683
-2278
-1471
-1535
-2145
-2968
-4002
-3986
-3356
-3133
-2615
-2294
-2468
-2541
-2604
-2211
-1116
-80
119
-433
-1160
-1048
-336
194
684
650
-429
-1340
-1320
-685
-38
-259
-987
-1518
-2139
-1926
-1569
-1173
-859
-960
-1325
-1938
-1213
-50
832
1037
227
547
1008
1747
2998
3287
3603
3141
3077
3682
4453
5503
4656
4789
4624
4276
4799
4914
5583
5744
4747
3689
4198
4243
4370
4772
3652
2716
2401
1909
3198
3204
870
519
415
432
1923
832
-4336
-5848
-1982
1107
-111
-5525
-7033
-4743
-4147
-2821
-1151
-3937
-6927
-4635
-1995
-1651
-2691
-2629
-1166
-816
-1357
-1103
-841
-411
1451
1898
-172
-1628
-1291
60
1525
1409
-798
-2997
-2696
-977
-375
-1027
-2220
-3180
-3412
-2836
-1924
-1889
-2555
-2583
-2606
-3302
-3543
-2671
-1466
-1494
-2247
-2821
-2998
-2418
-1633
-879
-651
-1537
-2153
-1699
-799
-265
74
-124
-826
-775
-527
228
592
478
646
482
356
401
1368
2024
2185
2122
1719
2197
2921
3774
4074
3991
4000
4124
4752
5485
4845
4640
5437
5136
5787
4177
3957
5869
3907
3523
3563
3428
4294
3414
1389
1353
2405
1900
2976
1763
-38
2491
2694
2063
-743
-4921
-2554
2591
2605
-1285
-5403
-7108
-3798
-984
-1196
-2454
-6228
-7537
-4298
-2359
-2685
-3374
-4196
-3308
-2464
-3057
-2235
-1345
-514
592
-267
-1906
-1712
-265
1643
2406
347
-1776
-2013
-704
745
240
-2047
-3595
-3784
-3018
-2516
-3568
-5119
-5705
-4693
-4298
-4751
-5389
-4917
-3643
-3087
-3138
-3419
-2649
-1401
110
491
19
-192
492
2241
2481
2216
1653
1704
2243
2266
2298
2103
2003
1603
1632
1482
1404
1825
1911
2016
1646
1616
2064
2369
2988
3580
3517
3174
3413
4011
5168
5610
5268
4902
4944
5782
6293
6264
4824
4664
4211
4651
4768
2950
2916
1750
2372
2238
950
963
965
1049
716
2134
1462
386
-2217
-5606
-2289
1744
2024
-1663
-6741
-8010
-3958
-1216
-1788
-2784
-6558
-7922
-5035
-3284
-2766
-3107
-4293
-3989
-3345
-4089
-2528
-697
-491
-189
-1493
-2847
-1922
151
1694
1613
-583
-2594
-2000
-356
979
301
-1869
-3470
-3864
-3410
-2623
-3170
-4736
-5137
-5330
-5038
-5283
-5497
-4587
-3904
-3958
-4212
-3692
-3106
-1487
-252
-293
-274
-610
470
1695
2408
2598
2407
2098
1883
2786
3271
3502
3010
2556
2659
2436
2885
2903
3351
3206
2669
3052
2810
3327
3941
4117
4581
3783
3867
4971
5372
5998
5169
5087
6401
5049
4515
4737
5407
6208
4987
3361
1789
2474
3112
4143
3736
758
84
908
2778
4147
2162
-2205
-6482
-4971
1227
4082
-773
-7876
-9658
-6300
-2291
-1583
-3654
-6710
-8672
-7079
-3902
-3518
-3960
-3553
-3459
-3516
-4384
-3580
-741
1052
921
-809
-2633
-2541
245
2764
2449
223
-2310
-2702
-903
583
623
-1515
-3683
-4373
-4286
-4202
-4475
-3961
-4512
-5616
-6937
-6951
-5252
-4095
-3389
-3851
-4662
-4720
-2947
-584
260
223
-597
-167
769
1888
2596
2864
2524
2041
2222
2249
2846
3395
3203
2852
2148
1804
2359
3170
3325
3356
2686
2188
2999
3605
4108
4205
4085
4259
4405
4531
5080
6068
5951
5711
5968
5247
5343
5728
6108
6077
4000
3116
4345
4012
3878
2590
1350
2000
2152
2320
2702
2439
2982
2408
-5216
-8371
-539
5679
4033
-5136
-12150
-8768
-2881
-924
-481
-5014
-11739
-10084
-4905
-2509
-2826
-5445
-5878
-4346
-5106
-4462
-1522
-476
97
-339
-2904
-3229
-929
1857
3856
1735
-2171
-3231
-1547
1352
2391
51
-3855
-5172
-4572
-3839
-2531
-3788
-5243
-6255
-7442
-6854
-5168
-4327
-4151
-4109
-5595
-5358
-3137
-1266
466
-53
-1063
-933
311
1961
3041
3333
2399
2298
2088
2307
3427
3719
3825
2839
1901
1905
2224
3219
3930
3260
1756
1400
2347
4140
4548
3413
3153
3550
4403
5570
5046
4782
4774
4989
5803
5081
4697
4932
4374
4054
4623
4120
3687
3472
2665
2946
2376
2717
3379
2846
2106
1951
3437
4621
4472
-768
-5991
-2345
4047
5321
-602
-7939
-8757
-4212
-1327
-1185
-3655
-8789
-9844
-6476
-4302
-3853
-5346
-5990
-5150
-5586
-5651
-3455
-1378
-624
-1012
-2781
-3411
-1647
1010
2767
1882
-918
-2597
-1188
1405
1836
262
-2417
-3899
-4077
-3538
-2486
-3086
-4898
-6907
-6914
-6236
-5509
-4888
-4869
-4835
-5681
-5211
-3520
-1866
-940
-956
-937
-600
593
1570
2647
2915
2464
2683
2668
3067
3622
3739
3739
3115
2314
2403
2961
3539
3485
2750
1739
1544
2862
3521
3392
3056
2560
3262
4061
4144
4352
4266
4283
4822
5548
5350
5148
5963
5209
5878
5539
4566
5288
5383
4889
4578
4074
3728
4071
4256
3371
3886
3953
3416
2648
-3415
-5046
778
3491
1033
-4830
-9966
-7538
-3303
-3131
-3547
-6782
-12278
-9317
-4524
-4710
-5039
-6950
-7202
-4393
-5154
-4628
-1198
-1513
-1554
-745
-2597
-1896
64
1218
2991
1135
-2160
-1659
-15
1347
1608
-1402
-3474
-3031
-3585
-3572
-3331
-4669
-4807
-6056
-7147
-6298
-5620
-5245
-4795
-5019
-5892
-4961
-3445
-1798
-967
-1720
-1417
-462
683
1748
2054
2122
2313
2382
2540
3063
3003
3186
3186
2630
2485
2695
2726
3175
3185
2231
2200
2659
3050
3548
3478
3190
3513
3439
3911
4805
5228
5044
5041
4918
5253
6194
5655
6870
6322
5109
5419
5636
6109
6039
5356
3924
3586
4174
4865
4952
3238
2576
3631
4506
3053
-1232
-4571
-1823
3353
2052
-3476
-8409
-8148
-3795
-2055
-3831
-6929
-9445
-9201
-5542
-4507
-5731
-6339
-6839
-5491
-4794
-4735
-3197
-2010
-1891
-1867
-2273
-2455
-695
947
1325
262
-1379
-1566
-415
901
437
-1124
-2772
-3482
-2893
-2939
-4331
-5123
-5044
-5483
-5789
-6692
-6783
-5608
-5094
-5045
-5170
-5308
-4370
-2383
-1554
-1628
-1349
-894
570
1376
1446
1843
2460
2752
2870
2807
2671
3012
3415
3175
2682
2200
2312
3173
3212
2605
2147
2147
2681
3047
3181
3065
2807
3440
4026
4338
3791
4284
5500
6281
5568
4596
5814
7094
6972
6448
6468
6007
6639
6333
5823
5910
4126
4765
5897
4633
4089
3421
4336
5419
2834
-93
-2598
-1862
1374
2150
-1654
-6212
-8122
-6486
-3557
-4247
-7023
-8563
-10007
-10132
-7596
-5454
-5338
-6769
-8816
-8218
-4853
-2870
-1612
-1103
-2865
-3340
-1182
583
2239
2550
737
594
296
98
2315
2467
688
-803
-2598
-3308
-1761
-1766
-3310
-4701
-7744
-7395
-5362
-5617
-5499
-6893
-8210
-6917
-5423
-4543
-3376
-3571
-3841
-2196
-1590
-353
1013
1011
1430
1807
1758
2607
3770
3577
3590
2870
2123
3160
3318
3180
3092
2282
2079
2526
2379
2468
3004
2773
2909
2697
2850
3914
4555
4596
4560
4136
4466
6306
7110
5985
4476
4195
6859
8338
7286
6000
4085
4678
6531
7165
6496
5085
3706
4341
5672
6059
5979
4133
-85
-3088
-72
3364
2819
-1703
-6903
-7536
-5086
-3631
-3672
-5721
-9382
-10440
-7749
-6758
-6433
-6380
-7315
-7041
-7157
-6738
-3763
-2237
-2623
-2559
-2939
-3108
-1014
1007
1859
1473
-846
-1393
823
1815
1915
922
-1234
-1647
-1458
-1826
-1315
-2023
-4035
-5544
-6373
-6046
-4541
-4689
-6310
-7084
-7809
-6681
-4520
-3804
-3875
-4401
-4284
-2621
-899
-514
193
392
576
1421
1644
2581
3236
3332
2722
2474
2524
2859
3942
3368
2684
2247
1833
2846
3195
2948
2894
2861
2507
2814
3454
4012
4705
4183
3464
3717
4564
6055
6750
5477
5415
5563
5560
6519
7208
7259
6496
5950
5422
5399
6251
6469
6252
5158
4361
5147
5732
4880
1677
-2487
-1435
2474
2666
-1179
-6494
-7917
-4899
-3438
-4337
-6619
-9426
-10348
-7598
-6209
-6474
-7474
-8570
-6997
-6141
-6081
-4222
-3027
-3141
-2722
-2577
-2311
-738
698
1655
1350
-592
-894
1537
2871
2018
293
-1098
-709
-256
-269
-1361
-3052
-3507
-4139
-4179
-5305
-6082
-5453
-5930
-6034
-6917
-7009
-5949
-5043
-4110
-4556
-4566
-3832
-2000
-707
-769
-556
-331
1056
1927
2145
2330
2304
2691
3010
3270
3009
2989
2995
3002
3204
2624
2263
2831
3349
3342
2725
2002
2617
3799
4276
4087
3217
3029
4031
5415
6059
5176
4143
4797
6031
6915
5980
6063
5830
6386
7010
6038
5924
4754
5386
6762
6094
5100
4223
4513
6258
5514
1757
-2863
-1682
2931
4021
-708
-6726
-8005
-5129
-2708
-3117
-6155
-9814
-10800
-7702
-5192
-6433
-8206
-8595
-7407
-6289
-6179
-4821
-3539
-3231
-3031
-3035
-2701
-1386
707
1730
747
-818
-751
1335
2705
2364
928
-708
-1008
-57
328
-259
-1550
-3184
-3540
-3862
-4229
-3783
-4588
-6160
-6848
-6437
-5470
-5082
-5376
-5826
-5368
-4737
-3522
-2315
-2382
-2210
-1407
-417
579
1053
1329
1693
1985
2246
2814
3078
3025
3015
3023
2768
2727
2849
3052
3280
2594
2372
2683
2811
2948
3199
2907
2923
3340
3559
4531
4141
3879
4188
4970
5895
5652
5583
5502
6051
6356
6634
6612
6293
6488
5541
5695
6374
5839
5521
5177
5031
5239
5560
4617
1615
-2643
-1280
3516
3353
-1647
-6968
-7614
-4298
-2966
-3862
-6099
-9676
-10588
-7507
-5682
-6168
-7910
-8797
-7193
-6580
-6126
-4142
-3583
-3450
-2847
-3177
-2502
-649
473
1455
686
-616
137
1518
2275
2417
1077
-290
-269
-119
312
147
-1222
-2768
-3410
-3466
-3659
-3694
-4894
-5758
-6080
-6683
-5669
-5309
-5452
-5585
-5865
-5228
-4024
-2871
-2447
-2219
-2183
-1198
322
725
1257
1373
1561
2111
2597
3032
3010
2870
2713
3016
3048
2886
2958
2744
2653
2715
2754
2858
2642
2454
2878
3032
3099
3212
3437
4100
4116
4080
4266
5032
5384
6036
5993
5212
5780
5736
7098
7215
5777
5675
5822
6049
6336
6327
5973
5452
4903
4929
5952
3694
-1770
-1492
2983
3584
129
-5551
-7712
-4147
-2808
-3969
-5258
-9056
-10859
-7471
-5799
-6599
-7647
-9359
-7790
-5890
-6671
-4933
-3517
-4429
-3449
-2801
-2979
-1084
431
589
796
-383
-403
2054
2666
2083
1514
-107
8
1189
661
464
-751
-2314
-2379
-2541
-2814
-3201
-4304
-5287
-5635
-5892
-6048
-5421
-5336
-5728
-5951
-6154
-4654
-3496
-3196
-2885
-2925
-2232
-718
241
573
622
753
1567
2480
2577
2724
2859
2790
3066
3048
2695
2845
2954
2888
3028
2489
2051
2440
2983
3081
2721
2028
2360
3500
4114
3856
3741
3825
4120
5178
5562
5470
5292
5647
6128
6464
6184
5702
6044
6455
5776
5339
5335
5684
5581
5013
4718
4869
5277
4388
-292
-3194
752
4560
2908
-3439
-8241
-6367
-2533
-2064
-3608
-7008
-10703
-9432
-5694
-4629
-5865
-8593
-8787
-6452
-6006
-5153
-3331
-3542
-3870
-3537
-3155
-1727
62
776
773
-269
-964
601
2438
2888
1994
123
-482
313
1173
1501
327
-1598
-2319
-2626
-2071
-1597
-2852
-4422
-5673
-5735
-5240
-4779
-4623
-5264
-5935
-6512
-5599
-3827
-2992
-3103
-3766
-3330
-2082
-473
441
439
123
378
1456
2305
2869
2696
2429
2462
2688
3056
3091
3024
2723
2501
2236
2239
2481
2779
2812
2333
1696
1659
2886
3793
3534
3036
2700
3478
4701
4826
4764
5047
5212
5365
6095
5772
6641
6706
5415
6220
5994
5621
6786
6401
5702
6206
5708
5380
5408
790
-2150
2645
4916
2684
-2816
-8189
-5390
-1111
-2235
-4318
-7427
-11233
-8819
-5083
-5433
-6876
-9718
-9683
-6399
-5998
-6038
-4160
-4586
-4978
-3659
-3259
-1762
-168
-74
142
-198
-479
1271
2998
2795
1981
702
426
1726
2152
1883
811
-911
-1315
-726
-840
-1661
-2420
-3734
-4362
-4399
-4567
-4786
-5434
-6053
-5576
-5329
-5641
-5335
-4782
-4146
-3757
-3599
-2630
-1863
-1184
-554
-151
140
647
1607
2138
2375
2132
2230
2835
2965
3004
2855
2575
2504
2546
2449
2420
2409
2098
2274
2218
1915
2224
2348
2853
3033
2656
2684
3491
4329
4578
4276
4272
4850
5617
5883
5734
6008
5997
5845
6053
5845
6057
6282
5807
5668
5702
5989
5739
5686
3550
-1380
-925
4270
5410
776
-5721
-7572
-2952
-225
-2277
-5290
-9025
-10364
-6618
-4317
-5685
-7875
-9853
-8215
-5982
-6383
-5306
-4109
-5074
-4716
-3812
-3384
-1586
-81
75
-242
-1068
-506
1933
3118
2575
1375
233
737
2153
2649
1963
247
-941
-660
-295
-250
-1112
-2342
-3117
-3779
-3893
-3802
-3851
-4809
-5802
-5980
-5363
-4140
-4343
-4831
-4871
-4598
-3256
-2040
-1602
-1758
-1856
-1065
316
1034
1032
1276
1333
1719
2240
2545
2809
2676
2446
2331
2275
2183
2610
2727
2268
1792
1640
2239
2615
2573
2265
1962
2428
2721
3413
3699
3673
3734
3787
4733
4930
5044
5176
5390
6133
5865
5353
5275
5705
6118
6028
5752
5074
5091
5316
5743
5654
5031
1349
-2066
1068
4952
3961
-1363
-6602
-5642
-1623
-996
-3050
-5888
-9412
-8785
-5452
-4883
-5916
-8269
-9095
-7059
-6280
-5984
-4342
-4283
-5228
-4485
-3677
-2591
-713
-151
-390
-790
-777
640
2514
2678
1815
962
609
1630
2525
2308
1347
-25
-570
-169
39
-577
-1320
-2261
-3033
-3323
-3793
-3767
-3890
-4418
-5060
-5444
-5280
-4583
-3744
-3944
-4413
-4589
-3611
-1935
-1381
-1543
-1774
-1306
-249
792
1233
979
993
1227
2022
2379
2276
2387
2309
2099
1989
2106
2442
2607
2288
1854
1810
1966
2404
2738
2542
2207
2245
2412
2985
4071
3824
3567
3630
3746
4608
5167
5171
5312
4855
4715
5259
5963
5759
5326
5018
4977
5208
5246
5373
5473
4884
4866
2532
-1553
315
4929
4687
-687
-6130
-5554
-958
-27
-2485
-5422
-8652
-8743
-5154
-3520
-5116
-8179
-9517
-7049
-5283
-5481
-4694
-4743
-5507
-4653
-3489
-2583
-1530
-1096
-905
-948
-1067
162
1920
2140
1542
540
368
1712
2434
2268
1339
-51
-133
634
708
126
-908
-2189
-2294
-2033
-2279
-2547
-3396
-4046
-4776
-4788
-4132
-3669
-3531
-4906
-5192
-4521
-3312
-1970
-2373
-2944
-3029
-1905
-336
230
122
-317
227
895
1736
2238
1981
1976
1982
2141
2532
2832
2774
2635
2235
2218
2594
2739
2872
2777
2467
2259
2643
3037
3212
3014
2861
3428
3965
3977
3519
3552
4406
5033
5007
4256
4179
4833
5436
5667
4596
3943
4460
5541
6122
5324
3850
4194
4324
1169
169
3051
4133
1873
-2604
-4787
-2069
-446
-1579
-3253
-6373
-8338
-6222
-3958
-4239
-6435
-8985
-8156
-5856
-5614
-5161
-4837
-5920
-5684
-4314
-3406
-2279
-1842
-1869
-1490
-1304
-557
917
1650
1372
844
661
1268
2281
2608
2146
1054
278
619
1162
1320
479
-789
-1535
-1822
-1566
-1400
-2017
-3383
-4602
-4493
-3699
-3069
-3881
-5139
-5212
-4726
-3478
-2941
-3398
-3631
-3405
-2389
-1296
-912
-902
-549
-80
311
1040
1449
1863
2066
1857
2017
2341
2640
2930
2787
2468
2254
2347
2853
3056
2776
2226
2089
2629
2771
3079
2645
2398
2787
3226
3999
3839
3038
3331
4044
4656
4703
4085
4113
4399
4770
4993
4936
4419
4309
4255
4870
5219
4517
4314
4396
2253
-305
1075
4105
3936
-318
-4591
-3715
-728
-173
-1898
-4856
-7366
-7121
-4486
-3217
-4975
-7908
-8479
-6360
-5350
-5323
-4899
-5301
-5741
-5118
-3792
-2579
-1993
-1872
-1760
-1722
-1189
198
1537
1671
760
262
947
2019
2650
2325
1341
579
630
1163
1482
803
-332
-1048
-1536
-1538
-1488
-1765
-2551
-3725
-4704
-4320
-3128
-3183
-4180
-5388
-5447
-3872
-2852
-2760
-3371
-3906
-3171
-1654
-592
-505
-783
-853
74
1101
1530
1792
1629
1532
1916
2349
2617
2831
2524
2323
2394
2278
2727
2865
2636
2212
1854
2243
2675
2942
2587
2300
2460
2679
3279
3552
3459
3119
3382
3913
4321
4690
3923
3648
4411
4641
5136
4763
4100
4292
4416
4718
5104
4596
4073
3478
1632
765
2229
3592
2338
-1253
-3485
-2455
-759
-877
-2661
-5128
-6724
-6099
-4264
-3746
-5784
-7780
-7490
-6189
-5332
-5119
-5192
-5358
-5463
-4746
-3483
-2699
-2438
-2051
-1764
-1491
-751
312
1060
1100
595
658
1386
1876
2162
1844
1166
1022
1021
1232
1220
430
-367
-731
-1076
-1254
-1381
-1972
-2561
-3409
-4254
-3668
-2901
-3231
-4204
-5388
-4848
-3248
-2616
-2906
-3820
-4049
-2661
-1053
-561
-973
-1427
-950
466
1289
1428
1399
1187
1550
2157
2522
2690
2579
2282
2314
2539
2672
2965
2707
2280
2074
2002
2584
2946
2709
2157
1810
2530
3244
3451
2993
2562
2786
3311
3957
4314
3827
3402
3628
4168
4543
4447
4297
4059
4134
4313
4828
4872
4361
4251
3342
1487
1049
3115
4423
2128
-1924
-3374
-1217
688
-333
-3090
-5776
-6396
-4610
-3043
-3884
-6348
-7985
-7154
-5450
-5085
-5204
-5533
-6077
-5673
-4613
-3540
-2812
-2681
-2783
-2543
-1920
-766
478
652
163
-57
376
1511
2271
2043
1370
842
1036
1558
1683
1214
441
-101
-290
-512
-694
-1008
-1648
-2134
-3063
-3305
-2818
-3050
-3281
-4256
-4686
-3899
-3566
-3230
-3499
-3847
-3486
-2659
-1829
-1622
-1575
-1504
-846
49
456
831
820
973
1477
1873
2240
2326
2236
2221
2458
2563
2669
2684
2465
2338
2443
2400
2479
2657
2360
2416
2339
2418
3125
2679
2684
3038
2885
3289
3284
3288
3516
3579
3833
3979
3652
3436
3877
4180
4058
3946
3664
3924
4176
4208
4438
3523
1898
1047
1847
3553
3113
156
-2185
-2034
-485
-20
-1629
-3728
-5057
-4964
-3907
-3556
-4651
-6215
-6612
-5910
-5267
-5017
-4997
-5180
-5379
-5050
-4103
-3287
-2773
-2749
-2710
-2303
-1625
-657
72
56
-162
19
597
1316
1591
1336
988
980
1031
1198
1361
971
520
-120
-521
-383
-477
-831
-1558
-2357
-2566
-2344
-2357
-2838
-3548
-4096
-3556
-3154
-3006
-3141
-3640
-3268
-2747
-2028
-1587
-1674
-1570
-1306
-483
134
536
555
507
1022
1321
1927
2089
1911
1960
1960
2261
2573
2580
2384
2227
2209
2337
2624
2580
2659
2387
2219
2511
2677
2877
3048
2825
2828
2823
2961
3656
3804
3253
3031
3130
3519
3996
3712
3495
3407
3211
3583
3735
3615
3752
3460
3089
2966
2317
1494
1467
2116
2134
552
-1408
-1622
-702
-490
-1728
-3219
-4123
-4184
-3621
-3417
-4254
-5555
-5900
-5222
-4529
-4699
-5090
-4964
-4790
-4417
-3822
-3444
-3149
-2785
-2578
-2243
-1672
-1152
-539
-199
-328
-210
237
766
1177
1041
621
643
905
1105
1125
649
145
67
165
4
-581
-1145
-1345
-1287
-1516
-2177
-2485
-2674
-2622
-2583
-3078
-3039
-2909
-2781
-2602
-2763
-2567
-2122
-1798
-1621
-1432
-1204
-778
-183
101
165
241
653
1279
1545
1445
1378
1644
2051
2257
2192
2101
2156
2301
2437
2373
2374
2295
2539
2610
2489
2444
2291
2635
3078
2908
2473
2450
2888
3388
3268
3001
2992
2894
3330
3674
3468
3552
3276
3406
3823
3667
3729
3755
3687
3454
2578
2081
2041
2281
2409
1425
-192
-1014
-651
-248
-712
-2286
-3582
-3696
-3627
-3340
-3731
-4889
-5451
-5549
-5034
-4437
-4753
-5127
-5020
-4889
-4286
-3571
-3363
-3190
-3052
-2758
-2046
-1351
-943
-697
-644
-580
43
617
811
787
526
618
957
1087
1061
745
379
255
255
145
-157
-571
-1021
-1075
-1239
-1592
-1848
-2211
-2372
-2427
-2563
-2675
-2851
-2803
-2565
-2421
-2520
-2560
-2248
-1769
-1461
-1359
-1211
-921
-477
-29
305
407
515
854
1195
1438
1534
1646
1817
2020
2094
2099
2079
2202
2336
2280
2294
2350
2360
2309
2337
2497
2533
2554
2390
2530
2856
2645
2962
3007
2886
2931
2898
3274
3380
3363
3362
3446
3461
3422
3812
3736
3694
3633
3360
2871
2588
2304
1969
2419
1976
507
-309
-554
-171
-383
-1681
-2761
-3012
-3282
-3329
-3227
-4294
-4917
-5014
-4836
-4293
-4697
-5042
-4688
-4468
-4393
-3842
-3519
-3463
-2971
-2788
-2327
-1721
-1488
-1052
-715
-590
-186
241
445
726
683
609
858
987
1277
1113
633
533
491
611
425
-54
-508
-904
-825
-1020
-1301
-1619
-2182
-2334
-2469
-2607
-2410
-2590
-2994
-3161
-2997
-2509
-2225
-2357
-2534
-2338
-1855
-1231
-796
-891
-910
-601
-75
571
726
661
833
1083
1429
1730
1815
1790
1839
1936
2072
2215
2318
2330
2231
2201
2223
2519
2618
2557
2468
2370
2645
2929
3067
2877
2639
2702
3160
3347
3160
3243
3017
3202
3455
3261
3479
3288
3177
3545
3477
3217
3129
2553
2416
2741
1859
1609
1650
870
659
-107
-796
-521
-1110
-1970
-2145
-2706
-3167
-2964
-3561
-3901
-4037
-4591
-4176
-3975
-4400
-4237
-4145
-4236
-3642
-3426
-3377
-2893
-2930
-2595
-1997
-1897
-1504
-1162
-1102
-756
-431
-311
74
120
56
324
341
478
577
405
320
294
139
90
-10
-190
-438
-687
-728
-795
-1048
-1378
-1597
-1545
-1539
-1754
-1994
-2008
-1999
-1921
-1938
-2089
-1882
-1718
-1580
-1523
-1581
-1282
-913
-691
-600
-526
-378
-55
349
546
650
636
812
1209
1471
1612
1569
1521
1711
2092
2288
2329
2180
2224
2459
2571
2765
2807
2732
2660
2729
2908
3097
3177
2956
2985
3001
2839
3205
3196
3059
3029
2726
2917
3168
3052
2904
2780
2738
2763
2236
2048
2562
1951
965
1034
1167
999
107
-824
-691
-691
-1413
-1653
-1994
-2884
-3115
-2991
-2955
-3291
-4148
-4144
-3697
-3855
-3860
-3686
-3929
-3939
-3484
-3193
-2911
-2906
-2914
-2396
-2087
-1914
-1502
-1313
-1218
-970
-782
-477
-161
-173
-21
40
-29
286
418
312
289
108
37
213
78
-56
-179
-488
-496
-527
-780
-943
-1051
-1213
-1282
-1464
-1615
-1476
-1556
-1784
-1765
-1837
-1687
-1524
-1558
-1430
-1408
-1352
-1058
-778
-651
-531
-437
-196
150
333
489
619
702
1003
1270
1361
1455
1441
1583
1934
2043
2062
2158
2059
2183
2491
2602
2767
2673
2547
2736
2995
2993
3061
3037
2971
3118
3086
3058
3263
3118
2992
3113
2962
3073
3213
2909
2938
2954
2560
2323
2352
2474
2219
978
600
1386
1298
321
-725
-1186
-775
-820
-1509
-2113
-2789
-3216
-2854
-2771
-3411
-3965
-4150
-3852
-3688
-3933
-3861
-3816
-3918
-3657
-3302
-3163
-2955
-2773
-2609
-2304
-2035
-1742
-1374
-1234
-1229
-952
-602
-357
-159
-185
-212
28
239
392
384
172
145
215
283
303
146
-192
-257
-274
-346
-457
-713
-985
-973
-1140
-1174
-1268
-1498
-1580
-1592
-1571
-1543
-1603
-1632
-1535
-1371
-1332
-1217
-1103
-940
-762
-686
-419
-180
-9
127
225
423
634
907
1076
1173
1170
1275
1616
1915
1966
1837
1851
2060
2404
2654
2419
2372
2403
2591
3043
3086
2823
2737
2818
3053
3163
2922
2981
3209
2907
2795
2885
2953
3207
2865
2384
2644
2777
2972
2818
1836
1589
2221
2391
1631
494
416
1203
939
-171
-873
-1129
-1036
-1067
-1667
-2350
-2912
-3078
-2665
-2879
-3665
-3926
-3768
-3629
-3694
-3847
-3813
-3716
-3623
-3342
-3170
-3211
-2940
-2602
-2368
-2168
-1976
-1661
-1356
-1287
-1109
-741
-479
-336
-241
-210
-29
165
325
408
324
204
148
292
392
247
-20
-346
-268
-238
-449
-609
-961
-1043
-1095
-1217
-1209
-1456
-1505
-1509
-1539
-1591
-1587
-1415
-1330
-1334
-1384
-1147
-875
-705
-528
-590
-422
-193
213
485
391
400
567
1018
1250
1248
1224
1239
1591
1781
1882
1850
1899
2039
2077
2237
2293
2502
2527
2369
2474
2493
2741
2956
2801
2658
2666
2744
2950
3165
2863
2704
2563
2759
3245
2990
2622
2480
2517
2793
2587
2087
1972
2163
2021
1661
693
364
1219
995
-5
-1042
-1567
-907
-636
-1560
-2500
-3070
-3254
-2575
-2583
-3502
-3944
-4182
-3751
-3278
-3654
-3864
-3769
-3791
-3456
-3000
-3055
-2817
-2607
-2606
-2135
-1869
-1587
-1206
-1243
-1153
-774
-424
-167
-38
-204
-83
215
380
554
437
135
188
284
345
329
68
-304
-259
-328
-400
-517
-905
-987
-965
-1148
-1275
-1321
-1340
-1335
-1345
-1525
-1438
-1274
-1207
-1022
-1125
-1156
-863
-679
-439
-338
-363
-137
73
244
522
581
632
803
843
1072
1309
1332
1392
1353
1490
1716
1842
1842
1787
1893
1934
2039
2261
2306
2376
2246
2103
2503
2774
2740
2674
2429
2580
2922
2918
2925
2818
2626
2765
2913
2944
2904
2767
2570
2261
2061
2299
2641
2173
1405
885
438
971
1339
446
-685
-1576
-1374
-520
-964
-2165
-2922
-3232
-2967
-2505
-2845
-3579
-4113
-4302
-3572
-3149
-3547
-3710
-3800
-3785
-3134
-2695
-2698
-2594
-2718
-2471
-1721
-1403
-1215
-1139
-1209
-952
-459
-132
-6
-52
-193
22
359
467
521
310
72
245
390
314
266
-53
-323
-209
-208
-319
-470
-828
-916
-728
-911
-1116
-1107
-1286
-1271
-1192
-1273
-1161
-1165
-1242
-989
-908
-857
-609
-515
-436
-261
-131
82
311
301
348
634
714
881
998
896
1071
1186
1213
1331
1340
1324
1449
1526
1574
1691
1621
1702
1913
1888
1927
1979
2122
2401
2364
2303
2410
2557
2671
2675
2605
2668
2836
2880
2751
2674
2646
2749
2765
2526
2250
2112
2118
2096
1918
1520
1067
742
378
546
630
-143
-1035
-1506
-1359
-1058
-1545
-2396
-2828
-2968
-2934
-2669
-2944
-3524
-3768
-3693
-3282
-3074
-3316
-3382
-3264
-3173
-2808
-2439
-2419
-2326
-2232
-2004
-1528
-1290
-1203
-1057
-979
-738
-343
-196
-165
-114
-104
118
262
279
343
250
208
210
266
304
147
21
-144
-156
-116
-296
-373
-599
-833
-657
-713
-911
-1065
-1213
-1069
-927
-1115
-1110
-1163
-1137
-887
-769
-657
-666
-710
-465
-160
0
68
133
175
380
654
803
895
914
945
1123
1277
1447
1503
1444
1417
1443
1658
1811
1810
1849
1557
1522
1798
2030
2168
1747
1516
1688
2013
2252
2072
1721
1572
1884
2188
2157
1876
1617
1815
2095
2064
2047
1951
1928
1913
1742
1654
1857
2008
1744
1039
595
802
1130
1020
335
-509
-861
-628
-406
-759
-1651
-2376
-2340
-2062
-2135
-2527
-3077
-3338
-3215
-3033
-2938
-3069
-3359
-3353
-3135
-2931
-2687
-2590
-2641
-2501
-2307
-2024
-1664
-1514
-1478
-1372
-1185
-867
-517
-404
-417
-335
-222
43
335
278
184
124
192
452
489
324
120
21
110
186
62
-199
-411
-435
-375
-456
-642
-730
-792
-872
-856
-855
-855
-853
-909
-829
-674
-674
-573
-473
-399
-161
-54
36
159
239
420
593
678
790
963
995
1024
1224
1325
1450
1491
1410
1534
1678
1741
1811
1745
1637
1838
1994
1921
1896
1690
1786
2045
1898
1885
1737
1674
1737
1865
1847
1560
1532
1468
1612
1543
1279
1386
1216
1098
1213
1247
1246
921
807
937
949
863
636
364
113
236
343
136
-403
-905
-797
-658
-870
-1233
-1652
-1899
-1869
-1817
-1985
-2238
-2594
-2621
-2400
-2435
-2428
-2537
-2672
-2553
-2427
-2276
-2167
-2171
-2198
-2021
-1794
-1620
-1432
-1402
-1368
-1225
-1043
-786
-635
-624
-658
-468
-372
-212
-140
-106
-114
-174
-70
-22
45
-140
-167
-157
-258
-190
-294
-306
-328
-538
-394
-395
-471
-496
-505
-460
-409
-308
-366
-246
-303
-203
72
44
161
170
292
538
558
652
759
905
974
1088
1211
1319
1462
1429
1594
1687
1733
1935
1865
1918
1952
1944
2227
2245
2061
2077
2101
2176
2263
2130
2102
2118
1995
2109
2156
2040
1932
1946
2019
1873
1473
1450
1894
1904
1289
564
86
705
1394
790
-533
-1393
-1028
-158
-332
-1463
-2351
-2577
-2232
-1778
-2037
-2820
-3408
-3357
-2812
-2558
-2919
-3148
-3120
-3099
-2812
-2468
-2387
-2359
-2387
-2280
-1914
-1582
-1361
-1238
-1283
-1244
-953
-489
-274
-337
-448
-383
-62
202
276
208
24
13
282
487
425
156
-30
82
281
191
46
-73
-220
-209
-338
-222
-129
-447
-654
-720
-583
-392
-479
-646
-831
-720
-454
-225
-315
-610
-472
-195
36
115
16
128
230
394
625
622
628
652
786
954
1055
1099
1018
1065
1214
1360
1381
1357
1303
1426
1534
1581
1515
1471
1477
1632
1643
1585
1545
1539
1614
1557
1417
1464
1405
1355
1417
1211
1046
1082
1131
1164
951
587
648
830
762
558
338
227
369
380
284
164
-121
-133
41
-25
-139
-300
-519
-493
-526
-635
-619
-828
-1048
-1081
-1087
-1129
-1226
-1391
-1484
-1581
-1692
-1654
-1591
-1735
-1859
-1930
-1948
-1845
-1834
-1870
-1937
-2051
-2032
-1834
-1714
-1784
-1857
-1891
-1767
-1569
-1457
-1451
-1504
-1489
-1294
-1023
-958
-1003
-936
-844
-603
-476
-450
-323
-272
-177
-4
108
196
248
352
446
552
669
719
891
893
954
1098
1117
1256
1338
1385
1450
1449
1562
1660
1754
1767
1660
1785
1794
1930
2010
1872
1853
1887
1881
2026
2019
1787
1821
1866
1876
1974
1772
1662
1813
1793
1842
1856
1696
1724
1673
1303
1488
1617
829
611
1077
1047
414
-480
-520
42
-313
-1063
-1284
-1609
-1973
-1782
-1809
-2291
-2822
-3018
-2557
-2498
-3029
-3026
-2839
-3035
-2941
-2648
-2604
-2564
-2520
-2342
-2012
-1934
-1767
-1429
-1299
-1272
-1039
-704
-469
-376
-328
-121
86
181
408
479
404
428
566
723
705
543
486
558
554
420
340
366
251
33
-141
-124
-86
-264
-465
-557
-647
-713
-749
-772
-840
-948
-982
-879
-889
-817
-798
-829
-707
-609
-452
-303
-269
-167
-43
94
269
459
519
561
739
838
1007
1100
1033
1160
1256
1316
1482
1376
1326
1425
1453
1490
1473
1406
1380
1386
1364
1398
1334
1304
1228
1272
1159
1126
1165
1121
1057
953
884
949
1011
859
831
735
692
802
816
561
553
508
541
692
468
349
393
363
401
466
259
175
258
203
250
166
-27
-3
-66
-189
-181
-322
-447
-496
-614
-792
-860
-981
-1079
-1123
-1338
-1488
-1532
-1652
-1656
-1725
-1909
-1968
-1955
-1920
-1873
-1981
-2077
-2039
-1953
-1843
-1782
-1825
-1852
-1728
-1590
-1498
-1452
-1434
-1351
-1219
-1132
-1028
-912
-894
-809
-698
-568
-482
-407
-327
-220
-157
-75
52
108
137
243
377
483
562
581
668
781
851
930
986
1010
1144
1225
1237
1219
1363
1484
1580
1475
1455
1643
1682
1752
1772
1647
1788
1799
1758
1934
1768
1749
1851
1704
1736
1719
1593
1667
1564
1456
1491
1354
1322
1359
1161
1130
1257
1163
1004
820
564
419
565
624
469
-80
-587
-498
-240
-344
-791
-1330
-1562
-1495
-1386
-1418
-1821
-2223
-2307
-2085
-1948
-2067
-2239
-2344
-2318
-2197
-2055
-1966
-1990
-2018
-1941
-1798
-1633
-1473
-1361
-1320
-1316
-1204
-951
-756
-655
-639
-643
-476
-260
-70
10
-38
-41
81
261
354
399
371
282
330
441
501
419
244
296
299
213
68
43
76
29
-91
-274
-360
-302
-312
-265
-483
-649
-472
-404
-333
-440
-563
-473
-361
-166
-110
-113
-95
-26
199
321
395
464
470
633
692
811
973
979
1024
1038
1095
1228
1271
1245
1240
1191
1235
1281
1310
1277
1233
1103
1111
1268
1172
1105
1055
940
962
1089
952
874
713
655
770
664
636
537
454
402
391
371
289
229
177
77
70
75
29
62
-42
-168
-178
-113
-96
-125
-199
-382
-319
-263
-241
-287
-462
-534
-440
-452
-497
-521
-630
-682
-698
-716
-709
-777
-868
-855
-880
-995
-966
-976
-1016
-1035
-1088
-1099
-1072
-1098
-1098
-1082
-1107
-1133
-1066
-1036
-1015
-991
-1031
-995
-934
-874
-791
-763
-764
-691
-642
-587
-504
-465
-431
-361
-277
-193
-156
-153
-39
58
38
130
266
287
296
349
588
507
564
656
654
724
736
799
927
972
797
966
932
940
1032
1115
977
925
1103
995
947
1002
1038
1032
947
846
879
916
875
891
792
652
700
612
664
693
521
443
411
418
442
359
282
239
201
176
170
141
87
24
7
35
14
-47
-121
-122
-137
-166
-200
-275
-349
-381
-365
-415
-462
-550
-646
-712
-723
-737
-782
-869
-962
-973
-972
-989
-1009
-1045
-1093
-1088
-1058
-1026
-1011
-1041
-1053
-1034
-1007
-981
-955
-936
-908
-880
-862
-836
-814
-806
-750
-702
-700
-673
-630
-583
-531
-497
-470
-432
-376
-303
-241
-181
-133
-89
-22
22
95
169
220
255
308
388
480
538
566
626
683
749
805
841
861
865
902
938
967
965
937
934
925
931
917
896
875
835
804
780
769
741
694
665
647
633
611
587
551
506
487
500
468
433
395
380
397
381
368
333
307
291
285
286
252
215
194
180
166
136
114
97
66
11
-27
-55
-80
-117
-171
-239
-284
-306
-341
-374
-448
-518
-545
-587
-629
-667
-720
-720
-734
-756
-802
-829
-847
-858
-844
-841
-848
-867
-843
-821
-803
-779
-790
-761
-716
-676
-656
-652
-638
-590
-551
-530
-497
-471
-425
-382
-345
-301
-277
-265
-213
-156
-116
-94
-78
-48
-24
13
50
90
98
100
140
188
212
224
228
242
287
308
337
352
360
371
396
426
436
436
451
482
491
497
512
536
543
547
551
552
563
578
587
577
569
580
594
606
585
577
588
582
579
557
526
498
486
480
463
427
390
372
325
313
301
262
233
185
158
140
112
85
46
4
-26
-58
-84
-111
-144
-183
-216
-246
-271
-307
-353
-384
-393
-407
-440
-478
-515
-518
-544
-556
-550
-576
-564
-563
-568
-577
-580
-575
-555
-536
-531
-522
-508
-490
-474
-459
-448
-437
-431
-415
-401
-394
-378
-363
-346
-350
-326
-313
-294
-285
-283
-273
-247
-232
-230
-213
-181
-152
-121
-107
-87
-67
-42
-14
3
9
20
75
124
151
154
157
172
197
230
248
251
254
271
309
319
314
302
309
336
351
351
322
320
315
327
337
333
323
313
294
286
294
303
316
308
291
296
298
307
299
277
270
270
282
268
256
237
222
204
201
211
175
150
125
113
103
86
63
29
-2
-21
-17
-27
-54
-97
-126
-128
-127
-137
-171
-195
-211
-209
-198
-209
-225
-239
-238
-224
-219
-227
-244
-260
-266
-250
-239
-235
-244
-256
-250
-240
-225
-230
-231
-240
-242
-229
-226
-199
-192
-185
-194
-198
-189
-172
-161
-158
-168
-170
-147
-132
-113
-116
-129
-116
-93
-61
-56
-63
-61
-43
-13
-9
-19
-21
-13
10
20
4
-11
-3
20
27
29
34
26
26
28
18
21
33
44
50
30
21
22
26
39
36
51
41
39
57
73
65
55
55
69
80
85
113
116
136
128
123
144
168
182
176
182
183
189
185
190
174
171
176
185
172
158
150
144
125
99
90
68
51
24
0
-32
-54
-74
-98
-118
-134
-153
-156
-175
-185
-199
-212
-210
-210
-208
-232
-233
-223
-210
-196
-212
-200
-178
-171
-162
-166
-180
-166
-142
-132
-125
-147
-155
-148
-148
-151
-164
-170
-168
-160
-168
-173
-186
-190
-175
-177
-185
-185
-174
-158
-137
-137
-136
-109
-87
-57
-41
-22
7
27
52
85
114
124
138
151
171
182
201
218
228
235
235
239
235
229
224
211
204
183
174
173
170
141
105
104
91
89
87
73
53
47
52
49
40
37
31
46
58
73
70
65
69
74
97
107
104
99
92
94
86
90
89
78
93
67
58
60
53
26
15
7
-16
-23
-35
-56
-91
-110
-108
-111
-118
-143
-171
-168
-177
-174
-181
-215
-229
-229
-217
-218
-223
-245
-255
-256
-247
-224
-243
-248
-245
-234
-217
-208
-207
-197
-190
-184
-180
-170
-155
-140
-130
-138
-122
-98
-80
-71
-87
-80
-66
-55
-40
-41
-35
-34
-28
-19
-12
-4
-9
-2
5
11
23
20
14
9
29
47
49
38
44
58
79
86
88
105
111
127
138
156
157
150
166
180
177
177
184
191
198
184
174
175
165
170
164
148
132
112
104
88
71
60
49
35
24
17
15
17
3
-12
-29
-29
13
25
30
21
16
23
40
51
39
53
62
80
79
71
70
70
73
70
66
53
47
27
18
5
-9
-22
-50
-57
-80
-116
-141
-153
-172
-198
-219
-245
-257
-280
-292
-295
-311
-324
-349
-359
-348
-343
-328
-325
-328
-328
-303
-299
-291
-269
-244
-232
-211
-196
-188
-164
-141
-122
-113
-85
-71
-63
-55
-49
-30
-15
-4
-3
-5
-11
-5
21
32
29
22
39
58
68
82
86
88
90
112
121
128
147
150
167
171
175
194
211
205
202
208
218
242
233
220
214
208
209
219
222
204
185
180
188
178
155
145
128
102
98
100
99
84
55
42
37
31
21
5
-4
-10
-14
-18
-20
-25
-32
-41
-45
-36
-43
-30
-19
-27
-36
-38
-32
-44
-54
-52
-54
-49
-58
-68
-78
-82
-87
-101
-106
-124
-127
-133
-145
-163
-180
-189
-200
-208
-220
-212
-227
-224
-235
-245
-223
-218
-213
-207
-208
-193
-181
-171
-149
-135
-119
-103
-77
-60
-53
-45
-29
-4
10
18
24
27
29
22
15
25
46
52
44
27
12
10
17
14
7
3
-4
1
18
18
21
27
24
36
58
65
59
57
66
88
107
125
137
141
141
136
149
153
153
143
130
136
125
114
113
117
107
98
87
70
59
44
50
38
17
21
9
14
5
8
7
8
20
25
25
13
20
25
41
44
43
39
39
39
32
31
21
17
18
15
-4
-19
-32
-43
-48
-54
-61
-79
-93
-107
-114
-118
-122
-133
-148
-151
-150
-155
-152
-155
-174
-185
-185
-179
-174
-172
-163
-176
-183
-180
-174
-178
-182
-184
-180
-184
-184
-187
-184
-178
-177
-175
-170
-171
-154
-135
-130
-116
-97
-83
-62
-43
-17
-2
13
27
38
61
83
106
120
124
131
148
164
180
183
170
166
167
184
187
174
159
145
154
149
145
133
117
115
118
121
117
96
83
84
96
101
93
82
86
92
113
113
106
99
99
110
117
125
118
100
87
87
92
98
85
70
43
26
16
4
-15
-31
-48
-58
-69
-89
-110
-131
-144
-163
-173
-177
-179
-196
-205
-204
-208
-204
-210
-202
-193
-199
-187
-178
-176
-160
-129
-119
-116
-96
-93
-81
-69
-52
-42
-46
-61
-70
-67
-51
-45
-57
-74
-84
-91
-100
-105
-111
-123
-130
-126
-139
-140
-150
-153
-146
-135
-127
-128
-113
-102
-84
-73
-59
-42
-32
-14
3
27
48
71
87
96
102
110
128
150
166
168
162
147
146
147
150
146
137
124
123
117
108
106
102
87
78
78
74
63
46
48
38
44
51
47
43
38
39
46
44
42
53
53
58
57
51
54
32
60
77
53
53
46
56
50
53
44
40
40
31
18
10
5
-5
-12
-27
-35
-42
-59
-59
-92
-102
-101
-114
-110
-85
-107
-123
-116
-124
-133
-156
-156
-150
-136
-141
-154
-138
-136
-127
-120
-120
-123
-131
-131
-124
-119
-112
-107
-107
-107
-114
-120
-113
-119
-110
-108
-102
-92
-91
-94
-96
-96
-94
-87
-71
-66
-71
-70
-59
-48
-45
-39
-38
-26
-14
-8
-15
-8
-1
11
34
41
47
36
49
55
61
69
81
89
89
102
105
123
128
128
126
131
148
158
173
174
167
154
159
161
160
163
160
154
140
139
128
123
114
99
99
79
61
39
32
14
-10
-15
-32
-39
-49
-57
-69
-86
-88
-98
-97
-105
-114
-119
-119
-128
-120
-106
-105
-114
-121
-110
-110
-111
-103
-100
-92
-93
-102
-106
-108
-109
-99
-86
-84
-89
-101
-112
-116
-118
-119
-125
-118
-121
-122
-135
-145
-130
-125
-130
-116
-118
-93
-93
-93
-80
-62
-37
-20
-24
-21
2
11
25
26
26
12
29
52
59
45
57
80
51
48
47
47
43
34
27
10
9
-1
-2
0
4
11
3
-14
-10
6
11
28
40
52
50
41
60
72
90
98
99
109
112
126
132
138
133
128
124
114
117
118
115
100
96
68
52
42
29
25
5
11
-3
-42
-34
-16
-44
-58
-55
-55
-59
-76
-70
-66
-64
-65
-80
-62
-55
-55
-64
-66
-70
-65
-47
-52
-64
-80
-79
-76
-61
-59
-80
-88
-102
-101
-103
-98
-104
-107
-100
-114
-123
-131
-125
-124
-128
-131
-127
-110
-105
-104
-99
-103
-109
-108
-97
-92
-86
-84
-77
-79
-75
-69
-70
-56
-45
-40
-41
-30
-28
-24
-19
-10
-1
4
21
25
37
45
43
68
70
71
71
64
69
69
78
81
95
93
82
72
62
71
56
50
46
44
69
66
64
55
63
67
67
66
57
72
81
84
80
96
101
104
108
121
103
104
123
121
129
117
115
120
123
110
91
74
54
30
20
13
-8
-31
-46
-63
-89
-112
-124
-135
-143
-145
-164
-163
-175
-183
-191
-185
-185
-176
-161
-154
-139
-137
-131
-124
-100
-86
-86
-72
-70
-60
-52
-47
-48
-47
-51
-60
-60
-60
-61
-75
-77
-88
-91
-83
-92
-96
-96
-93
-101
-104
-102
-106
-103
-100
-89
-66
-61
-47
-63
-51
-32
-12
15
18
27
31
48
47
58
61
62
64
72
77
74
74
68
60
52
50
40
35
28
22
15
12
10
4
3
-2
-5
9
18
18
17
31
29
31
47
49
53
55
55
55
63
68
61
73
70
73
75
69
71
53
55
59
59
55
40
38
27
27
18
10
7
6
31
25
15
7
0
-9
-9
-10
-16
-17
-23
-24
-31
-27
-30
-49
-53
-54
-61
-58
-62
-79
-83
-83
-77
-91
-98
-105
-114
-107
-115
-117
-118
-106
-101
-106
-107
-108
-98
-85
-77
-75
-68
-67
-65
-43
-37
-41
-40
-26
-28
-26
-19
-19
-21
-23
-16
-20
-15
-29
-34
-30
-35
-42
-48
-47
-45
-46
-49
-41
-33
-34
-33
-27
-18
-18
-4
18
27
42
45
52
57
65
83
91
93
89
93
102
98
100
92
97
87
88
83
75
79
68
62
53
36
19
17
5
-3
-5
-25
-32
-42
-43
-32
-31
-36
-47
-41
-46
-39
-29
-28
-30
-31
-30
-27
-20
-15
-10
-19
-22
-22
-13
-20
-28
-39
-40
-47
-42
-46
-60
-60
-74
-78
-91
-102
-91
-90
-100
-107
-115
-118
-120
-112
-106
-112
-109
-109
-100
-99
-88
-84
-82
-74
-63
-53
-35
-37
-28
-22
-23
-10
0
12
22
22
22
47
53
47
41
52
52
48
30
25
28
26
27
18
27
17
8
-4
-12
-9
-13
-10
-12
-16
-19
-26
-21
-28
-23
-16
-17
-16
5
3
10
15
32
39
20
30
27
38
47
53
51
39
43
36
33
30
28
31
21
19
11
-3
-12
-20
-28
-32
-48
-57
-50
-41
-46
-50
-54
-61
-55
-47
-43
-44
-45
-40
-29
-21
-12
-13
1
5
7
15
14
24
25
21
9
-8
-14
-15
-13
-21
-31
-40
-38
-48
-56
-70
-81
-81
-89
-95
-103
-97
-111
-110
-101
-95
-98
-94
-79
-79
-81
-89
-78
-63
-51
-38
-33
-33
-39
-40
-39
-38
-26
-36
-37
-39
-38
-42
-45
-43
-52
-63
-56
-46
-32
-45
-81
-25
11
-21
-22
-8
16
37
45
24
-50
102
128
55
34
81
104
77
73
74
96
89
79
62
79
76
56
44
42
41
27
21
23
19
7
7
14
11
15
6
3
14
26
30
39
30
24
50
63
64
65
65
79
63
53
55
54
38
26
47
27
-5
-10
-34
-66
-35
-6
-79
-104
-64
-68
-127
-160
-174
-159
-151
-180
-237
-268
-277
-315
-296
-348
-369
-359
-397
-382
-367
-367
-417
-300
-265
-178
-423
-870
-1269
-572
950
574
-296
-318
174
490
335
193
257
295
147
-4
-189
-146
150
883
196
-417
112
-237
-286
365
342
89
-139
-182
349
-15
-321
-9
19
379
137
-346
130
-82
74
-677
-7
938
-437
-880
576
738
19
-527
710
759
-34
78
178
203
-24
602
531
-420
284
423
69
-274
-556
533
1245
-492
-1232
1167
-489
-214
770
-136
-296
83
391
-268
200
367
-204
-549
1190
411
-752
15
115
644
301
-47
-98
402
-507
226
1132
-703
-567
650
1216
-1836
-434
1776
114
-1963
765
824
-684
816
-1764
177
1252
120
-1144
-714
1193
-87
-591
115
325
-282
-545
-98
652
19
-275
-579
64
247
567
-503
-663
390
327
246
-402
-205
-444
498
284
248
-1409
47
1110
-1277
-1115
1571
177
-1775
263
-423
62
-453
237
-322
-580
428
220
-1154
-842
887
387
-541
-505
301
238
-550
-981
1537
613
-1110
-721
83
1613
-500
-1652
675
1438
-1028
-817
700
568
-508
-599
1208
116
-1069
-651
718
300
-377
139
-415
-946
194
395
-88
-208
-789
-139
-508
-844
771
-1512
-2450
234
-243
-1214
-1314
-1434
-1534
-116
-345
-274
-869
-1371
-1173
184
919
-646
-198
394
290
332
162
-116
138
802
1593
612
139
-887
-350
1693
814
-258
441
-163
-474
493
393
379
-384
-480
459
1286
-453
-860
290
471
1312
550
-382
-1
1055
-379
1407
1853
-481
-874
1250
1547
230
739
444
-504
730
1509
-14
-702
1161
618
-542
130
766
-506
-115
871
773
-807
-1492
1170
408
461
-914
146
354
-512
124
1186
-141
-432
228
-209
1043
38
-746
171
845
848
-498
-1079
852
188
-1027
708
597
-670
-1097
371
328
-541
-1304
-607
1013
834
-2073
-1148
1315
-855
-1195
468
604
-789
-902
-273
334
-352
-779
-295
517
38
-712
-1183
-318
1153
-226
-1331
-365
390
-1014
-677
662
597
-639
-1968
-635
778
520
-532
-931
59
745
-958
-1661
343
1704
-738
-807
286
-390
-905
184
648
-74
193
-1183
-1374
869
1321
-849
-443
391
-847
-1007
793
-86
-194
953
-675
-783
0
-1112
43
2086
567
-1923
-993
498
39
60
1044
313
-603
-1184
-413
1215
787
-687
-144
1331
-717
-871
311
919
646
82
-832
143
632
172
-370
166
1555
-300
-967
-34
859
490
-429
239
725
180
-1349
-370
1133
927
-417
-108
507
-482
-17
-218
268
1132
215
-657
-103
693
343
-683
-415
1657
463
-673
-385
717
382
217
255
57
255
-227
503
167
-9
367
-27
-361
347
138
397
171
-515
108
149
-77
-266
35
281
277
-83
-461
112
564
-222
-428
-149
809
35
-572
579
682
-326
-965
-150
807
450
93
-137
-621
-276
97
-13
250
4
186
-572
-163
451
-494
-246
379
513
-458
-326
23
-413
31
317
596
-243
-477
-527
-553
474
524
-462
-526
432
-469
-412
-221
55
-417
-205
657
-523
-612
-215
196
150
111
-134
-305
-343
-25
213
317
176
-130
-495
-22
221
-316
-96
273
447
107
-130
-348
-343
-512
56
848
749
-479
-848
-316
79
82
470
573
-353
-1123
293
896
229
-142
58
167
125
68
-251
14
802
608
-79
94
-267
-564
286
998
578
-188
-476
-374
214
401
443
246
25
-264
14
227
255
117
179
843
-168
-58
224
-402
198
741
486
435
8
-573
469
645
438
511
-29
39
594
586
94
201
419
707
332
186
144
438
700
541
482
239
90
108
578
733
411
77
277
-5
295
447
362
718
184
-211
509
-44
-41
754
684
545
-239
-408
463
758
357
557
613
-126
-491
-11
862
639
429
387
41
-162
-163
577
473
607
661
-76
-436
235
298
222
464
-103
-350
-211
589
819
157
-288
-401
71
339
250
403
296
-79
-532
-76
147
-77
239
654
59
-280
-460
-360
475
546
313
281
-95
-661
-322
282
677
592
136
74
288
114
13
-138
444
1078
210
402
377
-230
69
684
464
74
902
229
-376
34
451
335
178
726
349
85
-283
275
652
486
657
254
119
-46
533
691
579
353
621
658
413
348
324
292
784
1059
628
126
-100
496
807
358
733
890
196
147
184
-15
670
1022
530
241
223
-220
-93
554
791
433
208
291
250
-32
-110
561
562
-81
-124
118
245
145
183
361
66
-227
-76
1
120
343
311
88
-37
-287
-209
63
116
11
275
63
-362
-388
-294
338
91
-230
-180
-184
-251
-99
-160
138
24
-467
-209
-4
-86
-387
-190
49
-235
-421
-450
-120
-97
-365
-272
-207
-107
-292
-489
-20
-112
-432
-480
-208
121
-256
-282
-138
-186
-224
-161
-206
-185
-141
-286
-196
-360
-217
-120
-361
-375
-451
-407
-48
-240
-801
-188
-267
-495
-513
-320
-2
-64
-347
-705
-218
163
76
-444
-414
-18
-174
-393
-561
-216
-79
-251
-273
-34
-467
-704
-480
-151
79
-282
-398
-164
-298
-580
-452
-25
86
58
-390
-550
-288
-530
-372
12
-104
-265
-595
-622
-202
-385
-533
-190
-193
-471
-440
-318
-178
-186
-449
-623
-282
-116
-489
-580
-385
-363
-418
-358
-485
-466
-517
-704
-705
-513
-404
-257
-613
-917
-844
-819
-854
-665
-414
-523
-552
-818
-1170
-982
-730
-436
-203
-524
-1113
-1112
-813
-542
-301
-450
-630
-719
-832
-904
-816
-588
-274
-484
-993
-875
-763
-948
-698
-221
-295
-647
-838
-971
-908
-662
-327
-397
-619
-908
-1147
-1003
-587
-432
-590
-645
-928
-1200
-1049
-567
-618
-643
-528
-737
-939
-736
-582
-624
-699
-454
-471
-931
-771
-544
-578
-730
-834
-809
-829
-911
-769
-663
-831
-918
-814
-611
-681
-584
-723
-839
-692
-622
-527
-408
-411
-744
-813
-595
-530
-484
-363
-287
-577
-784
-957
-662
-188
-292
-695
-703
-804
-996
-668
-419
-449
-543
-603
-679
-804
-755
-617
-317
-60
-232
-738
-826
-473
-184
-57
-88
-174
-301
-421
-376
-129
160
176
-145
-431
-483
-264
-49
7
120
33
-331
-577
-295
26
104
116
55
-112
-400
-265
92
154
98
23
-101
-199
-122
34
58
102
28
7
40
-83
-10
194
292
325
164
17
33
159
277
151
350
607
254
-38
15
324
254
381
574
310
258
190
227
363
431
378
402
248
228
216
51
169
405
361
108
70
29
202
370
432
449
362
209
199
302
566
640
490
407
375
294
251
363
389
487
570
333
239
276
253
274
416
412
433
508
370
211
165
302
337
410
577
487
257
179
204
251
456
557
303
263
341
168
161
359
398
412
306
262
254
251
289
428
582
415
282
328
355
391
443
564
536
339
293
356
359
436
403
416
341
178
185
236
338
440
415
253
263
187
211
463
474
363
337
403
379
254
212
305
432
420
343
243
244
192
226
392
433
360
227
200
184
275
412
469
358
261
389
349
284
427
497
536
561
328
215
333
398
559
481
351
272
222
256
291
379
332
256
212
172
187
243
240
351
360
262
196
262
376
368
360
333
265
275
347
394
384
234
183
253
360
423
260
230
285
239
171
314
427
306
315
199
59
130
217
258
242
190
86
-41
-77
110
205
150
126
31
-69
24
96
62
226
191
-37
-112
-31
48
141
162
-3
-48
-41
-92
-43
54
99
69
-51
-29
-27
-103
-113
-80
202
78
-530
-340
198
195
125
124
-39
-15
144
26
-155
-48
9
-73
-103
-180
-232
-304
-272
-269
-364
-500
-433
-289
-179
-108
-189
-193
-148
-97
36
55
-28
15
117
71
51
51
19
92
127
105
143
141
158
241
287
272
211
159
231
292
243
215
301
341
320
332
255
151
159
249
321
399
362
250
235
229
201
277
314
250
171
107
47
90
137
159
228
263
157
17
67
128
162
204
241
230
147
110
51
62
123
165
141
100
78
5
-19
37
71
92
42
-66
-40
-20
-59
-26
-21
-74
-62
-74
-104
-88
-42
20
0
-10
-50
-90
-88
-9
68
87
37
-31
-22
6
62
80
76
52
23
7
20
47
43
50
47
36
0
-27
-27
-45
-63
-111
-161
-180
-140
-118
-121
-130
-140
-134
-110
-68
-72
-70
-49
-37
-23
14
43
42
18
28
50
27
32
76
73
71
58
32
-21
-12
57
62
53
-5
-31
-57
-31
-17
