114
109
109
110
131
146
140
141
133
149
145
125
92
79
82
106
137
111
83
62
62
69
79
63
34
33
31
36
30
17
-3
-2
27
18
13
19
9
4
5
-5
-11
-6
-2
13
9
0
-24
-20
-16
-3
14
-11
-19
-17
-17
-13
-4
-11
-20
-39
-63
-55
-47
-47
-63
-59
-33
-25
-23
-37
-45
-53
-38
-24
-24
-37
-50
-35
-14
-13
-25
-43
-58
-50
-36
-34
-28
-31
-51
-58
-66
-90
-102
-102
-112
-95
-82
-68
-70
-80
-91
-114
-104
-99
-90
-60
-45
-66
-87
-84
-88
-75
-63
-80
-75
-59
-50
-67
-75
-65
-57
-40
-25
-19
-36
-49
-44
-43
-45
-24
-23
-24
-7
-2
-27
-44
-53
-68
-48
-36
-11
-26
-55
-30
-7
17
24
-3
-31
-30
-8
16
17
-6
-27
-28
-4
13
6
8
10
17
36
43
47
30
19
47
50
39
34
16
19
30
43
39
22
25
13
16
16
6
-7
4
32
36
34
23
18
1
11
25
26
21
15
23
42
54
43
26
14
21
46
58
40
14
2
26
58
54
21
-4
-12
10
24
28
8
-22
-13
-16
-17
-28
-61
-69
-66
-61
-47
-49
-63
-65
-80
-80
-73
-77
-88
-95
-83
-86
-80
-76
-93
-95
-83
-56
-37
-58
-82
-76
-54
-45
-68
-101
-134
-117
-77
-66
-81
-106
-111
-88
-62
-51
-52
-58
-56
-37
-35
-38
-59
-78
-83
-85
-76
-85
-81
-89
-95
-95
-106
-121
-119
-114
-103
-104
-118
-138
-157
-143
-123
-125
-134
-141
-132
-108
-81
-69
-86
-103
-94
-52
-28
-6
-28
-59
-57
-20
7
7
-16
-54
-65
-49
-28
-25
-51
-97
-116
-110
-95
-75
-66
-92
-95
-125
-85
-99
-48
-90
16
-509
-1425
-972
-92
285
-314
-1459
-2133
-1969
-1066
-101
-42
-1154
-2053
-1902
-1325
-536
21
-1785
-4133
-4358
-2321
-199
-25
-1929
-3512
-3350
-1723
633
1928
1214
419
383
1519
3147
4007
3758
3618
3717
4005
3996
3800
3915
4294
4523
3983
2671
2079
2278
2790
3124
2861
1681
471
103
710
1153
1051
362
102
-29
-219
-89
65
28
403
527
255
107
6
42
642
1046
875
532
122
-25
227
484
663
371
-419
-895
-915
-1143
-1306
-1281
-1406
-1802
-2343
-2894
-3113
-2945
-2580
-2324
-2517
-3052
-3365
-3321
-2787
-2064
-1652
-1927
-2406
-2884
-2889
-2099
-1291
-1288
-1866
-2462
-2654
-2264
-1777
-1492
-1519
-1956
-2208
-2123
-1574
-1457
-1717
-1563
-1019
-491
-688
-1070
-904
-231
344
746
703
363
570
1417
2224
2543
2611
2217
2397
3315
4423
4920
4556
3970
4208
4376
5192
5557
5736
5596
4637
4414
4202
4529
4450
4187
4336
3721
2468
1670
1729
1633
1562
1219
817
199
-1096
-2183
-2830
-2907
-1954
-1540
-2934
-4610
-5004
-4732
-4042
-3119
-2494
-2875
-4043
-4078
-2785
-1630
-1155
-626
-439
-747
-769
-350
232
691
1037
1093
590
-203
-581
-456
-120
137
-273
-1410
-2409
-2737
-2630
-2243
-2192
-2769
-3491
-3993
-3992
-3853
-3594
-3195
-3009
-3037
-3318
-3147
-2613
-1842
-1029
-657
-673
-798
-705
-111
692
1132
1115
885
744
535
561
928
1069
956
621
398
305
222
581
1131
1586
1556
1287
1301
2051
2938
3413
3920
4038
4069
4544
4753
5452
6064
5910
5907
5905
6041
6469
6103
5499
5360
4671
3755
4125
4813
3775
1749
613
583
986
1152
402
-836
-3278
-5593
-4872
-2467
-1657
-3382
-6012
-7106
-6464
-5401
-3577
-2164
-3251
-5036
-4777
-3097
-1699
-770
-54
84
-285
-356
87
567
1137
1855
1836
925
-40
-770
-1008
-333
258
-486
-2106
-3595
-4127
-3939
-3636
-3314
-4150
-5713
-6296
-6191
-5305
-4685
-4479
-4444
-4500
-4119
-3452
-2641
-1826
-1022
-457
-142
39
289
631
1464
2142
2036
1713
1260
1152
1412
1940
2051
1676
1234
1021
1282
1800
2162
2565
2570
2466
2762
3374
3898
4142
4291
4832
5882
6136
5628
5208
5139
5760
6674
7179
6031
4182
4417
5215
5524
5003
3846
3072
2653
2548
2683
2194
1755
1060
-461
-1596
-2262
-3196
-3686
-2626
-1928
-4135
-7241
-7667
-6051
-4675
-3786
-3756
-5316
-7031
-6203
-3342
-1315
-1025
-1672
-2503
-2285
-855
571
1201
1191
910
476
227
458
606
354
395
330
-687
-2225
-3265
-3495
-2843
-2697
-4187
-6083
-7047
-6358
-5457
-5261
-5354
-5726
-6218
-5947
-4459
-3266
-2851
-2521
-2180
-1755
-1023
-299
448
1029
1452
1685
1712
1732
2158
2813
3168
3242
2861
2312
2481
3247
3717
3574
3040
3111
3033
3666
3829
3964
4891
4912
4839
4572
4027
4774
5716
6590
5965
4109
2988
3363
5227
6320
5555
3639
1781
1425
2340
3242
3236
2299
1024
771
1059
1381
1764
682
-1940
-3492
-1904
688
632
-2154
-4769
-5518
-4677
-2678
-1523
-2699
-5042
-6285
-5487
-3761
-2442
-2471
-3545
-4064
-3551
-2783
-2316
-1799
-1284
-1176
-1310
-1469
-1731
-1697
-830
86
-195
-1325
-2490
-2999
-2405
-1728
-2044
-2928
-4171
-4921
-4672
-4009
-3481
-4091
-4977
-4861
-3969
-3498
-3597
-3451
-2905
-2108
-1504
-1376
-1492
-969
29
899
1664
1495
1182
1548
2512
3645
3698
3136
2871
3470
4068
4600
4507
4181
4248
4609
5121
5209
4935
5120
5121
5274
5745
5832
5858
5306
5219
5485
5679
5568
5301
5183
5021
4723
4174
3713
3992
4082
3256
2503
2617
2914
2398
619
-1523
-1962
-1371
-1201
-1662
-3027
-5186
-6931
-6856
-5195
-4149
-5515
-7333
-7721
-7295
-6325
-4882
-4112
-4423
-4763
-4352
-3387
-2279
-1328
-653
-370
-256
-208
-261
97
1009
1463
991
63
-683
-1267
-1304
-1195
-1824
-3007
-4244
-4649
-4841
-5185
-5561
-5869
-6161
-6264
-5882
-5580
-5453
-5402
-4834
-3705
-2745
-2472
-2479
-1881
-840
435
1211
1444
1398
1661
2612
3457
3890
3747
3679
3931
4171
4480
4642
4951
4835
4748
4621
5363
5471
5207
5216
4821
5415
5953
5968
5480
4831
4067
4192
5554
7459
7648
4127
1382
2582
5967
7511
6096
3840
1367
1259
4281
7386
7289
3641
-521
-3396
-3628
482
5536
3806
-4685
-11135
-10217
-5106
-1681
-1818
-5050
-10312
-13323
-10545
-5129
-2584
-3929
-6841
-8375
-7313
-4820
-2333
-763
-232
-947
-2252
-2355
-658
1470
2829
3086
1829
-465
-1810
-688
1714
2242
367
-2931
-5464
-5268
-3693
-2480
-3381
-6041
-8234
-8404
-6482
-4835
-4764
-5654
-6065
-5738
-4930
-3730
-2429
-1299
-816
-711
-859
-577
969
2885
3940
3728
2578
1765
2469
4364
5882
5664
3940
2736
2948
4402
5651
5542
4313
3203
3784
4689
5286
5372
5040
5029
5940
6184
5002
4485
4935
6481
7116
5883
5074
4501
3907
4696
5822
5666
4458
2745
1682
1464
1700
1922
4512
6346
2746
-4143
-7849
-4120
3402
6023
966
-6374
-10964
-9732
-3306
2024
900
-5720
-11947
-11700
-5698
-1167
-1256
-3932
-6778
-7813
-5992
-3177
-1101
-815
-1824
-2814
-3197
-3170
-1842
132
1622
1019
-1327
-5254
-6655
-1421
3824
2703
-4081
-9610
-8648
-3366
809
395
-4461
-9615
-9518
-4674
-687
-902
-3852
-6216
-6006
-2833
-501
-765
-961
-676
-378
-109
-17
403
1631
3087
4114
3092
394
361
2936
5790
6276
4128
1446
693
3145
5977
6690
4787
2630
1976
3769
5634
6149
5513
5181
5651
5547
5031
6045
7290
8015
6467
4987
5828
6260
6728
5981
5531
5314
4528
3586
4006
4883
5207
4419
3820
3355
-630
-4921
-3050
3312
5575
-1113
-9771
-11614
-7747
-3213
-691
-2907
-9528
-14860
-12909
-5763
-1422
-3329
-7743
-10360
-8686
-4782
-1957
-1101
-1846
-3011
-3403
-2354
-396
1008
1298
1686
1581
-250
-1591
-459
1988
2728
475
-2535
-4488
-4178
-2312
-1118
-2422
-5621
-8101
-8012
-5670
-3727
-4266
-6478
-7807
-6960
-5073
-3579
-2756
-2776
-3327
-3014
-1807
-334
923
1685
2078
1785
1689
2596
3817
4871
5175
4560
3721
3669
4668
5574
5412
4872
4172
3724
3967
4822
5244
5039
4410
4203
4038
4547
5788
6445
5695
4267
4277
6038
6982
6512
5728
4750
4967
5722
5664
5788
5398
4606
4109
4445
5138
5512
4837
3366
-583
-3818
-1389
4167
4512
-2580
-9419
-9606
-6300
-3265
-1750
-4298
-10526
-14328
-11237
-5040
-2965
-5568
-8849
-10167
-8344
-4696
-2599
-2338
-2898
-3521
-3455
-2172
-285
944
1043
1275
1293
-7
-584
745
2337
2233
714
-1359
-3404
-3868
-1632
25
-2169
-5710
-7773
-7141
-5332
-4134
-4502
-6609
-8178
-7432
-5374
-3707
-3024
-3407
-4162
-3794
-2004
-89
634
1124
1392
1277
1659
2690
3854
4520
4663
4456
3879
3712
4440
5310
5478
4997
4329
3478
3246
4130
5010
5078
4569
3432
2774
3722
5339
6271
5248
4603
4523
4434
5878
6975
6954
5544
4550
5229
5796
5674
6145
5878
4609
4179
4434
4927
5400
5815
5586
1775
-4050
-4043
2568
7102
2740
-6764
-11475
-8859
-4002
-460
-977
-7049
-14496
-15310
-7951
-1564
-2639
-7789
-11689
-11394
-7166
-2871
-1443
-2792
-5092
-5576
-3918
-1239
1028
1085
128
192
-53
-709
199
2255
3165
1451
-1296
-2207
-2278
-1787
-209
-620
-3387
-6546
-7392
-5274
-3671
-4193
-6140
-7761
-7592
-6414
-5016
-3829
-3636
-4425
-4887
-3921
-1550
-54
276
792
1001
1054
1712
3058
4409
5043
4772
4112
3912
4346
5413
6104
5749
4842
3829
3561
4140
5170
5254
4386
3595
3340
3516
4381
5170
5549
4818
4093
4456
5097
5861
6551
6231
5514
4744
4985
6033
6243
6061
5417
4615
4323
4841
5498
5946
5300
3808
517
-3117
-1558
3950
5396
-668
-8364
-9828
-5878
-2518
-1569
-3735
-9420
-13852
-11853
-5683
-2461
-5109
-9546
-11335
-9491
-5411
-2568
-2824
-4408
-5312
-4875
-2967
-535
769
312
-570
-332
-129
-113
1181
2702
2182
197
-1356
-1360
-814
-686
-766
-1752
-3942
-5288
-5172
-4318
-3903
-5147
-6657
-6846
-5909
-5152
-5065
-4911
-4543
-4313
-3803
-2745
-1869
-1297
-752
253
1057
1195
1583
2427
3290
3979
4084
3702
3580
4196
4934
5367
4912
4062
3448
3612
4546
5065
4701
3636
3137
3403
3847
4288
4842
5065
4454
3850
3842
5418
6732
6228
5479
5328
6024
6316
6381
6501
6587
5643
4833
5611
6590
6487
5190
4783
4752
3601
89
-2305
657
4933
2966
-4489
-9228
-7132
-3524
-2536
-3520
-6201
-11065
-13383
-9214
-3768
-3909
-8386
-11423
-10629
-7501
-4308
-3326
-4437
-5936
-5856
-4220
-1862
-71
-84
-1320
-1303
-11
557
605
1584
2072
1014
-423
-302
411
492
35
-1186
-2813
-3708
-3136
-2409
-2971
-4398
-5618
-6073
-5629
-4366
-3898
-5050
-5798
-5487
-4486
-3566
-2930
-2422
-2467
-2106
-1326
-462
333
1056
1611
1915
1944
2286
2881
3520
4275
4299
3503
3120
3702
4488
4716
4233
3808
3564
3690
3241
3531
4450
5160
4529
3105
2614
4144
6176
6652
5485
4099
4565
5474
6630
7155
6705
5845
4405
4635
6396
7422
6440
4741
3632
4130
5793
6624
6117
3666
-1259
-3953
400
7067
6218
-3313
-10545
-8253
-2577
-21
-971
-5360
-11767
-14150
-8713
-2060
-2445
-7964
-12158
-11886
-7928
-3750
-2868
-4987
-7108
-7073
-5124
-2611
-453
-360
-2082
-2389
-984
-346
131
1545
2493
1241
-885
-967
381
1554
1907
942
-1958
-4225
-3145
-335
4
-2555
-5415
-6484
-5338
-3340
-2520
-3828
-6036
-6400
-5071
-3319
-2169
-2540
-3471
-3685
-2347
-568
45
147
225
277
748
1890
2574
2671
2693
2953
3142
3171
3562
4223
4275
4050
3763
3572
3830
4369
4759
4666
4392
4237
4137
4632
5361
5546
5047
4943
5691
5835
5331
5452
5875
5852
5533
5710
5628
4742
4411
4880
5483
5045
4391
3738
3859
4840
5910
2789
-3038
-3231
3343
6873
2085
-5785
-8121
-5619
-2397
-9
-933
-6887
-12709
-11532
-5025
-1431
-4191
-9234
-11831
-10043
-5544
-3022
-3956
-6176
-7392
-6586
-4011
-1510
-1046
-2461
-3039
-1547
-647
-765
53
1376
1493
393
-343
-179
591
1677
2105
762
-1467
-2426
-1756
-618
139
-1243
-3966
-5470
-4506
-2658
-2596
-3683
-4650
-5776
-5629
-3833
-2077
-2266
-3644
-3847
-2721
-1348
-211
235
-125
-202
697
1837
2519
2776
2895
2804
3089
3856
4235
3964
4008
4444
4369
3818
3756
4242
4669
4591
4235
3371
3070
3380
4536
4606
3858
2933
2667
3304
4533
4742
3735
2748
2986
3940
4495
4430
4016
2927
2525
3634
4900
4694
3534
2959
3630
4666
5069
4766
1787
-1494
-49
4802
6240
1070
-5246
-5697
-2241
111
128
-2666
-7590
-10310
-7973
-3384
-2446
-6229
-10076
-10902
-8534
-5053
-4102
-5943
-7780
-7983
-6404
-4035
-2421
-2334
-3646
-3934
-2204
-783
-335
361
872
467
-101
302
1274
1961
1977
1524
511
-459
-88
280
-81
-473
-1422
-2693
-3543
-3220
-2338
-2621
-3698
-4468
-5009
-4792
-3526
-2469
-2798
-3850
-3991
-2961
-1601
-511
-311
-834
-881
177
1559
2145
2359
2394
2475
2904
3653
4174
4028
3898
4327
4686
4447
4174
4276
4362
4436
4360
4290
4120
4007
3915
4014
4474
4354
4148
3969
4198
4476
4141
3955
4533
4890
4446
3625
3353
3883
4387
4487
3861
3201
2845
3530
4727
5215
3609
96
-2573
-252
4943
5849
-182
-6876
-7083
-2432
637
189
-3558
-8761
-11245
-7801
-2277
-1646
-6600
-11034
-10905
-7577
-4194
-3266
-5321
-7797
-7954
-5782
-2951
-1498
-2162
-3566
-3707
-2018
-338
88
393
685
250
-284
86
1243
1923
1728
1139
79
-722
-210
925
1028
-580
-2446
-3236
-2641
-1294
-1142
-2935
-4829
-5020
-3590
-2425
-2654
-3467
-4200
-4058
-2659
-1449
-1261
-1737
-1747
-981
-17
686
1030
1000
1177
1886
2471
2672
2887
3160
3371
3421
3440
3755
3921
3969
3955
3798
3398
3339
3777
4113
4226
3711
3047
3082
3545
4213
4341
3966
3456
2834
3284
4706
4935
4056
2551
2515
3759
4314
4066
3443
2656
2506
3232
4173
4656
3805
2822
2144
246
-264
2414
4738
2648
-2788
-5284
-2887
-594
-308
-1550
-4760
-8169
-8217
-4838
-2229
-4049
-7836
-9556
-8674
-5895
-3637
-4336
-6359
-7429
-6623
-4528
-2498
-1833
-2937
-4298
-3299
-1110
-67
25
36
-163
-467
47
1264
1836
1486
1009
851
482
527
1277
1112
172
-774
-1219
-1283
-1346
-1082
-1301
-2293
-3140
-3332
-3014
-2574
-2111
-2343
-3218
-3746
-3041
-1639
-915
-1025
-1701
-2069
-1348
236
1321
1219
582
300
874
2058
3201
3352
2476
1952
2402
3478
4101
3975
3355
2705
2825
3567
4066
3818
3230
2849
3043
3261
3512
3616
3481
3079
3180
3329
3302
3571
3624
3764
3100
2572
3213
3850
3484
3392
3029
2816
2621
3053
3998
4334
3222
2675
1538
-158
453
3089
3955
986
-3471
-4339
-2091
-285
-61
-2222
-6095
-8040
-6290
-3236
-2313
-4951
-8138
-9149
-7431
-4339
-3078
-4917
-7021
-7361
-5831
-3461
-2006
-2370
-3795
-4344
-2813
-856
-120
-6
-277
-835
-673
407
1498
1785
1306
840
531
263
845
1876
1315
79
-1003
-1315
-870
-369
-293
-1069
-2793
-3436
-2767
-1889
-1612
-1995
-2970
-3685
-3411
-2126
-971
-1022
-1906
-2502
-2191
-703
662
881
124
-366
4
1118
2380
2805
2274
1415
1587
2812
3734
3692
3107
2538
2564
3191
3846
3769
3243
2762
2933
3110
3311
3204
3281
3398
3323
2768
2391
3067
4292
4125
2814
1918
2365
4059
4368
3656
2423
1711
2616
4172
4551
3689
2423
2101
3050
3663
2452
939
925
1948
2024
99
-1442
-1809
-1722
-1334
-1236
-2898
-5124
-5792
-4305
-3180
-4142
-6020
-6966
-6739
-5238
-4161
-4775
-6099
-6418
-5442
-4059
-3212
-3262
-3958
-4173
-2904
-1382
-1020
-1318
-1297
-981
-510
128
753
624
365
560
818
864
734
813
758
429
141
-291
-619
-662
-555
-767
-1673
-2219
-2245
-2163
-1995
-2109
-2568
-3228
-3201
-2508
-1967
-1978
-2339
-2509
-2160
-1411
-647
-487
-649
-546
-50
512
1147
1501
1489
1421
1694
2304
2671
2863
2882
2804
2614
2891
3383
3596
3288
2976
2797
2872
3222
3483
3437
2911
2454
2810
3278
3497
3220
2589
2673
3263
3364
3163
2747
2837
3211
3051
3000
3197
3194
3200
3434
3554
3437
3056
2265
1638
1831
2720
2827
1328
-485
-1000
-642
-331
-480
-1517
-3307
-4402
-3951
-3013
-3252
-4507
-5567
-5949
-5587
-4709
-4402
-5064
-5726
-5550
-4837
-4118
-3683
-3582
-3726
-3491
-2644
-1967
-1688
-1408
-999
-767
-642
-157
343
473
630
841
798
611
668
1122
1111
577
206
-168
-291
-217
-271
-508
-1315
-2008
-2092
-1894
-1595
-1814
-2732
-3150
-2793
-2246
-2076
-2294
-2585
-2512
-2162
-1431
-987
-1274
-1372
-860
-95
428
432
340
618
1214
1920
2083
1804
1783
2241
2688
2916
2749
2549
2596
2962
3259
3084
2716
2765
3010
3192
3114
3038
2896
3108
3245
3387
3196
2789
2965
3434
3391
3328
3062
2909
3362
3592
3519
3445
3262
3451
3842
3285
2357
1670
1994
3063
2716
830
-458
-622
-334
-78
-554
-1787
-3437
-4266
-3377
-2544
-3400
-4784
-5714
-5722
-5002
-4323
-4475
-5213
-5767
-5352
-4546
-3906
-3571
-3725
-3999
-3405
-2431
-1957
-1901
-1699
-1233
-950
-733
-283
90
159
277
483
459
430
637
691
660
193
66
-101
-287
-359
-507
-861
-1328
-1562
-1691
-1847
-1930
-2139
-2233
-2419
-2419
-2223
-2282
-2129
-2112
-2104
-1854
-1330
-967
-957
-963
-588
-67
307
590
789
826
1080
1557
1970
2008
1867
2116
2410
2642
2591
2453
2590
2771
3048
3125
2609
2339
2619
3239
3481
3037
2536
2587
2959
3463
3744
3323
2728
2647
3290
3970
3851
3104
2907
3292
3717
3998
3783
3413
3328
3182
2759
2522
2416
2454
2215
1413
438
-100
-365
-192
-449
-1519
-2663
-3189
-3209
-2951
-3191
-4055
-5037
-5403
-4847
-4189
-4425
-5124
-5455
-5242
-4550
-3923
-3812
-4154
-4197
-3608
-2784
-2311
-2213
-2213
-2098
-1649
-971
-643
-654
-583
-345
-94
29
115
265
222
221
151
-53
-47
-27
-308
-498
-790
-870
-833
-1277
-1496
-1634
-1806
-1683
-1778
-2032
-2066
-2245
-2050
-1784
-1772
-1705
-1626
-1438
-1030
-846
-878
-609
-220
155
453
503
697
1061
1324
1684
1868
1817
1945
2384
2614
2715
2520
2476
2894
3281
3178
2871
2712
3064
3277
3287
3125
3155
3061
3160
3169
3295
3142
2996
2944
3172
3213
3085
2836
2982
3199
3207
2841
2759
2980
3088
3084
2515
1889
1741
2167
2392
1773
494
-130
12
352
191
-723
-2003
-2528
-2265
-1979
-2271
-3198
-4013
-4167
-3882
-3539
-3725
-4371
-4631
-4308
-3949
-3788
-3794
-3854
-3742
-3495
-3118
-2766
-2697
-2569
-2281
-1958
-1772
-1519
-1289
-1065
-837
-772
-732
-583
-239
-18
-108
-264
-317
-163
45
15
-359
-532
-543
-440
-450
-918
-1187
-1153
-1142
-1139
-1361
-1695
-1615
-1450
-1391
-1357
-1526
-1505
-1165
-914
-760
-771
-759
-423
-7
229
305
462
685
1058
1265
1434
1534
1696
1925
2207
2264
2257
2356
2572
2668
2659
2582
2515
2682
2795
2765
2769
2633
2561
2788
2745
2699
2501
2607
2804
2728
2524
2354
2328
2598
2875
2737
2106
1866
2339
2801
2794
2282
1799
1629
1615
1916
1991
1633
912
266
-24
206
364
-104
-1089
-1850
-1848
-1772
-2029
-2301
-2719
-3402
-3782
-3586
-3231
-3397
-3835
-4115
-4167
-4068
-3635
-3316
-3437
-3638
-3610
-3365
-2903
-2507
-2381
-2411
-2434
-2099
-1531
-1235
-1151
-1150
-1104
-884
-402
-163
-213
-356
-323
-262
-61
227
127
-137
-440
-294
-91
-242
-432
-554
-785
-707
-587
-640
-759
-914
-869
-754
-812
-685
-452
-433
-336
-246
-237
0
405
705
651
516
718
1126
1351
1403
1364
1401
1791
2167
1748
1838
2064
2074
1931
2003
2694
2585
1739
2176
2487
1933
2057
2391
2273
2074
2086
1850
2016
1932
1780
1940
1771
1570
1544
1561
1591
1558
1702
1426
1076
1426
1587
1348
1205
1383
1203
671
694
959
1010
711
153
-249
-279
-310
-366
-449
-896
-1507
-1909
-1796
-1648
-1769
-2227
-2717
-2918
-2789
-2654
-2728
-2881
-3059
-3251
-3279
-3022
-2784
-2816
-2892
-2854
-2692
-2498
-2297
-2079
-1993
-1907
-1798
-1598
-1299
-1049
-944
-931
-874
-807
-639
-387
-195
-319
-502
-503
-315
-122
-49
-200
-385
-220
-54
-100
-10
81
-148
-197
-2
268
202
111
301
261
209
557
692
422
356
888
792
546
906
1109
1046
715
918
1145
1146
1175
1410
1025
1047
1078
1240
1395
1409
1168
1059
1206
1225
1257
1317
1431
1027
980
1112
1286
1255
1298
1278
886
797
1145
1259
1210
1120
911
848
902
1030
1153
1007
795
720
813
955
954
804
619
576
664
684
664
590
454
233
251
282
237
185
-46
-179
-293
-235
-264
-446
-572
-730
-833
-816
-818
-1023
-1154
-1225
-1195
-1209
-1313
-1397
-1473
-1520
-1585
-1570
-1570
-1589
-1636
-1645
-1652
-1636
-1691
-1666
-1557
-1587
-1676
-1682
-1556
-1509
-1460
-1415
-1418
-1390
-1264
-1106
-1065
-1074
-1003
-894
-741
-624
-540
-548
-498
-334
-244
-129
-82
-67
12
149
242
231
245
353
377
428
491
506
472
453
591
651
621
636
637
588
631
725
703
690
705
652
596
667
744
718
703
680
683
649
706
695
629
642
681
712
715
713
578
535
611
700
722
620
549
541
624
696
672
597
498
530
615
681
627
483
445
511
525
552
522
456
398
438
418
392
414
293
236
226
218
177
137
87
57
-31
-159
-182
-125
-142
-207
-281
-435
-487
-407
-365
-429
-504
-594
-618
-621
-572
-607
-663
-750
-785
-742
-728
-722
-761
-789
-750
-777
-741
-706
-779
-768
-715
-652
-631
-598
-651
-665
-578
-558
-498
-526
-489
-402
-441
-381
-349
-370
-329
-260
-206
-281
-231
-127
-154
-68
-46
-62
-47
-31
62
116
173
199
128
142
188
276
262
219
282
231
257
347
342
301
271
273
304
385
404
359
361
311
307
356
412
398
364
357
313
346
415
403
392
379
349
372
370
381
323
348
331
242
290
266
316
293
200
207
220
238
205
185
192
133
81
94
90
80
66
3
1
25
-19
-49
-30
-49
-110
-102
-115
-106
-72
-83
-135
-211
-225
-175
-135
-164
-250
-281
-282
-279
-253
-267
-355
-376
-393
-387
-395
-399
-382
-377
-332
-346
-432
-417
-318
-304
-322
-306
-313
-337
-338
-268
-205
-239
-257
-252
-237
-188
-164
-162
-193
-245
-221
-177
-112
-147
-188
-176
-171
-140
-141
-162
-151
-138
-100
-107
-113
-45
-38
-40
-62
-58
-27
18
72
27
3
25
45
126
154
209
188
121
133
196
215
184
196
186
242
231
201
206
173
179
164
206
220
161
161
164
195
184
176
179
151
124
163
229
237
201
132
152
168
173
199
168
182
193
181
160
149
130
112
103
129
148
100
73
40
26
35
-16
-47
-65
-58
-62
-105
-98
-135
-171
-174
-191
-183
-206
-212
-252
-318
-275
-286
-303
-340
-343
-292
-297
-273
-281
-304
-282
-303
-307
-249
-193
-208
-219
-230
-279
-270
-192
-123
-178
-218
-221
-231
-191
-143
-123
-184
-216
-170
-108
-69
-81
-104
-115
-117
-76
-6
46
7
-12
-9
10
42
30
24
37
25
39
60
63
99
127
100
83
95
112
123
130
134
91
84
158
205
160
130
121
157
182
194
183
161
206
206
218
244
231
225
216
251
271
254
280
227
220
225
218
230
214
203
190
221
208
162
173
222
175
125
78
106
85
101
109
33
0
13
38
25
0
-14
-33
-50
-37
-41
-86
-128
-133
-150
-209
-168
-129
-186
-227
-281
-292
-257
-221
-205
-224
-261
-283
-282
-256
-218
-206
-242
-287
-257
-245
-219
-195
-262
-223
-205
-192
-136
-169
-171
-147
-136
-110
-58
-122
-152
-98
-77
-57
-40
-52
-70
-53
-46
3
73
8
-61
-60
-19
54
77
72
-5
-24
24
62
53
5
-32
2
2
3
33
20
8
-25
-54
-62
-6
22
-6
-48
-64
-48
7
31
13
-17
-55
-24
-11
61
95
71
37
38
94
113
157
152
139
120
144
142
136
178
185
171
133
150
156
150
135
113
112
107
28
39
68
29
38
-4
-55
-76
-52
-42
-55
-101
-106
-108
-103
-96
-103
-143
-153
-151
-119
-73
-98
-120
-142
-142
-132
-142
-103
-87
-123
-112
-95
-80
-103
-107
-92
-108
-99
-71
-55
-60
-53
-81
-97
-43
-2
24
11
-12
-26
-18
24
66
83
64
58
67
115
127
126
147
142
100
108
121
139
151
127
123
108
43
58
83
87
76
23
-24
-29
-25
-34
4
-90
-136
-131
-103
-76
-116
-125
-152
-149
-148
-132
-108
-151
-157
-152
-152
-126
-111
-95
-123
-176
-177
-160
-113
-91
-93
-106
-125
-130
-149
-131
-94
-104
-158
-172
-160
-147
-119
-114
-113
-138
-151
-139
-97
-65
-71
-87
-94
-73
-64
-9
0
-17
-28
-49
-14
52
35
23
19
23
27
37
40
31
-10
-30
16
23
-13
-4
15
-3
-4
27
55
21
-8
8
25
44
32
21
24
25
65
97
95
83
76
126
175
181
174
131
120
117
170
261
228
188
166
150
192
223
215
140
147
164
134
177
174
118
110
118
123
109
124
103
80
75
59
107
121
104
86
80
93
116
124
105
79
50
60
106
85
46
1
22
30
26
-9
-53
-91
-124
-129
-98
-80
-143
-162
-176
-199
-218
-210
-193
-188
-201
-201
-204
-215
-233
-216
-224
-209
-203
-206
-169
-159
-150
-169
-173
-168
-163
-140
-133
-114
-128
-162
-151
-140
-129
-104
-104
-133
-132
-119
-130
-145
-128
-122
-108
-109
-122
-117
-127
-91
-66
-93
-94
-76
-83
-38
12
2
-29
-29
-16
24
57
42
7
-1
39
88
108
96
66
44
59
77
118
97
58
66
69
77
85
96
89
76
92
86
98
130
111
103
129
110
113
140
143
139
167
165
159
168
165
181
163
158
138
118
149
140
120
107
71
38
16
38
33
-21
-53
-65
-59
-68
-79
-108
-153
-171
-165
-142
-154
-158
-166
-177
-160
-161
-142
-114
-129
-162
-156
-141
-106
-71
-67
-106
-106
-100
-89
-64
-57
-65
-94
-73
-63
-47
-83
-106
-110
-116
-71
-38
-50
-94
-103
-110
-83
-41
-31
-28
-47
-63
-50
-2
25
32
15
-8
0
40
66
75
31
18
45
68
100
99
77
61
61
72
95
89
58
21
20
59
53
47
30
0
1
13
7
16
36
3
-19
-27
-14
-15
-1
2
-14
-29
-29
-1
-3
-31
-25
-35
-56
-5
9
-17
-24
-40
-48
-28
-18
-39
-48
-43
-42
-48
-45
-40
-64
-59
-46
-63
-81
-95
-98
-104
-93
-121
-120
-95
-104
-119
-99
-91
-121
-140
-115
-88
-99
-113
-114
-125
-90
-63
-48
-61
-60
-50
-59
9
13
-39
-21
-13
-36
-33
8
4
-21
-39
-19
-10
-13
-6
-40
-31
-40
-55
-62
-47
-64
-68
-65
-66
-44
-54
-28
19
5
-20
-10
-5
-1
41
59
47
61
75
62
58
88
82
83
88
109
77
96
127
92
106
147
144
108
119
126
109
110
130
96
78
102
113
93
126
127
72
83
107
105
106
88
88
90
78
46
123
49
101
4
146
113
-42
104
-60
59
80
59
11
99
52
-32
-3
-43
-71
-28
-62
-84
-97
-130
-111
-140
-149
-125
-115
-183
-195
-154
-157
-163
-141
-148
-189
-167
-150
-145
-137
-149
-170
-159
-150
-149
-155
-157
-157
-145
-182
-188
-159
-162
-166
-160
-153
-197
-184
-190
-223
-216
-191
-194
-204
-182
-208
-228
-194
-165
-181
-180
-179
-187
-168
-128
-98
-90
-116
-134
-94
-72
-79
-66
-79
-105
-77
-39
8
12
-28
-22
17
23
43
56
38
13
61
86
85
107
92
92
101
129
130
117
121
131
124
136
150
122
130
146
150
159
127
90
101
96
116
141
124
111
105
89
96
109
66
61
68
90
62
51
76
40
26
53
47
27
33
11
4
4
1
4
-3
-4
-16
-26
-34
-63
-63
-56
-48
-61
-51
-56
-61
-60
-69
-74
-81
-71
-83
-80
-111
-103
-92
-98
-92
-85
-87
-99
-77
-70
-78
-81
-72
-121
-140
-115
-144
-170
-167
-171
-178
-187
-181
-183
-212
-209
-212
-224
-203
-201
-223
-223
-210
-201
-186
-167
-155
-123
-136
-110
-88
-86
-73
-58
-55
-48
-17
7
24
19
3
18
54
78
63
44
30
18
57
81
93
63
34
55
51
73
72
59
84
74
91
102
95
99
95
92
101
112
110
100
101
128
144
128
138
152
141
151
169
163
165
197
185
155
175
176
154
177
175
152
154
134
130
130
105
92
92
53
18
31
29
13
20
24
-15
-40
-29
-27
-44
-25
-13
-19
-33
-50
-46
-40
-11
-16
-31
-39
-55
-23
-25
-53
-76
-108
-92
-88
-95
-101
-115
-120
-134
-142
-172
-188
-192
-186
-177
-176
-186
-190
-191
-176
-164
-187
-182
-172
-173
-150
-113
-100
-111
-98
-80
-83
-51
-42
-34
-14
-27
-38
-27
-8
-17
-25
-15
-12
-21
-12
-1
11
6
-18
-1
17
21
23
17
10
10
27
41
58
44
63
69
76
123
127
126
165
167
170
186
179
189
191
187
176
158
172
168
155
154
141
143
124
98
106
104
70
58
34
16
-7
-42
-37
-29
-40
-53
-50
-35
-26
-43
-50
-58
-65
-48
-32
-37
-13
-38
-74
-59
-9
-10
-61
-55
-77
-82
-54
-55
-85
-82
-85
-114
-116
-131
-133
-135
-141
-155
-163
-162
-144
-144
-164
-170
-176
-179
-167
-155
-147
-132
-143
-131
-110
-94
-110
-118
-125
-130
-91
-83
-81
-123
-131
-100
-112
-101
-73
-91
-100
-74
-58
-75
-86
-77
-82
-66
-48
-34
-56
-58
-47
-49
-25
-14
-11
0
9
34
65
56
45
47
61
73
91
116
121
102
103
99
99
121
124
113
102
109
104
97
86
90
83
85
98
88
70
54
34
16
27
27
3
-8
11
-11
-10
-18
-50
-36
-29
-18
1
-11
-32
-49
-40
-31
-24
-25
-49
-42
-24
-21
-31
-51
-74
-78
-62
-52
-36
-35
-49
-56
-84
-90
-89
-74
-80
-75
-79
-113
-127
-133
-122
-142
-139
-127
-150
-148
-142
-147
-172
-182
-171
-149
-154
-174
-197
-203
-195
-175
-162
-176
-178
-166
-171
-178
-147
-142
-156
-144
-121
-112
-109
-91
-100
-103
-71
-71
-81
-60
-39
-32
-20
-10
-7
10
40
32
39
55
67
68
56
88
78
63
69
66
83
90
89
86
87
87
89
79
96
97
74
71
91
113
89
96
84
69
82
79
78
74
51
39
51
66
80
81
82
53
32
49
67
68
60
60
48
20
14
14
19
37
43
40
16
10
13
0
-1
-5
-17
-39
-47
-16
-22
-37
-35
-35
-48
-37
-26
-39
-30
-40
-45
-36
-42
-60
-64
-54
-71
-77
-79
-75
-67
-73
-71
-92
-102
-94
-123
-108
-98
-125
-115
-104
-108
-112
-109
-117
-111
-111
-81
-68
-57
-61
-81
-88
-76
-65
-66
-74
-97
-86
-84
-79
-78
-72
-69
-74
-52
-46
-30
-22
-28
-35
-34
-8
-13
0
14
19
12
33
31
52
77
61
81
83
80
91
118
110
94
105
107
100
108
119
100
87
73
56
71
91
56
32
34
25
14
4
4
8
-12
-5
0
0
10
28
20
11
12
32
45
41
41
29
11
30
68
87
109
75
46
68
90
100
108
96
69
50
64
75
77
66
39
33
27
39
26
2
-20
-27
-35
-30
-21
-33
-52
-87
-90
-102
-90
-75
-72
-71
-88
-107
-113
-129
-147
-122
-100
-103
-110
-122
-133
-137
-149
-147
-168
-173
-164
-148
-126
-143
-142
-156
-164
-160
-158
-158
-179
-162
-149
-140
-107
-100
-111
-113
-99
-100
-79
-59
-68
-62
-75
-67
-18
18
16
-1
-18
-29
-15
24
31
10
8
11
12
14
17
-5
2
13
16
-3
-12
-16
-33
-11
1
0
-6
1
-2
-13
-14
-11
18
34
19
38
60
62
77
87
73
65
74
82
87
86
74
69
85
77
87
79
75
69
39
35
39
44
27
22
6
-4
0
-9
-27
-38
-28
-7
1
-7
-12
-4
-6
3
-3
-20
-25
-35
-20
-16
-3
3
-33
-38
-31
-21
-10
-10
-45
-81
-83
-79
-56
-53
-84
-103
-114
-104
-91
-99
-121
-129
-133
-132
-112
-97
-91
-100
-116
-136
-114
-92
-71
-75
-82
-76
-68
-56
-45
-38
-46
-45
-53
-60
-53
-60
-59
-81
-88
-70
-54
-46
-56
-65
-89
-109
-79
-62
-72
-62
-75
-90
-89
-90
-95
-100
-71
-53
-47
-27
-23
-13
-1
9
-3
1
23
34
55
57
46
49
38
53
62
71
88
79
78
72
64
54
39
22
27
12
5
9
1
-9
-15
-7
-8
8
2
-5
1
1
5
16
30
16
22
22
8
12
18
32
37
30
22
16
25
35
26
23
18
0
1
0
1
-18
-13
0
-7
-23
-24
-16
-14
-10
-7
-21
-18
-21
-26
-18
-25
-27
-30
-27
-43
-51
-32
-32
-37
-41
-65
-68
-62
-62
-54
-54
-47
-41
-48
-60
-76
-74
-56
-53
-43
-46
-69
-50
-54
-75
-69
-73
-69
-54
-35
-29
-29
-37
-45
-39
-32
-6
2
-11
-12
-58
-72
-33
-18
-21
-25
-34
-30
-1
4
-17
-22
-25
-9
17
12
-1
-18
-11
-23
-22
-18
-22
-18
-32
-40
-64
-72
-74
-53
-50
-53
-50
-34
-30
-37
-30
-53
-61
-47
-21
-11
-16
-25
-33
-54
-43
-34
-53
-39
-40
-44
-37
-47
-54
-56
-54
-55
-84
-91
-77
-65
-70
-68
-81
-71
-58
-45
-23
-17
-18
-11
-12
-10
9
23
35
29
16
20
12
17
46
40
35
33
34
33
39
37
23
13
4
18
9
-12
-52
-51
-56
-58
-42
-39
-33
-48
-50
-69
-75
-56
-24
-23
-34
-31
-41
-29
-14
-3
-6
-9
-5
-2
-3
-18
-24
-14
-25
-28
-39
-34
-16
-15
-26
-44
-48
-50
-31
-19
-29
-19
-11
-10
-7
-11
-19
-6
-27
-31
5
12
22
24
16
5
21
40
14
-9
-10
-8
-10
-3
-7
-5
1
5
21
1
0
-10
-3
-5
-18
-26
-38
-36
-12
13
-11
-21
-23
-18
-11
-7
-17
-19
-18
-25
-19
-18
-18
-6
-7
-17
-34
-33
-17
-30
-24
-39
-47
-16
-7
-33
-29
-19
-39
-53
-39
-6
-12
-23
3
13
2
0
7
14
15
26
39
10
0
8
-1
26
42
29
9
7
18
26
37
18
11
4
8
26
22
18
5
-8
-6
-1
-2
-16
-32
-32
-33
-46
-32
-2
1
-4
-14
-11
0
9
0
0
6
13
10
-4
-2
17
16
-1
3
8
11
-2
-21
-19
-17
-12
8
15
3
7
-15
-31
-41
-30
-25
-25
-16
-15
-2
-6
-15
-33
-39
-43
-37
-32
-41
-45
-53
-30
-22
-41
-46
-32
-41
-52
-28
-30
-35
-23
-31
-46
-56
-50
-49
-40
-30
-47
-38
-32
-37
-37
-64
-62
-39
-14
-8
-4
-20
-30
-35
-31
-36
-48
-36
-21
-30
-43
-34
-34
-47
-47
-49
-55
-46
-33
-18
-6
-4
-7
-11
-5
-2
-13
-29
-25
-54
-5
36
6
-25
-31
3
24
9
-19
3
17
24
16
-5
-11
-10
-15
-38
-39
-25
-24
-17
-16
-24
-17
-9
-22
-33
-37
-47
-37
-41
-42
-51
-57
-62
-72
-77
-82
-71
-74
-88
-98
-93
-103
-102
-89
-94
-93
-57
-55
-69
-74
-83
-86
-58
-41
-41
-41
-24
-8
-24
-17
-5
17
19
28
21
30
41
28
26
15
23
33
42
29
9
4
13
16
23
19
23
34
24
26
18
43
32
17
12
9
24
40
56
42
51
74
72
64
80
81
75
77
82
91
79
70
61
49
47
49
26
-15
-32
-28
-34
-25
-23
-73
-133
-116
-136
-155
-222
-270
-378
-441
-566
-597
-774
-715
-1958
-3208
-1768
-136
463
-461
-1348
-554
361
418
76
-202
1537
1563
531
-1126
559
1287
1085
-396
-2156
-176
522
79
-1705
-897
643
508
-708
-166
480
107
454
-241
282
647
409
27
929
688
-126
646
-131
947
189
190
798
720
-551
216
1515
89
37
39
448
667
-144
223
348
162
-32
-443
581
-1905
-2500
462
1906
-1101
-2082
-1346
26
-340
46
734
739
304
-543
-476
633
1232
88
1515
1253
-420
-1098
40
660
1794
327
-680
859
-345
-1408
-628
997
954
279
-1007
-752
-367
10
-797
102
1417
-269
-740
-94
-1031
710
971
-1021
211
2110
98
-1496
-673
2073
970
-1452
919
1420
-803
-993
753
308
-1
653
-1441
-428
305
-195
840
-937
-1277
775
-307
-767
646
-898
-664
1481
-1111
-1638
1761
1036
-2163
-392
1945
-588
-1089
538
458
-603
414
165
-2192
901
1679
-798
-895
338
-387
-177
-385
-301
1191
993
-1300
-2023
758
640
-742
254
-284
398
150
-1269
-652
239
840
88
-435
53
-286
-390
-640
423
1867
334
-1947
-835
631
-473
683
1592
-500
-1603
255
-50
-649
243
2434
421
-2720
-990
1519
508
-1332
-262
3259
-102
-2895
-340
708
1420
-218
-1900
2268
1203
-2209
-1073
721
567
682
281
-1391
1362
-270
-2800
1347
2021
-106
-358
-1199
-521
742
636
-1465
146
1744
-622
-1784
-452
896
195
-759
-160
715
-3
-394
-777
-324
1119
850
-1144
-1335
872
448
-1049
-149
653
-814
4
10
-839
9
732
-662
-1018
585
405
-317
-1358
-536
1054
-355
-490
-39
89
-645
-800
495
523
-382
-229
-644
272
733
-409
-708
-593
658
1006
-324
-481
395
-324
-1244
-224
1658
958
-893
-1037
-247
605
210
-978
-395
1332
348
-1145
-390
-67
155
248
21
1289
-173
-1843
-805
727
1314
737
-780
12
-745
-1328
236
976
1015
-425
-552
321
-993
-719
202
751
1299
-198
-1344
-966
-107
-113
711
566
315
-266
-1661
-1099
853
1171
5
578
-155
-1177
-180
-313
59
1428
754
-865
31
-238
-1442
-291
1113
1055
684
-310
-1769
-1395
511
953
501
970
-257
-1348
-896
-542
381
1023
585
-245
-769
-578
-436
-315
479
624
659
-185
-1001
-717
816
409
-431
1115
1179
-1192
-1238
263
774
972
422
-11
-58
-105
-632
-358
982
1141
-513
-386
5
-127
-84
-142
597
185
-85
2
-778
-38
495
118
364
317
-209
-866
132
834
929
288
167
-246
-274
390
712
-73
268
366
-134
359
-132
-276
135
408
327
354
-8
-591
-357
561
195
65
-117
-236
186
-228
575
528
-261
-353
-284
535
510
182
185
-45
-548
-142
499
121
-430
-93
242
52
162
155
-327
-331
-177
107
690
608
-296
-852
-267
319
307
466
430
-139
-447
-696
-76
799
338
69
-229
-388
-306
-740
-577
381
821
85
-563
-537
-621
-764
193
982
611
-140
-696
-283
-196
-260
12
856
670
-330
-538
-598
-556
-48
753
984
285
-639
-951
-912
575
1064
549
143
-256
-791
-675
104
832
709
173
-792
-219
-19
-459
72
382
774
178
-393
-735
-471
483
772
406
354
-584
-753
-171
217
755
627
-416
-673
73
213
-290
-35
175
384
-72
-512
-167
-97
96
132
142
-39
-216
-319
-462
352
508
-271
-355
-371
21
10
-67
-31
-612
-510
238
-24
-349
-134
-613
-519
-400
-142
-23
-204
-649
-708
-120
-304
-1079
-544
16
-288
-332
-727
-795
-596
-683
-569
-206
-32
-587
-811
-691
-661
-508
-486
-569
-258
-527
-1055
-463
-469
-594
-757
-620
-578
-579
-563
-620
-487
-551
-799
-809
-222
-513
-763
-462
-428
-548
-792
-696
-429
-381
-628
-802
-411
-482
-947
-637
-420
-343
-593
-888
-571
-377
-370
-549
-319
-157
-515
-783
-267
-77
-403
-311
-187
-229
-463
-617
-538
16
31
-431
-486
-263
-200
-359
-187
28
-193
-432
-200
-44
-126
-262
-204
85
177
107
-285
-400
80
91
88
230
60
-333
-320
9
287
344
181
-5
3
-142
-250
185
484
334
286
83
-139
-106
35
193
373
184
40
154
243
197
62
182
467
348
4
92
211
214
211
334
404
502
259
31
164
309
324
273
457
574
181
-253
-103
319
562
462
291
234
33
-89
116
574
798
423
26
131
371
159
229
588
520
396
-13
71
328
419
434
514
709
191
-161
53
183
452
521
156
319
88
-184
-5
83
300
478
306
227
236
7
-3
384
611
338
120
-82
128
370
119
214
348
202
50
-32
15
221
379
69
167
381
104
65
-125
67
389
426
528
375
255
161
55
354
789
1011
416
254
477
420
526
833
852
972
902
591
499
791
1053
1164
1393
1408
1152
740
800
1346
1710
1771
1801
1427
1081
1129
1448
1911
2246
2027
1651
1424
1585
1812
1993
2359
2397
2128
1703
1596
1918
2170
2348
2339
2367
2181
1616
1522
2093
2530
2619
2376
2127
2055
1911
1988
2266
2500
2389
2044
1998
2027
2020
1860
1834
2183
2146
1948
1723
1604
1728
1656
1716
1955
1821
1372
1124
1289
1376
1328
1415
1235
1022
952
742
746
873
905
892
762
765
574
483
570
587
566
464
292
328
402
267
100
77
-85
-194
-45
-74
-211
-345
-456
-500
-520
-629
-621
-667
-727
-810
-850
-906
-980
-886
-959
-932
-973
-1159
-1071
-925
-1141
-1207
-979
-999
-1215
-1170
-1167
-1189
-1142
-1013
-1024
-1273
-1284
-1288
-1085
-1128
-1092
-968
-1224
-1272
-1227
-1062
-997
-1088
-1015
-972
-1003
-1113
-1142
-987
-958
-941
-892
-988
-956
-975
-1074
-946
-813
-910
-1085
-809
-667
-790
-846
-737
-546
-584
-544
-547
-554
-605
-576
-415
-306
-325
-552
-663
-412
-383
-453
-361
-301
-455
-446
-253
-291
-235
-249
-233
-203
-124
-187
-162
2
-20
-13
-17
-99
-136
-36
70
196
185
79
-15
-65
-12
119
217
154
155
74
-85
12
-9
-24
178
191
81
-9
-117
-163
-44
136
239
246
13
-241
-216
-19
175
222
185
-49
-390
-429
-239
-106
-68
-79
-198
-536
-645
-545
-433
-240
-336
-508
-658
-893
-901
-678
-401
-582
-803
-850
-889
-1056
-958
-909
-923
-852
-994
-1133
-1197
-1264
-1313
-1143
-1043
-1140
-1337
-1464
-1449
-1412
-1361
-1406
-1475
-1377
-1475
-1466
-1456
-1580
-1675
-1583
-1425
-1445
-1459
-1523
-1772
-1835
-1682
-1633
-1666
-1610
-1668
-1752
-1890
-2004
-1949
-1745
-1649
-1711
-1851
-2089
-2212
-2110
-1939
-1897
-1933
-2008
-2145
-2219
-2227
-2216
-2151
-2042
-1963
-2081
-2260
-2381
-2370
-2170
-2013
-1985
-2157
-2403
-2450
-2376
-2124
-1939
-1962
-2117
-2269
-2234
-2113
-2030
-1939
-1843
-1805
-1842
-1930
-1861
-1808
-1690
-1619
-1429
-1508
-1657
-1520
-1343
-1220
-1146
-1014
-989
-974
-1048
-900
-712
-587
-474
-362
-247
-247
-277
-245
-41
173
192
194
184
215
224
248
307
381
430
425
515
663
749
712
765
877
961
1109
1165
1184
1268
1342
1343
1393
1488
1503
1532
1544
1613
1672
1688
1666
1638
1667
1700
1724
1803
1861
1836
1806
1780
1768
1779
1826
1890
1922
1870
1823
1813
1825
1757
1732
1751
1811
1796
1725
1596
1458
1440
1481
1538
1570
1521
1383
1336
1320
1315
1351
1388
1347
1314
1281
1235
1166
1144
1175
1207
1221
1213
1169
1117
1176
1199
1183
1210
1235
1224
1196
1114
1070
1091
1048
964
970
950
882
844
808
772
741
703
686
656
593
529
492
484
394
380
390
348
329
288
177
108
156
196
174
166
117
19
-15
-39
-65
-55
-72
-134
-217
-277
-330
-334
-315
-315
-329
-385
-479
-548
-543
-525
-496
-493
-577
-656
-727
-787
-765
-718
-702
-731
-799
-938
-989
-941
-900
-877
-933
-967
-1002
-1051
-1063
-1049
-1020
-982
-987
-1017
-1046
-1101
-1088
-1005
-941
-950
-957
-982
-1021
-1017
-997
-1013
-972
-943
-931
-929
-917
-895
-886
-854
-806
-722
-664
-685
-706
-675
-625
-588
-534
-448
-447
-470
-469
-444
-377
-317
-277
-244
-223
-235
-211
-132
-33
30
35
-16
-23
15
88
191
273
291
270
222
243
365
477
524
560
565
552
593
642
692
760
806
806
830
781
750
828
893
954
953
919
896
891
903
941
1007
1053
1036
1000
970
960
1003
1022
1028
1044
1022
964
920
907
924
967
1002
980
961
901
864
916
920
932
951
938
901
869
832
823
851
863
835
802
759
739
744
738
748
749
700
673
665
656
649
676
682
629
640
650
619
634
650
633
650
648
620
627
608
608
601
601
613
586
567
563
551
529
561
599
567
553
537
509
526
510
499
509
508
511
485
483
522
517
498
506
497
491
495
501
498
493
523
495
454
441
446
467
448
435
417
412
386
385
411
386
383
384
342
328
353
348
340
341
334
336
324
283
267
309
303
276
251
224
210
193
178
182
205
198
145
97
94
93
103
114
49
23
1
-35
-8
-22
-47
-6
-24
-77
-70
-59
-87
-83
-56
-90
-111
-119
-122
-125
-157
-152
-145
-172
-208
-231
-238
-217
-214
-240
-248
-291
-350
-372
-330
-320
-335
-348
-349
-376
-414
-418
-393
-376
-371
-398
-430
-447
-458
-425
-409
-423
-449
-468
-458
-479
-498
-491
-483
-483
-460
-439
-461
-475
-496
-507
-509
-492
-466
-463
-479
-486
-489
-461
-461
-472
-464
-469
-478
-469
-464
-462
-440
-461
-515
-532
-521
-505
-505
-518
-530
-566
-581
-557
-553
-545
-551
-565
-589
-604
-602
-610
-600
-589
-586
-636
-652
-623
-630
-647
-629
-614
-630
-650
-666
-660
-663
-655
-656
-655
-621
-624
-635
-634
-625
-628
-602
-617
-639
-637
-619
-602
-592
-571
-594
-590
-540
-537
-544
-537
-498
-464
-448
-435
-433
-414
-423
-430
-405
-355
-321
-301
-287
-262
-211
-186
-144
-102
-117
-103
-99
-119
-62
-22
-13
3
23
49
65
58
55
117
175
156
154
185
180
200
253
254
265
288
285
288
300
319
344
352
374
392
386
399
406
391
390
411
417
413
433
412
396
410
437
441
420
452
441
428
458
472
453
434
417
412
431
426
440
454
450
450
433
398
401
420
401
404
407
407
365
362
370
335
350
363
370
370
315
287
320
318
318
321
293
261
223
215
225
240
246
229
172
142
135
135
162
144
135
122
115
110
93
93
89
118
128
103
99
99
83
113
128
115
115
96
62
46
34
10
-2
10
7
-27
-32
-34
-63
-55
-58
-94
-123
-103
-120
-120
-97
-120
-160
-171
-167
-150
-120
-141
-141
-154
-172
-159
-148
-151
-171
-159
-174
-220
-229
-210
-201
-202
-204
-229
-245
-241
-249
-247
-253
-252
-256
-263
-275
-292
-275
-270
-273
-269
-261
-276
-278
-264
-290
-290
-272
-281
-319
-325
-296
-292
-302
-324
-318
-313
-327
-339
-354
-353
-346
-364
-393
-378
-389
-397
-419
-438
-411
-404
-411
-406
-406
-419
-405
-395
-387
-358
-343
-339
-358
-355
-348
-329
-300
-300
-332
-372
-376
-327
-305
-318
-325
-343
-366
-350
-372
-382
-357
-370
-349
-347
-370
-365
-362
-358
-344
-327
-325
-349
-345
-316
-313
-310
-298
-324
-308
-268
-278
-243
-228
-256
-230
-240
-255
-259
-265
-270
-252
-250
-291
-269
-252
-261
-254
-248
-264
-261
-250
-256
-258
-228
-241
-251
-245
-255
-278
-237
-225
-255
-249
-282
-292
-273
-226
-233
-272
-274
-273
-262
-296
-301
-262
-267
-251
-236
-279
-265
-231
-235
-219
-194
-207
-238
-222
-216
-210
-172
-152
-196
-196
-194
-216
-205
-188
-209
-219
-211
-209
-191
-170
-173
-178
-163
-172
-178
-169
-151
-123
-113
-124
-97
-102
-129
-131
-112
-75
-91
-98
-129
-141
-109
-88
-91
-76
-97
-101
-90
-141
-129
-91
-98
-115
-104
-131
-122
-97
-121
-122
-116
-122
-102
-79
-102
-109
-100
-106
-91
-76
-78
-84
-93
-106
-88
-86
-102
-71
-71
-70
-77
-85
-91
-66
-94
-116
-84
-97
-106
-108
-106
-105
-77
-87
-104
-77
-100
-108
-116
-134
-111
-99
-93
-101
-108
-107
-118
-104
-103
-106
-123
-115
-117
-126
-110
-128
-144
-146
-151
-164
-159
-157
-157
-143
-136
-131
-137
-146
-164
-138
-143
-160
-149
-158
-153
-144
-137
-157
-164
-181
-187
-150
-111
-117
-147
-154
-133
-98
-90
-116
-131
-140
-133
-114
-120
-100
-100
-124
-124
-100
-109
-128
-105
-120
-106
-98
-120
-114
-129
-104
-107
-107
-98
-116
-120
-125
-115
-81
-81
-115
-94
-72
-65
-53
-36
-49
-34
-10
-33
-29
-36
-23
9
-4
-11
-27
-15
-1
-3
-6
-8
-33
-17
-7
-12
26
19
-33
-26
-9
0
16
13
-4
-4
36
43
42
51
67
67
100
124
108
124
150
143
161
191
194
185
210
222
194
200
208
223
217
215
221
229
253
262
253
265
257
280
303
280
311
323
328
352
335
327
345
351
358
339
336
333
350
353
358
380
341
328
344
315
335
358
350
338
332
341
346
363
338
327
360
349
334
318
313
325
328
353
357
339
332
330
338
350
349
323
322
332
299
290
307
289
310
308
278
272
267
257
245
249
252
238
204
192
214
207
187
199
193
173
196
212
207
194
181
178
185
192
205
203
187
170
167
206
199
179
171
152
146
157
183
147
130
118
119
132
119
98
100
103
86
100
97
80
66
45
52
75
75
96
76
37
29
28
35
58
99
52
32
46
55
63
86
96
74
58
70
59
84
137
132
95
97
81
80
150
148
130
143
132
117
93
113
137
127
152
94
69
115
116
93
109
116
85
129
104
74
112
104
68
68
77
91
113
85
88
107
103
101
132
116
103
88
93
87
79
99
59
68
88
67
82
