-37
-68
-83
-73
-48
-32
-33
-17
-36
-37
-32
-38
-29
-17
-19
-9
-18
-20
-11
-17
-21
-27
-24
-16
-23
-7
-1
2
18
4
-28
-22
-30
-25
-21
-42
-70
-81
-67
-72
-54
-55
-78
-85
-67
-51
-58
-42
-50
-59
-52
-36
-26
-23
-22
-32
-29
-27
-23
-28
-17
-26
-16
-28
-25
-21
-33
-14
-13
-17
-3
-16
9
11
0
15
11
18
14
15
12
14
13
19
24
22
34
38
47
50
29
34
29
30
44
42
51
32
43
39
30
20
13
31
27
34
32
47
13
17
42
39
55
38
34
24
6
-11
-7
15
10
32
48
47
46
38
46
33
30
35
37
34
43
47
38
47
61
50
38
37
27
27
29
30
31
39
49
49
50
23
27
33
35
46
43
42
43
73
71
73
42
45
56
57
62
44
22
22
38
25
44
56
43
38
33
33
27
11
-1
4
13
-4
-22
-16
-32
-17
-7
-12
-22
-46
-41
-45
-35
-14
-22
-23
-32
-47
-56
-36
-27
-33
-19
-12
18
11
12
-8
-14
-16
-30
-22
-16
-7
-20
-3
-15
-34
-30
-52
-48
-49
-48
-32
-35
-28
-36
-38
-44
-59
-68
-60
-60
-31
-25
-23
-22
-21
-20
-31
-24
-35
-16
-8
-8
-8
-28
-44
-34
-27
-6
5
-11
-30
-28
-22
-24
-6
-7
-14
-22
-20
-26
-39
-35
-47
-41
-24
-39
-41
-28
-31
-45
-30
-37
-38
-47
-63
-60
-63
-65
-65
-52
-62
-64
-52
-69
-81
-87
-94
-89
-79
-87
-97
-86
-93
-84
-92
-93
-93
-88
-77
-49
-47
-75
-61
-46
-43
-38
-26
-24
-2
26
40
20
20
5
9
12
12
3
-6
0
3
20
16
-14
-14
-3
-5
6
22
19
1
-13
-31
-48
-45
-40
-27
-25
-38
-41
-54
-68
-63
-53
-53
-51
-40
-46
-44
-40
-52
-51
-57
-57
-58
-70
-73
-78
-72
-60
-65
-68
-67
-75
-79
-84
-95
-105
-119
-107
-100
-108
-116
-108
-98
-85
-85
-93
-74
-59
-74
-73
-71
-90
-75
-77
-78
-67
-51
-52
-66
-72
-82
-79
-62
-59
-58
-43
-53
-35
-30
-30
-32
-30
-24
-23
-25
-15
-1
-8
5
-8
-21
-7
-20
-17
-17
-34
-27
-38
-35
-42
-31
-23
-19
-6
-4
9
-4
-8
-18
-18
9
2
-19
-29
-40
-39
-16
6
21
20
19
16
11
21
24
39
49
33
42
47
43
45
57
74
60
71
75
61
74
67
46
36
12
-3
-2
-15
-27
-30
-16
-19
-15
-13
-24
-41
-20
-11
-17
-13
-18
-17
-5
-5
2
-9
-5
-4
-5
9
-6
-6
-3
11
22
36
43
36
30
25
56
57
69
80
85
81
68
78
86
94
69
80
106
110
113
83
80
84
78
89
88
67
56
64
67
52
24
-1
-16
3
-12
-18
-20
-29
-30
-32
-26
-29
-3
-13
-7
1
1
2
-13
-15
2
-1
-9
-1
-8
-12
-6
-22
-24
-14
-36
-21
-33
-55
-57
-61
-70
-81
-75
-88
-72
-62
-81
-105
-112
-111
-91
-52
-42
-47
-48
-55
-62
-62
-64
-49
-54
-45
-31
-28
-36
-17
-19
-38
-34
-35
-22
-17
-31
-40
-40
-52
-59
-52
-52
-64
-41
-56
-66
-61
-76
-60
-44
-34
-33
-54
-54
-12
15
1
7
-101
-185
-115
29
70
-62
-213
-221
-161
-93
-38
-63
-176
-277
-184
-143
-12
-158
-47
-629
-1236
-983
-286
308
-205
-1004
-1316
-913
-1200
-1807
-1747
-1357
-772
-1219
-1912
-2116
-1988
-1007
99
677
-54
-610
-248
1119
2240
2372
2302
1920
1788
2113
2861
3177
3001
2529
2191
2151
1623
1559
1830
1795
1391
450
-181
-162
-111
69
75
-608
-1348
-1710
-1380
-225
-248
-1011
-1499
-1462
-649
-54
125
68
-450
-474
97
696
877
652
474
519
450
402
633
650
445
275
34
-159
-364
-305
-84
-123
-469
-906
-1053
-819
-461
-325
-749
-1092
-939
-868
-570
-383
-297
-492
-1040
-1106
-381
114
-237
-494
-643
-716
-493
-417
-142
-28
-505
-781
-772
-614
-343
-242
-303
-465
-602
-424
-267
-142
-15
-12
72
17
47
511
568
668
630
695
999
1034
1248
1252
1093
1252
1108
1310
1501
1285
1218
913
862
1024
935
980
801
329
248
337
355
501
307
-32
-384
-425
-127
95
146
-245
-694
-831
-565
-39
-74
-475
-723
-819
-736
-610
-544
-656
-880
-878
-760
-850
-888
-855
-803
-793
-917
-948
-907
-844
-857
-835
-1013
-1170
-1049
-976
-991
-1039
-1253
-1503
-1437
-1260
-1068
-1206
-1511
-1477
-1459
-1361
-1127
-943
-901
-1207
-1362
-1167
-691
-325
-218
-297
-468
-199
254
923
1330
1117
1184
1355
1856
2637
2657
2447
2339
2546
3117
3266
3080
3187
2719
2696
2852
2827
2714
2276
2391
2169
1493
1070
1494
2141
1754
839
-163
-88
666
905
904
357
-754
-1532
-1099
-47
286
-519
-1562
-1723
-1647
-1301
-846
-941
-1426
-1908
-2071
-1999
-1637
-1384
-1312
-1608
-2072
-2181
-2180
-1797
-1253
-1331
-1911
-2287
-2260
-1861
-1455
-1429
-1611
-2078
-2373
-2003
-1552
-1386
-1449
-1674
-1871
-1833
-1606
-1280
-1009
-1088
-1212
-1223
-1175
-783
-379
-231
-151
-39
164
417
501
914
1336
1540
1570
1597
2057
2243
2622
3252
3354
2800
2314
2919
3905
4209
3850
3380
3128
2798
3474
4570
4276
2905
2302
2499
2635
2702
2924
2814
1359
11
133
890
1380
705
-440
-1588
-2020
-1488
-1038
-1034
-1603
-2505
-3156
-2806
-1865
-1690
-2257
-2698
-2323
-2082
-2191
-1886
-1345
-1212
-1550
-1455
-1096
-1029
-989
-460
-28
-610
-1178
-971
-387
-124
-340
-735
-1251
-1512
-1349
-1009
-1104
-1730
-2408
-2907
-2728
-2231
-2218
-2659
-3122
-3322
-3130
-2764
-2408
-2161
-2186
-2152
-1767
-1396
-1125
-703
-99
354
414
262
608
1282
1925
2286
2054
1994
2134
2673
3377
3353
3099
2763
2783
3619
3833
3722
3032
2369
3045
3568
3909
3463
2438
2554
2774
3189
3508
3376
2249
1457
2006
3247
3133
1449
784
853
963
1261
1002
342
-768
-1387
-1119
-583
-862
-1740
-2390
-2672
-2419
-2862
-3135
-2243
-2028
-3121
-3905
-3170
-2408
-2279
-2022
-1558
-2100
-3036
-2055
-507
-177
-694
-1104
-1188
-925
-174
378
240
-553
-890
-792
-646
-391
-698
-1440
-2005
-2286
-2446
-2503
-2440
-2670
-3381
-3985
-3814
-3377
-3160
-2925
-2973
-3217
-3207
-2613
-1599
-914
-817
-1011
-917
-255
827
1554
1585
1527
1683
2146
2809
3392
3547
3364
3332
3564
3915
3994
3792
3759
3757
3681
3798
3638
3283
3194
2745
2797
3028
2937
2902
2781
2574
1882
1310
1906
3503
3854
2541
1098
462
1402
2922
3474
2472
163
-979
-97
1235
1281
21
-1871
-2781
-2342
-1910
-1921
-2475
-3414
-4085
-4321
-3838
-3401
-3611
-3813
-3427
-3507
-3869
-3413
-2392
-1630
-1623
-1886
-1868
-1632
-814
306
572
-70
-567
-484
140
817
675
-64
-852
-1366
-1363
-1129
-1131
-1571
-2606
-3482
-3486
-3267
-3166
-3108
-3340
-3800
-4198
-3867
-2760
-1994
-1928
-2178
-2151
-1510
-352
717
1232
1217
975
1520
2675
3617
4001
3634
3509
3839
4386
4850
4872
4784
4498
4020
3456
3892
4459
4093
3443
2827
2550
2905
2950
2899
2622
1799
2016
2648
2573
2027
1460
1492
2253
2620
2525
1675
802
1049
2464
2746
1523
-35
-412
487
841
170
-743
-2082
-2747
-2228
-1587
-2235
-3594
-4634
-4067
-4338
-6490
-5327
-1540
-1861
-6093
-7823
-4640
-1625
-1800
-1903
-1419
-3321
-4473
-1012
2609
1961
-891
-1438
40
839
1366
1930
902
-657
-942
-550
-249
-322
-1272
-2062
-2740
-3158
-3184
-3075
-2745
-2728
-4009
-5086
-4298
-2679
-1990
-2162
-2697
-2841
-2197
-595
1113
1477
615
179
1340
3198
4434
4290
3459
3294
4095
5187
5619
5260
4761
4628
4577
4736
4766
4202
4162
4101
3805
3456
2652
2919
3307
3168
2658
1586
1521
1888
2454
2241
1364
824
808
1392
1914
1759
1120
650
889
947
534
383
622
242
-851
-1534
-1222
-848
-1420
-2261
-2914
-3316
-3407
-3136
-2920
-3398
-4315
-4624
-4068
-3372
-3293
-3531
-3697
-3447
-3145
-2567
-2080
-1854
-1838
-1687
-1422
-1301
-862
-205
-249
-926
-1421
-1330
-771
-528
-797
-1616
-2540
-2817
-2115
-1797
-2171
-2893
-3460
-3663
-3147
-2653
-2524
-3116
-3252
-2724
-2082
-1600
-1200
-992
-736
-316
414
1151
1610
1928
2348
2619
2935
3657
4036
4266
4418
4530
4619
4625
4877
4990
4716
4541
4713
4410
4056
3807
3971
4170
3613
3277
3169
2838
2734
2639
2805
2745
2538
2194
1640
1525
1864
2319
2230
1668
1173
691
11
-181
178
529
-94
-1575
-2848
-2835
-2315
-1872
-2379
-3592
-4702
-4778
-4055
-3277
-3379
-4238
-4873
-4650
-3882
-2981
-2732
-2891
-3175
-3104
-2526
-1681
-1099
-970
-1100
-1317
-1192
-665
-59
145
-326
-958
-1560
-1508
-713
-347
-1121
-2610
-3297
-2947
-2270
-1967
-2469
-3543
-4384
-4088
-2873
-2304
-2565
-3106
-3160
-2686
-1834
-867
-451
-498
-507
-15
1133
1856
2180
2312
2449
3052
3638
3903
4038
4166
4695
4813
4449
4562
5204
5043
4502
4534
4848
4683
4304
4624
4999
3356
2736
3959
4391
3821
2489
2030
1641
1885
1991
1055
231
668
1383
835
-1189
-1305
-212
793
889
447
-1191
-2425
-1657
289
1175
-7
-2035
-2842
-2316
-931
-292
-1034
-2466
-3328
-3345
-2490
-1616
-2006
-2961
-3600
-3629
-3258
-2835
-2455
-2416
-3125
-3792
-3498
-2683
-2094
-1922
-2450
-2986
-3189
-2659
-1770
-1453
-1911
-2585
-2870
-2678
-1978
-1390
-1560
-2183
-2692
-2510
-1865
-1403
-1354
-1629
-2033
-2201
-1604
-863
-462
-584
-1052
-1046
-486
345
916
947
665
669
1286
2105
2748
2950
2612
2430
2705
3528
4268
4522
4113
3711
3808
4477
5233
5252
4684
4277
4449
4961
5161
5074
4690
4092
4035
4331
4523
3975
3300
3247
3392
3434
2830
2264
2140
1941
1579
1159
347
-247
-710
-967
-1107
-1712
-3022
-3810
-3754
-3458
-3776
-4680
-5293
-5254
-5169
-4975
-4749
-4887
-5055
-4911
-4384
-3787
-3568
-3385
-2838
-2481
-2225
-1766
-1240
-791
-500
-439
-207
60
273
464
555
332
203
0
-90
-321
-692
-914
-1074
-1522
-2090
-2514
-2573
-2614
-2776
-3158
-3451
-3611
-3475
-2996
-2718
-2869
-2947
-2644
-1990
-1224
-731
-597
-593
-303
570
1624
2061
2117
2172
2425
3007
3696
4214
4189
3870
3908
4321
4828
4929
4671
4395
4454
4509
4707
4646
4678
4321
4321
4207
3957
4171
3990
3865
3714
3096
3284
3311
2902
2799
821
49
2330
4461
2734
-1157
-3264
-757
1882
1859
43
-2909
-5153
-3366
-289
248
-2447
-5505
-5662
-3651
-2321
-2140
-3302
-5144
-5036
-3727
-2951
-2636
-2875
-3265
-3204
-3077
-2649
-1887
-1373
-993
-1253
-2305
-2127
-672
417
341
-705
-1665
-1545
-609
440
363
-1118
-2602
-2433
-1336
-505
-1068
-2665
-3657
-3254
-2225
-1629
-2281
-3184
-3476
-3030
-2173
-1596
-1856
-2194
-2163
-1531
-714
-312
-147
96
190
572
1114
1791
2305
2349
2372
2508
2883
3492
3956
4157
3760
3699
4087
4469
4808
4880
4355
4171
4428
5033
5066
4354
4273
4555
4573
4494
4272
4146
4255
4048
4061
4003
3650
3569
4002
3599
2623
1302
129
771
2364
2084
-796
-4063
-4294
-1840
-930
-2520
-4818
-6621
-6864
-5341
-3891
-4169
-6356
-7865
-6801
-5073
-4436
-4293
-4609
-5028
-4618
-3613
-2508
-1728
-1607
-1599
-1566
-1286
-271
789
1059
800
262
2
676
1736
1884
904
-254
-529
-77
217
-34
-934
-2228
-2677
-2234
-2017
-2516
-3353
-3849
-3781
-3599
-3339
-3390
-3701
-3471
-2828
-2507
-2445
-2155
-1471
-871
-567
-309
100
665
1349
1999
2190
2233
2548
3109
3717
4080
3977
3871
3999
4519
4793
4528
4348
4529
4522
4443
4478
4525
4422
4202
4257
4227
4173
4180
3988
3608
3425
3866
4080
3410
2857
3140
3616
3228
2185
1510
1478
1787
1317
164
-818
-837
-801
-1627
-2674
-3066
-3348
-3854
-4086
-4085
-4711
-5549
-5496
-4743
-4696
-5281
-5304
-4768
-4515
-4343
-3838
-3390
-3275
-3006
-2432
-1864
-1581
-1240
-789
-460
-290
-126
176
451
601
530
416
422
436
300
122
-216
-545
-931
-1105
-1289
-1837
-2381
-2358
-2430
-2832
-3375
-3471
-3133
-3140
-3246
-3149
-3026
-2752
-2491
-2160
-1749
-1532
-1154
-768
-282
321
531
783
1275
1806
2164
2362
2676
3061
3088
3345
3765
4014
3832
3849
4070
4142
4085
4442
4499
4385
3858
3776
4203
4540
4723
4293
3523
3560
4115
4452
4397
3985
3653
3618
3781
4190
4538
3383
1894
705
980
2842
3407
724
-2632
-3571
-1777
-388
-1173
-3258
-5194
-6488
-5504
-3420
-3345
-5370
-7052
-6941
-5648
-4640
-4171
-4242
-5033
-5382
-4313
-3020
-2172
-1708
-1855
-2153
-1886
-885
340
994
803
202
-235
313
1764
2368
1512
360
-77
334
961
1120
294
-952
-1824
-1455
-996
-1501
-2105
-2661
-3172
-3319
-3327
-2995
-2944
-3238
-3389
-3326
-3190
-2628
-1823
-1535
-1675
-1856
-1387
-207
567
745
576
536
1185
2139
2812
2980
2607
2254
2821
3826
4328
4149
3362
3113
3657
4340
4765
4305
3378
3322
3911
4557
4512
3801
3395
3691
4116
4011
3574
3612
3855
3865
3440
3327
3652
3852
3473
2708
2108
1391
1125
1828
2183
844
-1588
-2898
-1683
-473
-1268
-3191
-4653
-5257
-4480
-3490
-3505
-4862
-6365
-6268
-4813
-4094
-4183
-4511
-4955
-4761
-3783
-2960
-2450
-2308
-2362
-2175
-1736
-1012
-137
128
-98
-202
-174
200
1111
1468
900
94
-199
377
923
656
-125
-1067
-1458
-929
-503
-1234
-2418
-2747
-2386
-2161
-2466
-2913
-2872
-2833
-2826
-2415
-2309
-2250
-1953
-1737
-1428
-1100
-662
-113
8
149
582
1084
1507
1876
1960
1953
2340
2910
3220
3220
2930
3145
3418
3637
4054
3933
3337
3279
3661
4160
4310
3761
3546
3739
3674
4173
4455
3738
3470
3625
3825
4130
3956
3781
3702
3369
3258
3379
2825
2306
1743
1134
1315
1521
376
-1337
-2174
-1578
-1288
-2366
-3448
-3900
-4561
-4809
-4247
-4249
-5079
-5800
-5556
-4923
-4877
-4787
-4429
-4464
-4363
-3794
-3353
-2937
-2420
-2106
-1890
-1724
-1294
-620
-274
-74
51
-150
-61
631
999
671
274
171
344
386
228
-30
-667
-1114
-758
-642
-1234
-2069
-2594
-2101
-1594
-1989
-2734
-3289
-2878
-1896
-1748
-2115
-2406
-2427
-1783
-928
-485
-584
-880
-742
167
1038
1217
1010
892
1274
2130
2623
2583
2418
2472
2826
3264
3527
3615
3251
2987
3540
4123
4061
3585
3185
3676
4292
4339
4026
3534
3377
4107
4501
4246
3779
3453
3921
4393
4076
3779
3455
3072
3142
2774
1708
1277
1789
1911
473
-1875
-2170
-723
-841
-2403
-3511
-4225
-4643
-4367
-3762
-3971
-5500
-6522
-5538
-4546
-4693
-4844
-4964
-5061
-4625
-3890
-3251
-2967
-2939
-2734
-2344
-1959
-1234
-697
-680
-563
-412
-374
92
751
843
358
-29
246
726
674
328
-27
-482
-660
-274
-27
-569
-1677
-2240
-1551
-914
-1320
-2295
-2766
-2310
-1725
-1765
-1842
-2045
-2179
-1812
-1228
-873
-941
-1028
-669
-148
147
406
699
869
987
1342
1717
2189
2338
2171
2300
2823
3307
3348
3046
3114
3754
3969
3766
3636
3859
4358
4316
4001
3936
3933
4367
4617
4357
3869
3540
3848
4434
4320
3627
3262
2922
2618
2918
3036
2392
1137
19
290
874
299
-829
-1878
-2767
-2771
-2331
-2594
-3392
-4517
-5128
-4728
-4378
-4393
-4626
-5303
-5617
-5104
-4599
-4246
-3989
-4169
-4290
-3986
-3271
-2364
-2083
-2328
-2326
-1965
-1444
-689
-276
-454
-756
-693
-87
566
571
183
-94
-135
118
372
234
-239
-673
-768
-466
-467
-855
-1524
-1873
-1346
-1063
-1512
-2076
-2372
-1866
-1340
-1427
-1609
-1897
-1806
-1131
-623
-700
-820
-731
-216
354
601
651
704
986
1486
1986
2161
2152
2299
2501
3018
3538
3497
3349
3355
3770
4206
4128
3977
4076
4188
4295
4449
4480
4184
3931
4021
4600
4396
3843
3697
3928
3820
3712
3508
3760
3284
2434
2032
2470
2041
1143
677
778
272
-1091
-1937
-1380
-1341
-2686
-3507
-3568
-3851
-4385
-4388
-4321
-4791
-5690
-5497
-4693
-4665
-5129
-5066
-4864
-4596
-4231
-3885
-3581
-3390
-3296
-2949
-2394
-1914
-1621
-1582
-1423
-976
-680
-445
-14
197
-12
-122
205
669
668
386
218
141
42
119
248
45
-526
-1084
-1083
-633
-602
-1117
-1749
-1990
-1569
-1248
-1259
-1510
-2017
-2021
-1392
-886
-789
-1122
-1275
-835
-220
213
362
220
330
896
1451
1684
1807
1901
2117
2609
3051
3166
3090
3166
3637
3924
3905
3807
3911
4122
4181
4203
4203
4013
3943
4255
4335
4025
3606
3674
4114
4067
3331
3234
3551
3701
3293
2656
2269
2337
1935
1165
1017
1250
738
-689
-1770
-1477
-901
-1782
-2939
-3416
-3753
-4143
-3972
-3845
-4450
-5466
-5636
-4873
-4583
-4937
-5046
-4956
-4916
-4598
-4102
-3691
-3545
-3556
-3405
-2925
-2332
-1841
-1658
-1570
-1363
-1065
-705
-184
161
31
-175
47
491
723
707
568
370
239
322
566
489
188
-202
-667
-739
-317
-176
-755
-1589
-1782
-1202
-825
-1188
-1629
-1724
-1577
-1142
-883
-923
-864
-885
-687
-168
206
337
441
519
886
1387
1624
1839
2032
2102
2366
2714
2961
3224
3125
2880
3225
3829
3861
3471
3048
3405
4003
3896
3618
3463
3111
3358
3965
3781
3125
2665
2895
3608
3489
2764
2627
2618
2563
2509
2174
1827
1810
1207
434
593
646
24
-976
-1763
-1675
-1717
-2493
-2879
-3206
-4044
-4417
-4068
-4178
-4649
-5183
-5300
-4995
-4985
-5004
-4753
-4750
-4765
-4437
-4111
-3744
-3340
-3205
-3070
-2677
-2283
-1834
-1490
-1272
-1077
-917
-537
0
169
68
150
356
565
772
782
661
453
375
602
658
463
180
-164
-489
-269
-94
-329
-738
-1214
-1149
-763
-832
-832
-1084
-1342
-1016
-717
-521
-449
-594
-488
-106
262
529
662
679
953
1312
1533
1846
2118
2155
2264
2400
2738
3094
3034
2916
3064
3260
3388
3494
3426
3225
3323
3553
3692
3504
3242
3268
3468
3237
3099
3243
3384
3057
2552
2503
3025
3356
2818
1950
1652
1896
2128
1863
831
177
269
276
-313
-1206
-1740
-1785
-2124
-2738
-3033
-3350
-3964
-4166
-4140
-4398
-4827
-5004
-4774
-4648
-4920
-4926
-4555
-4352
-4225
-4018
-3804
-3535
-3175
-2857
-2551
-2365
-2098
-1660
-1288
-1052
-893
-716
-370
-5
102
92
201
372
560
670
671
586
405
377
517
515
396
134
-275
-306
-19
-24
-437
-992
-870
-495
-676
-948
-894
-896
-964
-796
-523
-450
-521
-528
-156
124
94
450
641
636
919
1102
1374
1717
1738
1853
2058
2112
2314
2544
2684
2772
2781
2616
2879
3154
3061
2883
2830
2997
3186
3021
2774
2780
2971
3031
2887
2545
2419
2485
2660
2749
2468
2032
1958
2310
2309
1663
1235
1519
1548
921
286
253
102
-182
-648
-1165
-1767
-2116
-1945
-2071
-2947
-3541
-3558
-3565
-3757
-3968
-4186
-4387
-4391
-4210
-4068
-4158
-4085
-3816
-3735
-3620
-3240
-2902
-2753
-2542
-2245
-2025
-1776
-1404
-1032
-902
-820
-523
-182
9
167
272
326
477
694
718
651
616
627
648
610
716
385
-24
106
303
92
-323
-519
-297
-350
-616
-549
-590
-778
-627
-342
-538
-690
-557
-72
149
-43
-32
243
438
676
995
983
943
1139
1483
1800
1901
1684
1826
2066
2201
2360
2416
2394
2529
2279
2233
2588
2714
2717
2509
2212
2239
2577
2819
2659
2081
1822
2120
2569
2289
2083
1970
1769
1808
2065
1926
1450
1046
1222
1564
984
142
271
345
-444
-727
-727
-994
-1769
-2361
-2125
-2017
-2966
-3469
-3165
-3361
-3901
-3901
-3773
-3821
-4074
-4196
-3862
-3745
-3739
-3467
-3342
-3318
-2981
-2707
-2512
-2174
-2003
-1946
-1667
-1304
-971
-835
-765
-437
-236
-204
41
331
386
379
388
463
534
486
496
445
364
254
205
59
15
54
-121
-418
-475
-415
-257
-289
-547
-689
-660
-486
-165
-76
-374
-457
-138
196
463
426
325
479
614
1039
1390
1217
1106
1323
1652
1901
1898
1790
1936
1987
2040
2252
2200
2166
2308
2201
2215
2241
2269
2488
2432
2228
2083
2108
2436
2652
2301
2007
2088
2178
2105
2232
2304
2039
1748
1626
1705
1715
1446
1392
1132
423
398
669
45
-614
-553
-523
-1200
-2136
-2117
-1509
-2015
-3006
-3125
-3039
-3232
-3229
-3246
-3498
-3751
-3781
-3459
-3256
-3353
-3376
-3266
-3156
-2872
-2643
-2543
-2290
-2094
-2070
-1837
-1472
-1212
-1022
-929
-822
-574
-406
-247
65
107
-44
-59
229
541
391
123
223
371
170
72
91
100
7
-205
-321
-226
-306
-311
-258
-468
-544
-422
-266
-188
-353
-438
-171
-44
27
185
179
194
416
552
762
804
735
1026
1171
1191
1369
1438
1446
1560
1613
1787
1886
1765
1773
1972
2124
2044
2021
2050
2080
2046
2066
2274
2388
2160
1934
2018
2146
2107
2057
2096
1911
1824
1929
1949
1711
1468
1372
1522
1393
1031
774
664
661
372
-300
-693
-374
-180
-898
-1899
-2046
-1516
-1635
-2373
-2601
-2587
-2942
-3091
-2784
-2767
-3274
-3510
-3128
-2895
-3149
-3095
-2700
-2692
-2861
-2639
-2245
-2020
-1933
-1839
-1706
-1536
-1222
-869
-777
-791
-678
-452
-150
151
165
20
52
406
589
438
318
470
541
216
245
524
467
171
-64
-7
147
16
3
-35
-269
-330
-91
71
7
-214
-222
-6
186
296
317
236
245
450
723
847
830
826
785
927
1169
1326
1262
1163
1264
1347
1522
1618
1431
1319
1418
1489
1538
1646
1681
1640
1395
1148
1327
1758
1925
1580
1234
1157
1278
1571
1749
1529
1106
1050
1397
1478
1410
1186
979
1020
1105
1058
921
833
632
422
315
257
209
-92
-526
-541
-439
-793
-1353
-1515
-1287
-1359
-1904
-2170
-2091
-2195
-2416
-2383
-2371
-2673
-2858
-2649
-2391
-2522
-2738
-2565
-2329
-2317
-2221
-2025
-1925
-1860
-1684
-1441
-1253
-1150
-1006
-795
-664
-564
-417
-286
-192
-99
-54
-5
-9
-9
107
166
57
-53
-46
78
152
60
-27
-43
-39
63
175
102
67
75
188
309
360
388
391
435
551
688
713
682
744
815
849
944
999
878
877
961
913
898
922
957
910
759
851
946
739
775
825
726
613
680
699
620
722
725
552
609
617
630
685
648
622
685
770
736
660
745
790
741
773
826
794
773
804
762
714
712
722
707
609
522
481
437
369
284
162
41
-55
-148
-225
-289
-417
-530
-629
-738
-824
-892
-941
-983
-1027
-1123
-1207
-1242
-1262
-1305
-1333
-1386
-1445
-1461
-1451
-1442
-1479
-1543
-1595
-1578
-1543
-1543
-1536
-1535
-1550
-1566
-1498
-1398
-1349
-1356
-1337
-1244
-1132
-1053
-982
-895
-822
-731
-640
-533
-419
-353
-272
-175
-69
54
139
216
272
326
394
486
557
605
650
682
707
750
805
840
847
818
815
828
821
827
814
771
751
757
763
735
689
685
685
671
652
640
636
613
596
613
608
600
606
599
566
574
601
599
595
589
574
582
601
596
585
559
554
564
576
576
586
583
552
526
517
517
500
500
488
457
418
362
342
327
283
235
151
82
47
9
-38
-94
-158
-244
-307
-312
-327
-388
-473
-551
-583
-605
-612
-681
-740
-783
-806
-831
-878
-908
-928
-922
-936
-969
-964
-953
-946
-931
-933
-933
-907
-864
-829
-787
-765
-758
-715
-653
-597
-528
-492
-453
-412
-354
-262
-223
-202
-151
-76
-15
35
78
111
161
207
244
253
262
293
344
383
385
392
376
377
437
466
466
465
447
424
430
464
472
458
448
441
446
458
444
446
458
426
423
470
470
488
488
461
428
423
452
450
438
402
358
348
369
336
336
334
295
289
290
255
194
198
216
184
168
144
100
90
107
100
74
74
68
50
53
36
10
0
9
29
15
-11
-49
-52
-56
-85
-114
-145
-183
-242
-223
-237
-307
-337
-367
-422
-431
-452
-511
-538
-566
-601
-596
-607
-624
-613
-591
-621
-663
-635
-601
-558
-530
-526
-548
-534
-473
-414
-388
-405
-368
-338
-279
-228
-234
-189
-198
-187
-131
-104
-102
-96
-92
-81
-55
-34
-6
29
38
11
7
41
87
94
102
129
138
170
231
263
258
282
321
376
419
394
410
430
442
474
488
500
542
528
502
499
481
492
513
505
478
430
419
412
393
389
351
307
291
289
270
259
214
168
163
177
173
152
146
106
91
82
67
63
90
113
102
66
19
18
28
15
25
17
-30
-62
-69
-83
-108
-111
-114
-134
-167
-233
-281
-277
-263
-266
-312
-322
-327
-337
-340
-363
-419
-427
-411
-394
-365
-395
-412
-389
-388
-385
-380
-371
-374
-395
-391
-379
-364
-360
-358
-368
-344
-327
-327
-327
-307
-283
-278
-277
-292
-287
-259
-247
-231
-212
-226
-201
-178
-164
-163
-151
-132
-110
-92
-79
-74
-63
-47
-44
-5
11
7
37
55
53
79
85
92
117
100
101
116
92
126
134
118
117
98
105
116
121
106
119
143
168
176
173
181
193
215
240
248
244
249
275
289
322
298
307
322
327
352
331
340
318
296
300
311
291
275
263
250
260
237
186
171
166
159
145
99
91
75
81
53
28
23
8
14
21
2
-5
0
-28
-46
-46
-57
-61
-54
-80
-119
-155
-164
-174
-186
-178
-173
-178
-202
-215
-232
-254
-234
-224
-224
-231
-242
-238
-241
-238
-251
-260
-266
-242
-234
-222
-246
-277
-277
-273
-230
-205
-221
-256
-261
-253
-236
-222
-222
-202
-192
-191
-190
-185
-213
-231
-203
-169
-132
-110
-136
-173
-154
-126
-122
-121
-121
-146
-129
-112
-142
-139
-120
-137
-144
-119
-105
-110
-96
-101
-115
-99
-96
-86
-71
-44
-22
-18
-13
-19
-21
14
34
39
52
80
108
132
166
182
197
169
153
176
217
234
239
243
219
226
227
228
231
240
242
232
244
241
231
231
220
229
242
227
217
189
183
191
168
166
165
171
129
101
125
121
128
118
74
67
61
69
75
38
-12
-17
-5
3
25
26
-6
-23
-16
-8
-4
-30
-42
-33
-19
-7
-15
-41
-43
-38
-41
-15
-33
-68
-62
-48
-39
-33
-42
-68
-82
-34
-4
-36
-58
-48
-62
-66
-70
-71
-70
-81
-91
-107
-110
-114
-97
-88
-87
-92
-117
-134
-126
-110
-96
-80
-87
-92
-94
-75
-66
-61
-60
-73
-64
-38
-35
-51
-47
-49
-45
-38
-37
-44
-46
-48
-65
-54
-56
-83
-73
-72
-65
-51
-31
-23
-48
-60
-67
-62
-60
-55
-57
-50
-48
-42
-18
-15
-11
-3
-19
-11
21
23
3
-4
-2
-4
-9
-39
-47
-27
-20
-27
-58
-77
-88
-84
-64
-64
-89
-92
-92
-119
-123
-126
-130
-102
-101
-134
-113
-109
-105
-91
-88
-93
-107
-97
-63
-49
-31
-17
-36
-15
4
22
40
57
44
61
98
82
90
93
87
99
118
106
97
129
152
142
118
104
104
127
149
152
153
117
99
138
148
136
118
122
123
110
119
128
110
94
107
127
127
116
110
74
34
29
52
52
48
34
-8
3
22
13
-3
-34
-65
-70
-49
-53
-77
-104
-114
-108
-89
-84
-97
-125
-125
-101
-89
-91
-119
-120
-99
-77
-75
-71
-62
-80
-63
-39
-48
-49
-63
-74
-57
-31
-49
-66
-93
-102
-97
-84
-74
-84
-72
-102
-137
-133
-119
-120
-134
-137
-157
-163
-143
-134
-148
-153
-144
-144
-121
-131
-146
-118
-113
-96
-83
-99
-124
-122
-117
-112
-109
-112
-112
-100
-81
-66
-77
-99
-119
-123
-93
-60
-57
-91
-102
-106
-91
-63
-35
-49
-57
-41
-23
13
30
32
29
36
47
74
97
78
61
73
90
108
100
99
106
92
85
73
68
78
95
104
98
60
41
41
53
44
31
17
-10
3
5
6
7
-2
-3
-4
-3
25
-5
-2
4
11
30
52
78
52
41
35
23
48
60
47
54
46
29
14
36
53
60
60
37
9
-9
11
21
23
19
9
10
25
23
26
8
7
26
23
24
21
23
4
-15
-17
-19
-19
-35
-29
-16
-25
-28
-33
-30
-38
-31
-5
5
9
-15
-19
-7
-7
10
15
-3
-25
-24
5
13
2
-17
-31
-38
-27
-5
22
19
-2
-6
-8
5
9
-19
-19
-23
-25
-18
-9
-23
-51
-50
-53
-41
-29
-41
-62
-58
-51
-73
-66
-72
-85
-88
-75
-63
-70
-75
-97
-109
-112
-114
-93
-91
-110
-130
-131
-111
-82
-92
-104
-115
-134
-126
-112
-121
-151
-142
-153
-159
-149
-154
-162
-166
-184
-189
-167
-157
-157
-161
-163
-164
-155
-151
-142
-159
-166
-149
-128
-111
-94
-80
-71
-78
-66
-48
-21
-7
-12
-25
-35
1
22
38
51
51
39
60
81
86
96
82
75
68
69
89
104
108
98
101
101
111
127
112
103
87
97
112
143
159
127
117
129
143
163
173
187
165
126
144
174
202
185
162
145
128
145
164
166
138
110
96
109
117
107
115
111
87
77
63
55
50
46
46
25
14
31
23
6
4
-5
-17
-19
-25
-40
-44
-50
-50
-67
-91
-108
-111
-107
-92
-88
-109
-115
-118
-116
-105
-88
-114
-127
-126
-132
-127
-129
-150
-175
-174
-171
-160
-154
-169
-202
-218
-212
-189
-164
-180
-183
-208
-216
-194
-174
-173
-210
-205
-204
-190
-169
-151
-142
-140
-135
-131
-100
-83
-86
-82
-76
-61
-33
-18
-14
-7
0
9
20
24
43
60
64
85
96
74
65
77
101
139
160
149
129
123
121
136
159
156
141
130
129
126
160
169
135
125
114
134
165
180
156
122
116
124
154
166
168
126
97
114
138
165
147
112
90
99
124
140
127
97
85
81
72
80
74
52
35
34
47
59
57
39
21
18
9
16
28
22
-6
-44
-53
-56
-49
-44
-60
-87
-90
-108
-114
-114
-119
-107
-109
-110
-133
-135
-129
-151
-147
-154
-182
-175
-174
-188
-187
-168
-170
-176
-172
-176
-157
-135
-140
-148
-150
-165
-176
-133
-78
-50
-74
-120
-138
-129
-73
-3
26
-8
-39
-62
-56
-5
27
44
48
37
24
26
47
47
26
12
15
40
52
54
37
19
-13
-14
21
49
64
54
40
7
1
1
-27
-12
-1
22
25
23
8
-24
-8
3
-12
-30
-47
-41
-19
4
6
-19
-37
-50
-47
-35
-31
-47
-57
-82
-101
-88
-69
-64
-91
-125
-163
-194
-180
-153
-128
-134
-185
-197
-186
-169
-146
-156
-190
-202
-186
-179
-157
-168
-197
-195
-185
-189
-154
-121
-117
-130
-146
-142
-146
-120
-86
-95
-109
-111
-100
-75
-59
-55
-74
-103
-85
-47
-40
-26
-17
-15
-15
-19
-8
-15
-11
17
27
33
10
13
20
26
58
84
106
92
74
68
83
107
131
130
98
78
78
104
124
143
136
132
112
94
93
102
103
101
83
80
87
116
128
134
119
78
69
82
122
131
121
102
73
61
82
118
123
112
95
63
63
84
90
94
87
61
51
42
27
16
10
13
27
21
3
-5
-42
-52
-31
-31
-22
-43
-59
-79
-106
-92
-87
-91
-92
-104
-120
-119
-90
-118
-145
-135
-126
-111
-104
-105
-122
-146
-144
-134
-112
-79
-99
-99
-115
-141
-135
-126
-104
-108
-119
-134
-140
-133
-130
-106
-114
-138
-140
-143
-121
-85
-98
-96
-117
-151
-134
-115
-78
-55
-41
-66
-74
-50
-57
-38
-15
-31
-58
-37
-18
-6
10
-31
-58
-40
-12
26
36
15
-9
-11
2
14
44
52
47
43
41
56
79
105
107
96
90
104
130
144
149
150
153
145
165
179
176
165
140
148
153
158
167
179
168
146
148
133
131
144
143
129
123
127
105
98
93
85
79
83
101
121
107
80
57
42
50
73
99
80
59
47
37
36
37
46
18
9
14
37
73
58
14
-21
-28
-19
7
19
-4
-36
-53
-56
-44
-25
-35
-54
-60
-62
-37
-24
-22
-31
-63
-85
-79
-82
-90
-93
-105
-120
-127
-127
-141
-148
-153
-181
-189
-173
-163
-199
-207
-212
-204
-166
-175
-174
-191
-218
-196
-170
-166
-174
-165
-159
-151
-148
-152
-151
-144
-126
-120
-120
-123
-120
-105
-79
-86
-89
-71
-72
-57
-64
-66
-48
-54
-66
-79
-60
-18
3
8
-15
-33
-31
-27
-8
9
1
-8
-8
-2
7
4
5
14
34
36
27
48
36
7
1
11
27
40
47
22
20
21
18
25
24
13
-6
15
17
24
36
21
9
6
33
39
39
34
40
42
42
55
36
37
55
56
51
38
35
19
22
23
9
0
9
19
6
-10
-32
-42
-53
-60
-64
-70
-75
-82
-95
-110
-127
-117
-118
-111
-113
-131
-123
-110
-115
-131
-147
-136
-137
-117
-102
-126
-122
-93
-67
-67
-71
-66
-60
-32
-14
-15
-47
-55
-33
-20
-6
-3
-6
-19
-28
-56
-57
-35
-3
-20
-45
-52
-49
-19
9
13
-26
-52
-60
-35
-1
10
5
-10
-1
13
8
12
23
18
47
75
62
59
50
53
71
86
71
52
53
51
66
67
57
19
2
8
14
12
32
38
4
-16
-31
-15
-21
2
-16
-16
-3
-8
3
-22
-49
-65
-48
-15
0
-10
-39
-61
-60
-57
-59
-46
-53
-61
-71
-77
-87
-111
-108
-99
-88
-93
-99
-103
-100
-108
-113
-126
-134
-127
-104
-98
-99
-82
-79
-92
-84
-61
-67
-69
-69
-70
-70
-59
-38
-56
-83
-83
-69
-45
-8
-2
-23
-54
-87
-70
-36
-24
-25
-39
-63
-57
-56
-56
-44
-22
-32
-31
-7
1
8
14
29
33
50
69
94
93
83
81
84
89
113
147
163
162
173
177
170
162
167
180
176
164
138
117
136
147
146
131
100
95
83
85
88
70
72
64
59
69
69
67
80
82
85
80
64
71
71
74
74
79
62
45
47
48
25
24
25
-10
-31
-32
-33
-48
-36
-48
-68
-58
-73
-91
-103
-114
-125
-109
-93
-98
-83
-88
-105
-97
-98
-108
-107
-104
-102
-104
-103
-122
-128
-129
-127
-122
-108
-97
-93
-79
-75
-81
-86
-79
-83
-100
-108
-106
-104
-101
-102
-101
-125
-146
-142
-137
-115
-94
-103
-117
-121
-106
-78
-56
-66
-77
-77
-80
-61
-49
-43
-45
-48
-38
-18
-6
-2
5
-1
-2
-4
37
52
61
47
31
19
29
40
56
75
58
57
61
57
57
67
66
52
59
61
59
65
68
52
46
55
45
46
33
37
38
48
64
68
65
46
54
51
71
86
62
34
23
37
55
77
75
55
23
0
19
25
36
48
38
21
16
41
60
37
12
-2
4
16
43
48
35
20
-4
-14
4
18
16
5
-11
-27
-6
-9
-11
-13
-53
-75
-67
-45
-54
-49
-41
-70
-78
-70
-79
-82
-93
-86
-77
-87
-109
-115
-105
-103
-106
-120
-131
-145
-165
-171
-179
-179
-158
-164
-172
-177
-183
-164
-143
-136
-148
-145
-156
-158
-144
-126
-113
-115
-104
-111
-114
-113
-109
-86
-82
-87
-77
-62
-55
-46
-36
-48
-64
-55
-68
-78
-75
-93
-100
-82
-85
-84
-74
-58
-46
-32
-27
-42
-44
-34
-12
-3
-12
-34
-34
-24
-18
2
11
-9
-8
-2
1
31
35
34
19
5
-6
-3
12
19
15
15
3
5
11
16
10
-4
0
-10
11
12
21
20
22
30
7
18
34
67
70
56
36
13
19
51
56
51
28
-8
-6
4
23
25
20
-5
1
18
7
4
-13
-44
-79
-70
-43
-32
-26
-43
-50
-67
-68
-50
-31
-27
-45
-31
-37
-25
-29
-38
-47
-47
-27
-14
1
-8
9
6
0
13
19
28
33
26
22
17
31
26
2
5
24
13
5
-4
-22
-29
-17
-17
-19
-22
-25
-39
-50
-39
-49
-52
-57
-49
-37
-33
-4
8
-17
-25
-21
-6
9
21
33
27
5
6
16
25
29
38
29
33
50
51
51
41
30
40
41
27
15
12
32
45
47
42
37
40
37
35
25
26
32
39
52
58
67
61
48
35
34
30
33
42
34
19
15
17
16
6
-12
-27
-26
-26
-32
-40
-47
-47
-58
-55
-43
-40
-44
-39
-49
-49
-50
-56
-61
-50
-36
-30
-22
-18
-9
4
24
32
17
-9
-17
-3
17
20
10
16
5
17
20
12
-6
-21
-37
-57
-45
-34
-11
-14
-6
-19
-37
-35
-13
9
9
12
15
13
8
8
2
-1
7
12
7
-2
-10
-2
14
30
3
-25
-30
-35
-26
-19
-17
-34
-44
-36
-38
-41
-49
-60
-68
-52
-45
-33
-23
-22
-16
-21
-25
-17
-2
19
23
15
-2
-34
-20
-8
1
4
8
-5
-27
-23
-36
-37
-19
-21
-36
-34
-43
-28
-11
-14
-30
-56
-60
-57
-45
-32
-32
-64
-77
-68
-40
-10
-5
-13
-28
-46
-49
-42
-28
-16
-21
-20
-37
-48
-28
-3
-6
-1
-16
-19
-7
0
-2
-10
-19
-35
-24
0
-6
-16
-18
-54
-99
-89
-98
-69
-59
-66
-109
-153
-128
-115
-99
-94
-108
-125
-137
-130
-108
-102
-113
-123
-133
-132
-109
-108
-116
-105
-104
-123
-128
-112
-72
-55
-40
-59
-96
-95
-86
-62
-41
-39
-47
-60
-73
-67
-36
-17
-23
-32
-46
-50
-23
-5
4
10
0
-6
11
21
23
37
32
13
9
11
12
35
38
26
23
13
20
30
43
41
36
15
-13
-7
8
16
-1
-1
-17
-31
-16
6
20
11
-11
-7
-13
12
28
30
-1
-43
-43
-38
-25
-22
-24
-45
-61
-70
-65
-60
-57
-63
-86
-123
-143
-165
-192
-242
-297
-363
-367
-387
-479
-599
-662
-677
-730
-833
-853
-999
-1831
-1839
-874
-156
-383
-1084
-867
161
808
630
210
397
915
1123
587
527
880
812
449
566
545
294
603
224
162
398
42
204
230
57
691
988
-210
-607
695
722
19
-137
410
628
-400
-548
-1109
-1732
-21
1939
142
-1217
-1189
-314
1412
1016
47
-38
406
387
9
373
1044
296
-87
498
116
-281
-716
287
1488
480
-1471
-1224
272
594
106
-245
2
333
-810
-1234
274
1250
467
-957
-311
529
-426
-222
770
1310
-134
-1052
355
1053
-13
217
795
467
71
-515
-141
1144
957
-500
-193
450
340
-677
-624
1201
1143
-703
-968
-288
440
-51
11
402
11
31
-345
-250
320
382
-12
-26
462
-251
-383
471
487
86
123
123
-408
-47
621
310
526
-38
-759
195
380
-57
102
9
210
179
-371
-571
205
389
17
152
-69
-184
14
-180
-98
719
897
-659
-1043
538
1121
-137
-646
0
558
270
-322
35
325
-162
-343
262
518
-159
-452
-104
168
149
-79
-419
-352
403
-24
-455
124
157
-487
-717
512
668
-559
-514
-87
93
199
24
-264
-560
606
538
-697
-356
164
-159
-215
212
-112
-271
194
-188
-362
124
-225
-411
-226
300
253
16
-657
-534
-55
355
80
-152
-460
-400
684
243
-366
-467
-191
189
406
473
-306
-870
67
470
248
275
-184
-914
-595
551
851
124
-448
-375
60
-1
-457
-23
326
23
43
-418
-290
-240
-484
-267
302
719
-164
-941
-862
33
452
288
66
-516
-357
-264
-216
86
322
234
-136
-417
-731
-126
413
250
-62
-347
-376
-50
-320
-223
34
257
-104
-329
-408
-439
-111
22
245
272
-155
-949
-537
407
448
110
-211
-206
-298
-353
-12
-45
27
139
-276
-132
-86
-169
-218
-269
236
545
-309
-836
-206
539
410
-535
-681
20
235
35
-154
-94
-202
-428
-370
295
584
-86
-822
-359
475
568
-97
-589
-199
420
430
-138
-252
92
299
-6
44
291
-74
-429
-43
386
616
316
-514
-820
42
667
380
19
-153
-204
-222
36
37
37
-15
-121
31
122
42
-163
-602
-220
413
575
-18
-510
-447
-259
381
466
-123
-344
-218
-79
275
316
-208
-479
-263
2
264
192
-158
-572
-409
58
395
164
-347
-618
-340
376
368
-148
-434
-319
81
127
147
-3
-411
-398
62
217
82
-85
-312
-387
65
378
-23
-313
-250
44
153
-78
-268
-189
-102
-85
29
67
14
-170
-363
-133
288
246
-2
-40
-141
-261
-88
135
147
91
-29
-174
-345
-66
182
8
-83
-21
68
66
-151
-283
-68
196
172
28
-92
-301
-211
-58
75
239
141
-163
-391
-123
245
138
-128
-141
131
206
-26
-25
105
83
6
72
137
9
-68
-50
81
213
57
-234
-228
23
180
118
-68
-97
-108
-158
-30
200
116
-97
-210
-124
117
138
-96
-132
213
241
-178
-296
-35
130
181
255
217
-64
-238
-171
82
406
315
16
-33
5
45
92
142
104
74
138
43
-60
-88
-23
92
172
140
-78
-196
-101
49
97
131
97
-100
-215
-123
80
187
83
-34
-32
14
-11
16
52
116
111
63
29
-24
-34
30
157
237
197
26
-131
-38
217
252
156
78
32
32
-24
24
166
219
160
0
-65
13
78
22
96
253
129
-122
-131
-9
55
119
167
113
-22
-144
-185
-98
52
132
81
-73
-161
-228
-200
33
163
98
-64
-213
-201
-135
9
154
55
-80
-151
-166
-157
-75
-2
59
7
-103
-89
-96
-100
-99
-28
29
-33
-131
-193
-159
-98
-111
-69
-65
-83
-122
-162
-95
-25
-19
-52
-65
-41
-42
-36
-1
-18
-17
1
-24
-2
64
12
-61
-48
23
57
57
75
48
24
-35
-63
39
123
114
97
36
2
-1
-48
-39
47
91
48
-31
-91
-87
-16
72
73
31
-22
-44
-11
13
68
49
44
116
115
123
73
50
91
186
274
204
120
89
88
153
208
232
210
100
10
10
69
151
154
99
81
41
-7
-12
23
104
131
85
36
13
-40
-33
58
110
147
98
-7
-27
-7
22
51
64
37
-25
-36
-37
-12
21
1
-27
-86
-137
-132
-91
-54
-62
-91
-127
-166
-169
-140
-124
-92
-67
-77
-115
-166
-142
-69
-40
-4
-24
-53
-52
-32
-14
-10
-7
-1
-5
-2
10
-6
2
13
18
17
-12
-38
-48
-26
-31
-65
-70
-85
-73
-64
-62
-25
-27
-56
-79
-89
-93
-56
-38
-20
-26
-10
-33
-40
-28
-49
-34
8
26
-13
-32
-26
-25
-46
-15
34
25
-10
-35
-59
-50
-35
-53
-34
-29
-27
-29
-46
-49
-41
-31
-29
-15
-26
-8
7
7
5
22
5
-5
7
45
90
92
77
46
49
57
57
37
20
55
46
-5
-18
-16
-11
18
25
-14
-35
-24
-29
0
33
27
-4
-19
26
36
7
5
36
39
27
10
11
25
16
53
50
2
-21
-53
-56
2
20
-32
-49
-38
-55
-65
-54
-52
-47
-31
-41
-63
-69
-39
-11
3
24
22
-36
-70
-65
-27
-7
-40
-44
-44
-23
-42
-70
-52
-14
-24
-34
-25
-22
-31
-34
-9
-9
-23
-73
-96
-71
