47
26
25
15
-2
-25
-15
-8
-19
2
9
-14
3
2
-2
-5
-1
-7
-37
-31
-46
-34
14
18
29
22
7
12
22
28
34
50
64
46
50
27
5
-11
2
-3
23
30
-1
5
-11
11
5
5
9
-1
3
-1
-20
-17
-19
-20
-6
-10
-21
-32
-29
-2
12
28
10
-31
-20
-7
-11
-15
7
-2
10
22
28
35
20
-9
-26
9
17
13
13
-2
-20
-13
-24
-25
4
0
-6
-24
-24
-4
6
15
27
23
41
30
17
6
-5
-13
-1
29
7
-6
-13
-8
-26
-3
-2
-23
-24
-22
-10
5
2
21
11
-4
12
6
13
5
31
27
-2
-19
-37
2
-4
0
15
10
8
-8
-13
-35
-35
-39
-37
-43
-52
-41
-51
-67
-58
-47
-63
-70
-72
-72
-54
-27
-45
-71
-60
-59
-94
-83
-63
-91
-86
-96
-99
-98
-80
-87
-78
-55
-62
-62
-72
-64
-79
-51
-49
-69
-99
-112
-108
-122
-101
-77
-80
-91
-98
-116
-93
-82
-63
-61
-88
-87
-69
-54
-84
-60
-51
-63
-45
-27
-35
-28
-5
-12
-33
-45
-6
-24
-46
-20
-32
2
16
15
-4
-10
-6
11
26
22
9
-15
-24
-31
4
-14
-19
-16
-50
-44
-12
-15
-4
12
-20
-35
-44
-41
-15
-2
-27
-59
-85
-90
-53
-12
-29
-32
-63
-83
-83
-69
-68
-90
-111
-88
-113
-91
-113
-106
-126
-85
-159
-93
-141
-76
-229
-1547
-1442
-1136
-1102
-1177
-1573
-1936
-2402
-2358
-2045
-1348
-1272
-1715
-1481
-1535
-1364
-660
-305
56
383
275
32
475
1093
1511
1984
1789
1351
1240
1372
1979
2456
2398
1611
1300
1053
1060
1035
1336
1624
930
66
-398
-194
322
813
1171
599
-730
-914
-43
247
587
1512
1127
-77
-722
-535
461
1448
1316
395
20
-489
-245
462
567
702
300
-504
-394
57
-345
-149
518
478
-202
-586
-681
-319
378
584
321
-227
-742
-600
281
999
756
-132
-609
-223
461
652
281
109
-32
-125
450
134
-351
-208
-63
-182
-56
-357
-814
-640
-288
-114
-331
-853
-966
-430
-240
-69
-152
-566
-549
-11
145
58
221
-19
-9
372
407
347
265
23
264
361
104
46
-182
-445
-144
63
-557
-878
-944
-904
-573
-819
-1456
-1510
-1366
-1356
-1061
-984
-1311
-1508
-1411
-1311
-933
-1018
-1119
-740
-511
-544
-533
-716
-941
-251
511
450
84
-495
-479
431
1495
1329
471
-79
10
1293
2052
1906
1230
837
1168
1764
2295
2079
1859
1733
1992
2288
1887
1413
1329
2258
2509
1972
1337
726
887
1802
2323
1972
1144
464
513
1372
1929
1530
652
-47
98
718
873
284
-400
-688
-611
-251
-374
-824
-1236
-1356
-1232
-1077
-1443
-2002
-2025
-1823
-1740
-1895
-2146
-2511
-2667
-2467
-2208
-2257
-2738
-2986
-2734
-2454
-2448
-2671
-2836
-2732
-2486
-2356
-2374
-2437
-2423
-2254
-1922
-1762
-1799
-1858
-1806
-1421
-1063
-850
-958
-933
-777
-363
62
159
316
416
822
1327
1548
1608
1543
1971
2445
2865
3248
2975
2833
2753
3412
4223
4425
4129
3576
3187
3755
4848
4884
4059
3073
3371
4212
4372
3623
3244
2900
2405
2738
2840
2194
1575
1106
699
583
170
-678
-1220
-1343
-1377
-1990
-3627
-4449
-3335
-2724
-3291
-4046
-4762
-5235
-4585
-3144
-2311
-2857
-3910
-3678
-2567
-1615
-857
-625
-1056
-1115
-454
98
380
390
310
335
359
207
-265
-714
-709
-540
-995
-1621
-2449
-3511
-3607
-2954
-2761
-3618
-4665
-5036
-4763
-4032
-3307
-3083
-3497
-3674
-2992
-2149
-1428
-650
-191
31
382
762
1115
1663
2319
2720
3069
3321
3277
3017
2944
3467
4191
4052
3552
3196
3067
3188
3511
3546
3301
2976
3026
3405
3647
3523
3634
4015
3742
3253
3484
4311
4526
4222
3719
3306
3308
3692
4376
4355
3635
2905
1289
-1314
-1195
1445
1446
-1326
-3231
-4462
-6190
-6114
-3700
-2733
-5250
-7681
-7463
-6719
-5996
-4017
-2944
-4166
-4738
-3758
-2997
-1985
-205
744
452
296
570
528
873
2329
3128
2052
885
445
-9
-224
499
248
-1607
-3482
-4362
-4426
-4084
-3952
-4887
-6484
-7345
-6738
-6011
-5409
-4837
-4904
-5012
-4403
-3203
-2255
-1270
-164
463
794
1184
1805
2661
3517
4238
4418
4082
3770
3997
4365
4548
4742
4313
3705
3218
3091
3417
3522
3440
3108
2852
2818
3244
3694
1854
-559
503
3106
5138
4158
1008
-886
-199
2660
4799
4483
1289
-725
1033
3595
4739
3803
2380
2443
3324
3624
3510
3222
2419
2524
3471
2114
-1034
-2638
-977
1089
387
-2977
-6113
-7087
-5814
-3394
-2811
-4949
-7841
-8697
-6943
-4399
-3348
-4287
-5217
-4951
-3684
-2605
-2010
-1295
-786
-363
7
-42
-759
-691
591
1248
504
-1100
-2490
-2617
-1661
-1060
-1884
-3594
-4948
-5223
-4327
-3292
-3147
-4077
-4986
-4680
-3616
-2614
-1897
-1297
-915
-693
-153
588
1424
2292
3373
3930
3781
3665
3923
4562
5464
6026
5391
4595
4192
4415
5120
5080
4579
3869
3597
3726
3729
3750
3576
4503
5420
3770
2356
2569
3753
6082
6281
3572
1805
2949
4756
6328
6593
4847
3329
3620
3563
1054
-758
941
3489
2280
-3078
-6695
-6266
-5100
-4251
-2975
-4457
-9290
-11680
-9139
-5538
-4774
-6184
-7347
-7135
-5852
-4525
-3525
-2688
-1834
-1075
-339
-128
-236
-62
1174
3061
3471
1657
-105
-172
778
1436
1048
-518
-2811
-4249
-3988
-3415
-3601
-5184
-7027
-7285
-6425
-5658
-5873
-6251
-5947
-5099
-4110
-3307
-2519
-2001
-1221
121
1079
1219
1390
2277
3477
4296
4318
3749
3418
3876
4825
5438
4937
3621
3040
3444
3744
4182
4149
3493
2947
2486
2794
3711
3898
3804
3820
3908
4209
4339
4812
5047
4477
4395
4704
5793
4443
1390
1529
5081
6756
4217
1020
142
1744
3772
4936
5169
1962
-3492
-4818
-1329
2726
3892
-389
-6824
-8883
-6657
-3657
-1018
-1514
-5949
-9561
-9184
-6013
-3097
-2761
-3735
-4504
-5286
-5270
-3698
-1519
31
217
-615
-1895
-2380
-1208
822
2443
2090
-225
-2538
-2497
-781
144
-923
-2686
-3887
-4560
-4648
-4959
-5309
-5163
-4934
-5139
-5861
-6456
-6165
-4625
-2757
-2013
-2815
-3585
-2736
-630
1115
1708
1344
975
1408
2657
3793
4124
3886
3483
3403
3834
4265
4196
4085
3978
3833
3417
3199
3217
3629
3920
3992
3329
2846
3184
4320
5182
5026
4524
3810
4122
5036
5843
5602
4597
4014
4357
4880
5021
4878
3945
3264
3701
4896
5208
3773
2285
-16
-2641
-1517
2440
2953
-1460
-6572
-8661
-7188
-4108
-2265
-3510
-7647
-11087
-10104
-6375
-3922
-4094
-5531
-6536
-6248
-4687
-3067
-1853
-1000
-628
-853
-1132
-1091
-444
956
2477
2612
627
-1384
-1526
-254
1053
840
-1329
-3911
-5456
-4507
-3336
-3310
-4801
-6669
-7808
-7363
-5760
-4940
-4968
-5364
-5350
-4622
-3486
-2381
-1359
-400
115
570
935
1434
2411
3633
4195
4037
3578
3295
3846
4914
5243
4870
3980
3472
3645
4212
4469
4032
3687
3408
3286
3655
4080
3772
3317
4123
4756
4645
4430
4004
4014
4915
5873
5481
4656
4471
4672
5025
4990
5103
4961
4588
4178
5060
6110
5790
2708
-2472
-3365
1523
5223
2667
-3487
-8799
-9570
-5981
-1939
-1298
-5796
-11803
-12953
-8748
-5031
-4061
-5206
-7539
-8451
-6720
-4386
-2637
-1461
-1264
-1330
-1228
-1321
-848
974
3024
3725
2115
-397
-1001
535
2213
2697
1237
-2036
-4529
-4403
-2887
-1604
-2511
-5699
-7868
-7919
-6531
-5292
-5056
-5625
-6354
-6293
-5594
-3722
-2021
-1191
-678
-65
444
1580
3711
5807
7207
6933
5458
4915
6008
7620
8249
7257
4562
2352
1627
2440
3018
2203
304
-2040
-3088
-3022
-2160
-1677
-2275
-3371
-3888
-3496
-2798
-1018
482
851
687
695
1389
3308
5644
6645
6406
5552
5728
7120
8499
9031
8680
7881
7100
7493
8257
8154
7748
6841
5702
3712
270
-1454
1113
3311
684
-4537
-8748
-9638
-7224
-4389
-4246
-7401
-11751
-12794
-9392
-5774
-4948
-5975
-7103
-7122
-5320
-2931
-1662
-1037
-359
134
575
860
1110
2003
3434
4169
3238
1402
291
1110
2306
2113
21
-2539
-4104
-4264
-3676
-3456
-4634
-6661
-8435
-8666
-7266
-5820
-5655
-6049
-6274
-6004
-4907
-3066
-1397
-513
-408
-303
387
1681
3026
4033
4346
4010
3621
3818
4432
5163
5432
4935
4161
3702
3406
3456
3900
4062
3433
3059
2972
2706
2729
3340
3946
4122
3543
3347
3904
4891
5582
5509
5166
5004
5016
5755
7214
7068
6002
5238
5426
6305
7438
7586
4871
-1097
-3288
1825
6529
3786
-3373
-8942
-9711
-6346
-2442
-2055
-6564
-12525
-13965
-10315
-6232
-5323
-6727
-8779
-9458
-8024
-5649
-3636
-2148
-1774
-2194
-2332
-1810
-654
1467
3291
3682
2083
-6
-114
2263
3501
2296
812
-557
-1672
-1918
-1363
-1657
-3459
-5139
-6310
-5974
-5570
-6595
-7200
-6983
-7210
-7009
-6083
-5685
-5302
-4122
-3126
-2315
-1445
-830
158
1619
2516
2812
3401
3762
4023
4756
5148
5158
4962
4584
4384
4674
4725
4321
4069
3412
2982
3041
3289
3262
3395
3187
2322
2036
2594
3436
4089
4250
3648
3074
3806
5521
6195
5601
4695
4719
5557
6201
6463
6510
5656
5823
6833
7174
5484
3530
1320
233
2222
4270
2286
-2636
-6502
-7065
-4818
-2939
-3712
-6696
-10370
-11506
-9241
-6369
-6001
-7377
-8683
-8630
-7238
-5470
-4019
-3151
-2901
-2668
-2246
-1491
-510
716
1892
2458
1741
569
731
2068
2932
2546
1083
-695
-1536
-967
-301
-874
-2849
-5254
-6415
-5708
-4735
-4882
-6593
-8214
-8423
-7003
-5521
-4901
-5167
-5530
-5044
-3598
-1937
-913
-177
431
949
1557
2122
2732
3518
4295
4520
4237
3833
3775
4187
4825
4859
4336
3413
2649
3053
3770
4047
3562
2456
1941
2642
3669
3918
3552
3116
3441
3831
4486
4768
5028
5262
5072
5209
5532
5325
5780
6425
6224
5588
5793
6366
7247
6572
4456
3164
1730
1005
2791
4264
1394
-3625
-6463
-5565
-3314
-2702
-4290
-7347
-10271
-10747
-7865
-5293
-5966
-8051
-9263
-8854
-6861
-4665
-3651
-3457
-3812
-3814
-2826
-1137
492
1317
1130
834
739
854
1959
3213
2972
1351
72
-165
329
774
284
-1239
-3024
-4498
-4514
-3777
-3713
-4848
-6703
-7685
-7185
-5877
-5290
-5765
-6092
-5822
-4762
-3369
-2596
-2324
-1697
-576
449
1142
1493
1953
2844
3657
3971
3817
3624
3809
4385
4802
4534
3785
3322
3437
3701
3678
3185
2856
2709
2960
3267
3097
2637
2779
3891
4694
4162
3459
3497
4738
5847
6397
5378
4178
4696
5775
6908
6686
5926
5213
5474
6026
6669
5617
3598
2111
794
1186
2434
1923
-910
-3880
-5085
-5046
-4546
-4324
-4623
-6653
-9016
-9400
-7426
-6096
-6226
-6628
-7343
-7994
-6819
-4532
-3095
-2862
-3437
-3596
-2699
-1264
202
1088
993
381
76
570
1794
2365
1815
921
250
-350
-337
57
54
-1172
-2701
-3578
-3754
-3861
-4589
-4608
-4852
-5625
-6491
-6808
-5980
-4791
-4197
-4702
-5289
-4910
-3639
-1701
-302
-432
-1273
-927
493
2223
3199
3023
2440
2397
2948
3925
4462
4207
3618
3395
3342
3288
3385
3780
3699
3268
2586
2233
2774
3610
3980
3704
3273
2941
3374
4594
5640
5530
4625
4483
5009
5817
6468
6346
5854
5263
5560
6257
6526
6144
5687
6062
5609
4399
2165
386
1222
3537
3488
-638
-4940
-6360
-4423
-2098
-2077
-4976
-9001
-10641
-8579
-5111
-4586
-6957
-9117
-9239
-7491
-5102
-3846
-4321
-5030
-4733
-3437
-2160
-1474
-1009
-295
202
319
-35
15
1001
2115
2025
896
-331
-849
-133
852
676
-1019
-2894
-3520
-2877
-2285
-2854
-4454
-5506
-5226
-5074
-4913
-5283
-5519
-5208
-4789
-4335
-4243
-4095
-3457
-2151
-1152
-1147
-1290
-801
215
1301
2264
2272
1860
1918
2610
3518
3993
3625
3021
3019
3406
3749
3767
3426
3108
3324
3570
3655
3615
3430
3741
4125
4375
4317
4374
4833
5217
5365
5399
5295
5216
5748
6123
5981
5475
5064
5496
5747
5716
5177
4906
4710
4817
4737
3549
1026
-529
983
3194
1975
-1917
-5120
-5626
-3994
-2024
-2405
-5580
-9033
-9519
-7100
-4879
-4828
-6682
-8610
-8698
-6855
-4639
-3879
-4402
-4899
-4692
-4006
-2700
-1356
-717
-595
-661
-787
-729
113
1471
1982
1110
-56
-501
144
1437
1423
17
-1296
-1967
-1811
-1015
-1066
-2733
-4287
-4292
-3351
-3153
-4052
-4599
-4828
-5185
-4617
-3628
-3200
-3851
-4008
-3330
-2648
-1845
-952
-694
-832
-640
85
1105
1811
2014
1984
1794
2141
3010
3623
3812
3642
3073
3029
3787
4574
4575
3910
3614
3608
3846
4707
5161
4862
3990
3855
4180
5042
5856
5407
4561
4143
4569
5048
5509
5517
5160
4435
3896
4367
5221
5301
4901
4435
3972
3309
1504
384
1551
3502
2660
-984
-4150
-4575
-2911
-1269
-1504
-4301
-7811
-8863
-6550
-4036
-4431
-6577
-8314
-8575
-7131
-4973
-4237
-5054
-5964
-5678
-4457
-3253
-2500
-2066
-1882
-1675
-1467
-1206
-619
414
1113
814
-2
-381
148
935
1552
1077
-416
-1396
-1262
-395
23
-762
-2231
-3624
-4058
-2904
-1816
-2380
-4158
-5470
-5063
-3710
-2670
-2755
-3635
-4257
-3629
-2204
-1024
-852
-1217
-1137
-409
749
1632
1917
1838
2004
2399
2900
3487
3691
3712
3755
3845
3882
4019
4316
4376
4235
4100
3958
3990
4333
4506
4485
4419
4012
4087
4057
4356
4738
5122
4740
3951
3716
4210
4816
5191
4700
4000
3949
4506
5132
5651
5076
3564
1182
216
2275
4825
3606
-610
-3935
-3927
-1995
-535
-1160
-4126
-7633
-8345
-5985
-3993
-4691
-7118
-8768
-8630
-7290
-5710
-5211
-5911
-6644
-6442
-5444
-4156
-3289
-2752
-2383
-2303
-2187
-1803
-648
982
1417
561
-190
-66
1022
2209
2419
1305
-72
-542
199
1063
1227
-10
-1637
-2396
-2192
-1751
-1545
-1980
-2959
-3705
-4245
-3907
-3322
-2623
-2609
-3208
-3840
-3560
-2267
-752
-259
-577
-1244
-590
934
3095
3424
2854
2461
3731
5321
5953
5581
5380
5340
5456
5391
5105
4627
4212
3912
3462
2274
1514
1154
1318
1026
514
-127
-1710
-1656
-716
0
-996
-1814
-2233
-1705
-977
58
-337
-712
-850
136
959
1458
1471
1825
2347
2776
3067
3467
3768
4553
4822
4844
4480
4697
4246
3405
3280
4136
4111
2383
423
-211
82
-133
-648
-1497
-3421
-5104
-5071
-4045
-4181
-5606
-6825
-7043
-6692
-6120
-5583
-5655
-6134
-6144
-5420
-4258
-3536
-3242
-2938
-2592
-1944
-1285
-607
41
525
598
773
1171
1491
1779
1979
1958
1552
1196
1088
987
1020
747
-201
-938
-1194
-1197
-1282
-1660
-2446
-3118
-3336
-2779
-2344
-2528
-3119
-3340
-2880
-2191
-1496
-909
-1063
-1197
-658
410
1174
1739
1817
1867
2182
2872
3401
3734
3768
3796
3673
3727
4088
4376
4118
3711
3506
3633
3797
3294
3053
3112
3186
2923
2567
1826
2290
3342
3468
2601
1278
1353
2681
3828
3719
2529
1618
2166
3831
4760
4348
2080
-1193
-941
3440
6234
2603
-3441
-5117
-2123
636
764
-1540
-5261
-7807
-6440
-2767
-1807
-5022
-7959
-7892
-6449
-5020
-4339
-4898
-5986
-6114
-5162
-4049
-3466
-3112
-2627
-2267
-2110
-2042
-1702
-399
1015
1087
-146
-630
347
1670
2366
2106
973
-89
262
1673
2352
1488
-61
-1021
-672
335
585
-552
-1815
-2312
-2048
-1616
-1505
-1832
-2597
-3106
-2738
-2102
-1770
-1743
-1806
-1822
-1745
-1187
-211
338
431
541
628
1027
1892
2505
2818
2702
2564
2590
2921
3521
3979
3543
2890
2610
2744
3184
3176
2677
1690
1278
1638
2067
1534
952
822
684
842
899
1002
674
791
1033
1145
1162
1260
1514
1806
2089
2438
2499
2771
3093
3560
3663
3831
3428
1820
1225
3172
5067
3433
-282
-1865
-475
1066
1087
-266
-2827
-5212
-4760
-2362
-1536
-3812
-6318
-6829
-5772
-4570
-3925
-4591
-5973
-6143
-5011
-4042
-3649
-3609
-3424
-3106
-2586
-2128
-1710
-1057
-121
225
-306
-481
284
1359
1992
1839
1145
427
560
1679
2474
1766
364
-444
-428
171
556
89
-946
-2160
-2485
-1784
-1231
-1437
-2424
-3259
-3200
-2639
-2024
-1746
-2138
-2576
-2447
-1603
-714
-375
-459
-382
-133
366
1097
1835
2041
1992
1914
2162
2721
3384
3719
3586
3127
2967
3299
4162
4409
3960
3173
3013
3638
4186
4454
3851
3275
3158
3222
3557
3886
3686
3613
3042
2707
2749
3385
3841
3648
3200
2988
2978
2567
886
-91
1788
3751
1903
-2076
-3827
-2429
-564
-530
-1873
-4248
-6606
-6451
-3653
-2210
-4152
-6911
-7522
-6095
-4547
-3767
-4136
-5387
-5782
-4617
-3203
-2408
-2382
-2567
-2323
-1694
-1119
-632
-169
445
673
161
-31
722
1554
1859
1610
894
150
406
1302
1861
1188
-186
-904
-572
-130
284
-283
-1621
-2499
-2549
-1699
-1119
-1760
-2744
-3542
-3268
-2264
-1666
-1674
-2342
-2943
-2509
-1285
-414
-405
-914
-1093
-581
348
1034
1237
898
725
1079
1701
2258
2423
2189
1982
2025
2347
2819
3034
2756
2447
2398
2712
3098
3351
2959
2812
2819
2907
3198
3399
3340
3232
2970
3186
3392
3192
3103
3233
3322
3181
2939
3105
3548
3642
3391
3021
2278
815
620
2554
3858
1610
-2099
-3225
-1270
203
-236
-1859
-4021
-5830
-5229
-2688
-1871
-4243
-6784
-6830
-5293
-4018
-3633
-4285
-5492
-5729
-4545
-3123
-2623
-2923
-3228
-2976
-2268
-1480
-963
-681
-367
-264
-379
-159
584
1142
1190
1004
597
395
831
1479
1632
943
-23
-161
183
528
560
-202
-1194
-1651
-1371
-833
-920
-2009
-2834
-2726
-2101
-1719
-2100
-2733
-2842
-2615
-1993
-1484
-1502
-1889
-1794
-1076
-363
-113
-45
128
339
752
1389
1725
1761
1836
1997
2264
2523
2732
2949
2978
2813
2694
2858
3172
3408
3361
2914
2805
2967
3335
3632
3417
2905
2634
2864
3505
3721
3089
2742
2898
3181
3476
3468
3266
3396
3759
3866
3629
1862
166
1554
4458
4298
561
-2922
-2477
-68
1090
301
-2099
-5327
-6319
-3817
-1133
-2038
-5628
-7645
-6724
-4858
-3570
-3595
-5220
-6639
-6185
-4411
-3024
-2935
-3624
-3904
-3492
-2536
-1590
-1050
-726
-605
-845
-863
25
1075
1468
1189
664
306
484
1463
2350
1861
534
-327
68
825
1109
773
-281
-1489
-1686
-1073
-733
-790
-1571
-2532
-3098
-2912
-1937
-1378
-2047
-2935
-3306
-2727
-1666
-802
-913
-1717
-2115
-1391
-13
857
847
169
-297
436
1793
2553
2359
1679
1316
1770
2729
3326
3234
2488
1995
2328
2900
3298
3333
2901
2349
2358
2689
3274
3383
3116
2853
2413
2449
3083
3346
3406
3032
2597
2812
3034
3524
4051
3814
3077
3032
3429
3285
2381
1853
2554
3101
1905
133
-611
-416
142
59
-1039
-2886
-4137
-3768
-2427
-2491
-4104
-5634
-5904
-5016
-4062
-4004
-4744
-5647
-5664
-4582
-3520
-3316
-3670
-3856
-3437
-2564
-1892
-1553
-1317
-1120
-886
-543
-90
399
754
826
796
807
731
1008
1514
1604
1104
495
332
568
688
586
111
-772
-1396
-1164
-840
-993
-1604
-2270
-2744
-2715
-2321
-1869
-2113
-2855
-3233
-2786
-1927
-1343
-1411
-1834
-1990
-1428
-452
205
309
83
7
340
1189
1839
1823
1568
1517
1721
2201
2670
2857
2645
2216
2194
2656
3205
3416
3064
2289
2316
2925
3580
3456
2812
2409
2732
3178
3474
3390
2996
2637
2812
3196
3616
3526
3167
3095
3335
3597
3650
3054
2020
1495
2194
3271
2801
454
-1177
-858
155
296
-633
-2204
-3607
-3997
-2922
-2073
-3041
-4846
-5526
-4996
-4217
-3963
-4258
-4862
-5239
-4824
-3878
-3375
-3475
-3519
-3273
-2827
-2279
-1806
-1446
-1149
-932
-786
-611
-204
332
556
521
459
430
500
682
1126
1171
603
61
170
580
598
196
-257
-588
-750
-904
-1178
-1202
-1294
-1490
-1836
-2205
-2192
-1919
-1677
-1775
-2220
-2392
-2046
-1370
-982
-1163
-1453
-1378
-838
-143
230
100
-99
86
671
1207
1430
1300
1162
1410
1875
2142
2131
1917
1890
2073
2251
2373
2452
2333
2345
2452
2590
2710
2871
2847
2878
2963
2992
3067
3230
3267
3182
3110
3164
3560
3632
3523
3324
3427
3560
3783
3284
2552
2059
2252
2510
2354
1509
403
-549
-744
-292
-260
-1426
-2859
-3470
-3299
-3024
-3201
-3814
-4670
-5183
-5003
-4386
-4275
-4646
-4944
-4895
-4552
-4066
-3701
-3475
-3322
-3125
-2830
-2420
-1900
-1432
-1207
-1062
-887
-652
-268
200
492
377
147
215
565
832
928
708
313
91
252
490
222
-87
-268
-427
-698
-934
-934
-746
-1223
-1855
-1821
-1537
-1286
-1502
-2018
-2160
-1960
-1515
-1016
-1107
-1549
-1637
-1075
-266
60
-198
-388
-231
319
970
1309
1018
756
929
1459
1959
1891
1620
1561
1845
2175
2358
2238
2165
2148
2383
2661
2645
2378
2528
2885
3136
3061
2786
2784
3048
3271
3479
3303
3007
2963
3325
3600
3462
3350
3300
3302
3330
2963
2469
2375
2496
2203
1611
1107
772
265
-268
-412
-646
-1426
-2239
-2434
-2467
-2920
-3435
-3633
-3835
-4178
-4376
-4200
-4247
-4480
-4467
-4281
-4177
-4032
-3774
-3531
-3375
-3235
-2920
-2533
-2205
-1884
-1689
-1566
-1277
-833
-455
-240
-112
-66
34
330
538
622
685
624
514
383
469
544
366
236
177
-96
-399
-561
-657
-614
-656
-1000
-1532
-1646
-1456
-1117
-1324
-1714
-1938
-1816
-1471
-973
-994
-1369
-1586
-1053
-404
-180
-274
-323
-250
73
639
983
927
822
968
1301
1623
1742
1783
1810
1883
1957
2182
2285
2340
2457
2403
2370
2561
2765
2724
2727
2724
2721
2877
3052
3109
3055
2795
2766
3158
3230
3152
3167
3093
3052
3132
3355
3035
2245
2050
2571
2796
1972
1029
735
646
426
226
-193
-1047
-1889
-1973
-1799
-2072
-2863
-3369
-3600
-3683
-3623
-3603
-3919
-4204
-4212
-4021
-3840
-3719
-3645
-3593
-3465
-3128
-2782
-2604
-2337
-1990
-1757
-1635
-1307
-962
-710
-483
-239
-88
-18
132
388
557
591
603
566
539
583
640
355
338
340
225
-138
-360
-476
-604
-835
-892
-1021
-1343
-1633
-1564
-1452
-1646
-1775
-1673
-1547
-1584
-1481
-1283
-1216
-1155
-952
-708
-571
-443
-172
72
206
439
607
803
899
1035
1149
1244
1387
1603
1657
1494
1497
1702
1917
2048
1845
1820
1790
1948
2329
2387
1991
1984
2102
2439
2574
2473
2367
2363
2417
2635
2933
2751
2702
2640
2921
3098
3160
2917
2692
2124
2310
2733
2580
1787
1101
765
877
728
370
-92
-1005
-1665
-1617
-1518
-1964
-2616
-3162
-3410
-3534
-3536
-3447
-3704
-4183
-4216
-3998
-3835
-3653
-3585
-3574
-3525
-3338
-2924
-2462
-2323
-2183
-2044
-1858
-1440
-971
-759
-592
-461
-311
-43
219
392
483
574
617
602
396
599
849
671
261
133
61
118
-6
-152
-376
-868
-1003
-761
-624
-1015
-1469
-1763
-1600
-1226
-1194
-1318
-1543
-1700
-1327
-1020
-804
-814
-973
-740
-300
-72
28
69
205
401
583
692
1045
1014
1045
1160
1364
1457
1482
1554
1702
1759
1767
1905
1958
1926
2038
2083
2052
2188
2062
2162
2440
2562
2319
2088
2315
2770
2888
2617
2540
2462
2538
2840
3221
3049
2637
2339
2280
2358
2553
2628
2033
1287
1114
1176
786
637
480
-94
-1034
-1274
-1062
-1213
-2023
-2370
-2568
-3013
-3255
-3000
-3060
-3604
-3956
-3844
-3647
-3621
-3461
-3413
-3624
-3630
-3131
-2785
-2652
-2502
-2391
-2251
-1920
-1434
-1125
-1055
-934
-649
-480
-296
64
312
166
79
222
453
525
450
343
265
218
202
161
-27
-338
-428
-468
-489
-690
-906
-1087
-1122
-1126
-1059
-1147
-1279
-1375
-1232
-996
-912
-949
-905
-707
-527
-328
-196
-28
52
228
442
609
701
851
1051
1199
1189
1351
1573
1664
1545
1554
1677
1626
1758
1900
1926
1760
1707
1776
1948
2090
2157
2129
1911
1831
2167
2531
2529
2409
2295
2323
2541
2872
3077
2976
2640
2623
2856
3171
3144
2664
2095
2160
2530
2487
1937
1434
992
586
415
573
417
-514
-1428
-1615
-1504
-1666
-2020
-2486
-3021
-3489
-3453
-3188
-3234
-3618
-3889
-3921
-3846
-3647
-3364
-3284
-3331
-3310
-3098
-2743
-2307
-2045
-1988
-1908
-1684
-1308
-942
-607
-463
-459
-497
-205
213
418
318
193
173
258
326
533
492
183
-97
-78
-13
-261
-405
-294
-419
-961
-1327
-1138
-804
-886
-1126
-1363
-1543
-1487
-1139
-703
-768
-1266
-1357
-843
-302
-80
-213
-451
-380
54
579
822
575
308
477
1000
1317
1320
1109
1016
1124
1353
1556
1537
1344
1303
1560
1660
1681
1588
1574
1725
1872
1890
1956
1899
1933
2289
2268
1993
2083
2347
2588
2569
2401
2472
2587
2686
2825
2994
2760
2271
2061
2360
2721
2502
1847
1315
1203
1176
907
410
171
-49
-649
-1264
-1372
-1481
-1791
-2193
-2535
-2814
-3260
-3383
-3164
-3184
-3634
-3922
-3881
-3650
-3493
-3321
-3279
-3399
-3379
-2977
-2488
-2288
-2223
-2167
-1940
-1577
-1210
-952
-821
-804
-632
-353
-129
63
204
180
149
252
339
406
430
345
209
54
-21
-64
-192
-205
-322
-488
-834
-987
-939
-798
-879
-1046
-1240
-1210
-1202
-1046
-867
-745
-898
-987
-827
-396
-89
-167
-120
-18
117
377
689
825
741
619
894
1244
1374
1339
1307
1205
1289
1591
1757
1656
1382
1343
1594
1886
1810
1634
1535
1657
1899
1999
1957
1809
1766
1945
2219
2196
2071
2034
2167
2280
2296
2404
2545
2453
2315
2459
2437
2190
2082
2238
2216
1787
1375
1341
1289
897
418
61
20
-132
-561
-1210
-1636
-1800
-1863
-2068
-2370
-2835
-3274
-3363
-3097
-2991
-3405
-3796
-3774
-3554
-3387
-3237
-3200
-3302
-3348
-2956
-2462
-2266
-2273
-2135
-1880
-1603
-1255
-1030
-857
-724
-516
-410
-252
51
252
205
122
202
322
363
444
395
57
-259
0
343
184
-277
-656
-602
-501
-367
-343
-645
-1051
-1148
-739
-381
-537
-788
-895
-698
-461
-305
-226
-290
-286
-134
200
476
527
498
555
717
953
1151
1369
1302
1177
1229
1455
1661
1664
1644
1579
1561
1604
1806
1777
1772
1629
1657
1758
1803
1757
1833
1916
1915
1951
1774
1912
2167
2275
1982
1863
2124
2417
2362
2274
2247
2334
2263
2167
2115
2009
1958
1718
1654
1383
1069
850
810
491
110
-486
-765
-783
-906
-1471
-1973
-2246
-2503
-2589
-2707
-2922
-3417
-3747
-3642
-3399
-3488
-3658
-3765
-3677
-3535
-3286
-3079
-2991
-2970
-2787
-2396
-2164
-1940
-1755
-1606
-1420
-1114
-840
-650
-496
-359
-269
-160
-32
172
303
237
83
56
104
116
226
184
-58
-310
-358
-221
-203
-321
-490
-648
-617
-581
-424
-429
-502
-540
-471
-411
-264
-51
43
17
-74
57
242
524
769
736
567
669
945
1218
1299
1173
1146
1230
1274
1459
1664
1611
1468
1276
1348
1469
1637
1667
1609
1458
1291
1286
1556
1961
1819
1447
1264
1407
1783
2108
1988
1614
1290
1545
2227
2447
1995
1581
1678
2091
2362
2078
1709
1478
1586
1729
1737
1312
843
589
608
634
188
-472
-794
-795
-832
-1207
-1787
-2212
-2421
-2412
-2398
-2675
-3252
-3549
-3378
-3131
-3138
-3418
-3650
-3604
-3308
-3061
-2909
-2938
-2949
-2729
-2357
-2088
-1926
-1841
-1653
-1376
-1127
-939
-847
-697
-510
-291
-163
-87
-36
54
125
122
184
170
100
60
110
137
152
11
-135
-59
-26
-51
-87
-125
-78
-128
-188
-168
-100
-7
21
-13
-38
57
247
350
433
275
215
462
675
881
815
623
652
899
1121
1284
1095
1011
1044
1195
1373
1447
1341
1197
1253
1279
1405
1554
1567
1420
1178
1211
1570
1738
1653
1394
1372
1457
1543
1750
1819
1649
1343
1528
1819
1863
1792
1761
1655
1488
1387
1605
1696
1441
1115
917
807
602
645
526
129
-367
-589
-616
-700
-906
-1255
-1742
-2032
-2018
-1975
-2146
-2492
-2760
-2932
-2951
-2863
-2780
-2916
-3135
-3127
-2962
-2851
-2751
-2641
-2574
-2577
-2435
-2151
-1933
-1766
-1605
-1441
-1360
-1184
-921
-738
-714
-619
-445
-343
-240
-144
-55
-23
-23
3
46
4
66
166
163
118
89
162
264
223
165
219
278
425
457
322
293
442
540
622
651
565
496
580
772
899
809
727
802
785
965
1116
1056
924
962
1128
1224
1207
1044
1117
1202
1361
1293
1214
1083
1288
1500
1489
1272
1078
1198
1497
1805
1640
1175
884
1256
1675
1824
1553
1238
1009
1243
1661
1749
1512
1117
1091
1179
1341
1260
1095
883
694
579
554
371
186
46
-180
-459
-725
-839
-1025
-1144
-1344
-1562
-1824
-2007
-2055
-2095
-2284
-2478
-2596
-2681
-2691
-2664
-2594
-2687
-2779
-2724
-2524
-2420
-2314
-2237
-2215
-2133
-1938
-1701
-1551
-1451
-1408
-1287
-1128
-925
-720
-599
-553
-489
-380
-233
-83
17
70
98
106
109
200
319
423
402
380
400
434
544
706
728
553
495
591
773
874
834
752
674
651
800
1105
1035
908
817
932
1058
1156
1117
1066
952
983
1161
1235
1140
1042
961
1046
1065
1057
1066
1021
1057
1052
1030
891
730
990
1278
1186
859
676
751
1003
1257
1295
874
476
586
1118
1405
1238
846
570
681
947
1174
991
530
333
528
614
436
205
-13
-182
-199
-207
-433
-757
-926
-945
-992
-1177
-1421
-1569
-1621
-1656
-1701
-1909
-2148
-2154
-2039
-2015
-2116
-2233
-2309
-2236
-2047
-1958
-2008
-2073
-1971
-1806
-1645
-1543
-1510
-1486
-1369
-1122
-972
-890
-849
-772
-667
-525
-371
-319
-282
-206
-114
-46
8
91
130
138
177
180
256
281
305
407
392
289
314
485
613
554
444
524
617
667
748
800
703
645
756
932
946
875
873
874
874
938
962
1105
1019
844
915
905
880
966
1085
927
779
791
909
749
844
904
880
646
646
791
781
719
746
715
520
710
797
606
547
636
514
500
630
631
403
477
505
358
453
370
175
148
228
154
-34
-73
-182
-422
-351
-236
-528
-721
-733
-822
-956
-960
-995
-1231
-1361
-1331
-1288
-1387
-1512
-1574
-1574
-1573
-1566
-1559
-1527
-1559
-1595
-1509
-1456
-1467
-1388
-1292
-1242
-1185
-1099
-1016
-989
-866
-750
-683
-664
-580
-473
-433
-399
-303
-333
-316
-77
-24
-118
-96
121
-5
-5
356
36
84
487
139
136
504
516
299
422
775
416
392
852
688
751
910
606
724
813
1016
719
717
1146
718
574
1100
996
552
623
866
748
588
652
726
781
332
327
793
461
208
566
426
168
382
418
111
283
429
255
202
327
151
269
423
230
209
358
232
146
340
319
201
235
261
226
178
95
94
129
97
27
24
-77
-138
-98
-112
-184
-263
-277
-326
-347
-361
-399
-481
-513
-492
-489
-546
-606
-605
-628
-628
-640
-659
-722
-722
-666
-662
-674
-732
-755
-731
-731
-725
-709
-716
-713
-686
-661
-656
-632
-591
-582
-553
-526
-480
-453
-441
-398
-395
-375
-310
-256
-237
-214
-201
-197
-183
-139
-79
-42
-15
-7
-13
17
82
140
173
198
222
256
309
321
339
347
368
394
428
451
450
476
508
515
519
525
506
485
487
510
524
510
465
427
432
439
450
445
420
387
371
384
370
330
324
338
326
316
325
317
321
327
324
316
286
290
322
348
343
314
299
307
313
305
279
253
225
213
194
184
169
135
116
81
50
29
11
-27
-23
-34
-87
-109
-119
-136
-162
-155
-172
-201
-210
-230
-259
-257
-258
-296
-305
-302
-328
-312
-285
-295
-305
-307
-309
-309
-276
-258
-270
-276
-248
-257
-264
-222
-202
-209
-201
-211
-214
-191
-162
-147
-149
-136
-127
-134
-144
-124
-133
-135
-135
-111
-97
-89
-34
-47
-69
-48
-30
-7
5
-11
-24
0
24
41
56
45
15
15
57
60
46
42
46
69
60
37
11
-20
0
16
40
32
28
21
-26
-30
-24
-33
-55
-21
-15
-32
-32
-44
-33
-20
-3
-7
-17
-19
-12
13
9
25
32
22
55
55
58
42
54
63
58
84
67
33
53
75
54
42
42
-2
-4
18
10
18
-1
-13
-14
-21
-30
-33
-38
-44
-54
-60
-54
-59
-42
-55
-69
-45
-29
-20
-13
-44
-41
-45
-55
-57
-57
-42
-37
-33
-21
-41
-82
-81
-69
-39
-43
-63
-85
-92
-83
-81
-68
-81
-83
-87
-84
-80
-99
-103
-86
-68
-76
-78
-58
-28
-10
6
11
-5
-17
9
18
4
9
8
3
-12
4
-1
-15
-8
-18
-47
-58
-56
-55
-45
-80
-103
-92
-94
-81
-89
-96
-121
-147
-142
-132
-124
-128
-141
-151
-141
-137
-126
-142
-157
-155
-160
-127
-128
-134
-123
-129
-125
-122
-112
-115
-111
-115
-112
-95
-96
-71
-76
-85
-104
-97
-71
-54
-51
-63
-78
-87
-54
-43
-43
-49
-40
-29
-28
-29
-31
-51
-73
-53
-38
-37
-40
-43
-28
1
25
23
23
12
12
28
27
33
20
18
25
31
34
15
23
39
51
52
43
20
22
28
27
37
15
6
19
11
36
34
19
21
16
27
38
39
40
33
18
24
32
55
60
76
72
47
63
92
111
135
122
89
86
83
91
101
80
50
26
35
52
55
58
51
16
-1
-1
-18
-25
-22
-52
-52
-41
-66
-55
-72
-65
-68
-70
-63
-70
-61
-68
-71
-59
-54
-50
-55
-57
-55
-67
-70
-83
-85
-82
-108
-109
-103
-108
-93
-103
-132
-125
-120
-117
-119
-116
-129
-128
-107
-97
-96
-97
-95
-92
-78
-87
-52
-57
-73
-76
-78
-47
-30
-27
-38
-31
-38
-41
-18
-29
-19
-6
-15
-7
17
-12
1
9
13
27
16
-7
-36
-8
16
44
42
26
35
43
48
38
43
62
65
73
85
81
82
89
84
82
86
73
76
78
83
88
85
95
85
96
104
97
109
84
78
94
89
89
71
56
55
60
54
51
24
13
17
30
41
23
13
1
-7
-1
2
-3
-29
-54
-24
