28
23
16
21
27
14
4
14
21
23
17
17
21
15
22
31
36
21
10
6
15
12
9
9
11
20
18
31
39
51
55
58
61
44
40
45
54
79
92
86
77
66
77
75
68
83
75
69
71
82
82
65
50
28
11
0
-10
-13
-13
-23
-16
-13
-24
-17
-31
-33
-44
-72
-65
-43
-40
-32
-34
-64
-76
-74
-65
-69
-69
-49
-45
-56
-43
-49
-49
-28
-27
-37
-38
-38
-46
-41
-49
-44
-58
-64
-66
-58
-46
-41
-52
-71
-80
-92
-80
-63
-53
-70
-79
-79
-78
-65
-68
-79
-83
-80
-81
-75
-73
-85
-87
-76
-73
-83
-105
-102
-97
-79
-74
-72
-56
-49
-56
-57
-59
-50
-37
-42
-27
-7
18
2
-6
8
-12
-26
-27
-14
6
-1
-6
0
1
-13
-22
-15
-18
3
4
-9
-13
-17
-11
1
-9
-34
-40
-50
-45
-31
-32
-25
-19
-22
-31
-36
-31
-31
-18
5
28
30
3
-20
-35
-29
3
26
34
36
37
26
15
19
24
30
41
49
42
34
19
9
18
25
15
1
-16
-14
-11
10
11
24
-12
-22
-46
-9
-43
-24
-187
-1252
-1907
-779
511
156
-1149
-2000
-1977
-1465
-646
75
-59
-1357
-2025
-1250
-172
166
196
-76
-387
-247
253
351
685
978
875
863
876
675
513
711
1374
1613
1049
275
137
518
755
1029
868
189
-446
-407
99
564
513
48
-740
-442
-40
-226
33
424
63
-154
-138
-9
286
255
317
943
860
-43
-284
281
737
1135
1083
444
96
-159
63
993
1335
549
-85
23
86
148
320
335
176
-342
-479
63
227
-171
-460
-410
-87
103
-102
-316
57
149
-247
-159
244
186
-51
-31
238
334
63
-202
40
330
194
-68
-5
172
54
-260
-58
193
-131
-397
-69
149
-171
-362
-119
-165
-439
-270
138
-87
-479
-303
-31
-229
-310
-115
-170
-387
-232
2
-129
-378
-301
-89
-118
-224
-193
-207
-323
-270
-60
100
-38
-329
-432
-256
-134
-191
-229
-45
-107
-503
-715
-304
97
-67
-429
-480
-406
-319
-80
105
-108
-518
-570
-143
314
274
-148
-412
-258
-28
56
162
286
46
-363
-151
447
521
257
152
93
57
288
529
419
237
221
260
205
267
418
308
115
341
522
266
119
325
351
250
341
458
341
187
196
345
532
460
244
189
327
310
265
379
477
175
37
226
278
73
332
555
104
-302
45
415
192
83
314
95
-501
-286
440
371
-233
-260
-117
-315
-305
83
29
-450
-472
-147
-315
-517
-255
-70
-394
-545
-375
-438
-572
-288
-100
-423
-695
-511
-421
-526
-440
-257
-451
-749
-695
-480
-510
-589
-603
-705
-792
-756
-800
-890
-854
-836
-937
-1039
-1074
-1123
-1132
-1001
-826
-937
-1231
-1206
-879
-708
-761
-658
-426
-514
-777
-731
-299
94
123
-81
-155
-23
264
575
733
818
861
896
977
1141
1203
1100
1082
1442
1821
1554
745
557
874
1374
1608
1617
1261
488
-94
433
1453
1626
1233
786
140
-181
364
1054
1183
1070
724
17
-266
402
1283
1277
817
618
481
252
670
1337
1235
706
652
717
600
673
916
826
423
208
187
115
55
137
47
-443
-794
-779
-838
-892
-782
-853
-1294
-1589
-1552
-1442
-1459
-1510
-1527
-1596
-1775
-1932
-1914
-1753
-1600
-1574
-1768
-1913
-1929
-1928
-1814
-1559
-1501
-1795
-2017
-1885
-1672
-1645
-1693
-1621
-1554
-1664
-1766
-1649
-1412
-1249
-1186
-1143
-1102
-1075
-983
-652
-258
-122
-133
9
369
738
974
1194
1328
1385
1518
1854
2180
2234
2066
2088
2277
2386
2291
2330
2558
2700
2328
1845
1670
2062
2551
2387
1858
1574
1186
934
1487
2144
1834
852
253
656
1449
1651
1259
877
647
588
1193
1787
1541
998
801
935
1396
1566
1268
1043
1126
925
939
1074
881
278
91
142
178
-86
-449
-836
-1154
-1506
-1674
-2071
-2505
-2546
-2232
-2604
-3396
-3750
-3531
-3273
-3153
-3044
-3072
-3356
-3545
-3095
-2438
-2290
-2387
-2234
-2040
-2060
-1966
-1653
-1361
-1233
-1238
-1271
-1313
-1327
-1275
-1127
-921
-917
-1127
-1359
-1328
-1114
-944
-912
-816
-718
-714
-686
-397
20
288
449
706
856
952
1279
1796
2141
2281
2174
2402
2870
3192
3168
3084
3042
3160
3215
3272
3244
3123
2911
2640
2364
2238
2643
2768
2198
1149
897
1678
2486
2174
1272
418
458
1067
2273
2339
1482
558
496
1192
2215
2629
2211
1259
668
859
1323
1661
1725
1149
152
-255
-727
-2946
-3016
731
2579
-1320
-6135
-6289
-3170
-1456
-1435
-1370
-2765
-6258
-6869
-3090
-141
-1235
-3132
-3542
-3261
-2941
-2106
-1078
-612
-992
-1870
-2139
-1760
-1471
-1374
-933
-532
-1084
-3185
-4502
-3051
-1176
-1300
-2268
-3217
-4221
-4486
-2939
-1039
-814
-2438
-3376
-2636
-1306
-312
267
475
434
451
879
1613
2184
2686
2953
3031
3219
3182
3110
3676
4371
4530
4011
3319
3103
3204
3654
4035
3858
3259
2210
1528
2102
2763
3238
3227
1805
1287
2138
2284
2061
2232
2443
1862
1769
2582
3002
2288
1783
2448
3182
2691
2033
2713
3146
2635
2983
3740
2364
-176
-251
913
1246
288
-773
-1869
-3377
-4461
-3812
-2811
-3473
-4939
-5754
-6091
-5933
-5720
-5594
-5362
-5104
-5252
-5157
-4477
-3617
-3059
-2846
-2439
-1809
-1192
-728
-318
213
677
1121
1357
1044
441
297
774
1020
582
-543
-1837
-2318
-1792
-1400
-2032
-3481
-4763
-5181
-4525
-3657
-3560
-4412
-4964
-4625
-3825
-3122
-2579
-2173
-1553
-946
-336
236
701
1333
2300
3070
3321
3173
3120
3510
4268
4870
4708
3966
3544
3584
3649
3609
3561
3243
2747
2324
1871
1946
2373
2307
1965
1457
1242
1590
2172
2315
2508
2339
1991
2195
2990
3488
3647
3816
3457
2842
3146
3672
4116
3983
3913
3569
3261
3084
3269
3294
3059
1850
658
-79
-455
-577
-419
-1230
-2931
-4705
-5420
-4813
-4183
-4754
-5625
-6416
-7097
-7098
-6094
-4928
-4791
-5363
-5521
-4805
-4013
-3165
-2302
-1683
-1465
-1345
-969
-277
255
784
1118
1148
865
642
404
571
768
371
-824
-1974
-2227
-2037
-2239
-2939
-4147
-4933
-5047
-4601
-4284
-4594
-5003
-4997
-4414
-3509
-2894
-2467
-2172
-1622
-594
340
795
1072
1740
2616
3346
3647
3645
3611
3919
4482
4874
4741
4156
3710
3843
4148
4059
3614
2956
2370
2686
2964
2788
2319
1775
2090
2572
2672
2660
2702
2774
3077
3348
3252
3223
3608
4476
4732
3646
3346
3690
3950
4327
4107
3557
3073
2903
3086
3455
2619
682
-572
-383
241
173
-1419
-3253
-4245
-4391
-4418
-4310
-4605
-5647
-6769
-7013
-6495
-6404
-6911
-6157
-4756
-4703
-5857
-6528
-5414
-3356
-2074
-1649
-1748
-2494
-2724
-1281
749
1815
1213
188
56
452
1026
1614
1526
885
156
-900
-1724
-1647
-1381
-1409
-1994
-3438
-4593
-5016
-4652
-3620
-3170
-3840
-4621
-4797
-4035
-2811
-1677
-1185
-1182
-1245
-560
605
1634
2358
2679
2872
3207
3456
3864
4200
4588
4865
4793
4323
3802
3828
3961
4239
4314
3587
2972
2379
2277
3086
3638
3113
2029
1568
1974
2621
3219
3482
3406
2626
2440
3315
3943
3910
3811
4031
4094
3765
3668
4002
4615
4780
4588
4284
3273
1095
-403
790
2465
2172
-490
-3640
-5172
-5045
-4038
-2896
-3462
-6144
-8716
-8567
-6949
-5780
-5691
-6014
-6405
-6699
-6310
-5125
-3893
-2870
-2366
-2045
-1874
-1746
-1291
-41
1409
2028
1615
709
503
1189
1743
2050
1937
973
-283
-873
-799
-896
-1648
-2523
-2872
-3445
-4275
-4876
-5055
-4675
-4448
-4556
-4934
-5451
-5024
-3756
-2464
-1968
-2244
-2382
-1704
-227
1222
1875
1877
1740
2175
2931
3629
4137
4273
4034
3875
3813
3834
3986
4035
4032
3672
3029
2578
2608
2925
3033
2623
2420
2055
1829
2311
3086
3068
2846
2606
2841
3526
3905
4091
4057
4163
4123
3826
3711
4082
4015
3450
3470
4722
4950
3841
2468
2744
2662
890
178
1632
1817
-90
-2245
-3077
-3397
-3927
-3931
-3036
-3966
-6931
-8065
-6785
-5467
-5332
-5994
-6504
-6520
-6475
-5626
-4119
-3297
-3363
-3474
-3052
-1928
-1536
-1022
358
1035
697
482
284
734
1780
2080
1957
1129
-84
-424
-152
344
198
-1167
-2741
-3795
-3473
-2859
-3114
-3862
-4653
-5351
-5631
-4685
-3872
-3993
-3999
-3696
-3463
-2922
-2316
-1423
-486
74
441
660
744
1295
2369
3391
3425
3265
2874
2620
3187
4038
4553
4081
3185
2394
2574
3455
4040
3444
2534
2296
2467
2593
3211
2942
2934
2864
2717
3038
3257
3369
3395
3529
4004
3926
3823
3237
2756
3836
4270
4009
2873
1006
822
2662
4235
4517
2801
732
167
694
1340
1869
1221
-316
-1230
-1563
-1763
-2306
-2987
-3087
-3025
-3717
-4502
-5378
-5719
-5273
-4534
-4234
-4727
-5857
-6036
-5034
-3772
-2947
-2966
-3664
-3723
-2922
-1780
-833
-532
-750
-772
-491
-3
557
672
564
599
444
57
-88
-251
-317
-465
-1334
-1908
-2224
-2711
-2661
-2876
-3359
-3841
-4173
-3898
-3610
-3490
-3512
-3269
-2928
-2651
-2182
-1580
-1080
-715
-260
391
734
1102
1559
2065
2537
2810
2735
2834
3126
3388
3630
3642
3479
3396
3317
3378
3450
3439
3367
3200
3009
2818
2970
3173
3412
3310
2800
2914
3462
3485
3495
3565
3547
3475
3844
4093
3623
3013
3038
3696
4095
3892
3512
3316
3204
3541
3939
3797
1390
-1303
-919
1765
2768
703
-3132
-5496
-5337
-3721
-2249
-2324
-5049
-8123
-8664
-6637
-4718
-4657
-5748
-6537
-6654
-6127
-5047
-3975
-3226
-2954
-2766
-2364
-2004
-1754
-836
480
1510
1288
257
-30
811
1747
2211
2007
1001
-240
-621
-64
546
131
-1183
-2546
-3424
-3294
-3023
-3016
-3427
-4320
-4893
-5092
-4715
-4043
-3564
-3407
-3328
-3070
-2799
-2299
-1156
-126
429
373
467
832
1675
2611
3281
3244
2875
2595
2858
3461
3905
3814
3477
2987
2914
2861
2840
3053
3261
3219
2806
2174
1936
2195
2899
3434
3366
2742
2129
2390
3220
4321
4641
3725
2641
2769
4101
5205
4568
3789
3431
3711
4282
4778
4800
4706
4063
4123
3343
306
-1166
1371
3811
2669
-1673
-5355
-5903
-4515
-2612
-1561
-3518
-8070
-10531
-8861
-5368
-4040
-5424
-7301
-8260
-7812
-5903
-4292
-3428
-3229
-3420
-3505
-2738
-1680
-647
360
1311
1609
849
-41
704
2338
3086
2735
1768
467
-250
186
1022
1158
-109
-1824
-2628
-3073
-3173
-2978
-3185
-3862
-4397
-5150
-5547
-5154
-4483
-3770
-3383
-3696
-3732
-3449
-2483
-1027
-48
149
-85
-68
689
1768
2773
3323
2874
2261
2333
2927
3587
4089
3756
2947
2465
2455
2821
3296
3142
2647
2200
1861
1898
2350
2609
2536
2386
2263
2567
2852
2736
2836
3296
3991
4050
3420
3464
3764
4050
4462
4143
3884
3815
3605
3700
4299
4647
4402
3793
3151
3371
2917
359
-569
1371
2647
836
-2634
-4727
-4699
-3969
-3040
-2616
-4451
-7964
-9128
-7265
-4877
-4622
-5933
-6907
-7196
-6559
-4949
-3656
-3101
-3119
-3171
-2756
-1757
-1040
-376
506
1245
1497
877
417
1198
2138
2329
2200
1586
435
-201
69
736
739
-394
-1702
-2391
-2936
-3138
-2703
-2816
-3724
-4409
-4828
-4672
-4096
-3644
-3307
-3378
-3569
-3332
-2569
-1380
-612
-340
-167
-74
332
1124
1898
2365
2592
2366
2160
2531
2870
3113
3394
3109
2614
2427
2472
2742
2960
2692
2172
1884
1924
2146
2250
2275
2304
2397
2379
2374
2375
2661
2972
3053
3297
3396
3237
3294
3595
3897
3692
3460
3406
3346
3607
3923
4095
3866
3390
3448
3794
3987
3016
351
-861
792
2633
1842
-1292
-4347
-5079
-4133
-2721
-2080
-3605
-6980
-8714
-7515
-5218
-4498
-5404
-6590
-7051
-6534
-5174
-4009
-3495
-3295
-3057
-2681
-2107
-1552
-908
152
1204
1603
882
146
643
1862
2541
2450
1586
474
-102
341
995
1030
-29
-1334
-1977
-1981
-2188
-2706
-2920
-3094
-3693
-4120
-4256
-4046
-3647
-3572
-3422
-3105
-3049
-2873
-2124
-1135
-502
-268
-18
153
487
1132
1816
2284
2466
2204
1919
2162
2670
2964
3063
2707
2347
2256
2321
2610
2742
2363
1909
1775
1910
2106
1996
1935
2118
1921
2009
2265
2353
2565
2672
2837
3184
3154
3017
3312
3614
3848
3681
3372
3458
3405
3541
3929
3844
3730
3854
4042
3949
3812
3156
964
-660
790
3144
2638
-922
-4140
-4710
-3510
-2258
-1896
-3192
-6412
-8692
-7597
-5042
-4116
-5283
-6684
-7229
-6731
-5434
-4208
-3628
-3582
-3314
-2900
-2522
-2008
-1096
77
993
1315
788
1
410
1921
2981
2715
1664
575
173
792
1662
1617
293
-1181
-1704
-1540
-1600
-2158
-2566
-2961
-3497
-3891
-4175
-3988
-3733
-3609
-3509
-3583
-3375
-3072
-2544
-1594
-947
-799
-802
-583
36
951
1633
1853
1845
1669
1793
2277
2739
2952
2778
2501
2303
2333
2503
2659
2593
2350
1977
1674
1776
2140
2297
2143
1948
1900
1802
1904
2281
2816
2820
2365
2300
2833
3489
3575
3430
3447
3056
3344
4000
3937
3606
3436
3653
3942
4219
4426
4291
3794
3401
2781
799
-123
1901
3596
1858
-2196
-4551
-3901
-2630
-1805
-1839
-3906
-7335
-8528
-6398
-3949
-3918
-5719
-7072
-7124
-6139
-4575
-3616
-3548
-3690
-3610
-3154
-2268
-1401
-757
-91
564
863
378
27
1000
2289
2558
2078
1346
557
473
1144
1802
1327
-193
-1272
-1289
-1150
-1281
-2025
-2767
-3107
-3289
-3386
-3751
-3998
-3775
-3710
-3452
-3367
-3410
-3224
-2761
-1763
-1185
-1072
-1150
-908
-79
739
1243
1347
1221
1323
1756
2267
2350
2356
2247
2213
2241
2257
2228
2156
2151
2021
1884
1886
1652
1480
1585
1898
1881
1774
1656
1574
1880
2426
2717
2617
2028
2090
3129
3768
3479
2724
2763
3119
3277
3514
3644
3388
2899
2891
3486
3959
3981
3501
3418
3643
3513
1515
-475
623
3091
3067
246
-2969
-4072
-3379
-1867
-848
-1844
-5334
-8024
-7144
-4379
-3223
-4305
-6023
-7055
-6903
-5283
-3713
-3403
-3857
-4156
-3804
-2991
-2125
-1529
-854
-188
206
2
-389
139
1427
2162
1926
1196
535
297
1046
1929
1674
264
-949
-1099
-810
-667
-1541
-2319
-2727
-3051
-3000
-3281
-3822
-3873
-3851
-3504
-3408
-3316
-3481
-3202
-2326
-1505
-1384
-1547
-1372
-727
289
1055
1101
1000
915
1374
2254
2676
2560
2267
2252
2339
2665
2679
2462
2361
2230
2089
1974
1949
1862
1603
1751
1747
1631
1628
1755
1885
1942
1998
2034
2225
2688
2791
2633
2862
3186
3437
3504
3291
3255
3721
4028
3936
3871
3834
3877
4323
4555
4431
4118
4126
3180
909
217
2364
3972
2267
-1619
-3917
-3531
-2365
-1463
-1346
-3543
-7005
-8213
-6324
-3963
-3943
-5595
-6901
-7321
-6626
-5017
-3860
-3681
-3956
-4007
-3679
-2798
-1723
-791
-243
235
329
-117
-62
1221
2424
2457
1656
1040
803
1038
1554
1959
1323
-230
-1144
-862
-457
-551
-1621
-3050
-3479
-3184
-2738
-3043
-3907
-4477
-4468
-4033
-3349
-3063
-3192
-3357
-2798
-2011
-1455
-1319
-966
-400
140
647
907
897
1186
1709
2160
2315
2206
1964
2009
2272
2552
2565
2058
1589
1668
2017
2135
1833
1469
1477
1446
1475
1638
1735
1887
2101
2107
2002
2048
2406
3028
3431
3230
3085
2884
3201
3872
4218
4091
3405
2964
3545
4025
4098
3967
3624
3172
3189
3593
4092
3976
3288
1268
-648
270
2978
3259
298
-2949
-3972
-3080
-1858
-1165
-1740
-4595
-7296
-6700
-4103
-3033
-4124
-5464
-6162
-5996
-4836
-3459
-3078
-3472
-3637
-3288
-2654
-1967
-1382
-860
-415
-16
-38
-468
-182
892
1588
1353
796
320
115
394
1035
1096
85
-1004
-1118
-912
-827
-1076
-2357
-3084
-2946
-2479
-2531
-3327
-3859
-3672
-3428
-3180
-3119
-2927
-3110
-2679
-1825
-1371
-1672
-1603
-980
-251
375
575
311
378
948
1739
2120
1920
1473
1529
1998
2288
2467
2121
1737
1817
2165
2109
1799
1623
1735
1946
2098
1946
1847
1768
1981
2273
2629
2714
2333
2335
2794
3389
3572
3336
3039
3194
3515
3896
3883
4019
3527
3297
3481
3957
4222
4350
3976
3603
3385
3636
2338
532
765
2806
3028
311
-2803
-3516
-2445
-1588
-1533
-2489
-5004
-7202
-6641
-4271
-3225
-4630
-6381
-7014
-6264
-4806
-3640
-3617
-4129
-4468
-3980
-2864
-1702
-1225
-1157
-1015
-420
-74
10
442
1321
1637
1206
778
764
945
1173
1470
1298
381
-690
-717
-205
14
-643
-1610
-2659
-3127
-2768
-2145
-2102
-2958
-4110
-4478
-3866
-2913
-2354
-2493
-3016
-3374
-2935
-2009
-1058
-636
-606
-875
-754
-196
611
1181
1512
1363
1176
1103
1450
1986
2438
2391
1989
1505
1405
1884
2481
2558
1991
1338
1128
1675
2341
2785
2244
1448
1170
1809
2743
3149
2899
2369
2167
2508
3071
3586
3779
3334
2886
2941
3649
4023
3911
3532
3411
3795
4066
4152
4202
4097
3840
4010
3049
706
348
2724
4055
1910
-1891
-3533
-2793
-1467
-731
-1278
-3833
-6952
-7274
-4766
-2800
-3763
-5987
-7322
-6976
-5381
-3894
-3704
-4255
-4734
-4541
-3625
-2415
-1682
-1505
-1540
-915
-313
-402
-229
733
1479
1332
894
746
814
986
1466
1693
973
-169
-637
-193
224
-56
-939
-1878
-2607
-2844
-2533
-2069
-2212
-3147
-4335
-4435
-3531
-2624
-2507
-2927
-3311
-3416
-2786
-1690
-888
-895
-1285
-1196
-568
198
784
1018
1083
1043
1283
1573
1888
2086
2157
2222
2131
2022
1970
2084
2257
2313
2093
1856
1718
1857
2170
2407
2303
1847
1465
1871
2637
3013
2734
2085
1840
2610
3578
4022
3400
2710
2544
3226
4103
4439
4030
3240
3058
3993
4680
4693
4150
3936
3971
4310
3257
1040
639
2700
3964
2134
-1403
-3309
-2913
-1586
-665
-1099
-3654
-6938
-7415
-4953
-2930
-3703
-5792
-7276
-7223
-5728
-4062
-3667
-4327
-4998
-4714
-3606
-2379
-1777
-1635
-1415
-805
-203
-216
-62
808
1592
1696
1329
1005
879
1104
1746
2028
1306
69
-455
-236
249
176
-616
-1691
-2410
-2430
-2441
-2620
-2694
-2857
-3336
-4064
-4169
-3639
-3080
-2690
-2766
-3014
-3317
-2892
-1744
-721
-453
-765
-1019
-710
151
1246
1718
1530
1059
980
1428
2205
2700
2507
2001
1661
1766
2075
2224
2361
2243
1779
1430
1436
1811
2158
2154
1845
1415
1287
1678
2464
2692
2411
1939
1904
2626
3317
3396
3078
2857
3206
3523
3817
4015
3747
3436
3715
4392
4571
4380
4147
4207
4276
3953
2299
965
1921
3769
3262
381
-2367
-2753
-1745
-850
-799
-2355
-5325
-7152
-5897
-3598
-3314
-5027
-6628
-7114
-6397
-4926
-3944
-4094
-4679
-4833
-4179
-3181
-2210
-1640
-1428
-1230
-782
-509
-320
430
1396
1612
1155
845
857
1060
1494
1919
1621
590
-298
-268
231
337
-127
-1006
-1998
-2442
-2272
-2377
-2219
-2275
-3030
-3998
-4367
-3597
-2554
-2548
-2955
-3403
-3356
-2850
-1912
-1068
-982
-1374
-1358
-798
-79
698
1100
942
879
951
1231
1690
2160
2311
2020
1680
1538
1784
2101
2255
2229
1807
1249
1184
1677
2059
2076
1721
1266
1278
1627
2164
2391
2057
2074
2351
2599
2816
2800
3007
3253
3513
3556
3414
3267
3534
3977
4352
4402
4070
3685
3887
4354
4816
4200
2346
938
1664
3163
3316
1136
-1547
-2683
-2053
-1042
-829
-2238
-4704
-6384
-5875
-4324
-3690
-4733
-6222
-6879
-6358
-5227
-4405
-4312
-4657
-4726
-4197
-3358
-2644
-2108
-1732
-1288
-842
-600
-433
176
949
1332
1245
1051
913
1031
1420
1807
1649
888
159
151
339
428
77
-616
-1397
-1741
-1722
-1582
-2016
-3130
-3104
-2710
-2799
-3168
-3593
-3510
-2967
-2759
-2508
-2569
-2485
-2374
-1641
-895
-647
-844
-655
-54
596
1040
1075
910
1211
1585
1856
2169
2130
1867
1838
2048
2109
2099
1902
1795
1921
1869
1659
1526
1716
1810
1791
1850
1680
1519
1853
2216
2470
2538
2584
2551
2473
2676
3315
4042
4006
3350
2927
3107
3676
4588
5111
4349
3187
3027
3987
5095
4944
3180
1191
865
2166
3298
2554
39
-2076
-2710
-1902
-799
-988
-3037
-5454
-6063
-4832
-3784
-3934
-5000
-6044
-6378
-5686
-4623
-4114
-4247
-4455
-4240
-3692
-3069
-2520
-1984
-1483
-1001
-809
-847
-537
270
1023
1256
987
692
605
906
1550
1850
1307
374
-50
218
532
456
-67
-808
-1418
-1583
-1529
-1613
-2019
-2803
-3022
-2703
-2667
-3021
-3421
-3342
-2913
-2581
-2407
-2508
-2480
-2236
-1604
-815
-539
-788
-739
-114
674
1159
1184
925
991
1457
1929
2220
2138
1830
1722
1990
2248
2310
2008
1718
1690
1920
2000
1831
1678
1579
1554
1691
1898
1845
1823
1901
2108
2244
2191
2384
2884
3177
2993
2784
3104
3532
3672
3811
3935
3980
3927
4092
4564
4655
4507
3952
3164
2394
2332
3142
3427
2091
-87
-1272
-1174
-645
-594
-1404
-3145
-4775
-5264
-4315
-3587
-3979
-5304
-6393
-6497
-5560
-4579
-4361
-4742
-5069
-4873
-4267
-3385
-2557
-2218
-2205
-1960
-1478
-932
-438
169
619
672
501
657
1076
1453
1668
1638
1277
860
741
890
988
731
175
-344
-718
-921
-930
-1209
-1595
-2279
-2970
-2895
-2498
-2495
-2974
-3600
-3535
-3137
-2785
-2519
-2449
-2575
-2482
-1950
-1213
-829
-752
-595
-257
162
670
1010
1122
1266
1425
1620
1830
1988
2067
2044
1952
1915
1938
1878
1860
1893
1764
1548
1236
1312
1472
1695
1533
1279
1285
1326
1564
1906
2094
2131
1819
1941
2597
3174
3311
2934
3058
3424
3668
3838
3919
4261
4383
4400
4421
4770
4474
3388
2703
3169
3585
3200
1750
633
68
-284
-641
-848
-1404
-2798
-3945
-4240
-4005
-4102
-4586
-5194
-5660
-5840
-5649
-5333
-4994
-4912
-4880
-4847
-4473
-3862
-3204
-2718
-2370
-1967
-1672
-1359
-713
53
471
540
579
828
1159
1524
1786
1802
1464
1152
1110
1276
1291
1027
496
-23
-252
-363
-554
-988
-1472
-1906
-2122
-2604
-2778
-2540
-2555
-3007
-3448
-3566
-3102
-2687
-2368
-2223
-2346
-2452
-2104
-1157
-337
-181
-415
-384
112
909
1529
1601
1366
1343
1523
2017
2399
2393
2075
1882
1918
2051
2156
2007
1773
1542
1512
1460
1538
1358
1203
1217
1415
1244
1087
1234
1661
1972
1844
1623
1565
2138
2780
3094
2898
2710
2626
3278
3973
4095
3754
3604
3841
4498
4923
4525
3337
2430
2561
3446
3710
2540
749
-353
-503
-207
-261
-1081
-2533
-3790
-4158
-3858
-3711
-4179
-5048
-5707
-5868
-5611
-5234
-5039
-5064
-5091
-4944
-4669
-4138
-3507
-2989
-2613
-2295
-2044
-1654
-1003
-274
234
394
382
566
994
1507
1792
1764
1439
1156
1190
1462
1501
1247
653
98
-15
91
-193
-837
-1284
-1475
-1548
-2166
-2778
-2520
-2257
-2598
-3061
-3369
-3086
-2729
-2391
-2118
-2185
-2369
-2133
-1343
-524
-354
-536
-436
32
635
1216
1325
1253
1389
1556
1807
2132
2242
2047
1905
1947
2099
2067
1830
1788
1822
1700
1407
1325
1462
1528
1432
1208
1044
1238
1280
1587
1550
1605
1682
1761
1941
2139
2342
2565
2989
3039
2745
2751
3262
3990
4140
3823
3838
3724
3964
4255
3960
3299
2533
2574
2767
2467
1371
524
-88
-635
-923
-1230
-1975
-2880
-3750
-3996
-4072
-4322
-4810
-5263
-5475
-5523
-5442
-5377
-5169
-5010
-4861
-4653
-4354
-3860
-3344
-2915
-2401
-2004
-1728
-1360
-738
-101
325
509
607
899
1175
1475
1708
1661
1494
1396
1395
1381
1247
996
638
331
116
-172
-591
-873
-1063
-1216
-1891
-2485
-2689
-2400
-2142
-2483
-3133
-3400
-3241
-2509
-2064
-2105
-2418
-2479
-1958
-1111
-437
-408
-631
-586
52
810
1303
1358
1177
1227
1561
1967
2297
2316
2119
1976
2083
2206
2207
2106
1925
1789
1747
1647
1543
1384
1399
1380
1359
1384
1487
1376
1234
1409
1838
2102
1979
1827
2010
2319
2801
3155
3023
2714
2783
3484
4032
4000
3728
3749
4000
4222
4138
3616
2926
2737
2954
2915
1954
902
388
108
-306
-935
-1647
-2397
-3081
-3493
-3718
-4072
-4693
-5170
-5301
-5264
-5250
-5422
-5475
-5332
-4957
-4559
-4307
-4131
-3807
-3273
-2693
-2142
-1731
-1465
-1103
-527
77
474
597
762
1056
1391
1600
1673
1607
1519
1471
1511
1439
1153
791
537
431
200
-364
-796
-981
-1044
-1338
-2009
-2757
-2615
-2154
-2280
-2879
-3426
-3352
-2822
-2435
-2284
-2420
-2599
-2322
-1635
-838
-698
-941
-847
-179
495
960
1029
879
1054
1485
1809
2089
2059
1893
1820
2053
2214
2117
1839
1655
1851
1847
1546
1296
1358
1370
1254
1187
1244
1112
1118
1083
1490
1595
1621
1444
1506
1824
2241
2548
2498
2476
2606
2812
3046
3426
3718
3797
3553
3599
3886
4278
4020
3368
2836
2631
2879
2835
2092
979
345
-51
-406
-834
-1321
-2071
-3000
-3662
-3734
-3840
-4357
-4858
-5084
-5225
-5409
-5293
-5041
-4907
-4877
-4634
-4328
-4057
-3650
-3094
-2549
-2180
-1902
-1574
-1128
-546
33
352
446
603
943
1255
1513
1630
1542
1360
1341
1459
1460
1235
941
716
420
186
-36
-313
-791
-1026
-1142
-1551
-1994
-2396
-2223
-2100
-2382
-2825
-3064
-2907
-2398
-2133
-2106
-2357
-2309
-1877
-1189
-670
-521
-602
-626
-79
661
1143
1188
1058
1108
1448
1876
2208
2215
1995
1797
1972
2160
2208
1964
1744
1672
1694
1641
1507
1384
1312
1301
1437
1311
1065
1022
1327
1858
1901
1549
1355
1660
2154
2650
2599
2371
2341
2677
2978
3165
3268
3548
3644
3508
3595
3821
3586
2922
2710
2993
3149
2464
1215
477
538
701
199
-979
-2100
-2559
-2660
-2746
-3089
-3797
-4732
-5226
-5006
-4497
-4605
-5147
-5382
-5233
-4880
-4369
-3975
-3866
-3795
-3474
-2859
-2251
-1890
-1572
-1166
-805
-387
-6
296
618
966
1163
1183
1206
1296
1493
1629
1597
1307
919
699
831
861
597
-36
-534
-664
-615
-744
-1293
-2033
-2337
-2130
-1794
-2070
-2644
-3013
-2873
-2406
-2057
-2029
-2200
-2323
-1957
-1338
-799
-682
-768
-586
-113
455
789
935
947
1148
1448
1716
1859
1890
1871
1935
2006
2052
2013
1953
1963
1938
1815
1457
1467
1688
1873
1673
1277
1083
1270
1657
1881
1861
1564
1253
1518
2095
2455
2407
1804
1894
2523
3102
3029
2695
2672
2993
3380
3654
3731
3621
3216
2865
2784
2802
2870
2637
1846
791
433
514
182
-657
-1402
-1841
-2398
-2939
-3283
-3474
-3908
-4490
-4776
-4810
-4906
-4953
-4858
-4777
-4780
-4672
-4460
-4175
-3713
-3306
-3002
-2803
-2433
-1920
-1419
-1014
-646
-368
-189
152
631
956
1021
1077
1172
1286
1360
1483
1391
1147
913
869
791
609
270
-79
-400
-613
-615
-814
-1529
-2183
-2051
-1685
-1689
-2285
-2799
-2918
-2659
-2207
-1817
-1991
-2354
-2486
-1893
-1066
-629
-691
-905
-761
-154
634
956
874
797
931
1332
1861
2101
2005
1726
1701
1973
2272
2236
2044
1775
1660
1748
1857
1869
1666
1478
1381
1310
1358
1447
1514
1494
1458
1356
1354
1612
1758
2039
2177
2026
1822
2057
2664
3034
2855
2769
2891
3357
3409
3447
3700
3664
2963
2486
2694
3074
2987
1999
758
478
709
552
-237
-1189
-1791
-2232
-2610
-2821
-3010
-3668
-4506
-4701
-4404
-4305
-4674
-4916
-4826
-4711
-4444
-4114
-3876
-3704
-3450
-2999
-2499
-2114
-1843
-1445
-1005
-582
-176
28
230
629
991
1155
1231
1312
1369
1417
1506
1571
1405
1049
883
925
810
471
78
-379
-621
-620
-628
-902
-1957
-2625
-2230
-1560
-1571
-2316
-3219
-3255
-2622
-1778
-1513
-2009
-2784
-2628
-1591
-578
-324
-860
-1180
-822
126
978
1086
753
652
1004
1581
2021
2105
1765
1646
1793
2102
2263
2030
1880
1912
1929
1827
1757
1626
1593
1662
1742
1563
1195
1025
1260
1694
1725
1411
1058
1232
1622
1791
1796
1841
1866
2019
2125
2216
2346
2476
2877
3035
2972
2737
2938
2937
2718
2477
2521
2516
2211
1319
588
413
673
465
-513
-1644
-2157
-2133
-2360
-2668
-3068
-3676
-4440
-4617
-4146
-3947
-4409
-4810
-4748
-4442
-4158
-3805
-3581
-3458
-3268
-2887
-2375
-1977
-1557
-1198
-924
-612
-191
152
365
698
1037
1132
1072
1120
1370
1500
1434
1335
1181
960
767
707
634
458
158
-451
-926
-1028
-687
-897
-1688
-2316
-2394
-2093
-1918
-2058
-2382
-2918
-2911
-2253
-1644
-1638
-2106
-2122
-1718
-977
-429
-251
-413
-382
102
791
1160
1259
1148
1272
1539
1952
2132
2049
1945
2009
2129
2110
1992
1936
1871
1904
1811
1555
1287
1332
1727
1570
1099
650
940
1425
1645
1335
979
882
1298
1798
2050
1679
1173
1264
2052
2772
2795
2068
1592
1976
2948
3613
3373
2601
1993
1993
2528
2957
2827
2118
862
-5
221
1049
891
-450
-1978
-2447
-2140
-2030
-2309
-2842
-3667
-4411
-4467
-3922
-3633
-3998
-4481
-4584
-4300
-3927
-3547
-3332
-3169
-2977
-2738
-2408
-1949
-1439
-1036
-788
-593
-353
-131
198
710
1036
938
736
795
1114
1409
1408
1176
864
492
386
619
723
379
-278
-836
-1054
-945
-1061
-1277
-1505
-1853
-2250
-2532
-2518
-2101
-1924
-2117
-2414
-2487
-2198
-1716
-1232
-963
-1040
-1198
-903
-250
412
770
695
521
691
1221
1817
2087
1926
1669
1607
1812
2223
2556
2407
1975
1658
1672
1972
2271
2224
1905
1423
1161
1462
1829
1888
1722
1312
1124
1220
1414
1715
1861
1759
1271
1197
1462
2119
2361
2079
1623
1690
2049
2573
2754
2659
2343
2322
2433
2249
1970
2041
2424
1952
874
240
593
750
131
-729
-1100
-1537
-2070
-2224
-2048
-2445
-3284
-3783
-3680
-3409
-3474
-3654
-3831
-3931
-3772
-3386
-3164
-2996
-2823
-2647
-2451
-2029
-1599
-1337
-1180
-841
-410
-256
-133
178
505
605
715
865
921
856
919
1037
1025
711
360
417
483
304
-22
-369
-706
-911
-1012
-1066
-1438
-1664
-1858
-2032
-2234
-2279
-2153
-2027
-2175
-2330
-2197
-1958
-1737
-1405
-1149
-1145
-1061
-724
-246
145
407
479
511
707
1123
1568
1683
1598
1547
1581
1783
1967
2090
1981
1685
1679
1737
1746
1779
1666
1555
1433
1303
1259
1361
1419
1413
1198
1086
1035
1116
1357
1695
1598
1178
925
1147
1927
2179
1940
1550
1491
1702
2274
2581
2575
2196
1927
2123
2476
2247
1565
1333
1412
1435
994
515
-5
-564
-945
-837
-835
-1476
-2394
-2804
-2727
-2677
-2836
-3114
-3470
-3759
-3651
-3410
-3228
-3167
-3172
-3235
-3034
-2613
-2211
-2009
-1916
-1655
-1288
-1072
-801
-409
-159
-27
145
397
518
655
812
961
936
818
790
790
769
584
404
328
184
-63
-308
-643
-832
-913
-1076
-1505
-1648
-1743
-1886
-1987
-2043
-2054
-2036
-2249
-2195
-1881
-1616
-1584
-1519
-1307
-1122
-826
-461
-136
-35
113
383
703
1022
1158
1188
1347
1532
1678
1842
1884
1818
1781
1787
1891
2042
1786
1520
1611
1867
1631
1277
1310
1608
1613
1296
1116
1237
1344
1401
1411
1426
1286
1233
1524
1724
1693
1565
1617
1736
1953
2068
2067
2056
2140
2258
2385
2268
1856
1435
1531
1685
1369
940
531
173
-446
-881
-769
-694
-1438
-2385
-2693
-2614
-2766
-2885
-3004
-3330
-3811
-3910
-3538
-3217
-3154
-3239
-3283
-3205
-2813
-2314
-1974
-1824
-1687
-1502
-1235
-801
-253
30
10
76
320
592
834
1103
1186
1037
850
961
1150
1137
938
807
426
-10
169
441
152
-492
-1021
-944
-918
-1096
-1451
-1842
-1783
-1741
-1750
-2012
-2342
-2170
-1778
-1625
-1619
-1713
-1676
-1473
-838
-335
-340
-541
-368
166
756
1065
984
914
990
1349
1827
1967
1769
1574
1622
1920
2104
2041
1740
1535
1691
1747
1577
1436
1568
1657
1400
1172
1091
1254
1581
1556
1321
1046
1121
1399
1633
1726
1874
1665
1139
1120
1999
2666
2271
1420
1260
1849
2216
2511
2470
2000
1336
1112
1430
1988
1636
547
76
380
508
-210
-1162
-1279
-882
-1325
-2041
-2363
-2515
-2912
-3017
-2754
-2734
-3418
-3929
-3575
-2944
-2791
-2962
-3190
-3131
-2680
-2160
-1814
-1753
-1745
-1576
-1233
-768
-256
-140
-308
-115
334
566
605
639
798
814
704
718
806
712
490
282
67
141
82
-194
-660
-999
-984
-1089
-1397
-1521
-1532
-1810
-2220
-2227
-1982
-1884
-1929
-2085
-2002
-1975
-1698
-1348
-1064
-1050
-1023
-819
-392
86
377
393
392
629
1052
1332
1457
1580
1587
1558
1674
1917
2035
1956
1815
1700
1772
1931
1914
1657
1555
1698
1786
1555
1362
1494
1727
1661
1493
1417
1455
1474
1729
2057
1883
1533
1404
1728
2199
2481
2241
1787
1587
1961
2526
2654
2161
1594
1231
1356
1662
1422
878
532
430
-48
-817
-1045
-721
-860
-1696
-2255
-2438
-2695
-2811
-2581
-2455
-3000
-3725
-3698
-3125
-2701
-2638
-2823
-3097
-3038
-2451
-1856
-1606
-1599
-1566
-1448
-1142
-532
-57
-50
-162
25
340
545
694
870
915
720
616
776
798
703
640
572
145
-223
-197
7
-147
-633
-1119
-1242
-1485
-1691
-1448
-1266
-1681
-2404
-2753
-2285
-1646
-1609
-1878
-2240
-2263
-1859
-1217
-773
-752
-1043
-1064
-580
68
583
610
390
431
777
1180
1502
1617
1548
1432
1348
1426
1763
1907
1812
1623
1393
1353
1421
1542
1635
1594
1365
1150
1105
1251
1293
1384
1579
1409
1126
1122
1465
1783
1797
1578
1630
1576
1591
1959
2378
2232
1840
1775
2137
2502
2550
2364
1949
1330
1264
1513
1662
1546
999
77
-751
-919
-278
-5
-846
-2054
-2582
-2640
-2375
-2033
-2151
-2866
-3702
-3752
-3051
-2534
-2538
-2800
-3122
-3177
-2646
-1917
-1578
-1610
-1705
-1597
-1299
-796
-215
33
-69
-74
154
431
736
977
1056
863
618
669
912
967
937
706
390
-31
-210
95
236
-133
-846
-1372
-1397
-1076
-1311
-1523
-1633
-1948
-2305
-2371
-2050
-1542
-1797
-2177
-2153
-1831
-1479
-1289
-955
-794
-841
-910
-455
112
465
570
446
488
806
1124
1444
1644
1584
1351
1298
1505
1838
2042
1720
1508
1413
1416
1564
1695
1702
1394
1185
1209
1241
1376
1519
1690
1157
692
1015
1783
2254
1542
894
1213
1654
1990
2151
1962
1625
1455
1891
2481
2562
1975
1691
1825
2004
1897
1539
1250
858
668
812
732
-92
-1053
-1283
-857
-789
-1411
-2253
-2646
-2823
-2663
-2435
-2600
-3184
-3650
-3499
-3008
-2649
-2729
-2986
-3067
-2747
-2160
-1765
-1721
-1676
-1475
-1166
-822
-417
-178
-128
-55
202
469
586
687
832
874
846
805
804
772
726
707
636
265
-261
-117
125
3
-516
-1129
-1447
-1470
-1261
-971
-1247
-1984
-2674
-2433
-1735
-1311
-1428
-1974
-2342
-2250
-1469
-663
-564
-933
-1238
-1031
-251
523
774
521
262
375
979
1479
1700
1684
1416
1252
1485
1872
2090
1941
1685
1511
1510
1597
1773
1766
1601
1443
1229
1101
1379
1740
1634
1114
824
1202
1635
1652
1285
1216
1212
1422
1803
1883
1632
1425
1521
1891
2100
2099
1999
1667
1650
1914
2005
1654
1338
1311
1131
429
127
614
711
-367
-1453
-1528
-1037
-1148
-1683
-2083
-2457
-3036
-3110
-2558
-2336
-2829
-3439
-3533
-3123
-2650
-2442
-2545
-2717
-2644
-2283
-1853
-1508
-1266
-1224
-1236
-984
-463
-110
-103
-50
160
252
251
446
703
742
621
548
542
479
389
465
346
-246
-414
-224
-203
-482
-977
-1305
-1361
-1517
-1482
-1395
-1621
-2057
-2312
-2168
-1813
-1565
-1690
-1892
-1985
-1596
-1116
-908
-831
-813
-750
-422
30
411
537
566
608
942
1257
1407
1555
1583
1588
1625
1731
1719
1828
1881
1781
1568
1557
1631
1721
1579
1537
1423
1342
1393
1509
1618
1247
1007
1370
1779
1471
1206
1186
1463
1674
1732
1613
1550
1388
1622
2028
2218
1965
1658
1575
1711
1987
2017
1627
1110
622
469
806
1164
629
-685
-1475
-1138
-542
-671
-1384
-2131
-2627
-2775
-2363
-1828
-2112
-2973
-3410
-3125
-2563
-2221
-2210
-2481
-2655
-2486
-1963
-1492
-1300
-1242
-1240
-1172
-850
-392
-107
-24
24
112
159
290
555
777
741
564
460
446
513
624
650
321
-297
-414
10
195
-217
-917
-1272
-1138
-930
-1075
-1468
-1653
-1752
-1792
-1802
-1849
-1742
-1721
-1712
-1586
-1483
-1394
-1295
-950
-648
-557
-539
-387
53
430
663
670
616
821
1202
1460
1566
1500
1428
1550
1679
1702
1804
1662
1509
1552
1503
1591
1527
1406
1278
1208
1221
1272
1265
1264
1156
1077
984
1102
1174
1228
1313
1333
1195
1066
1289
1678
1776
1398
1234
1553
1895
1932
1742
1429
1466
1648
1786
1505
855
386
633
1123
978
83
-948
-1147
-613
-291
-726
-1584
-2324
-2490
-2124
-1605
-1683
-2452
-3184
-3086
-2449
-1969
-2007
-2417
-2674
-2493
-1968
-1480
-1334
-1437
-1439
-1218
-838
-537
-355
-281
-175
10
172
268
395
592
696
615
518
453
546
656
576
418
13
-124
65
54
-247
-593
-914
-870
-1044
-1226
-1126
-1161
-1473
-1758
-1891
-1602
-1314
-1300
-1425
-1669
-1678
-1226
-730
-506
-560
-849
-653
-108
321
619
619
439
559
855
1221
1507
1485
1209
1137
1329
1601
1762
1630
1376
1261
1276
1365
1486
1439
1275
1029
899
1002
1097
1226
1239
806
541
724
1120
1172
971
825
880
855
913
1193
1375
1128
1017
1130
1309
1297
1306
1430
1434
1244
1033
1008
1038
1003
707
302
269
355
12
-547
-874
-734
-814
-1228
-1524
-1684
-1995
-2217
-2064
-1945
-2192
-2583
-2625
-2357
-2183
-2152
-2136
-2196
-2145
-1881
-1588
-1406
-1320
-1231
-1078
-904
-669
-400
-271
-242
-100
85
185
251
405
471
432
383
437
456
428
210
23
176
254
-25
-360
-563
-629
-627
-769
-822
-967
-1146
-1395
-1440
-1425
-1327
-1200
-1247
-1509
-1531
-1305
-957
-800
-744
-775
-745
-499
-74
280
334
311
378
659
914
1144
1238
1210
1225
1350
1439
1514
1610
1722
1634
1431
1315
1500
1745
1760
1463
1096
1046
1261
1558
1575
1199
884
928
1106
1310
1412
1263
931
730
997
1440
1583
1259
981
1002
1260
1530
1610
1443
1183
1122
1322
1383
1200
1116
1021
679
156
97
498
588
-190
-1022
-1121
-803
-808
-1079
-1395
-1788
-2228
-2284
-1855
-1656
-2103
-2596
-2617
-2337
-2057
-1937
-1964
-2059
-2050
-1829
-1496
-1253
-1141
-1112
-1052
-887
-604
-388
-253
-146
-39
5
41
188
414
478
379
327
331
257
258
201
168
167
-63
-358
-484
-544
-414
-573
-1043
-1177
-1049
-1060
-1247
-1472
-1422
-1268
-1401
-1415
-1347
-1229
-1173
-1108
-997
-782
-678
-512
-272
-172
-47
181
336
586
780
789
926
1068
1249
1340
1310
1308
1462
1594
1650
1583
1465
1371
1412
1690
1812
1518
1150
1137
1273
1371
1417
1353
959
649
807
1244
1395
1000
681
690
701
970
1212
1173
867
607
824
1218
1340
1159
961
968
1143
1157
925
795
903
791
481
173
225
298
15
-350
-543
-715
-914
-1033
-1043
-1223
-1603
-1862
-1751
-1629
-1750
-1890
-2026
-2031
-1942
-1772
-1651
-1669
-1704
-1616
-1436
-1272
-1101
-955
-871
-753
-590
-483
-383
-231
-40
41
46
105
182
243
288
330
205
40
138
269
119
-199
-345
-245
-220
-357
-545
-879
-1059
-790
-573
-822
-1378
-1594
-1048
-720
-907
-1160
-1337
-1198
-793
-459
-405
-687
-824
-458
33
211
254
191
153
403
713
969
974
814
860
1034
1128
1276
1332
1249
1090
1005
1091
1274
1462
1215
906
781
879
1104
1124
972
869
665
598
702
860
950
846
623
405
456
747
1130
1033
657
384
474
936
1368
1284
895
582
627
981
1161
1078
885
689
485
472
422
264
133
203
77
-477
-975
-890
-579
-679
-1125
-1456
-1670
-1788
-1587
-1297
-1447
-2017
-2206
-1879
-1553
-1472
-1523
-1625
-1718
-1573
-1208
-955
-970
-1029
-894
-688
-554
-365
-198
-149
-94
3
71
60
202
300
236
300
407
311
98
28
228
342
71
-172
-215
-231
-282
-394
-372
-381
-675
-758
-734
-665
-573
-612
-637
-620
-645
-609
-390
-134
-107
-182
-187
-16
265
413
527
465
443
566
756
1017
1117
965
853
908
1074
1204
1184
1055
954
962
974
999
951
915
873
767
689
639
698
909
805
531
373
469
756
712
559
525
443
376
499
694
755
520
278
400
597
633
654
587
402
290
456
715
619
372
247
250
235
263
278
151
-82
-197
-181
-256
-430
-518
-556
-686
-886
-1000
-1000
-1082
-1139
-1178
-1263
-1401
-1454
-1375
-1321
-1368
-1402
-1381
-1402
-1363
-1221
-1122
-1118
-1128
-1098
-995
-879
-756
-644
-623
-634
-560
-410
-322
-299
-291
-258
-211
-153
-82
-34
-81
-162
-159
-45
-14
-81
-146
-143
-98
-128
-123
-59
-63
-97
-97
-51
-58
-47
76
134
90
56
101
166
181
234
382
377
282
281
382
444
460
518
519
462
445
528
620
579
481
490
560
581
523
518
474
419
450
506
557
489
403
367
404
448
447
402
334
287
317
387
407
391
304
238
255
290
299
274
223
207
222
191
219
283
260
227
204
205
229
250
222
200
152
102
95
90
53
35
-2
-74
-135
-172
-164
-188
-244
-350
-406
-415
-440
-467
-499
-580
-637
-601
-606
-605
-674
-735
-740
-739
-718
-729
-741
-756
-749
-727
-698
-684
-689
-682
-650
-630
-619
-593
-592
-549
-483
-466
-468
-467
-441
-394
-328
-283
-279
-286
-264
-223
-191
-155
-124
-105
-80
-41
17
62
98
124
149
199
232
249
280
317
361
375
391
412
450
493
499
487
498
509
527
552
537
510
482
480
510
521
486
439
401
379
382
381
352
299
264
245
236
229
210
182
177
184
168
148
134
115
105
110
83
58
44
43
33
8
9
-8
-10
10
-11
-55
-85
-115
-113
-81
-89
-120
-162
-185
-160
-180
-213
-220
-233
-253
-269
-266
-251
-241
-262
-271
-252
-252
-243
-233
-236
-235
-227
-210
-185
-162
-128
-132
-135
-95
-78
-76
-68
-65
-65
-76
-69
-38
-8
10
1
-9
-9
20
29
21
15
10
28
37
34
19
6
-21
-5
19
26
27
0
16
29
34
29
21
35
48
61
70
78
75
67
62
59
84
102
99
86
58
52
89
116
125
98
58
46
60
88
62
9
-10
-27
-17
11
-4
-7
-24
-48
-38
-19
-33
-54
-57
-63
-48
-47
-42
-55
-83
-92
-88
-64
-77
-98
-108
-109
-97
-106
-126
-121
-118
-112
-136
-137
-119
-135
-127
-112
-122
-123
-116
-104
-91
-78
-99
-96
-87
-85
-66
-78
-96
-82
-67
-54
-54
-60
-55
-36
-12
-5
15
15
36
74
104
118
117
110
121
143
160
166
150
158
148
143
152
155
164
174
185
177
168
168
169
173
178
161
147
144
145
151
137
94
72
77
82
82
68
23
-4
-7
-20
-44
-64
-96
-108
-95
-125
-116
-106
-138
-140
-114
-96
-101
-104
-107
-120
-114
-104
-95
-103
-113
-116
-114
-97
-109
-109
-93
-85
-81
-81
-100
-100
-92
-89
-70
-85
-105
-107
-100
-94
-71
-78
-104
-99
-89
-74
-64
-54
-58
-54
-38
-15
2
11
15
29
40
56
64
65
67
69
87
108
125
140
137
134
124
129
134
135
134
124
134
128
132
115
81
77
80
68
59
41
8
6
4
11
30
29
31
22
20
36
15
12
30
42
43
46
34
41
52
48
41
24
27
30
32
24
-2
-6
-3
-15
-30
-50
-68
-69
-90
-105
-113
-132
-164
-199
-205
-184
-201
-224
-248
-274
-271
-289
-306
-324
-340
-332
-309
-298
-300
-315
-322
-307
-287
-278
-274
-265
-260
-257
-252
-255
-260
-224
-206
-192
-196
-196
-173
-147
-112
-88
-79
-84
-63
-57
-48
-36
-13
-4
2
14
18
25
27
19
23
42
44
63
81
77
74
94
107
121
143
149
139
158
154
157
184
198
219
212
220
231
242
256
244
228
231
244
244
229
217
199
172
176
158
158
135
108
107
96
85
80
76
77
74
62
69
61
68
58
42
17
10
28
27
42
25
-17
-17
-2
8
41
33
-1
-1
6
25
42
34
-3
-20
-51
-46
-32
-40
-38
-62
-81
-116
-154
-157
-163
-180
-196
-214
-233
-238
-248
-269
-272
-296
-320
-331
-333
-329
-339
-348
-350
-346
-336
-320
-317
-321
-330
-325
-304
-296
-292
-283
-260
-247
-237
-241
-256
-238
-219
-189
-162
-141
-142
-122
-96
-77
-56
-52
-39
-40
-16
2
16
39
49
62
79
81
87
105
127
141
156
173
175
171
175
193
187
176
183
191
200
200
193
193
202
198
200
198
195
195
201
206
184
174
154
149
152
138
135
135
142
145
161
149
148
135
120
127
120
141
159
157
147
150
153
157
172
162
163
142
135
141
137
140
117
114
114
108
78
82
82
65
56
37
30
25
31
29
29
18
10
-1
-42
-63
-81
-105
-111
-114
-129
-133
-141
-156
-182
-210
-200
-173
-168
-170
-188
-204
-203
-214
-239
-243
-240
-247
-248
-242
-238
-236
-238
-237
-245
-240
-231
-233
-228
-228
-228
-215
-198
-181
-177
-178
-199
-201
-179
-171
-150
-128
-125
-117
-117
-104
-97
-71
-45
-54
-61
-59
-41
-28
-10
13
32
39
33
45
61
67
85
104
114
117
129
140
145
142
132
121
126
144
144
136
115
113
118
112
95
107
108
93
85
85
88
86
95
92
87
77
63
60
63
57
58
77
88
92
100
80
73
67
57
57
58
75
89
75
46
20
-2
-2
14
7
14
9
-8
-27
-48
-60
-74
-80
-111
-128
-143
-152
-133
-134
-134
-134
-171
-178
-185
-188
-184
-181
-183
-180
-175
-150
-139
-136
-128
-133
-146
-145
-141
-162
-161
-155
-162
-161
-150
-155
-142
-141
-146
-153
-151
-125
-122
-132
-149
-158
-135
-114
-104
-98
-99
-95
-97
-91
-70
-58
-54
-36
-28
-18
2
3
19
39
39
60
90
98
108
118
103
96
118
136
152
154
167
183
175
176
161
138
132
150
152
144
133
107
106
112
101
104
106
80
56
69
84
77
74
60
57
74
89
97
92
74
67
88
114
122
114
111
101
100
113
123
119
118
107
114
125
116
103
92
75
73
68
56
45
38
20
-1
-17
-31
-41
-66
-81
-95
-104
-108
-109
-131
-157
-158
-171
-165
-154
-162
-177
-172
-171
-184
-177
-169
-163
-165
-170
-176
-175
-191
-199
-194
-194
-189
-165
-160
-184
-202
-215
-202
-196
-197
-182
-165
-157
-148
-157
-166
-169
-148
-132
-124
-107
-100
-73
-75
-65
-49
-46
-43
-17
1
14
32
51
83
102
104
113
125
151
155
160
174
183
201
215
228
223
222
209
214
204
188
179
170
176
176
174
155
154
147
133
129
113
115
119
122
117
121
120
125
140
142
129
126
129
124
127
137
118
102
106
109
112
113
104
96
91
91
91
76
86
72
62
37
19
17
-5
-5
-9
-14
-30
-42
-49
-58
-77
-75
-87
-98
-92
-100
-112
-124
-133
-152
-155
-173
-196
-200
-181
-163
-157
-155
-161
-164
-181
-191
-200
-207
-214
-221
-208
-189
-181
-182
-188
-199
-188
-178
-185
-179
-178
-187
-189
-180
-171
-172
-172
-164
-156
-129
-106
-116
-106
-83
-77
-79
-66
-76
-79
-62
-59
-35
-22
-15
-14
-26
-18
3
27
54
61
51
41
47
67
100
105
119
123
108
130
133
137
137
143
141
139
146
160
148
139
155
149
151
137
128
109
107
108
111
118
130
123
106
95
88
103
105
103
91
72
68
59
51
54
61
65
41
48
58
50
36
24
12
-2
-1
-7
-10
-23
-48
-64
-70
-69
-83
-92
-99
-111
-116
-121
-110
-120
-131
-136
-156
-170
-171
-162
-145
-149
-169
-187
-193
-197
-200
-190
-187
-196
-213
-208
-216
-238
-232
-207
-191
-176
-185
-182
-182
-194
-189
-199
-201
-198
-192
-162
-160
-164
-152
-129
-102
-75
-59
-79
-70
-56
-46
-31
-19
-1
0
16
30
51
51
51
50
66
82
97
101
86
81
87
88
80
88
86
60
52
50
48
48
45
38
35
28
30
32
27
35
27
22
27
21
17
9
2
9
12
15
32
25
18
23
19
21
19
17
3
3
-6
-23
-14
-15
-13
-8
-13
-25
-34
-18
-17
-22
-26
-31
-42
-71
-95
-114
-125
-113
-109
-119
-114
-108
-136
-129
-123
-123
-129
-123
-113
-113
-106
-108
-103
-99
-99
-117
-113
-86
-86
-94
-63
-42
-42
-43
-39
-64
-75
-62
-56
-40
-28
-32
-29
-45
-57
-67
-81
-77
-75
-59
-63
-69
-68
-57
-43
-34
-26
-26
-22
-34
-37
-28
-31
-19
-10
-5
7
-9
4
7
29
67
67
76
81
92
99
110
112
109
114
113
133
118
126
135
123
141
126
126
131
123
110
93
77
67
98
95
105
90
67
57
66
73
77
85
73
72
61
69
60
60
54
38
46
39
27
27
30
45
52
59
38
28
34
25
25
22
28
37
45
41
29
19
26
38
50
41
24
5
-2
-13
-7
5
-12
-6
-25
-55
-61
-60
-70
-71
-76
-82
-75
-99
-112
-121
-136
-143
-152
-144
-168
-170
-171
-191
-207
-194
-162
-152
-127
-127
-145
-156
-147
-140
-145
-127
-115
-109
-104
-94
-63
-47
-50
-51
-41
-43
-34
-38
-35
-18
-11
-6
-3
0
-22
-16
-17
-17
-12
-12
4
6
4
23
37
48
42
36
45
33
48
69
79
58
64
45
39
57
53
46
43
54
44
30
37
38
28
34
41
47
67
78
84
76
66
58
50
61
79
80
82
75
63
65
78
85
86
80
64
69
83
68
66
62
53
50
49
61
51
45
28
28
22
9
8
5
7
10
-1
-17
-21
-28
-30
-45
-50
-49
-62
-64
-67
-67
-90
-96
-104
-110
-105
-117
-125
-131
-138
-149
-165
-176
-170
-183
-199
-187
-169
-165
-148
-152
-174
-188
-202
-192
-195
-197
-192
-170
-159
-147
-135
-140
-134
-124
-121
-106
-93
-102
-93
-96
-80
-93
-115
-105
-104
-97
-69
-55
-69
-53
-39
-48
-38
-28
-41
-34
-17
-24
-33
-28
-19
-4
13
6
4
-11
-14
-11
-8
-9
-15
-20
-13
-6
-3
-5
6
19
27
39
40
49
62
51
46
56
67
73
72
64
61
59
73
87
79
78
84
86
78
73
74
85
85
93
91
74
60
48
48
56
60
48
50
65
53
52
44
32
23
20
27
25
15
5
6
-2
-14
-8
-13
-28
-30
-13
-14
-41
-51
-59
-78
-77
-80
-99
-96
-77
-77
-84
-85
-91
-109
-107
-106
-108
-118
-106
-94
-86
-72
-68
-64
-60
-53
-65
-69
-72
-68
-72
-87
-80
-92
-86
-76
-92
-95
-94
-81
-55
-47
-45
-56
-61
-55
-57
-43
-28
-19
-15
-11
-13
-38
-26
-9
-14
-10
-11
1
-3
-6
15
27
26
27
19
12
14
6
1
11
27
25
21
14
1
7
-5
4
21
17
38
44
32
19
15
25
25
39
52
53
62
66
67
81
72
62
62
56
71
67
65
78
79
78
77
66
45
42
47
46
32
12
-13
-38
-41
-18
-17
-12
-15
-24
-39
-52
-52
-75
-59
-64
-69
-61
-66
-85
-93
-101
-92
-64
-48
-34
-38
-52
-59
-72
-56
-32
-37
-45
-55
-74
-68
-65
-73
-80
-76
-68
-62
-68
-86
-91
-94
-104
-97
-99
-93
-91
-94
-93
-106
-79
-74
-83
-89
-74
-74
-80
-81
-94
-95
-85
-67
-62
-28
-28
-33
-21
-23
-18
-28
-24
-24
-27
-28
-27
-29
-29
-36
-51
-45
-52
-51
-37
-38
-33
-30
-30
-25
-15
-20
-18
-28
-24
-7
5
19
19
22
49
66
80
92
96
87
89
100
104
106
107
104
103
94
70
60
67
78
78
75
69
66
75
72
63
69
67
54
22
17
11
-4
-13
-17
-13
-35
-54
-60
-66
-66
-48
-61
-87
-92
-95
-106
-129
-162
-183
-198
-201
-200
-195
-193
-206
-234
-265
-290
-328
-365
-463
-580
-772
-1020
-1183
-1253
-1207
-1087
-883
-1065
-1745
-1568
-560
-1022
-1389
-330
64
-234
25
919
1030
992
563
1333
2303
1426
1204
962
1196
2052
2218
509
527
1535
2004
608
-243
1017
1727
705
-706
-578
403
-476
-63
-201
-666
409
-1353
-1612
-1641
-897
-148
-131
-453
-962
-638
-453
-1105
836
348
-432
-481
-928
537
158
-255
-17
1336
1592
-307
-425
1306
955
898
-97
256
1007
709
-169
-1744
-1975
132
470
-13
-1040
-1951
-1426
-139
-337
-499
242
-132
-788
-1009
-425
9
292
842
1327
314
-217
253
471
410
1949
2824
1038
-191
74
1111
947
1853
1818
110
-474
-4
71
427
82
27
-291
37
370
-1046
-1363
-189
202
856
692
-1140
-618
-108
-834
86
1311
150
-1277
-580
398
-222
-396
-507
-23
389
-153
-667
-490
-604
-275
186
47
220
-134
-811
-689
57
492
548
-108
-236
-330
-254
733
459
89
55
-70
469
663
-165
-336
338
916
392
-250
-106
324
434
-265
-49
687
480
-713
-576
450
726
-27
-819
-227
312
185
-298
-24
528
-52
-477
-287
261
334
21
-401
-263
672
416
-656
-732
355
630
-32
-440
-427
-73
-117
-476
-6
405
31
-854
-1041
-30
467
-96
-398
-449
-489
-464
-124
246
-283
-692
-226
46
-137
-113
-300
-158
178
108
-123
-250
88
46
-214
231
485
-153
-390
133
179
-85
30
28
-209
-141
93
145
-125
-248
-23
-70
34
38
-450
-246
101
-8
-79
3
-134
-415
-249
-12
187
86
-274
-370
-166
91
74
-111
-205
-76
27
-99
-144
44
-92
-180
-137
-31
-21
-108
-230
-168
46
-113
-80
-62
-355
-326
95
69
-129
-243
-156
-121
-162
-8
17
36
3
-11
-117
-6
73
-40
-16
-73
-33
198
220
-2
-192
-142
61
103
92
58
84
188
79
-169
-179
-14
186
94
55
257
63
-264
-221
165
433
247
2
-120
-16
40
-4
234
400
206
-59
-52
59
53
49
120
307
383
147
-219
-230
96
365
306
229
163
-83
-260
-93
183
328
226
-13
-168
-144
-81
-54
18
126
150
51
-114
-239
-249
-87
82
97
61
-87
-217
-294
-191
-20
92
50
-138
-258
-213
-87
-72
-122
-96
-11
-77
-260
-334
-215
-52
-44
-148
-206
-215
-266
-267
-153
-21
-25
-119
-236
-213
-157
-98
-43
-11
-26
-110
-142
-111
-40
-64
-103
-22
33
19
-35
-101
-53
61
115
61
6
-42
-28
2
59
102
97
-4
-105
-73
-6
75
105
65
-15
-45
-5
47
54
10
25
48
-6
-13
-56
-49
28
123
82
-10
-3
16
55
59
58
58
87
104
81
52
40
64
119
106
87
54
62
94
117
140
123
85
49
5
36
86
129
92
17
-13
10
56
34
17
13
21
-11
-25
-38
-56
-6
40
8
-22
-46
-57
-17
29
-16
-59
-53
-64
-55
-65
-81
-105
-130
-81
-64
-81
-98
-97
-75
-61
-51
-72
-95
-118
-109
-67
-33
-57
-89
-92
-131
-84
-50
-30
-60
-70
-67
-94
-111
-124
-104
-94
-74
-108
-134
-163
-162
-111
-104
-79
-105
-155
-116
-86
-71
-80
-58
-56
-86
-86
-95
-92
-63
-43
-44
-78
-98
-47
-42
4
37
7
4
-12
-21
-4
14
-1
1
39
21
-1
31
44
93
88
90
106
96
68
57
93
114
115
91
83
70
80
71
52
60
77
38
3
36
34
21
51
55
42
20
23
20
20
45
32
57
51
59
99
49
14
77
97
62
80
65
66
87
74
77
87
73
66
60
50
37
13
44
68
51
34
-22
-32
14
54
22
-41
-58
-37
-16
-29
-31
-39
-15
-17
-1
-7
-44
-30
23
51
33
9
-4
5
2
-27
6
46
45
35
-33
-42
-46
-33
-33
-43
-22
-16
-23
-49
-68
-26
-22
-50
-65
-63
-57
-34
-36
-65
-64
-47
-37
-39
-33
-74
-45
-44
-23
-26
-66
-60
-56
6
16
15
-7
-14
3
5
6
3
6
15
21
13
18
29
53
55
31
24
50
31
9
32
33
54
50
0
-11
6
0
-15
-39
-42
-22
-11
-45
-37
-28
-47
-43
-55
-45
-46
-68
-80
-87
-87
-82
-103
-58
-25
-29
-54
-42
-16
-18
-21
-16
-42
-32
-12
-39
-14
-6
-15
-48
-46
-44
-36
-20
-50
-35
