-37
-8
-15
-11
-1
-3
-1
12
25
17
17
7
-7
-26
-34
-34
-52
-60
-80
-97
-107
-94
-84
-101
-106
-74
-49
-43
-13
13
-2
-16
-13
-23
-44
-39
-24
-35
-59
-86
-100
-100
-118
-138
-145
-165
-201
-218
-165
-181
-189
-182
-161
-232
-181
-190
-90
-146
29
-37
75
-126
28
-123
93
-148
71
-1642
-7535
-8573
-18767
-25080
-15986
-12869
-17759
-16399
-17885
-18415
-16707
-13125
-10360
-12205
-10448
-6189
-5309
-5855
-9475
-12258
-11361
-8021
-5745
-7341
-7439
-8903
-10904
-8686
-6028
-7340
-5800
616
3842
4648
5742
4457
5470
10252
12513
13468
14381
15931
17535
17695
16610
15960
15038
15438
20651
23888
22993
23498
24715
24886
27605
27768
28978
31771
32596
32744
32767
29775
27083
29408
30075
30355
31404
29711
28089
28441
26929
26349
26333
25249
23821
24783
23592
12125
2163
2802
251
-9644
-10745
-8689
-17896
-26411
-20942
-19475
-27069
-25270
-16520
-14628
-13199
-7565
-7289
-10886
-8842
-6554
-8816
-9205
-8902
-12370
-15403
-15852
-20000
-26435
-27713
-26675
-27283
-25884
-22929
-22999
-22256
-18785
-17023
-16346
-13555
-11380
-9778
-7712
-7219
-9859
-11448
-13085
-16290
-22099
-27914
-29600
-32388
-32768
-32697
-32768
-32667
-32768
-30285
-26507
-23122
-18761
-13199
-8337
-5478
-3038
-873
-40
-1146
-2093
-3718
-6173
-7988
-8617
-8337
-9060
-9164
-6883
-5182
-2686
1050
6036
10358
14877
18954
23237
26038
28809
31149
32595
32767
32695
32767
32767
31951
30994
29624
30064
30389
31225
31926
32443
31879
32048
32767
32601
32767
32679
32767
32725
32767
32766
32741
32767
32649
32767
21637
4249
-1625
-3552
-14143
-26755
-29660
-30080
-32593
-32742
-28211
-25845
-26629
-17108
-3531
2361
3049
5487
6980
6704
6497
3336
-3066
-8356
-12337
-18040
-23794
-30278
-32768
-32599
-32768
-32641
-32768
-31596
-26004
-19978
-14327
-8558
-4868
-2455
972
4778
5892
4000
-610
-5670
-10338
-14586
-20361
-25250
-29353
-32768
-32691
-32768
-32735
-32768
-32752
-32685
-29342
-24221
-19347
-13137
-7358
-3847
-1584
1466
3776
4268
1172
-4406
-8960
-12365
-13763
-16122
-18159
-17740
-16627
-14396
-11194
-8240
-4960
1734
9195
16187
20303
23670
27204
30463
32212
32569
31581
32355
32767
32711
30756
29768
29546
29073
28277
30603
28384
29411
32767
32593
32767
32658
32767
32706
32767
32745
32767
32767
32734
32767
32695
32767
32640
32767
32506
32767
27689
10210
-4726
-10800
-11111
-18832
-29414
-31335
-29066
-30894
-28546
-21120
-19031
-19992
-11439
509
4838
3941
3490
3162
2125
-92
-4841
-11362
-16893
-21631
-25094
-29077
-32723
-32753
-32750
-32768
-32220
-29998
-26034
-20272
-15152
-9928
-5285
-3824
-2957
-1679
68
-588
-3881
-10619
-14791
-24269
-32768
-32387
-32768
-32571
-32768
-32645
-32768
-32676
-32768
-32172
-25796
-19495
-12028
-3904
2782
5524
3593
-181
-3039
-4718
-6703
-8495
-9742
-12895
-15638
-17189
-18438
-18231
-13087
-4634
2697
10407
16143
20618
25132
30335
32592
32702
32767
32734
32767
32735
32767
31756
28826
28805
28773
28031
28929
29754
32703
32760
32763
32767
32750
32767
32751
32767
32762
32764
32767
32741
32767
32711
32767
32713
32293
27096
22922
20672
18614
16315
10331
6030
4540
3424
-192
-4210
-8101
-12375
-17750
-18398
-16807
-16684
-17788
-16971
-16507
-17232
-18057
-18179
-18016
-17357
-15910
-15323
-16042
-17609
-19652
-21685
-22304
-23136
-24508
-23929
-23687
-23807
-24428
-25087
-26829
-28014
-27938
-26869
-26550
-27229
-29060
-32573
-32733
-32768
-32755
-32763
-32768
-32727
-32768
-32676
-32768
-32574
-32768
-30036
-25977
-22283
-17341
-13592
-12339
-12279
-11498
-9931
-7767
-4613
-1714
-367
212
543
2561
4953
7330
10137
13150
18140
22458
23155
23021
23188
25602
28584
30719
30767
31221
31384
32685
32767
32738
32767
32739
32767
32742
32767
32743
32767
32744
32767
32742
32767
32737
32767
32730
32767
32720
32767
32710
32767
32701
32767
32698
32767
32698
32767
32077
20239
10146
-4602
-25566
-31731
-30177
-32655
-32768
-32557
-32768
-32400
-32768
-29381
-16629
-7813
1722
9195
10677
9210
6424
4430
3274
1625
-4720
-12858
-23685
-32496
-32751
-32768
-32768
-32748
-32768
-32730
-32768
-32372
-27629
-21804
-15400
-7257
-37
5944
9171
9091
6197
781
-6499
-14566
-22720
-28190
-30545
-32768
-32768
-32732
-32768
-32686
-32768
-32616
-32768
-26131
-16964
-9411
-3603
240
2735
4634
7174
7434
6314
2754
-3950
-11736
-17228
-20345
-20910
-20745
-19665
-16807
-13917
-9951
-5694
-1752
4081
12488
20503
25787
28146
29168
29299
30161
30796
30091
29141
29438
29282
30329
28341
26447
25595
25545
27528
30256
32354
32767
32731
32767
32760
32767
32767
32762
32767
32760
32767
32757
32767
32755
32767
32752
32767
32748
32767
32744
32767
32723
32767
31906
24285
13515
5194
973
-5536
-18326
-28604
-32351
-32768
-32733
-32768
-32768
-31037
-25647
-17905
-12883
-12311
-11011
-8055
-4910
-2943
-4908
-9446
-12807
-16343
-21876
-28005
-32470
-32768
-32735
-32768
-32725
-32768
-32688
-32768
-30937
-26071
-21651
-17648
-13812
-9870
-6891
-6649
-7711
-9884
-12415
-14819
-17041
-22131
-30012
-32768
-32674
-32768
-32715
-32768
-32727
-32768
-32720
-29732
-24661
-19222
-13564
-8068
-1946
2321
3645
1239
-1976
-4890
-8194
-9217
-10876
-11759
-13548
-13840
-15475
-15426
-14116
-10259
-5009
1328
7304
12289
16917
20436
24178
26278
29297
32474
32767
32722
32767
32734
32767
32246
32727
32713
32767
32093
32655
32377
32155
32767
32658
32767
32713
32767
32739
32767
32759
32767
32767
32752
32767
32737
32767
32722
32767
32706
32767
32687
32767
32655
32767
31902
26631
22286
13285
480
-9798
-14727
-18067
-21604
-27652
-31551
-32616
-32768
-32734
-32768
-32632
-29456
-23164
-16940
-14247
-15114
-16248
-15037
-13919
-15699
-18116
-19742
-20854
-22598
-26621
-31084
-32768
-32640
-32768
-31690
-29417
-30530
-29768
-24948
-21459
-19479
-17451
-14503
-12500
-9882
-7695
-9206
-16824
-24837
-29265
-32760
-32688
-32768
-32706
-32768
-32709
-32768
-32669
-32768
-30697
-22730
-14695
-7285
-1186
2372
3214
2040
-139
-1067
-526
-867
-2394
-3222
-5826
-6543
-8811
-8345
-7080
-4841
234
4527
8830
10784
11683
13486
17941
21345
24217
24815
26576
27373
28358
28670
28864
28825
31249
32767
32544
32767
32681
32767
32761
32735
32767
32652
32767
32545
32420
29413
25769
25159
28085
32175
32232
31492
32344
32767
32598
32767
32655
32767
32678
32767
32680
32767
32660
32767
32584
32767
28240
12742
-4381
-17273
-24040
-26626
-29855
-32768
-32671
-32768
-32768
-32726
-32768
-29250
-18537
-7299
93
3071
667
-5019
-7982
-9542
-12757
-16948
-22131
-28948
-32768
-32659
-32768
-32717
-32768
-32741
-32768
-32561
-29775
-28331
-26429
-21881
-16310
-10814
-7768
-4935
-3568
-4873
-8818
-15763
-24537
-32216
-32768
-32714
-32768
-32721
-32768
-32720
-32768
-32694
-32768
-30588
-22870
-13723
-6818
-3007
105
2097
3019
3539
1918
-2018
-5195
-5341
-7654
-10840
-15382
-17788
-16306
-12711
-8463
-4132
635
5158
11032
16828
20688
24908
30438
32767
32637
32767
32762
31864
30120
28843
28566
28583
29083
27822
26765
24576
24610
27121
31802
32767
32587
32767
32658
32767
32697
32767
32728
32767
32755
32765
32767
32739
32767
32714
32767
32688
32767
32662
32767
32632
32767
32572
32767
31260
19720
13655
4239
-5962
-16552
-28087
-32740
-32768
-30764
-31936
-32768
-32636
-32648
-25990
-18719
-14184
-11562
-7075
-1410
-619
-4540
-10505
-14439
-16112
-17667
-24494
-32218
-32768
-32718
-32768
-32729
-32768
-32735
-32768
-32716
-29968
-26482
-23676
-18413
-12707
-8223
-6599
-7335
-9044
-11016
-14631
-20196
-26181
-32136
-32768
-32684
-32768
-32704
-32768
-32692
-32768
-31534
-25471
-19407
-14724
-9586
-6241
-5832
-5131
-4774
-4249
-4102
-5175
-8182
-12111
-14251
-15176
-16229
-16434
-14364
-10094
-6692
-3454
508
3154
5946
9358
13895
17629
20535
23218
27353
28709
27775
27235
28147
29169
31322
31878
32502
32476
31834
31943
32767
32738
32767
32580
32478
32767
32714
32767
32734
32767
32734
32767
32717
32767
32642
32767
31851
32194
32294
32310
31655
32117
32767
32652
32767
32727
32767
32767
32734
32767
32660
32767
31023
17593
-785
-14208
-22010
-26675
-31510
-32768
-32549
-32768
-32592
-32768
-32507
-32768
-26200
-14845
-8533
-3809
-3865
-5896
-6297
-7810
-11649
-14309
-16462
-21038
-27598
-32562
-32768
-32722
-32768
-32695
-32768
-32659
-32768
-32308
-28842
-25329
-22344
-19066
-15392
-9841
-9629
-14655
-18213
-18106
-19806
-29761
-32201
-32768
-32759
-32768
-32737
-32768
-32647
-32768
-31409
-25958
-22732
-17554
-11799
-6356
-2331
-2151
-761
-439
-1391
-4723
-6935
-7511
-11329
-10826
-10608
-9931
-10079
-8003
-3200
405
6022
11302
17017
20284
22941
26392
28829
30831
31992
32767
32424
32693
32767
32050
30376
28699
29727
31926
32767
32767
32628
32767
31923
32297
32767
32657
32767
32709
32767
32730
32767
32738
32767
32739
32767
32730
32767
32712
32767
32685
32767
32645
32767
32574
32767
32387
32767
28071
11273
997
-7372
-13277
-16756
-22322
-30398
-32768
-32551
-32768
-32650
-32768
-32128
-23287
-13577
-9998
-10855
-11698
-11341
-12474
-11537
-10866
-12704
-15260
-18620
-27675
-32768
-32583
-32768
-32677
-32768
-32703
-32768
-32693
-32768
-31286
-29366
-25175
-18367
-13377
-8787
-8031
-10874
-14381
-16278
-17604
-20349
-23012
-25475
-28636
-30906
-32521
-32768
-32768
-32693
-32764
-28174
-23038
-19736
-15898
-15010
-11511
-9714
-6735
-5257
-3196
-1847
-3525
-7529
-12307
-13844
-14184
-14087
-12982
-10517
-8007
-4980
-1239
3164
6547
10698
16062
20804
21804
22198
22187
23825
25506
24088
24680
23501
24049
25135
25763
26790
28010
29620
31768
32767
32711
32767
32739
32767
32751
32767
32758
32767
32762
32767
32762
32767
32760
32767
32756
32767
32749
32767
32738
32767
32723
32767
32701
32767
32669
32767
32611
32767
31970
19639
2710
-6402
-12804
-17231
-22039
-25901
-29177
-32768
-32494
-32768
-32453
-32768
-28134
-18108
-12054
-10746
-10408
-11219
-13003
-15018
-15873
-15615
-15955
-16868
-20840
-29238
-32768
-32599
-32768
-32674
-32768
-32677
-32768
-32144
-29383
-28835
-26996
-23180
-18440
-13394
-9923
-10744
-12755
-13882
-16221
-17813
-20318
-22913
-24943
-26399
-28846
-31700
-32768
-32489
-32768
-31855
-27398
-25542
-23825
-20668
-17143
-14618
-12178
-8580
-5082
-2120
-722
-2706
-6651
-9117
-10010
-10062
-10400
-9942
-9275
-8889
-7941
-6654
-4690
-1029
5505
12238
17669
21043
22960
24052
25081
24663
26032
27368
30401
30018
30093
28275
26263
25657
27131
29046
27820
31173
32699
32767
32714
32767
32740
32767
32759
32767
32767
32757
32767
32745
32767
32735
32767
32723
32767
32710
32767
32695
32767
32682
32767
32672
32767
32642
32767
31449
14673
3199
-875
-5196
-11539
-17514
-26055
-32768
-32558
-32768
-32720
-32726
-32768
-27217
-19960
-16366
-15468
-15826
-13901
-10738
-9820
-9498
-9764
-12379
-15811
-20001
-28073
-32768
-32598
-32768
-32667
-32768
-32670
-32768
-32621
-32768
-30776
-27516
-23078
-17990
-12773
-10676
-11582
-11512
-13733
-13407
-14463
-15417
-17547
-20839
-24010
-27665
-31597
-32768
-32700
-32768
-32674
-29686
-27705
-27469
-25221
-21220
-17499
-14441
-9160
-5745
-2948
-2589
-2325
-3881
-7159
-7832
-7405
-6622
-8487
-8269
-7395
-7486
-7653
-5696
-1481
3840
8629
12282
16226
19168
20645
22204
23826
24942
27445
29345
30982
29118
26887
27760
29738
30093
30715
32726
32729
32767
32730
32767
32683
32767
32754
32767
32750
32767
32767
32617
31664
30712
32610
32767
32698
32767
32693
32767
32682
32767
32664
32767
32626
32767
32513
32767
29784
11748
-1315
-5757
-11394
-15095
-23512
-31844
-32768
-32736
-32768
-32716
-32768
-31898
-21678
-11798
-8155
-9287
-10147
-6999
-4771
-4859
-4278
-5153
-7993
-11414
-19575
-30043
-32768
-32596
-32768
-32678
-32768
-32703
-32768
-32704
-32768
-32089
-27526
-20670
-13428
-8524
-6743
-7821
-9400
-8206
-8107
-9614
-11768
-14243
-18076
-22635
-27641
-32065
-32768
-32719
-32768
-32733
-32768
-30874
-28049
-26120
-22411
-17564
-12882
-7924
-4146
-2842
-2295
-1503
-2151
-3955
-5946
-7763
-8692
-9075
-9570
-11642
-12702
-11803
-10273
-6564
-1874
3114
7494
11702
15792
19346
21294
24092
26504
28520
29575
30060
30197
29205
30300
29381
30417
31598
31256
32386
32656
32759
32767
32765
32767
32764
32767
32762
32767
32761
32767
32760
32767
32760
32767
32762
32767
32767
32763
32767
32750
32767
32724
32767
32667
32767
32486
32767
24572
7470
893
-1779
-10355
-17743
-22734
-29890
-32768
-32541
-32768
-32571
-32768
-29404
-22148
-16968
-14527
-14414
-13072
-9105
-6413
-6832
-6322
-5759
-7871
-12931
-18964
-25811
-31440
-32768
-32749
-32768
-32768
-32754
-32768
-32743
-32768
-32597
-29064
-23135
-18604
-14154
-11891
-12636
-11090
-9504
-8717
-9418
-10452
-11610
-13325
-16389
-20504
-25086
-29641
-32325
-32768
-32748
-32728
-31310
-28857
-26840
-25233
-23038
-18690
-13200
-8301
-4603
-2942
-2252
-2406
-2717
-2670
-2640
-3202
-3516
-4546
-6223
-8251
-9649
-8405
-7009
-3295
371
4466
8135
10915
13834
17025
20349
23019
26237
28806
31226
31778
31556
31618
31483
31080
31171
30933
31648
32767
32348
30974
30878
31760
32767
32756
32764
32767
32719
32730
32767
32767
32758
32767
32745
32767
32207
32563
32767
32737
32767
32757
32767
32767
32758
32767
32731
32767
31739
19813
5136
772
-4134
-11826
-15815
-19052
-26814
-32725
-32590
-32768
-32578
-32768
-31707
-25922
-22269
-20828
-19308
-17741
-15395
-12450
-11070
-8275
-5599
-6726
-10672
-15424
-21418
-25124
-26022
-27549
-29447
-30742
-32360
-32768
-32768
-32697
-32768
-31463
-27038
-23243
-21013
-19169
-17492
-16310
-14652
-12439
-10803
-10461
-8997
-9743
-12364
-16352
-18972
-21447
-24142
-25669
-25737
-26168
-26778
-26617
-26179
-25136
-23134
-19799
-16038
-12905
-9683
-7200
-5189
-3734
-3163
-2393
-1147
46
-67
-601
-1078
-1616
-1001
59
1426
2468
4336
6814
9436
11210
12885
15445
18363
21548
23763
26485
28661
30012
31027
31751
32103
32606
32767
32767
32758
32767
32750
32767
32203
31493
31966
31098
31018
29858
27762
25694
24742
24252
24557
25967
26701
27125
28882
30240
31441
32767
32673
32767
32697
32767
32689
32767
32642
32767
28531
19869
10309
1944
-2681
-8360
-16095
-24965
-30337
-32718
-32768
-32746
-32768
-32746
-32768
-32766
-32503
-31033
-28323
-23894
-19783
-16045
-13311
-10435
-7857
-6046
-5601
-7274
-9331
-10776
-11721
-12815
-14852
-17817
-20483
-22819
-24614
-26990
-28602
-28862
-28293
-27282
-26418
-25502
-24324
-23246
-21256
-19083
-16920
-14460
-11808
-10450
-9762
-8980
-8811
-9445
-9028
-7957
-7759
-7990
-8032
-7986
-8944
-9479
-9532
-9019
-8484
-7378
-6286
-5965
-5936
-5942
-5458
-6209
-7176
-6244
-5636
-3684
-2790
-4763
-5384
-4787
-2278
-624
1102
1993
730
2092
4480
6902
7847
7792
8503
10355
12555
13676
15040
15662
16763
17291
17851
19897
21798
21744
20761
21478
22805
23731
24379
23992
23398
23356
23871
24545
23883
21989
20909
21587
22251
21731
21190
20093
20293
21162
21897
21650
21282
21911
23220
23869
24343
24887
25032
25417
24446
23225
22600
21655
17792
13528
11830
10432
7188
2820
-1395
-5755
-9240
-11706
-15144
-21100
-25331
-25834
-26288
-28789
-32161
-32768
-32768
-32669
-32270
-32684
-32768
-30832
-27518
-24700
-23220
-22294
-20697
-17489
-13429
-11208
-10612
-9583
-6903
-4676
-3881
-3950
-4002
-3486
-2879
-3065
-3966
-5170
-6239
-7262
-7856
-9620
-11877
-13519
-13995
-15389
-17513
-18467
-18544
-18916
-19859
-19702
-19613
-19018
-18274
-16765
-16349
-15310
-13485
-11307
-9715
-8611
-7264
-5649
-3549
-1867
-677
-378
844
2583
4183
4397
4438
4655
5757
6783
7718
7683
7306
7678
9293
10521
10095
9754
10443
12026
12956
13287
13186
13911
15034
16487
17437
17747
17631
18303
19877
21223
21334
21061
21385
22106
22562
22312
22126
21779
21333
21441
22091
21296
19800
18735
18701
18739
18792
18633
17905
17573
18367
19518
19593
18684
18012
16902
16344
16907
16608
12451
8509
7912
7958
4793
394
-3153
-6505
-8586
-10183
-13038
-19075
-23429
-23820
-23367
-25898
-29591
-32199
-32768
-31586
-30503
-31798
-32768
-31704
-28987
-26706
-25373
-24260
-23582
-21145
-17240
-14482
-13981
-12773
-10139
-7777
-6545
-5544
-4680
-4116
-3212
-2315
-2404
-2980
-3235
-3686
-4683
-5432
-6394
-7681
-8796
-9488
-10985
-12416
-13216
-13575
-14913
-15900
-15917
-15591
-15554
-15198
-14419
-14082
-13315
-11975
-10397
-9468
-8211
-6742
-5095
-3767
-2321
-1195
-206
1013
2414
3424
4236
5148
5541
6061
6954
7441
7612
8046
8889
9420
9933
10211
10732
10756
11435
12561
13380
13756
14603
15726
16337
17062
17633
18452
19263
20446
20536
20904
22016
22902
22641
21970
22429
22855
23029
22393
21711
20898
20848
21264
21141
19612
18462
18938
19921
20174
18773
17716
17718
18942
19901
19585
18351
16858
16830
17910
17778
13939
9544
8475
9898
8511
4224
-671
-3686
-4497
-4879
-7534
-13802
-18891
-19401
-17438
-18840
-23763
-28391
-29079
-26769
-25083
-26827
-30191
-30367
-27300
-23846
-22978
-23867
-24562
-22323
-17844
-14955
-14956
-15454
-13718
-10434
-7896
-7604
-7959
-7680
-6109
-4741
-4260
-5091
-5708
-5822
-5773
-6034
-7167
-8826
-9847
-9927
-11111
-12727
-14443
-14685
-15322
-16080
-17376
-17577
-17359
-16998
-16742
-16994
-16735
-15908
-14021
-13069
-12340
-11929
-10291
-8193
-6560
-6115
-6002
-4690
-2703
-826
-102
109
761
2031
3654
4586
4629
4350
5227
7030
8310
8503
8082
8202
9314
11011
11713
11563
11588
13008
14780
15440
15459
15333
16324
17946
19431
19691
19602
19941
21119
22229
22235
21432
21182
21666
22335
22345
21404
20765
20430
20597
20708
20632
19790
19360
19959
20356
20381
20018
20256
19126
18183
18129
18682
17579
16210
14768
12736
10642
9953
8705
4670
921
-122
-168
-2421
-5766
-9692
-12949
-13774
-13327
-14935
-18714
-21146
-21052
-19928
-19981
-21514
-23678
-23855
-21120
-18366
-18283
-19424
-18778
-16620
-14159
-12115
-11550
-11598
-10227
-7102
-4943
-4606
-4911
-4206
-2837
-1347
-727
-1212
-1865
-1454
-765
-1327
-2514
-3325
-3871
-4470
-4845
-5593
-6848
-7599
-7731
-8347
-9282
-9808
-9383
-9310
-9245
-9092
-8653
-8053
-6951
-6168
-5944
-5152
-3419
-1794
-973
-167
743
2133
3626
4805
5171
5621
7152
8895
9566
9738
10208
10936
11803
12559
12743
12658
13296
14183
14609
14321
14237
14351
14535
14861
14977
15098
15125
15420
15237
14936
15023
15313
15357
14977
14936
15452
15758
15094
14700
14694
14763
14410
14479
14389
14151
13386
13123
13117
13133
13022
12491
12421
12590
12428
11228
9951
9198
8452
8053
7435
6004
3964
1865
105
-1578
-3944
-6823
-9233
-10631
-11824
-13873
-16923
-20036
-22241
-23682
-24658
-25942
-27707
-29338
-29387
-29126
-29405
-30772
-31457
-30706
-28801
-27261
-26471
-25893
-24902
-23269
-21491
-19982
-18791
-17385
-15664
-13362
-11469
-10585
-10224
-9444
-8349
-7381
-6687
-6371
-6181
-5984
-5934
-6414
-7331
-7949
-8277
-8612
-9028
-9705
-10438
-10947
-11339
-12202
-12988
-13059
-12380
-11981
-11748
-11614
-11332
-10706
-9680
-8639
-7981
-7099
-5606
-3868
-2591
-1913
-1319
-287
1178
2472
3542
4186
5123
5922
6730
7275
7740
7902
8676
9495
10202
10271
10412
10826
11332
11771
11655
11870
12199
12986
13656
13622
12962
12989
13666
14333
14492
13954
13762
14037
14719
14575
14130
13700
13743
14923
15673
15544
14091
14027
14316
15020
14940
14413
14027
14909
16146
16223
15031
13317
13113
13881
14100
12536
11411
10408
9809
7959
5801
3246
1602
-390
-1861
-3365
-5600
-8010
-10205
-12504
-15412
-16899
-18028
-18835
-20324
-21664
-22954
-22781
-22766
-23279
-24167
-23938
-22437
-20550
-19404
-19063
-18587
-17554
-15466
-13340
-12007
-11517
-10226
-8104
-5986
-5036
-4979
-4780
-3746
-2302
-1461
-1258
-1641
-2039
-1763
-1347
-1835
-3283
-4500
-4738
-4538
-5047
-6518
-7904
-8570
-8574
-8661
-9284
-10091
-10318
-9632
-8781
-8364
-8715
-8503
-7458
-5752
-4445
-3910
-3401
-2141
-379
880
1705
2056
2967
4538
6111
6807
7169
7589
8335
9489
10289
10549
10710
11329
11908
12632
12468
12138
12218
12580
13213
13637
13523
13151
13784
14212
14059
13676
13860
14145
14580
14798
14878
14634
14379
14752
15090
14848
14525
14989
15286
15217
15313
15600
15164
14915
15200
15929
16138
16204
15994
15906
15719
15538
15303
14686
13668
12803
12752
11973
10145
7517
5580
3956
2388
321
-2105
-4491
-6651
-8534
-10956
-13661
-16136
-18003
-19377
-20397
-21701
-23163
-24057
-24508
-24938
-25356
-25232
-24719
-23839
-22776
-21596
-20581
-19569
-18281
-16822
-15407
-14040
-12412
-10824
-9264
-8123
-7150
-6472
-5542
-4660
-4050
-3685
-3354
-2984
-3054
-3281
-4027
-4882
-5584
-5763
-6045
-6805
-7858
-8685
-9103
-9616
-10193
-10978
-11414
-11268
-10571
-10310
-10373
-10390
-9745
-8872
-7859
-7081
-6063
-5036
-3798
-2327
-1147
-333
453
1760
3135
4432
5214
6162
7265
8213
8709
9203
9836
10244
10518
10951
11367
11580
11645
11817
11749
11556
11676
12107
12399
12419
12624
12795
13071
13309
13323
13239
13472
14104
14629
14750
14722
14462
14511
14672
15025
14818
14726
14804
15443
15843
15608
14887
14754
15183
15630
15744
15373
14967
14752
14632
14242
13360
12166
11361
10991
10297
8681
6473
4312
2794
1376
-429
-2719
-4970
-6803
-8002
-9681
-12229
-14721
-16379
-17227
-17892
-18835
-20444
-21287
-21434
-21060
-21193
-21445
-21525
-20512
-19066
-17759
-16913
-16267
-15291
-13827
-12153
-11037
-9898
-8841
-7408
-6145
-4973
-4506
-4050
-3625
-2951
-2402
-2149
-2220
-2373
-2460
-2877
-3360
-4043
-4654
-5415
-5850
-6318
-6773
-7490
-8166
-8728
-8957
-9146
-9303
-9291
-9251
-8913
-8529
-8048
-7824
-7292
-6553
-5417
-4439
-3770
-3126
-2074
-809
86
523
1003
1955
3281
4134
4425
4372
4877
5828
6687
6723
6387
6432
7307
8010
7867
7262
6945
7779
8573
8883
8293
8035
8479
9418
9750
9428
9257
9473
10242
10697
11064
10548
10446
10715
11627
11546
11353
11492
11571
11743
11832
12102
11946
12108
11817
12154
12471
12851
12693
12535
12145
11668
11592
11327
10997
9989
9362
8733
8759
7549
6049
4035
2665
1243
331
-1026
-3095
-5134
-6686
-7503
-8953
-10911
-13197
-14280
-14937
-15176
-15881
-17020
-18137
-18175
-17769
-17620
-17549
-17590
-17089
-15861
-14459
-13765
-13289
-12651
-11404
-10006
-8775
-7947
-7051
-6198
-5111
-4109
-3451
-3240
-2852
-2372
-1913
-1619
-1759
-2019
-2251
-2390
-3106
-3401
-3927
-4427
-5028
-5128
-5619
-6115
-6488
-6566
-6672
-6882
-6752
-6401
-5995
-5619
-5063
-4560
-3929
-3020
-2179
-1524
-710
288
1208
2066
2934
3576
4299
5052
6036
6586
7105
7434
8034
8345
8828
9151
9301
9386
9396
9781
9979
10085
9789
9668
9678
10163
10395
10057
9628
9667
10130
10100
10078
9868
10220
10106
10187
10253
10405
9862
9557
9490
9645
9733
9802
9816
9656
9581
9725
9920
9829
9600
9625
9873
10034
9901
9550
9177
8646
8276
7856
7501
6783
5939
4730
3489
1955
444
-1090
-2528
-4144
-5754
-7189
-8546
-10064
-11922
-13806
-15235
-16134
-16662
-17358
-18113
-18918
-19267
-19279
-19128
-19128
-19171
-18684
-17582
-16268
-15462
-14919
-14212
-13181
-11914
-10690
-9614
-8743
-7598
-6526
-5534
-4910
-4372
-3931
-3387
-3067
-2670
-2396
-2531
-2991
-3316
-3557
-3772
-4141
-4621
-5128
-5457
-5579
-5776
-6212
-6722
-6871
-6718
-6363
-6236
-6160
-6175
-5670
-5085
-4547
-4170
-3677
-3152
-2374
-1289
-625
-100
305
1226
2025
3104
3723
4184
4579
5547
6493
6998
7215
7416
7898
8537
9104
9163
9052
9123
9507
9712
9736
9766
9767
9857
10160
10327
10181
10109
10197
10240
10232
10215
10550
10623
10596
10321
10377
10274
10499
10507
10252
10034
10201
10488
10541
10455
9894
9782
10141
10539
10222
9858
9808
9743
9536
9148
8806
8277
7673
7047
6796
6126
4839
3345
2331
1184
48
-1282
-2792
-4381
-5637
-6802
-7908
-9500
-11180
-12341
-12901
-13483
-14265
-15041
-15774
-15907
-15771
-15764
-15843
-15637
-15316
-14595
-13610
-12898
-12521
-11901
-10931
-9809
-8702
-7959
-7189
-6265
-5408
-4597
-3816
-3443
-3241
-2888
-2355
-2171
-2118
-2388
-2422
-2402
-2412
-2816
-2989
-3174
-3324
-3521
-3714
-3959
-4093
-4033
-4034
-3892
-3993
-3808
-3363
-2852
-2783
-2513
-2027
-1200
-415
9
339
944
1822
2557
3250
3527
4000
4645
5652
6092
6384
6411
6795
7230
7897
8195
8093
7875
8242
8884
9031
8818
8493
8518
8631
9304
9320
8844
8190
8246
8356
8809
8529
7870
7471
8025
8344
7835
6887
6699
7186
7152
6923
6404
6120
5963
6421
5964
5400
5371
5956
6106
5758
5692
5486
5542
5689
6018
5415
4847
4924
5202
4843
3980
3467
2878
2849
2532
1876
344
-623
-1220
-1854
-2910
-4284
-5641
-6813
-7223
-8000
-9365
-11076
-11891
-12408
-12982
-13713
-14416
-15137
-15508
-15315
-15444
-15808
-16035
-15684
-15262
-14760
-14388
-14120
-13780
-13054
-12304
-11776
-11289
-10589
-9845
-9126
-8390
-7700
-7359
-6904
-6127
-5514
-5259
-4965
-4448
-3988
-3607
-3389
-3220
-2937
-2470
-2120
-1981
-1748
-1348
-902
-604
-211
54
360
823
1440
1770
1983
2411
2964
3562
3962
4247
4471
4953
5760
6227
6323
6288
6846
7458
7907
7947
8050
8183
8643
9093
9452
9333
9109
9310
9716
10229
10208
10092
9961
10168
10240
10215
10069
9744
9603
9623
9646
9433
9017
8588
8056
7736
7275
7140
6742
6533
5975
5723
5339
5291
5023
4694
4277
4100
4421
4615
4525
3748
3379
3475
3937
3911
3432
2859
2615
2953
3127
2657
1700
1031
1004
1152
888
-174
-1277
-1922
-2187
-2608
-3526
-4739
-5840
-6329
-6792
-7488
-8686
-9814
-10644
-10965
-11301
-11953
-12770
-13453
-13551
-13547
-13652
-14029
-14255
-14225
-13806
-13336
-13106
-13008
-12696
-12028
-11389
-10815
-10279
-9645
-9007
-8306
-7577
-6920
-6314
-5800
-5282
-4721
-4136
-3581
-3165
-2883
-2627
-2204
-1712
-1304
-1122
-1074
-785
-329
11
107
199
377
871
1276
1472
1542
1807
2210
2458
2527
2821
3359
3593
3563
3705
4395
4850
4893
4772
5131
5793
6321
6420
6202
6342
6824
7478
7727
7621
7447
7574
7939
8376
8427
7819
7388
7391
7720
7960
7827
6889
6082
6235
6718
6667
5734
4924
4543
5056
4980
4542
3461
3143
3299
3736
3552
3083
2826
2771
3174
3347
3339
2900
3178
3320
3561
3396
3279
2923
2769
2626
2339
2176
1776
1542
1096
749
-123
-773
-1704
-2230
-2771
-3380
-4494
-5295
-5887
-6665
-7484
-8405
-9273
-10040
-10270
-10700
-11256
-11984
-12398
-12661
-12703
-12987
-13275
-13369
-13175
-12757
-12476
-12348
-12212
-11723
-11284
-10657
-10125
-9613
-9214
-8423
-7719
-7204
-6753
-6302
-5828
-5301
-4591
-4127
-3669
-3403
-3037
-2713
-2307
-2083
-1853
-1614
-1254
-739
-482
-386
-285
54
310
690
886
1079
1426
1987
2147
2243
2424
2770
3076
3374
3676
3893
4104
4290
4767
4977
5122
5257
5683
6022
6559
6834
6979
7001
7136
7297
7498
7956
8007
7847
7663
8006
8400
8639
8150
7527
7497
7967
8321
8134
7389
6815
7067
7528
7540
6904
6279
6158
6377
6233
5858
5457
5072
4829
4824
4688
4435
4041
3975
3816
3579
3389
3424
3438
3194
2736
2277
2480
2744
2445
1708
1318
1402
1639
1569
815
-120
-550
-284
-63
-670
-1824
-2692
-2516
-2287
-2569
-3675
-4801
-5373
-5181
-5100
-5835
-6874
-7775
-7893
-7640
-7610
-8512
-9401
-9616
-9254
-8924
-9139
-9682
-10054
-9727
-9252
-8960
-9073
-9220
-9065
-8462
-7909
-7701
-7583
-7369
-6906
-6266
-5865
-5688
-5439
-5031
-4651
-4191
-3929
-3705
-3341
-2917
-2635
-2404
-2096
-1773
-1376
-1180
-1010
-640
-100
222
466
654
854
1217
1713
2026
2267
2488
2678
3150
3709
4019
3935
3957
4318
5025
5424
5435
5413
5722
6094
6448
6670
6566
6530
6749
7063
7197
7282
7135
6983
7125
7241
7354
7281
7170
7010
7034
6996
6718
6395
6226
6131
5793
5482
5361
5199
4690
4186
3777
3704
3597
3509
3019
2609
2349
2290
2186
1858
1468
1125
1295
1526
1495
932
668
684
827
739
595
607
385
220
91
103
-391
-664
-910
-989
-1202
-1465
-1797
-2044
-2348
-2901
-3292
-3600
-3851
-4253
-4605
-5099
-5443
-5777
-6122
-6533
-6968
-7327
-7531
-7586
-7752
-8011
-8351
-8540
-8524
-8424
-8529
-8620
-8567
-8417
-8208
-7915
-7743
-7736
-7573
-7183
-6697
-6397
-6137
-5928
-5468
-4925
-4395
-4124
-3921
-3524
-2876
-2298
-1996
-1617
-1240
-806
-371
23
237
592
1044
1547
1936
2343
2568
2816
3110
3510
3813
3936
4028
4196
4616
4934
4982
4768
4847
5140
5417
5532
5664
5710
5625
5746
6074
6271
6042
5916
6029
6547
6975
6871
6426
6287
6571
6700
6544
6308
6056
5904
5908
6103
5857
5262
4803
4820
4987
4710
4322
3788
3524
3283
3365
3102
2681
2276
2125
2152
2096
1956
1415
1169
945
1137
977
729
398
339
201
41
-122
-551
-832
-1051
-1132
-1496
-1742
-2174
-2495
-2958
-3294
-3711
-4163
-4565
-4874
-5246
-5764
-6185
-6579
-6971
-7366
-7707
-8085
-8355
-8476
-8622
-8946
-9247
-9450
-9445
-9444
-9469
-9510
-9483
-9387
-9134
-8904
-8872
-8718
-8464
-8085
-7698
-7303
-7087
-6745
-6298
-5904
-5581
-5171
-4682
-4288
-3836
-3387
-2888
-2517
-2122
-1707
-1285
-932
-534
-74
267
671
1010
1394
1730
2145
2469
2880
3300
3664
3928
4202
4527
4838
5221
5539
5718
5767
6079
6419
6757
6808
6767
6847
7163
7399
7471
7442
7293
7317
7461
7799
7770
7528
7112
7231
7583
7708
7378
6842
6656
6752
6950
6647
6322
5939
5751
5686
5634
5433
5042
4742
4394
4399
4239
4087
3636
3365
3054
2939
2819
2555
2273
2050
1812
1468
1365
1230
924
543
351
232
88
-151
-417
-670
-960
-1154
-1326
-1585
-1960
-2208
-2385
-2486
-2779
-3192
-3576
-3741
-3933
-4179
-4500
-4814
-5037
-5216
-5396
-5680
-5977
-6255
-6356
-6462
-6580
-6813
-7007
-7103
-7081
-7049
-7106
-7199
-7233
-7104
-6979
-6831
-6812
-6715
-6571
-6306
-6131
-5957
-5826
-5577
-5259
-4991
-4741
-4439
-4075
-3755
-3429
-3174
-2840
-2420
-2004
-1771
-1520
-1168
-708
-332
-79
105
399
854
1315
1650
1774
1972
2325
2801
3033
3135
3255
3547
3922
4231
4321
4276
4453
4666
4833
4889
4864
4807
5017
5223
5223
5088
5083
5148
5248
5280
5256
5218
5137
5128
5105
5025
4883
4783
4685
4653
4686
4661
4583
4503
4368
4201
4149
4185
4213
4060
3823
3620
3596
3468
3175
2922
2739
2521
2296
2168
1905
1637
1270
1051
870
694
322
34
-190
-385
-592
-892
-1133
-1397
-1607
-1894
-2019
-2285
-2531
-2822
-2956
-3182
-3381
-3634
-3838
-3954
-4085
-4265
-4545
-4704
-4828
-4877
-5069
-5246
-5440
-5479
-5538
-5589
-5764
-5927
-5938
-5805
-5721
-5822
-5943
-5951
-5752
-5596
-5514
-5581
-5515
-5344
-5035
-4805
-4698
-4646
-4436
-4115
-3826
-3629
-3569
-3386
-3125
-2792
-2588
-2370
-2177
-1919
-1661
-1361
-1128
-932
-712
-434
-168
63
307
564
899
1171
1392
1606
1906
2174
2444
2607
2715
2865
3106
3207
3277
3262
3360
3551
3737
3679
3649
3694
3817
3987
3873
3742
3745
4019
4148
4085
3812
3780
3953
4088
4087
3873
3812
3957
4191
4166
4001
3792
3812
3875
3911
3863
3680
3480
3557
3661
3550
3252
3028
2957
2996
3018
2768
2496
2295
2357
2196
1933
1595
1467
1392
1210
993
714
528
266
164
-95
-287
-520
-622
-779
-883
-1102
-1342
-1497
-1564
-1646
-1846
-2016
-2125
-2120
-2204
-2302
-2475
-2561
-2589
-2568
-2679
-2807
-2868
-2892
-2893
-2931
-2985
-3114
-3157
-3144
-3082
-3110
-3165
-3183
-3091
-2991
-2941
-2935
-2907
-2826
-2651
-2530
-2502
-2507
-2423
-2234
-2009
-1881
-1886
-1784
-1541
-1237
-1096
-1047
-1029
-798
-437
-153
-84
-93
83
394
661
709
745
871
1096
1320
1493
1587
1611
1683
1779
1961
2085
2127
2167
2307
2405
2426
2545
2591
2504
2404
2531
2719
2818
2719
2524
2476
2589
2716
2637
2413
2240
2311
2407
2337
2140
1911
1789
1794
1783
1635
1478
1322
1223
1148
1049
872
686
548
536
451
228
64
18
-77
-282
-466
-601
-596
-592
-665
-865
-1049
-1161
-1156
-1153
-1306
-1533
-1676
-1615
-1502
-1490
-1762
-2033
-2040
-1840
-1739
-1851
-2124
-2309
-2247
-2072
-2101
-2316
-2544
-2548
-2351
-2179
-2274
-2517
-2644
-2571
-2356
-2299
-2447
-2587
-2547
-2378
-2237
-2267
-2412
-2462
-2370
-2202
-2105
-2126
-2214
-2174
-2010
-1865
-1837
-1854
-1799
-1674
-1561
-1494
-1411
-1322
-1232
-1260
-1241
-1115
-942
-862
-867
-876
-797
-599
-482
-452
-526
-497
-339
-114
-51
-99
-155
-46
170
309
329
236
268
493
768
850
755
662
777
1001
1130
1042
994
1065
1163
1214
1167
1099
1071
1075
1088
1128
1109
1058
993
925
874
878
854
788
778
751
730
697
723
690
670
627
601
630
701
721
675
669
690
741
735
679
636
681
717
693
655
634
557
508
496
533
522
454
370
411
469
440
330
233
229
283
335
251
154
124
201
244
145
-14
-68
43
144
106
-34
-140
-36
120
143
-5
-113
-52
150
314
261
113
70
213
347
366
228
114
158
328
425
365
226
136
255
465
516
411
266
302
505
620
476
271
265
422
602
547
379
279
420
508
534
420
336
380
561
615
502
410
370
373
427
459
332
217
227
393
505
421
244
238
373
499
490
384
354
477
606
585
486
426
464
538
649
620
534
493
570
626
618
525
421
405
457
488
388
287
272
322
288
153
37
48
50
35
-42
-143
-176
-108
-96
-199
-280
-295
-235
-196
-278
-384
-391
-368
-337
-365
-437
-493
-472
-457
-434
-460
-547
-607
-552
-489
-513
-571
-632
-608
-559
-558
-637
-705
-666
-614
-628
-669
-676
-689
-646
-608
-577
-593
-596
-519
-453
-475
-522
-496
-458
-396
-398
-415
-442
-393
-401
-476
-525
-494
-440
-462
-485
-520
-491
-419
-380
-467
-570
-585
-476
-395
-479
-622
-578
-473
-392
-445
-614
-744
-653
-487
-485
-587
-728
-744
-640
-562
-666
-815
-861
-759
-600
-566
-636
-706
-678
-620
-550
-548
-556
-529
-461
-382
-317
-307
-320
-316
-281
-277
-288
-282
-204
-126
-108
-151
-191
-113
-48
-41
-44
-78
29
177
295
268
114
147
317
506
524
405
394
519
734
816
728
609
630
823
990
969
815
757
890
1069
1140
1027
877
868
1016
1154
1179
1049
932
970
1112
1194
1109
949
898
1036
1153
1101
919
781
821
931
954
848
756
774
859
936
850
721
637
683
749
761
715
656
623
598
615
575
514
462
462
484
502
464
359
305
301
314
282
232
196
208
181
121
82
46
24
10
-13
-76
-92
-86
-66
-106
-164
-232
-235
-204
-206
-264
-321
-286
-237
-229
-281
-278
-263
-198
-201
-197
-173
-119
-103
-138
-119
-51
46
45
30
49
132
160
172
143
105
143
229
281
214
102
31
79
162
152
24
-69
-38
67
84
-10
-136
-149
-87
-20
-43
-128
-129
-38
39
15
-58
-79
6
99
137
97
70
93
144
129
56
0
-15
1
-34
-43
-99
-169
-215
-219
-242
-254
-241
-264
-272
-249
-227
-275
-311
-318
-293
-331
-370
-361
-344
-363
-388
-398
-405
-377
-370
-393
-443
-459
-441
-422
-436
-485
-536
-556
-520
-520
-558
-620
-627
-609
-574
-587
-652
-683
-627
-546
-535
-556
-567
-533
-490
-448
-477
-491
-481
-413
-357
-361
-394
-413
-355
-309
-285
-329
-347
-289
-195
-173
-208
-224
-221
-162
-106
-90
-125
-165
-149
-84
-27
-64
-94
-79
2
79
110
112
113
132
158
210
257
291
288
294
351
404
426
425
417
457
505
551
581
613
620
602
575
592
624
618
569
552
584
586
575
513
475
454
428
396
379
349
296
247
209
190
140
98
73
83
41
-57
-148
-186
-175
-204
-313
-433
-440
-397
-395
-486
-576
-597
-570
-539
-564
-593
-622
-634
-604
-540
-508
-558
-650
-671
-598
-525
-523
-575
-618
-580
-511
-473
-501
-565
-579
-509
-405
-388
-433
-478
-414
-304
-253
-313
-394
-375
-272
-182
-170
-235
-277
-228
-116
-60
-87
-126
-107
-24
51
77
41
35
53
127
191
203
176
127
151
225
247
182
101
97
147
164
122
73
50
61
81
94
78
63
73
115
125
111
79
76
111
92
140
-58
-81
-167
-94
58
86
136
-16
43
146
242
233
255
283
336
408
478
430
349
398
422
507
426
351
243
273
307
276
171
91
104
164
187
115
68
51
84
102
107
31
-20
-16
67
107
99
60
49
144
212
205
153
167
226
249
231
188
169
187
210
192
139
77
42
46
64
17
-87
-176
-204
-168
-193
-273
-343
-339
-307
-296
-354
-406
-422
-375
-314
-311
-337
-339
-287
-236
-204
-233
-259
-241
-203
-208
-248
-278
-321
-300
-277
-296
-368
-422
-420
-394
-389
-420
-453
-466
-428
-420
-445
-466
-466
-438
-442
-445
-436
-419
-391
-385
-382
-392
-398
-374
-358
-346
-338
-309
-276
-240
-201
-218
-233
-215
-177
-162
-162
-153
-126
-86
-56
-41
-48
-32
6
61
99
116
137
150
180
196
228
241
244
249
253
251
246
239
218
187
178
226
268
288
241
201
189
205
205
176
164
160
171
183
162
116
69
24
22
21
24
31
55
58
52
45
19
-8
-19
-10
7
41
57
48
24
-5
-41
-64
-63
-44
-38
-36
-34
-42
-62
-82
-117
-130
-133
-107
-94
-102
-123
-146
-174
-203
-237
-265
-272
-274
-256
-249
-241
-262
-275
-281
-284
-299
-308
-307
-297
-292
-314
-345
-367
-371
-369
-384
-419
-420
-400
-373
-361
-390
-407
-398
-346
-332
-345
-370
-347
-286
-244
-210
-203
-180
-143
-97
-71
-67
-77
-34
32
92
101
72
67
105
140
152
144
146
185
213
214
197
200
229
281
313
304
304
351
421
461
454
415
440
519
570
559
502
458
487
541
535
485
464
482
508
507
443
386
375
403
412
370
307
264
254
239
177
100
66
86
120
100
50
5
3
25
43
28
-16
-15
5
16
-6
-47
-69
-58
-36
-50
-82
-103
-76
-47
-52
-101
-131
-125
-99
-78
-91
-112
-117
-105
-99
-127
-158
-161
-122
-72
-73
-104
-129
-116
-88
-81
-92
-96
-72
-37
-21
-63
-100
-122
-107
-81
-73
-87
-88
-80
-73
-100
-131
-151
-128
-84
-49
-14
-15
-21
-44
-48
-46
-28
-20
4
33
42
31
-3
-24
-32
-2
33
70
99
115
130
141
155
146
146
172
224
259
281
275
259
256
237
231
219
252
287
313
323
310
300
295
296
292
296
305
338
374
375
358
336
317
316
319
324
350
399
453
471
446
402
384
386
397
392
395
415
419
417
385
331
296
289
316
345
348
341
346
357
328
270
221
217
246
267
247
202
167
140
109
58
18
10
25
49
53
1
-39
-61
-84
-121
-160
-188
-206
-213
-229
-265
-326
-370
-372
-359
-347
-367
-388
-384
-354
-350
-370
-384
-388
-382
-370
-382
-412
-425
-429
-428
-425
-411
-424
-427
-416
-420
-419
-407
-389
-375
-366
-347
-337
-322
-301
-301
-284
-257
-236
-215
-200
-177
-135
-106
-98
-100
-99
-69
-41
-32
-22
-16
-2
9
-3
0
9
34
59
87
106
127
138
142
136
138
136
146
160
163
183
202
224
224
228
226
234
254
278
293
293
305
304
300
293
277
273
273
281
287
283
286
296
296
297
287
282
286
286
278
277
286
295
292
274
255
250
258
256
250
244
223
210
194
171
150
135
124
113
92
65
42
28
21
7
-1
-21
-47
-56
-64
-79
-118
-150
-162
-151
-147
-169
-193
-205
-200
-199
-200
-204
-205
-195
-172
-164
-190
-212
-230
-235
-229
-235
-230
-219
-206
-197
-195
-199
-198
-196
-194
-194
-189
-171
-150
-146
-150
-163
-176
-173
-166
-153
-156
-146
-136
-124
-115
-111
-110
-103
-102
-100
-83
-65
-42
-35
-23
-19
-13
9
31
37
46
50
58
55
41
32
32
31
28
29
13
5
7
12
14
21
25
37
47
55
66
72
90
110
133
146
139
130
137
156
169
180
178
176
176
177
166
168
178
188
198
192
168
138
100
70
57
28
19
13
-13
-47
-88
-103
-107
-110
-110
-119
-118
-116
-104
-97
-115
-126
-123
-113
-111
-120
-137
-147
-150
-164
-182
-205
-209
-213
-220
-231
-235
-239
-241
-244
-251
-263
-281
-290
-308
-331
-327
-333
-351
-369
-387
-387
-381
-371
-347
-332
-314
-313
-306
-292
-287
-283
-272
-246
-234
-240
-250
-261
-258
-254
-252
-236
-218
-204
-180
-163
-156
-135
-121
-105
-90
-77
-71
-55
-35
-25
-17
-17
-10
11
39
67
85
120
155
169
184
181
176
192
203
215
212
204
212
208
207
201
202
219
239
265
281
283
287
287
281
277
271
265
269
267
257
244
236
235
241
251
261
267
271
270
265
265
250
240
225
216
