-30
-39
-43
-50
-65
-79
-83
-88
-82
-74
-67
-60
-61
-55
-52
-46
-25
-11
-9
-7
-9
-19
-21
-17
-20
-23
-31
-43
-61
-77
-77
-72
-66
-50
-42
-49
-46
-37
-24
-16
-6
5
21
23
19
6
-4
1
-3
1
-3
-10
-27
-34
-39
-38
-33
-20
-20
-23
-27
-26
-21
-11
2
5
5
10
12
10
10
2
-4
-19
-25
-28
-37
-45
-44
-50
-46
-36
-24
-20
-22
-26
-28
-31
-23
-19
-17
-18
-13
-19
-26
-26
-29
-27
-35
-38
-44
-51
-53
-61
-59
-48
-44
-38
-40
-34
-32
-34
-26
-15
-22
-19
-18
-27
-20
-21
-29
-45
-46
-49
-53
-49
-41
-47
-44
-50
-51
-49
-44
-32
-28
-20
-19
-21
-16
-17
-20
-15
-15
-29
-22
-21
-27
-36
-25
-26
-30
-28
-22
-16
-20
-7
-14
-10
1
13
3
12
20
13
5
9
2
-7
-47
-49
-7
-7
-36
-6
-3
-44
-12
15
-37
-42
16
-10
-6
24
-25
-48
-26
-73
-91
-46
-73
-98
-56
-57
-87
-30
-26
-61
8
45
-2
45
86
27
44
87
21
7
63
2
-42
-8
-63
-111
-64
-78
-119
-62
-59
-119
-82
-53
-103
-66
-30
-143
-94
14
-80
-106
36
-11
-93
30
37
-48
70
176
67
169
194
206
167
347
96
302
-417
-2270
-3452
-3312
-3089
-2860
-1850
-1500
-781
-656
-700
-663
557
748
1308
1956
2382
1095
862
740
-417
-1705
-1161
-1035
-1367
-988
-1955
-2548
-3564
-3546
-3623
-1655
-1504
-1690
-1600
-822
-620
692
2190
1917
1424
1507
1326
1528
2882
2309
2384
2336
2774
1186
234
-2351
-5726
-6293
-5686
-5664
-5873
-4863
-4359
-3603
-2053
-937
-31
1524
3053
4428
4602
4054
3869
3909
2744
2646
2559
1052
-1037
-1329
-2923
-3062
-2874
-2165
-3126
-1465
-285
696
936
2018
2511
5095
6351
5639
5286
5175
4577
5195
5494
3093
2466
2319
2225
2207
2960
619
1656
3450
4149
4508
5924
4632
5331
7447
7651
6654
5879
4449
5474
8035
6229
4993
5456
3896
3312
6663
5995
3496
4056
4496
4043
5307
4170
4797
6645
6285
5363
7459
5855
3896
4801
3177
-44
-203
-387
-3962
-6920
-8908
-8327
-8070
-9001
-9674
-8597
-9466
-8904
-6173
-6116
-6904
-4715
-2930
-3518
-2817
-3573
-4912
-4615
-4150
-6440
-7656
-9011
-10821
-12023
-13296
-15215
-17269
-17915
-17033
-16185
-17818
-17081
-14879
-13464
-13316
-10102
-7921
-6590
-5211
-2386
-1789
-1149
-1860
-2178
-2293
-1789
-3319
-2886
-2902
-3852
-3365
-2996
-2374
-2036
333
997
2455
4229
6539
7543
10796
11069
12422
14139
16330
16667
17268
17521
16370
17953
18548
16800
15348
17195
19036
20644
23462
22622
21314
22287
26275
27557
26672
20308
11653
2137
-3479
-6617
-7873
-10044
-13701
-15572
-17069
-18587
-20758
-18771
-14787
-8679
-3178
2133
4052
4960
6016
7464
7311
5676
4372
2702
750
-2904
-7567
-13267
-17281
-19943
-21030
-21632
-21564
-20538
-18042
-14873
-12485
-10229
-7943
-4338
-952
2147
3277
4191
3135
1643
437
-2959
-7279
-8603
-9649
-10811
-13725
-21883
-24340
-22415
-19552
-18361
-15167
-14408
-12195
-7030
-3357
-2288
-722
1526
4253
6925
6311
4120
2882
1880
352
808
-2030
-4143
-3772
-1255
-1573
-362
143
1870
5349
9861
12182
15921
17605
20141
23834
25375
23816
24482
26087
27779
27670
25387
23140
23697
25784
24761
23644
21558
22089
23355
24787
23553
23127
16008
967
-8920
-6586
-7078
-11636
-10401
-9638
-15565
-18865
-15383
-15656
-17289
-12288
-2934
2217
3090
3104
3546
3180
2534
2798
1888
-991
-3312
-4219
-7485
-12829
-17709
-20578
-21136
-20278
-19986
-19201
-16728
-14368
-12193
-9703
-8162
-7289
-4315
-735
974
441
-116
-3402
-6757
-7789
-11517
-16887
-19298
-20984
-25432
-24585
-23100
-23875
-22375
-18113
-16662
-13048
-8212
-5970
-2909
1751
2766
2901
4376
3606
2211
1745
543
-1643
-2249
-3587
-4412
-2865
-2466
-1148
1980
5398
8210
12048
16511
20418
21810
24057
26373
28396
30150
29377
28758
24995
27781
28105
25469
20831
23533
23664
23554
24946
24208
24320
25578
26447
26249
30318
23560
10485
-88
-758
-3913
-9529
-13374
-13082
-14889
-21702
-22508
-19634
-21301
-23261
-11797
-2369
-2447
-2932
2898
4445
2680
3601
4626
2251
-846
-1284
-3291
-9072
-16176
-19453
-21000
-22596
-24104
-23760
-22366
-20183
-17681
-15481
-13339
-11439
-8090
-4150
-459
-397
-465
-3106
-4287
-8204
-16079
-21373
-21130
-24240
-29533
-28062
-28661
-30099
-27752
-22900
-21769
-17301
-11479
-6336
-2352
1017
2305
4234
5859
5177
4313
3860
1785
-141
-238
-1588
-3732
-1986
-930
2000
5095
9364
10914
15478
19022
21516
25785
26603
27454
27153
28839
28447
30003
28095
29301
27663
25542
22588
20376
15663
14912
19678
19774
20061
18974
20796
20034
24481
26084
30917
32767
32421
27173
23541
17214
5541
-5311
-9805
-9555
-13567
-20535
-30628
-32768
-32666
-27181
-24568
-22251
-18864
-11520
-3232
1906
3241
3138
5962
8601
10502
7520
2409
-2936
-4760
-9448
-15632
-22435
-26687
-28645
-28135
-28869
-29602
-28452
-26029
-21945
-16619
-15716
-16499
-14963
-12377
-12524
-13511
-13418
-15453
-15305
-15967
-17025
-20518
-20754
-20392
-18163
-16000
-15896
-15303
-13037
-9145
-7626
-5666
-4557
-2205
465
3650
4189
3862
4844
6560
9434
11326
12239
11345
14042
15667
17521
17569
17642
17368
19092
21689
22783
21634
19795
19898
18924
19064
18983
20243
21450
24615
26792
28256
26945
25333
24623
27622
31838
32689
32767
32730
32767
32693
32767
32567
32767
23237
-1459
-15364
-14233
-10364
-14674
-23731
-30017
-32768
-32552
-32768
-32632
-32757
-22610
-5803
2261
3474
3106
3471
5860
9053
8062
3773
838
-1127
-5888
-13031
-23703
-32076
-32768
-32710
-32768
-32677
-32768
-31251
-25858
-21256
-18655
-15216
-10322
-4796
846
4769
4297
672
189
-1928
-6833
-13451
-17293
-22652
-26566
-27318
-29853
-31766
-32768
-32768
-28806
-21776
-17050
-12459
-7719
-4349
-833
2729
4280
4937
5294
6071
4997
4887
2914
2293
1773
2540
3443
5758
7347
8742
12735
15130
16015
18107
21147
21506
22723
24604
24611
24043
25673
29601
29298
26950
23477
23050
25581
26539
25524
25615
26626
25581
28226
27032
26420
25425
28462
27450
30899
32767
32373
32767
32701
32649
32767
13903
-15335
-19819
-5576
-3165
-18819
-24909
-30997
-32768
-32715
-32610
-32768
-30982
-16808
-2870
1656
-1520
-5078
-2376
5545
4859
1666
-1434
-3749
-6519
-8262
-16830
-29768
-32768
-32640
-32768
-32686
-32768
-32543
-28593
-22809
-20875
-19982
-17341
-12575
-6279
-3149
-6561
-9480
-9875
-10549
-12443
-14935
-20302
-24442
-22935
-23320
-27423
-30051
-25624
-22043
-17790
-15943
-13869
-11905
-6577
-2942
-874
-275
360
1958
4679
5404
3477
3852
6805
8838
9894
11183
11587
12529
16831
19354
18457
17171
17188
17418
19161
20769
18811
18339
18531
20838
25147
26822
21879
20450
26673
31445
32767
32457
32308
31760
32383
32767
32767
31971
28895
30819
30826
29394
27626
32174
32718
32767
32425
32670
8665
-22333
-19777
-4909
-4258
-17370
-19922
-23920
-30675
-31313
-29192
-32439
-31070
-17179
-3318
-348
-5509
-9321
-6071
-1205
-3626
-6258
-7252
-9418
-11441
-12216
-20120
-30555
-32768
-32218
-30875
-31186
-32535
-30908
-25044
-21496
-21028
-21121
-17676
-12830
-7987
-8299
-12759
-17407
-14279
-13565
-15981
-19841
-21278
-24334
-23777
-23032
-26582
-29131
-24891
-17779
-13923
-12289
-14436
-12113
-6712
-2346
-2544
-405
447
2325
5216
7142
4569
5185
8516
11351
11904
12681
12671
15104
18787
19643
19666
18765
18938
17290
18771
17849
17556
17241
19514
20719
22998
26569
26007
27887
29143
30834
31931
32645
32748
32767
32714
32767
32508
27603
29059
26326
28202
26500
25657
24977
26626
29878
31645
32202
23563
19821
4578
-15108
-15658
316
-9659
-20259
-17026
-23367
-32445
-29945
-25478
-29999
-25428
-15605
-9165
-7968
-9067
-11957
-8979
-7438
-9113
-8339
-8965
-14080
-16758
-18094
-23199
-28725
-30450
-30741
-32356
-32768
-32082
-28753
-27429
-25994
-23135
-20598
-17921
-18727
-19779
-18087
-14114
-16441
-17985
-17734
-20113
-22388
-21221
-22693
-26408
-22650
-19462
-17710
-17502
-15868
-15524
-10807
-8781
-6995
-4598
-1596
-1171
2234
4886
4590
6510
8232
10600
11240
13659
14363
16530
16524
17230
18198
19664
20473
20950
20686
19863
19827
21768
20710
20788
21020
22398
25587
25176
24702
25190
31468
32100
32767
31438
32767
32439
32767
32206
32767
28868
25400
29493
25451
26807
28570
32718
32306
32597
32767
30705
18904
-622
-16962
-9673
-4237
-12213
-13495
-18334
-30366
-32768
-29259
-31943
-32561
-23673
-14410
-7827
-5081
-8584
-9425
-7473
-7319
-7225
-5344
-9640
-13237
-14518
-18586
-25532
-31216
-32414
-32768
-32339
-32533
-32216
-29078
-28174
-26836
-22626
-20664
-22286
-20752
-16290
-14889
-15828
-17731
-18802
-22876
-24946
-24709
-21619
-22884
-21738
-21577
-21369
-19856
-17583
-16348
-14973
-10610
-8490
-4874
-3699
-2040
-1989
1820
2825
5310
6386
8199
10320
12642
13220
12782
15278
16102
15164
14663
17697
16326
18892
21021
21167
18908
22626
24356
22115
24385
27105
26076
28079
29525
25590
23843
28946
31908
31250
31077
30420
32497
32767
32084
31506
32767
28241
29547
32284
32767
32316
32767
32273
32767
31251
30241
-3031
-32519
-32758
-13429
-12524
-17697
-12264
-28417
-32768
-25328
-19322
-32768
-18676
-1653
4319
8399
5541
-11557
-12359
-2954
-6716
-8390
-9876
-21429
-25813
-20477
-30451
-32768
-32768
-32627
-32768
-28273
-28589
-30997
-24131
-17900
-17188
-15139
-16258
-20208
-14951
-12252
-16998
-24287
-27328
-28642
-24805
-27443
-32347
-32768
-27821
-21641
-17924
-18440
-19727
-15713
-9168
-5413
-5814
-6331
-4311
-112
2429
612
-1490
-525
3716
7682
8188
7540
7681
11838
17307
20389
17662
18096
19928
22494
23604
23703
21458
20468
22309
22072
21923
22468
21531
22340
28309
28801
29928
30858
32493
32767
32629
32767
32483
32767
32084
32767
31721
32206
30014
30643
25328
25097
32585
32280
32767
32767
30577
26573
22134
4034
-16062
-12437
-4131
-13582
-11859
-17222
-30640
-32768
-24085
-29449
-29897
-18517
-15098
-11372
-6235
-10187
-17651
-12182
-10839
-12543
-11392
-14294
-19894
-19840
-20870
-28900
-31185
-31499
-31901
-30410
-28755
-31021
-29332
-27187
-25258
-23772
-23478
-25930
-26203
-22499
-20616
-20772
-22966
-22957
-24680
-24731
-25658
-23356
-24811
-22148
-19605
-17264
-19014
-18580
-16604
-15038
-11682
-10326
-8094
-6735
-4260
-2455
1007
956
2091
6484
10225
11601
12773
14760
15013
18377
20872
21488
22331
23037
23585
23826
22615
18357
19481
20845
23086
23687
24562
24248
23782
25880
27565
31903
32767
31692
30446
30686
32089
32767
32754
32703
32767
32510
32440
30130
28576
31691
31264
32767
32068
32767
31846
32767
23010
-3246
-18941
-13691
-776
-12932
-14165
-22561
-31215
-32768
-28237
-30555
-32768
-20724
-9117
-4746
-5195
-9587
-15031
-9894
-7884
-10576
-9536
-11586
-17619
-17526
-20694
-31129
-32768
-32184
-32631
-32472
-31979
-31509
-31769
-26512
-23405
-24346
-24333
-23783
-22196
-20518
-18942
-20710
-21783
-22160
-22713
-24882
-28068
-28441
-25696
-23159
-22482
-22560
-22765
-20421
-16732
-15434
-15767
-13562
-9742
-6368
-4140
-3122
-2393
-195
3806
6685
7227
8249
11987
14563
15793
17651
18079
17851
18645
20231
19532
20513
21917
23492
23183
21834
22444
23301
26124
28644
29730
28916
29372
29887
31980
32767
32767
32619
32767
32456
32767
32061
29361
26563
28543
32767
30516
29492
27793
31901
32767
32206
32767
28200
28322
27115
7965
-9129
-11310
-8055
-12224
-13042
-18560
-28693
-32551
-27077
-24930
-26805
-24291
-18177
-11373
-6558
-8490
-13707
-13017
-10884
-10964
-11767
-13832
-20231
-21810
-21471
-25756
-31573
-31196
-30697
-31060
-29306
-30146
-30700
-27190
-22282
-22900
-22135
-21859
-21785
-22927
-20991
-21263
-21889
-21879
-22819
-23099
-25851
-26676
-27881
-24659
-23377
-21312
-20180
-19276
-18238
-17130
-15624
-15198
-12755
-9560
-5639
-2905
-2008
-1693
424
4195
6999
9098
11555
13391
15345
16438
17486
17713
18459
21085
23794
25484
23718
24118
25856
25593
24379
22701
23279
22996
21995
23527
26965
27838
30686
32374
31103
32510
32767
32767
32729
32767
32636
32767
31712
30912
28016
28915
32390
32291
32767
32273
32767
32154
32767
28149
11657
-7416
-15421
-5203
-5967
-13377
-16358
-20142
-30968
-30949
-29273
-31083
-25376
-13588
-8884
-7712
-7773
-12325
-13786
-10146
-8924
-10699
-10673
-13578
-16956
-20877
-25807
-31248
-31474
-31786
-31360
-28963
-29232
-29913
-28286
-24712
-24119
-21059
-21291
-19510
-18871
-20274
-23515
-21555
-22485
-23721
-22588
-24725
-26927
-27135
-26673
-29515
-26020
-23492
-20616
-16718
-15942
-16517
-15335
-11148
-10457
-7386
-6127
-4829
-1877
401
1547
907
2971
4445
10032
11693
14006
14571
15900
17952
20041
21728
23644
26937
26051
26340
27483
27213
24358
24470
22962
21024
22682
27271
28063
26625
28198
29195
30879
32767
32719
32767
32719
32767
32719
32767
32640
28450
28279
31731
32767
31793
32570
32767
32631
32767
32549
30894
19609
-2202
-16815
-7088
-4687
-14649
-15126
-17913
-29566
-31571
-26820
-29717
-29707
-18536
-9090
-5868
-6242
-10616
-12826
-10194
-8719
-9782
-8462
-12115
-18768
-21352
-25908
-32388
-32728
-31689
-32154
-32167
-30176
-29478
-30946
-25883
-22093
-20201
-19438
-18038
-16234
-16075
-18814
-23636
-22438
-22929
-22882
-22668
-23504
-29021
-31368
-28108
-26752
-26709
-24394
-19478
-16349
-15189
-14258
-15380
-14071
-10564
-6134
-3844
-4401
-4316
-3117
1210
1591
2803
4208
6800
9611
13060
16483
15213
16733
17901
22427
23823
23637
21758
23142
25264
25302
24009
22313
23018
23898
26247
25170
25891
26235
30655
32121
30083
26997
29395
32767
32702
32675
32767
30743
26492
31510
31091
29752
30136
32748
32732
32767
32752
32767
32609
28776
27085
9323
-9973
-16788
-3592
-11110
-19755
-19806
-29961
-32768
-28376
-23178
-32547
-25813
-13428
-6797
-4535
-5693
-12474
-12916
-5992
-5891
-6954
-10046
-16986
-21389
-20124
-28173
-32768
-32519
-32748
-31852
-29455
-30861
-31870
-28775
-23163
-20656
-17650
-17663
-17103
-12757
-12232
-16578
-21173
-19774
-21308
-20300
-23511
-24896
-27897
-27167
-26203
-24229
-24103
-24995
-20117
-16023
-13774
-13179
-11739
-11988
-9763
-6215
-5250
-3870
-3462
-907
1132
3399
2560
4271
7249
8823
11802
14544
15325
15795
18946
20263
20141
23049
24261
23893
26069
27318
26021
25842
26935
24916
26461
27597
27041
26679
29031
29804
30094
31904
31997
31705
32767
32631
32767
32691
32767
32694
32767
31669
32202
32767
32580
32767
32527
32767
32371
32596
18487
-3773
-16495
-7090
-3418
-14186
-17738
-22558
-29870
-31097
-25662
-30550
-30482
-18777
-6599
-2622
-5935
-10957
-13476
-9019
-6461
-5919
-9430
-12909
-16673
-19383
-23924
-30877
-32768
-32768
-30999
-28759
-29823
-30641
-29421
-26797
-22895
-19270
-18624
-16050
-12655
-11354
-12919
-15844
-19308
-22004
-20194
-20054
-22309
-25829
-27123
-26229
-26694
-26429
-26424
-23233
-19926
-17212
-15563
-15791
-14004
-11877
-8846
-8886
-8040
-6921
-5424
-3245
-2330
-2532
-1083
2153
3905
5432
7313
8553
11106
15023
16689
18189
19605
21551
22408
25631
27073
27021
26732
26947
25858
23913
25251
25181
24597
22153
26609
29248
29266
28267
28616
28676
29673
32767
32473
32767
31486
32371
30420
31580
29371
28860
32767
32530
32767
32595
32767
32626
29661
16856
-6331
-12120
-5272
-4407
-13946
-16364
-25278
-32768
-29853
-28981
-32257
-31024
-17398
-11140
-6925
-8365
-14252
-14845
-8499
-5154
-6535
-6469
-10420
-15387
-16993
-20848
-29562
-32768
-30121
-28823
-28682
-29738
-32714
-31538
-27366
-24796
-22957
-19386
-16163
-13339
-10337
-11282
-14634
-15784
-15994
-16366
-16675
-18266
-21243
-23225
-22820
-24962
-25075
-24710
-21870
-20103
-16987
-15837
-15537
-14075
-12230
-10341
-8702
-6010
-5333
-4431
-4220
-3186
-3397
-1522
1318
4295
5592
7154
9306
10347
13875
15313
17015
19021
21214
22284
21543
23460
23430
25506
28083
29151
27447
25881
27421
26792
28180
27789
27965
25980
28039
30269
29111
30109
29582
32566
32621
32767
30558
28534
27032
26251
30104
31727
30030
30702
32767
32426
32767
32144
26577
6611
-7617
-4229
786
-7168
-15691
-14973
-24927
-32549
-32285
-30203
-32768
-29219
-16021
-11826
-12624
-13988
-13277
-13559
-8292
-5275
-5956
-4979
-6349
-9643
-13576
-16734
-24158
-26556
-24159
-24429
-28052
-28658
-29331
-30112
-28614
-25296
-24173
-22198
-17870
-13807
-12503
-12066
-11937
-12840
-13156
-12700
-13220
-14692
-14682
-15361
-16856
-19253
-20243
-20189
-19561
-18158
-17256
-15494
-15687
-15478
-14953
-13197
-11054
-9675
-6364
-5901
-4262
-4197
-2272
-2028
-925
1991
4356
7077
7020
8522
8793
10981
13204
15269
17490
18846
21274
21296
20880
20823
22162
25242
26610
28200
27882
29682
29977
29591
26582
24489
25017
26460
26994
27466
27305
26845
28799
30299
30313
27664
29416
29864
30082
27872
27940
29471
31381
32767
32458
32767
32502
32084
17711
-989
-7461
-3120
-2553
-10163
-11984
-19518
-29389
-32475
-32123
-32516
-32768
-27026
-18027
-16468
-16276
-17414
-20975
-16645
-9360
-7171
-6274
-3774
-3188
-5962
-7675
-12612
-18793
-20894
-17774
-17938
-21380
-23903
-25312
-27910
-29583
-28788
-29325
-28359
-23892
-18861
-18645
-18716
-18158
-16535
-13898
-11057
-10766
-12393
-10376
-8531
-8923
-11852
-12995
-13601
-13164
-11925
-12397
-14228
-15605
-13742
-12584
-13469
-13788
-11512
-8483
-5683
-4139
-3996
-3578
-297
3183
4968
5543
6814
9014
11119
13137
11959
8208
9277
14404
17765
17559
15707
14877
16644
20289
21303
20191
20614
23358
24471
23955
23045
23004
22352
22829
23928
24066
22063
20859
20645
19685
18872
18571
18610
18171
18205
16834
16069
16653
18249
18630
16191
16334
18106
20903
21202
22369
21271
14878
8346
8182
12388
8305
1060
-2592
-454
-1032
-4943
-12038
-20823
-23814
-20262
-16536
-21195
-27072
-29666
-27406
-24949
-23915
-27235
-30739
-27779
-20331
-15949
-17335
-18406
-17926
-15068
-11867
-9215
-9825
-10461
-8225
-5284
-4570
-5901
-6765
-7554
-7749
-7002
-6658
-7273
-8113
-8506
-9844
-11391
-11988
-11857
-12400
-13576
-14214
-14528
-14872
-14156
-14103
-14806
-15622
-14007
-11848
-10481
-10071
-10367
-9552
-8262
-5875
-5674
-5328
-5220
-3737
-1854
-355
343
-513
-569
151
2224
3106
2908
2438
3009
4274
5321
5697
5713
5806
7114
8535
9813
10114
9975
10446
12117
13693
14332
14201
15206
16582
17545
17606
17501
17893
17972
18710
18554
18043
17342
17842
17449
16655
16390
15915
15594
15506
15781
15615
15585
15907
16062
16408
16908
18572
19725
17653
11750
7986
10732
12358
7216
930
23
1967
1348
-1912
-9248
-16371
-17604
-12999
-12242
-17480
-22568
-23305
-21578
-20211
-21312
-25308
-27602
-23754
-17757
-15990
-17777
-18996
-17882
-15551
-12698
-11187
-11245
-10340
-6949
-4082
-3753
-4159
-3955
-3448
-2365
-1270
-993
-1254
-644
-536
-1940
-3829
-4236
-3995
-4430
-5545
-7065
-8389
-8946
-8518
-10098
-12410
-13619
-12049
-11103
-10836
-11744
-12550
-12089
-10155
-8364
-8921
-8741
-7536
-5018
-3877
-3484
-3722
-3120
-1457
257
1268
1082
1749
2889
3801
3835
3704
4211
4862
6201
6497
6712
6742
7613
8071
8317
8794
9659
11030
12021
12579
13428
13515
13879
15021
15734
17297
17646
18267
18863
19999
19311
18796
20713
21547
20903
19726
20738
21798
22526
22799
21795
20573
22643
25543
25892
24260
21813
17441
15343
18459
18951
11925
6404
7524
9962
7700
2904
-4305
-10070
-9142
-5324
-7061
-13287
-17074
-17469
-16700
-16066
-18062
-21934
-22712
-18676
-14872
-14263
-14716
-14687
-14301
-12324
-9418
-7212
-6568
-4798
-2936
-1532
-286
965
1277
312
693
1697
2892
3317
2902
1159
-888
-1332
-1594
-2501
-4603
-6256
-7763
-8066
-8155
-9520
-12745
-15217
-15059
-14012
-13645
-14230
-15184
-15322
-14374
-12691
-12663
-12511
-11759
-9899
-7875
-6484
-5303
-5656
-4780
-4147
-2625
-2206
-1475
-587
-373
242
4
620
495
1076
1114
1235
2155
2864
3379
2549
3075
3966
5150
5931
6247
7248
8177
9210
9515
10380
11293
11886
13221
14492
15656
16251
16811
17298
17319
17229
17012
17584
17557
17419
16876
16982
17415
17645
16982
16657
17507
19082
18819
15992
12593
10931
10830
9430
7527
3613
1515
841
858
-2564
-8266
-12779
-14653
-14073
-14767
-16617
-20471
-22299
-22215
-21775
-22844
-24651
-25000
-24150
-21151
-19049
-17620
-18054
-17459
-16074
-13713
-11732
-9896
-8128
-6713
-4771
-3099
-1600
-1359
-1170
-1106
-419
805
1907
1969
730
-235
-817
-1211
-2196
-3186
-4515
-5287
-5521
-6027
-7351
-8802
-9957
-11118
-11134
-10816
-10359
-10807
-10781
-10673
-10291
-9595
-8671
-7978
-7461
-6102
-4422
-3125
-2315
-1892
-1380
-624
765
2121
2707
3097
3434
4043
4284
4703
5109
4932
5076
5327
6290
6356
6651
6082
5821
5947
7070
8225
8377
8477
8901
10309
11116
11941
12007
12403
13967
16169
17213
16833
17099
18113
19314
19297
19005
18209
18307
19618
20186
19235
17973
18034
18393
18786
18822
18693
19009
19149
18256
16314
14250
12488
10459
8873
7237
5851
3833
2346
-65
-3795
-7151
-9691
-11078
-13012
-14298
-15962
-17368
-18120
-19199
-20424
-21971
-21986
-21509
-20196
-18740
-17978
-16914
-15977
-14676
-13737
-12523
-11166
-9396
-7347
-5653
-4327
-3325
-2682
-2099
-1804
-1598
-1179
-508
-97
-489
-813
-1610
-2615
-3664
-4774
-5799
-6848
-7426
-8041
-8644
-10159
-11528
-12684
-13256
-14197
-14240
-14421
-14281
-14046
-13824
-13672
-13607
-12403
-12161
-11001
-9967
-8537
-7577
-6623
-5542
-5711
-4671
-4007
-2428
-2128
-1811
-1644
-955
-55
-379
-644
-694
-131
458
501
268
202
674
599
841
1635
2073
3191
3993
4339
5027
6094
7554
7558
8360
9710
10666
12190
12757
13718
13789
15265
15929
16336
17354
17318
17434
17510
18359
17981
17745
17784
17974
18430
18367
18755
18496
18576
17826
16506
15551
14800
12683
9773
7893
7413
6742
3809
237
-2266
-3279
-5658
-8337
-10988
-13439
-14710
-15021
-15496
-17979
-19578
-20354
-20088
-19586
-19124
-18934
-18761
-17072
-15528
-14403
-13432
-12058
-10700
-9125
-7074
-5236
-4090
-3071
-1991
-1095
-526
241
1021
1145
1359
1542
1620
1262
832
19
-1266
-1943
-2196
-2853
-3963
-4727
-5429
-6317
-6901
-7472
-8405
-8908
-9176
-9235
-9635
-9081
-8413
-8508
-8432
-8180
-6800
-6408
-5389
-5172
-4469
-3534
-2338
-1223
-1295
-467
-138
763
1588
2141
2418
2053
2887
3183
3645
3491
3374
3679
3504
3686
4039
4799
4576
4384
4681
5662
6620
6330
6079
6631
8418
9465
9509
9601
9930
10911
11977
13294
13668
13781
14555
14816
15637
16621
16517
15525
15512
16182
16589
17156
16525
15906
15910
16164
17183
17411
17347
15599
14950
15489
16407
15225
12317
9728
7881
7905
8200
5442
591
-2307
-1895
-2800
-5774
-9657
-13050
-14606
-14426
-14195
-16928
-19704
-20568
-20273
-19904
-19813
-20138
-20745
-19874
-17772
-16334
-15350
-14511
-13347
-12356
-10605
-8509
-6981
-6030
-5299
-4403
-3281
-1933
-959
-1022
-1400
-1154
-403
-6
-341
-1052
-2248
-2735
-2687
-3193
-4379
-5590
-6115
-6835
-6847
-7390
-8033
-9093
-9354
-9541
-9751
-9539
-9276
-9214
-9723
-9125
-8264
-7381
-7219
-7043
-6798
-5768
-4308
-3490
-3483
-3219
-2449
-1540
-650
-219
-144
99
745
1777
1829
1798
1945
1912
2052
2047
2395
2493
2873
2193
2265
3147
3597
3380
3454
3570
4186
5413
5926
5833
6432
7334
7771
8652
9777
10535
10833
11452
12287
12894
13040
13458
13338
13767
14314
14563
14428
14668
15033
15190
15187
14921
15994
16190
16524
16201
15820
15123
14921
14719
13014
11247
8989
8498
7816
6366
2655
-555
-1449
-2466
-4490
-8087
-10818
-13050
-13447
-13929
-15746
-18369
-19958
-19943
-19623
-19215
-19851
-19834
-19387
-17695
-16316
-15303
-14610
-13643
-11940
-10425
-8452
-7284
-6069
-5335
-4014
-2850
-1935
-1177
-724
-437
-272
240
486
551
70
-596
-1077
-1244
-1650
-2184
-3198
-4232
-4586
-4526
-5092
-5988
-6756
-7248
-7422
-7377
-7711
-8146
-8115
-7848
-7895
-7531
-6942
-6436
-6385
-5959
-5462
-4490
-3397
-2642
-2504
-2527
-1270
-20
616
290
583
1579
2618
2962
3021
2679
2849
3810
4380
4331
3965
4257
4635
4690
4646
4360
4735
5489
5540
5033
5198
6839
6835
6380
6470
7559
8280
8301
9077
9049
9203
10214
10996
11224
11676
12099
12501
13648
13999
13701
13326
13743
14764
15268
14861
14315
15098
15568
15977
15426
15377
14719
14315
14356
13457
11987
9976
8401
6960
6443
4704
1238
-1497
-2274
-3336
-5937
-8905
-11501
-13070
-13740
-14625
-16271
-18055
-18842
-18835
-18635
-18794
-19002
-18926
-18088
-16707
-15414
-14588
-13731
-12401
-11071
-9947
-8625
-7042
-5850
-4784
-3616
-2664
-1827
-914
-433
-405
-262
191
631
825
461
-172
-633
-712
-926
-1631
-2274
-3023
-3136
-3421
-3783
-4620
-5059
-5211
-5694
-5823
-6330
-6230
-6565
-6257
-6305
-6451
-6277
-5614
-4784
-4853
-4826
-4394
-3425
-2219
-1920
-1728
-1385
-281
482
769
1420
1679
2090
2618
3714
4216
4234
4084
4228
4678
5106
4992
5147
4936
4526
4594
5564
6252
5273
4680
5049
5961
6484
6300
6240
6669
7619
8060
8516
8369
8744
9327
9675
10191
10413
10567
10580
10898
11330
11341
11586
11613
11781
11990
11950
12061
11883
12610
13091
13195
12984
12889
13227
12984
12893
12279
11539
10315
8515
7325
6837
5847
2828
284
-853
-1578
-3090
-5380
-8592
-11220
-11887
-11621
-12969
-15265
-16969
-17546
-17133
-16761
-17167
-18496
-18897
-17615
-15780
-14753
-14467
-14140
-13310
-11752
-9851
-8585
-7959
-7278
-6028
-4843
-3763
-2753
-2117
-1925
-1632
-1049
-483
-108
-161
-508
-1042
-926
-703
-752
-1405
-2288
-2970
-3222
-3039
-3183
-3679
-4529
-5385
-5278
-5093
-5292
-6198
-6659
-6454
-5997
-5274
-5308
-5287
-5452
-4769
-4286
-3606
-2828
-2339
-1955
-1457
-773
78
517
883
874
1561
2150
2961
3400
3261
3509
3641
4047
4620
5029
4491
4144
4825
5432
5219
4907
4684
5553
5768
6017
6029
6321
6965
7227
7524
7510
8379
8615
8819
9060
9449
9912
10534
10559
10362
10240
10637
10915
11386
11085
10308
10134
10596
11443
10983
10359
9980
10216
10525
11425
11402
10438
9365
9652
10584
10955
9358
6831
5651
5940
6114
4136
1429
-951
-1423
-1558
-2533
-5186
-8480
-10347
-10487
-10525
-12028
-14085
-15642
-16046
-15680
-15572
-16419
-17343
-17595
-16550
-15329
-14274
-13856
-13519
-12901
-11686
-10232
-9217
-8375
-7528
-6624
-5716
-4574
-3401
-2858
-2801
-2659
-2208
-1463
-938
-751
-1322
-1671
-1625
-1019
-1271
-1725
-2594
-3018
-3058
-2814
-3020
-3937
-4697
-5163
-5154
-5506
-5483
-5791
-6208
-6626
-6046
-5598
-4975
-5296
-5625
-5655
-4333
-3228
-2695
-2890
-2649
-1644
-712
109
365
442
483
1408
2292
3004
2834
2720
2732
3408
3921
4010
3892
3911
4200
4255
4583
4928
4836
4451
4351
4930
5402
5933
6029
5921
5867
6535
7473
7879
7334
7064
7888
8928
9389
8542
8051
8345
9233
9523
9008
8430
8030
8596
8990
8815
7977
7490
7626
8058
7955
7357
6961
7346
7504
7507
7444
7259
6603
5714
5298
3819
2168
1758
2034
351
-1675
-2567
-2825
-4155
-5927
-7975
-9696
-10485
-10079
-10300
-12082
-13371
-13717
-13534
-13588
-13663
-14280
-14662
-13769
-12063
-11182
-11259
-11140
-10314
-9375
-8323
-7223
-6575
-5916
-4901
-3763
-3127
-2464
-2070
-2017
-1800
-1179
-453
-368
-164
-176
-385
-878
-605
-672
-1156
-2049
-2484
-2480
-2370
-2737
-4170
-4871
-4983
-4265
-4970
-5427
-5852
-5247
-4920
-4587
-4761
-5012
-4400
-3309
-2557
-2665
-2198
-1285
-212
156
582
1251
1791
2030
3205
3909
4196
4339
4954
5469
5835
5869
5789
6102
6630
6980
6541
6568
7218
7384
7122
7202
7471
7747
8059
8201
7922
7868
8488
8880
8980
9041
9036
8891
9317
9599
9394
9170
9424
9882
9774
9643
9993
10248
10151
9978
10123
10570
10878
10436
9741
10042
10567
9901
8295
6735
6097
5628
4887
2794
765
-700
-1181
-1784
-3638
-6345
-8967
-9862
-9973
-10397
-12179
-13997
-14966
-14817
-14458
-14882
-15980
-16482
-15950
-14744
-13531
-13030
-12810
-12289
-11099
-9865
-8602
-7656
-6803
-5752
-4629
-3496
-2428
-1583
-1163
-881
-494
85
715
1095
1027
706
363
341
535
324
-431
-1328
-1761
-1719
-1755
-2135
-3046
-3936
-4369
-4188
-4153
-4880
-5862
-6258
-5822
-5314
-5453
-5783
-5978
-5478
-4901
-4257
-4130
-3987
-3463
-2617
-1740
-1137
-581
-143
470
1051
1689
2299
2729
3104
3481
3937
4364
4834
4700
4900
5012
5547
5663
5911
5758
5542
5625
5568
5949
5851
5828
5521
5775
5912
6043
6066
6004
6218
6325
6454
6360
6791
7059
7130
7182
7158
7139
7572
8163
8140
7515
7276
7765
8205
8012
7723
7304
7029
7210
7659
7333
6252
5768
5769
5927
5720
5405
4818
4596
4412
4569
3922
2929
2186
1501
546
-548
-908
-1811
-2797
-3974
-4920
-5910
-6713
-7366
-8687
-9944
-10672
-10626
-10819
-11339
-11971
-12659
-12825
-12338
-11923
-11983
-12173
-11820
-10945
-10102
-9437
-9145
-8865
-8424
-7409
-6299
-5698
-5246
-4689
-3961
-3263
-2710
-2324
-2194
-1909
-1557
-1150
-797
-609
-576
-802
-967
-1092
-1434
-1650
-2183
-2586
-3232
-3451
-3705
-3890
-4306
-4939
-5148
-5193
-4810
-4840
-4920
-4993
-4414
-3882
-3325
-3171
-2812
-2201
-1439
-836
-252
519
1165
1893
2251
2854
3435
4184
4491
4623
5010
5524
6001
6189
6248
6268
6442
6749
6975
6932
6844
7041
7139
7254
7469
7500
7173
7161
7480
7745
7938
7889
7653
7688
7873
8287
8543
8206
7671
7961
8466
8598
8392
7935
7669
7721
7972
7808
7410
6909
6843
6652
6527
6377
6094
5644
4973
4269
3448
2854
1851
488
-744
-1489
-2100
-2958
-4085
-5429
-6855
-8011
-8670
-9292
-10273
-11184
-11693
-11950
-12060
-12271
-12532
-12864
-12860
-12350
-11636
-11116
-10633
-10130
-9498
-8752
-7836
-7152
-6658
-5982
-5164
-4301
-3544
-2785
-2410
-2100
-1721
-1190
-846
-664
-485
-355
-251
-177
-238
-538
-863
-1017
-1235
-1603
-2123
-2471
-2913
-3222
-3587
-4063
-4613
-4770
-4635
-4861
-5181
-5389
-5096
-4973
-4713
-4551
-4188
-3848
-3195
-2596
-2174
-1676
-1155
-542
102
934
1600
2060
2442
3148
3821
4102
4246
4684
5250
5758
5934
5885
5931
6278
6665
6530
6097
6073
6580
6783
6650
6329
6248
6473
7026
6938
6425
6470
7017
7414
7209
7025
7214
7565
7661
7735
7555
7472
7747
8186
8074
7726
7358
7522
7773
7579
7001
6596
6555
6590
6350
5804
5290
5169
5241
5085
4426
3889
3446
2933
2241
1301
271
-603
-1188
-1946
-2843
-3911
-4765
-5544
-6400
-7455
-8439
-9132
-9584
-9885
-10317
-10740
-11090
-11215
-11202
-11180
-11183
-10982
-10536
-9953
-9402
-8944
-8502
-7967
-7350
-6712
-6107
-5516
-4865
-4100
-3423
-2922
-2560
-2262
-1856
-1537
-1334
-1160
-957
-834
-760
-666
-876
-1104
-1627
-1698
-1824
-2180
-2869
-3095
-3063
-3371
-3740
-4230
-4264
-4494
-4377
-4422
-4343
-4364
-3943
-3636
-3388
-3107
-2802
-2362
-1844
-1144
-604
-64
374
1081
1666
2109
2500
2998
3362
3781
4235
4665
4824
4956
5009
5258
5566
5668
5434
5239
5462
5614
5723
5590
5570
5270
5355
5714
6175
5937
5480
5634
6237
6589
6408
6271
6281
6593
6954
7203
7162
7140
7183
7289
7329
7430
7375
7253
7022
6855
6780
6774
6475
5928
5544
5416
5395
4944
4432
4149
3994
3696
3286
2853
2317
1614
976
372
-398
-1195
-2056
-2842
-3481
-4089
-5021
-5777
-6452
-7151
-7925
-8484
-8913
-9326
-9664
-9865
-10017
-10153
-10174
-10140
-10073
-9946
-9590
-9175
-8729
-8322
-7867
-7405
-6919
-6390
-5872
-5395
-4951
-4355
-3836
-3406
-3034
-2685
-2460
-2161
-1886
-1798
-1645
-1550
-1590
-1566
-1372
-1412
-1848
-2282
-2375
-2241
-2400
-2872
-3283
-3347
-3101
-3094
-3324
-3650
-3680
-3550
-3132
-2765
-2669
-2611
-2319
-1746
-1168
-781
-531
-228
189
861
1570
2073
2211
2529
2981
3446
3802
4039
4177
4335
4711
4986
5137
5028
5040
4980
5098
5236
5328
5272
5262
5182
5164
5256
5425
5415
5229
5410
5644
5781
5902
6014
5900
5838
6188
6456
6334
6068
6107
6294
6304
6137
5808
5625
5672
5709
5538
5067
4905
4811
4687
4204
3652
3425
3326
3221
2760
2369
1907
1868
1716
1264
516
127
-12
-225
-744
-1585
-2261
-2714
-2991
-3535
-4297
-5195
-5761
-6053
-6376
-6923
-7692
-8307
-8667
-8767
-8932
-9303
-9703
-9853
-9712
-9531
-9451
-9497
-9504
-9278
-8822
-8375
-8053
-7775
-7494
-7127
-6639
-6167
-5807
-5584
-5249
-4791
-4279
-3956
-3764
-3617
-3381
-3090
-2808
-2557
-2363
-2165
-2008
-1906
-1743
-1492
-1268
-1189
-1060
-751
-291
36
197
289
528
970
1550
1971
2257
2533
2955
3495
3995
4314
4384
4519
4992
5643
5933
5813
5931
6365
6684
6706
6752
6870
7023
7283
7309
6976
6903
7275
7371
6898
6595
6557
6723
6668
6512
6130
5764
5933
6160
5854
5073
4916
5080
5216
4751
4295
3903
3909
3994
4011
3646
3149
2959
3016
3083
2931
2601
2021
1920
2113
2194
1793
1342
1083
1035
953
818
357
-180
-539
-679
-986
-1450
-1997
-2607
-3180
-3649
-4011
-4565
-5230
-5907
-6404
-6791
-7210
-7643
-8131
-8589
-8884
-8975
-9080
-9218
-9388
-9457
-9392
-9181
-8913
-8707
-8574
-8302
-7823
-7315
-6842
-6462
-6072
-5634
-5063
-4497
-4015
-3649
-3278
-2867
-2467
-2118
-1779
-1441
-1189
-940
-670
-393
-177
7
152
305
471
705
928
1100
1239
1388
1581
1822
2047
2270
2509
2751
3058
3304
3606
3936
4140
4084
4221
4633
5021
5258
5318
5519
5696
5743
5802
6030
6010
5727
5769
6010
6187
6041
5710
5351
5285
5379
5272
4924
4502
4472
4379
4247
3969
3713
3184
2972
2992
2980
2685
2395
2245
2110
2015
1841
1695
1417
1282
1224
1179
967
822
674
534
385
271
91
-100
-227
-397
-603
-781
-926
-1180
-1425
-1667
-1853
-2131
-2382
-2621
-2867
-3146
-3423
-3645
-3923
-4192
-4489
-4738
-4969
-5138
-5291
-5480
-5702
-5808
-6015
-6068
-6176
-6173
-6100
-6267
-6203
-6040
-5981
-5919
-5779
-5737
-5528
-5251
-5006
-4832
-4703
-4445
-4108
-3849
-3663
-3450
-3164
-2903
-2586
-2301
-2210
-1935
-1670
-1476
-1302
-1084
-857
-638
-403
-184
0
149
384
583
720
909
1236
1539
1702
1826
2035
2306
2509
2688
2834
2941
3083
3487
3798
3736
3581
3706
4012
4254
4298
4100
3869
3977
4482
4686
4398
4002
4046
4291
4504
4360
4057
3749
3837
3990
3919
3590
3345
3304
3262
3143
2936
2943
2754
2561
2294
2253
2166
2142
1953
1672
1445
1370
1372
1262
1068
728
553
563
729
631
299
-77
-119
26
35
-248
-592
-776
-754
-685
-795
-1103
-1436
-1578
-1557
-1508
-1668
-1940
-2233
-2337
-2381
-2398
-2521
-2733
-3040
-3150
-3044
-3053
-3218
-3453
-3630
-3708
-3580
-3498
-3566
-3770
-3867
-3786
-3591
-3491
-3577
-3696
-3675
-3423
-3131
-3043
-3116
-3084
-2903
-2660
-2450
-2341
-2328
-2267
-2044
-1755
-1570
-1479
-1480
-1415
-1180
-829
-654
-642
-616
-423
-210
-50
30
70
142
333
556
690
732
793
905
1083
1230
1386
1437
1530
1709
1895
1891
1877
2045
2232
2239
2140
2208
2305
2452
2539
2547
2420
2389
2505
2573
2604
2673
2599
2440
2499
2715
2892
2783
2489
2228
2385
2799
3009
2630
2137
2084
2463
2666
2443
2055
1745
1733
1919
2150
1903
1382
1015
1158
1341
1288
986
622
391
434
624
528
146
-291
-398
-285
-102
-149
-470
-832
-918
-786
-722
-874
-1165
-1364
-1488
-1380
-1267
-1434
-1802
-2015
-2000
-1927
-1919
-2061
-2286
-2416
-2333
-2223
-2314
-2486
-2545
-2522
-2499
-2424
-2368
-2400
-2486
-2492
-2382
-2294
-2221
-2159
-2095
-2054
-1939
-1797
-1685
-1670
-1688
-1633
-1449
-1241
-1185
-1238
-1197
-1061
-957
-942
-881
-775
-691
-630
-514
-391
-335
-293
-225
-143
-74
47
143
235
278
308
407
564
652
694
696
775
953
1149
1190
1115
1112
1149
1237
1408
1543
1516
1385
1311
1445
1710
1792
1566
1295
1462
1875
2027
1863
1675
1637
1743
2001
2020
1835
1607
1650
1881
1997
1821
1556
1496
1549
1645
1633
1516
1291
1228
1344
1394
1292
1044
949
1002
1132
1058
905
729
674
640
592
467
286
218
256
282
113
-57
-218
-252
-260
-321
-499
-614
-640
-636
-697
-825
-929
-990
-957
-963
-1019
-1059
-993
-954
-1011
-1117
-1109
-1038
-1056
-1133
-1160
-1142
-1097
-1084
-1065
-1142
-1221
-1214
-1144
-1117
-1141
-1169
-1212
-1201
-1172
-1097
-1102
-1123
-1145
-1095
-1000
-910
-907
-929
-951
-899
-754
-648
-633
-657
-652
-549
-339
-198
-226
-280
-223
-16
148
182
149
176
305
402
476
489
510
470
466
510
559
529
466
414
333
337
376
402
333
242
243
362
495
505
396
297
376
517
612
564
482
510
614
755
774
663
553
629
774
848
781
661
610
631
761
811
691
594
648
731
716
674
653
597
487
490
569
543
416
319
310
377
400
325
233
197
151
161
184
225
183
50
-15
43
52
-51
-85
-104
-173
-239
-175
-206
-321
-396
-381
-360
-356
-428
-506
-536
-502
-465
-471
-468
-543
-598
-600
-521
-459
-499
-591
-547
-459
-432
-407
-349
-329
-372
-375
-289
-181
-172
-235
-308
-293
-206
-175
-248
-353
-413
-365
-268
-234
-373
-552
-598
-482
-354
-414
-541
-566
-493
-531
-543
-501
-503
-606
-677
-605
-492
-484
-621
-739
-666
-543
-531
-591
-708
-758
-701
-589
-579
-670
-745
-677
-561
-523
-560
-545
-507
-526
-534
-422
-341
-403
-475
-429
-331
-239
-216
-300
-351
-260
-120
-93
-207
-299
-232
-117
-98
-181
-255
-255
-161
-90
-103
-154
-153
-71
-12
-2
-15
-19
35
105
86
18
34
82
57
-27
-72
-52
-31
-37
-85
-131
-157
-153
-185
-228
-254
-272
-233
-191
-189
-262
-312
-359
-382
-380
-342
-424
-561
-538
-354
-298
-464
-597
-561
-460
-450
-505
-491
-450
-481
-563
-543
-431
-447
-633
-676
-486
-337
-382
-474
-469
-365
-266
-248
-269
-282
-267
-194
-56
-33
-158
-199
-98
77
157
81
35
146
257
257
240
271
303
257
271
416
547
500
355
310
394
426
438
436
371
295
328
438
503
429
309
221
267
463
541
419
267
270
340
371
329
271
238
250
307
352
347
287
269
310
373
431
458
432
437
520
566
576
614
696
729
698
711
759
803
819
809
772
744
759
855
910
864
748
681
744
857
821
638
576
657
748
701
605
547
506
485
497
498
470
404
362
410
514
521
435
360
373
458
491
463
419
424
414
327
312
340
327
295
265
308
335
290
205
177
163
89
-13
-51
7
27
-64
-174
-181
-138
-155
-181
-189
-166
-169
-183
-181
-207
-269
-335
-348
-352
-360
-377
-394
-412
-426
-366
-298
-337
-390
-373
-298
-166
-106
-206
-287
-106
73
16
-83
-106
-32
57
89
67
14
-44
-52
14
81
9
-172
-253
-153
-34
-35
-214
-293
-192
-74
-44
-158
-233
-198
-158
-142
-116
-131
-175
-209
-180
-131
-96
-114
-201
-250
-257
-282
-309
-270
-292
-401
-453
-411
-396
-434
-461
-450
-430
-445
-476
-463
-426
-423
-473
-504
-410
-320
-298
-296
-279
-264
-237
-189
-136
-105
-127
-140
-91
-34
-1
-31
-93
-138
-131
-83
-69
-105
-155
-181
-164
-152
-148
-180
-233
-252
-211
-142
-149
-265
-354
-328
-241
-232
-320
-384
-362
-326
-280
-219
-309
-427
-399
-276
-236
-275
-358
-357
-282
-230
-259
-285
-254
-230
-257
-253
-168
-115
-217
-359
-316
-133
-76
-134
-166
-140
-83
-52
-56
-92
-142
-172
-133
-21
50
-44
-170
-127
6
75
41
31
70
55
54
93
88
43
-37
-46
55
114
143
193
217
166
112
186
258
343
316
270
301
370
437
477
523
466
475
591
752
790
700
687
751
804
843
822
797
825
923
1016
1007
921
822
854
950
974
906
858
903
1025
1028
957
932
884
882
915
942
928
902
825
812
818
819
783
752
741
715
729
727
795
679
657
660
690
766
736
752
666
640
620
656
689
606
578
560
553
581
620
548
438
425
493
546
569
541
464
500
576
599
557
519
534
563
563
576
542
432
352
400
439
379
330
319
385
417
328
275
304
290
260
271
301
319
240
100
100
173
199
149
100
115
117
93
32
16
89
167
108
-25
30
186
172
-26
-135
-41
131
145
-22
-155
-127
-34
-11
-96
-203
-282
-293
-191
-105
-181
-339
-368
-243
-248
-392
-463
-492
-455
-424
-458
-486
-498
-522
-554
-508
-402
-435
-625
-628
-620
-319
-836
-1116
-1329
-1066
-501
-422
-372
-805
-662
-386
-277
-369
-486
-502
-356
-242
-241
-411
-550
-576
-638
-570
-663
-772
-1085
-1124
-1123
-1111
-1151
-1232
-1181
-1109
-1080
-1041
-928
-912
-1023
-1078
-921
-829
-800
-862
-773
-593
-439
-400
-402
-225
-65
12
-15
52
128
131
42
14
111
226
250
125
38
14
72
118
93
-21
-98
-102
-79
-26
-25
-99
-182
-210
-200
-188
-218
-286
-363
-369
-328
-274
-265
-298
-309
-259
-167
-125
-166
-223
-214
-199
-227
-251
-269
-275
-275
-266
-273
-294
-340
-361
-347
-356
-356
-383
-411
-421
-422
-413
-431
-451
-481
-494
-486
-480
-509
-531
-507
-477
-461
-483
-465
-420
-413
-463
-514
-506
-455
-428
-444
-470
-479
-470
-455
-444
-452
-457
-453
-409
-360
-351
-393
-434
-431
-411
-386
-367
-370
-400
-417
-425
-418
-408
-423
-447
-446
-414
-367
-362
-401
-441
-462
-450
-421
-393
-419
-460
-472
-481
-505
-542
-579
-603
-575
-528
-493
-486
-527
-564
-564
-537
-515
-526
-533
-513
-453
-403
-413
-461
-490
-476
-422
-377
-374
-391
-370
-320
-291
-290
-318
-338
-314
-277
-258
-243
-242
-258
-265
-234
-204
-198
-200
-199
-171
-151
-143
-140
-125
-110
-88
-89
-83
-27
26
43
38
36
41
53
82
119
120
128
148
194
215
216
211
224
283
332
360
362
350
339
357
396
409
404
420
463
523
567
559
513
519
568
620
661
669
675
693
727
753
758
729
712
735
756
758
742
709
672
650
655
650
618
582
540
512
513
514
494
458
415
402
398
388
372
347
325
318
336
347
346
340
326
302
307
323
312
279
267
255
226
189
166
133
108
106
96
88
68
45
5
-20
-26
-35
-56
-80
-80
-40
-16
-61
-86
-60
-20
6
15
16
38
79
109
93
58
51
74
116
96
61
50
69
76
73
62
36
32
49
57
62
90
69
49
46
61
51
42
45
21
15
42
62
41
9
11
53
74
84
92
110
141
185
219
221
212
227
264
282
294
303
298
312
356
387
406
409
384
390
402
413
406
402
421
434
469
478
457
441
437
447
466
498
484
445
438
458
482
480
457
452
482
520
527
492
438
413
407
416
398
366
330
300
283
255
202
144
127
117
101
80
70
51
45
31
6
2
10
0
-10
-6
-11
-23
-50
-85
-109
-115
-112
-105
-104
-118
-146
-152
-159
-206
-235
-260
-268
-242
-235
-265
-311
-344
-368
-402
-413
-416
-419
-419
-426
-449
-482
-497
-509
-499
-476
-448
-449
-450
-447
-455
-446
-440
-437
-429
-390
-362
-355
-376
-395
-386
-358
-345
-319
-285
-260
-230
-207
-214
-231
-217
-195
-149
-112
-65
-35
4
17
17
15
21
59
110
149
169
176
192
210
219
232
259
288
326
358
371
372
373
394
409
414
412
413
423
428
425
398
375
346
350
362
364
354
337
343
345
328
300
278
278
295
297
270
234
209
194
187
177
167
146
131
124
117
82
33
2
-26
-50
-69
-90
-124
-147
-160
-185
-208
-202
-203
-197
-196
-185
-192
-206
-219
-222
-217
-218
