17
30
42
57
64
71
66
72
77
85
77
77
69
63
52
45
28
19
16
4
13
13
7
6
0
-2
7
19
28
33
33
28
18
16
8
3
10
5
1
-5
-12
-29
-42
-45
-51
-60
-49
-49
-32
-24
-7
7
1
-3
-11
-2
1
18
11
-52
-30
-5
-41
-75
-14
-56
-94
-36
-46
-104
-52
-21
-58
-14
-7
-59
-52
-20
-43
-37
-13
-59
-54
-13
-43
-62
-55
-77
-82
-52
-54
-63
-45
-43
-61
-49
-50
-79
-86
-54
-53
-54
-42
-56
-89
-79
-70
-73
-39
-25
-35
-25
-26
-63
-73
-65
-79
-109
-94
-124
-212
-265
-275
-304
-309
-272
-252
-254
-227
-196
-192
-164
-148
-130
-68
26
8
-27
7
5
-35
38
135
135
190
279
265
255
232
148
141
201
192
190
196
63
-22
-67
-75
-168
-80
-143
40
-18
159
-122
-91
-649
-308
-807
-302
-4990
-13593
-10530
-10453
-12615
-8035
-461
-2719
-2081
351
-1133
-1884
12
2054
5067
7925
7730
3510
-3811
-13450
-17170
-12506
-8329
-6369
-3679
-3328
-4894
-5438
-5652
-6456
-4469
839
6600
11981
11941
7673
2767
667
-1867
-1596
128
1042
1990
2342
276
-3156
-5846
-6142
-3732
710
5187
6537
6531
363
-7286
-12192
-13934
-12921
-8396
-3593
-2343
352
-69
-510
-2252
1309
5792
13393
19063
22004
20741
19324
15761
13690
14648
15959
16732
18430
19774
16761
12927
11481
10556
9450
12252
15062
16351
17385
17894
15763
13834
14075
13278
12230
14060
16412
13937
11831
9004
3535
644
698
-737
-315
4567
7109
5660
2958
-4584
-14955
-17164
-10941
-7063
-6659
-4848
-5513
-9579
-13163
-14209
-16772
-17804
-13492
-7097
-3912
-4775
-8333
-12741
-15374
-15699
-14835
-12753
-10456
-9440
-9750
-10784
-14635
-19828
-21329
-19116
-16300
-14439
-16557
-24047
-25795
-25974
-27320
-27880
-24538
-22705
-18558
-14579
-13484
-15009
-15838
-13599
-9180
-4499
-4420
-3777
-3183
-3395
-4624
-5002
-6507
-7012
-3729
-1108
273
-85
-776
181
5080
8953
12136
15793
19659
22702
26911
27303
26224
25211
28274
30521
31202
32767
32670
32141
29818
32111
31790
28631
28189
30514
29213
27546
28917
27919
25428
27324
26191
15788
1533
-6252
-7249
-9584
-13862
-15606
-13687
-17514
-19725
-16421
-14875
-19197
-15514
-3951
2464
3435
4980
4724
1724
-434
-951
-3443
-6313
-8653
-10476
-12781
-17544
-24573
-29379
-29072
-27502
-25354
-21299
-17671
-15396
-12674
-9481
-8535
-7883
-6147
-2719
-66
147
-2352
-5287
-8197
-11314
-14537
-19083
-20677
-23750
-24883
-25693
-23997
-25083
-24454
-21180
-17627
-14828
-10302
-6850
-4247
-3315
-1912
-1818
-2260
-2793
-2902
-3138
-4454
-4681
-5955
-6081
-6613
-5232
-3475
198
2754
6831
9274
14606
17642
22424
25281
27682
27732
28644
30837
30939
31838
32767
32748
32758
32767
32734
32767
32767
31190
27959
31282
32767
32100
30865
32753
30724
27478
32299
32767
31107
19292
1193
-12414
-10564
-13642
-23505
-20474
-14394
-22527
-26938
-19336
-20306
-28295
-20869
-3898
4284
5622
7852
9675
4661
-1782
-2765
-2499
-7433
-11134
-9301
-12284
-21743
-30011
-32768
-32630
-32768
-28895
-23610
-18033
-13314
-11624
-9288
-6869
-7326
-5040
104
947
-609
-5316
-15543
-27300
-32520
-32754
-32768
-32748
-32768
-32761
-32767
-32714
-30606
-26944
-20660
-13750
-5018
2089
4870
5410
4275
1822
-950
-3327
-4860
-5672
-5410
-6352
-7083
-8276
-9505
-6347
-898
4446
11010
17845
23977
27182
30563
31969
31796
32767
32737
32767
32749
32767
32757
32766
31369
30656
31990
32767
32685
32767
32724
32767
32742
32767
32762
32755
32767
32695
32767
32530
32767
19005
-1140
-10621
-18208
-29033
-27253
-18256
-23500
-32604
-32449
-32321
-32768
-31279
-15243
-703
5107
12426
16607
13913
-237
-10336
-8375
-3244
-6779
-9855
-8488
-16388
-30282
-32768
-32768
-32643
-32768
-30555
-19224
-12676
-11376
-13246
-12586
-11302
-9806
-4650
-324
-3934
-8753
-11759
-22798
-32707
-32699
-32768
-32767
-32754
-32768
-32696
-31914
-31733
-28042
-21334
-14840
-8638
-794
4985
5336
3162
107
-3226
-5017
-4322
-2712
-2738
-2336
-3798
-3425
-3254
-1472
1178
9237
16931
23894
27036
29791
30560
30298
32036
31959
32767
32753
32600
32767
31603
30367
27082
27428
24354
28061
31354
30613
28413
25289
30672
30860
32767
32472
32767
32653
32767
32726
32767
32746
32767
32767
30012
22605
22944
-1188
-29638
-32768
-23082
-25308
-32768
-31327
-32593
-32768
-31210
-19683
-16458
-15562
-4431
9267
16422
13914
6496
2279
-950
-4654
-8043
-10358
-18713
-27412
-31502
-32768
-32617
-32768
-32660
-32768
-32378
-27761
-21894
-20090
-19927
-19954
-18421
-18299
-17751
-16069
-14638
-15920
-20580
-28152
-32768
-32625
-32768
-32768
-31096
-27891
-26570
-23146
-20301
-18452
-17515
-14338
-8661
-2184
2311
3376
2737
1074
1551
2406
4738
4680
8824
11183
15244
18710
19759
20225
22841
28467
30657
32767
32639
32767
31633
29962
28466
28894
29121
27856
30450
32767
32258
32394
32767
32703
32767
32705
32767
32703
32767
32706
32767
32718
32767
32741
32767
32717
32767
27980
-8779
-32768
-31681
-25994
-27490
-32768
-32247
-32768
-32409
-32768
-32350
-32768
-22779
561
19504
25137
19347
10480
4344
241
-2909
-4194
-7194
-13217
-21086
-30521
-32768
-32627
-32768
-32768
-32682
-32768
-30915
-23912
-20032
-16840
-13226
-8823
-3784
2630
10133
13861
8497
-5371
-17045
-27095
-32768
-32556
-32768
-32688
-32768
-32735
-32768
-32719
-32768
-30037
-19081
-7369
1223
4742
5123
2569
-504
-1004
-3575
-5324
-5712
-3631
-6655
-8717
-12370
-14599
-13091
-4930
3420
11256
16978
21569
24487
26749
28539
30477
32767
32520
32767
32583
32767
31873
31483
29824
30597
32699
32729
32767
32733
32767
32750
32767
32767
32757
32767
32742
32767
32729
32767
32725
32767
32735
32767
32767
32716
32767
32496
32767
17106
-13108
-31117
-22103
-14547
-15619
-20762
-26985
-31880
-32768
-32662
-32514
-32416
-25621
-7274
7374
7851
-625
-8167
-13242
-14170
-11493
-9547
-12013
-16975
-22194
-28744
-32768
-32455
-32768
-32512
-32768
-29944
-24072
-23641
-24762
-24668
-21977
-16095
-11202
-8806
-7226
-8475
-12342
-19016
-24895
-30756
-32768
-31374
-28054
-26751
-27325
-29547
-29514
-27944
-24226
-21044
-15306
-9974
-6643
-3313
-4412
-4791
-7790
-6768
-5031
-414
1464
1887
2080
1695
3216
6477
10899
16149
21217
24661
27256
27624
28842
28671
32067
30665
31625
30296
29228
29483
31022
28224
28724
32717
32575
32767
32608
32767
32641
32767
32654
32767
32643
32767
32602
32767
32362
31568
31005
32628
32553
32767
32185
32767
23671
-17382
-32768
-17879
-8716
-13048
-11934
-15988
-29647
-32768
-32765
-32635
-32768
-30264
-8759
8314
8656
-945
-10409
-15625
-17924
-14766
-8974
-9119
-12454
-14274
-21444
-32269
-32761
-32768
-32627
-32768
-30389
-25224
-25377
-27092
-27462
-26589
-23386
-18600
-13061
-5531
-4242
-10094
-19184
-25435
-30713
-30499
-27179
-25755
-26759
-25835
-25972
-27761
-31269
-29520
-24150
-17523
-11774
-7198
-5952
-7365
-7610
-6691
-5046
-3253
-999
3301
5063
4684
4034
4862
7041
10260
15832
20261
22722
23690
24371
24191
26294
28096
28905
30029
31016
29141
30139
32525
32109
32673
32767
32720
32767
32736
32767
32749
32767
32763
32764
32767
32749
32767
32734
32767
32719
32767
32715
32767
32762
32679
32767
11106
-26953
-26756
-9500
-13793
-19418
-19638
-24765
-32768
-32285
-32768
-32229
-32768
-20684
1160
9543
4872
-3881
-9104
-11693
-12494
-9289
-8150
-11954
-14894
-17344
-27818
-32768
-32202
-32768
-32298
-32768
-30649
-27424
-27590
-28269
-27531
-23835
-21020
-14796
-7860
-2937
-6187
-13889
-22285
-27237
-29629
-29917
-27719
-26922
-26387
-27579
-27680
-29177
-29191
-27840
-21850
-14049
-9129
-7788
-7626
-7532
-7948
-6375
-3093
-2100
-1016
1591
3100
1360
391
2310
5249
10694
15900
19334
20437
22685
22769
24525
27390
28175
31103
32767
32767
32592
32767
30384
28782
28050
30868
32767
32495
32767
32630
32767
32697
32767
32740
32767
32766
32761
32767
32759
32767
32767
32736
32767
32683
32767
32767
28930
-4362
-31377
-25406
-11662
-18734
-24516
-19515
-28510
-32768
-32747
-32182
-32768
-28317
-8750
7853
9962
2511
-6063
-9373
-12529
-12839
-10206
-10486
-17456
-20880
-26009
-32768
-32610
-32768
-32657
-32768
-32433
-29931
-26783
-27140
-27228
-24573
-20489
-17129
-12114
-5208
-3822
-10439
-18272
-24167
-27866
-30202
-28657
-26781
-27170
-26854
-27057
-28912
-32143
-30598
-23580
-16010
-10961
-8725
-7628
-8223
-6918
-5690
-4767
-4713
-2242
778
3272
2400
170
508
2257
6180
11600
16704
19893
22788
25287
25053
24245
26098
29800
32767
32414
32767
32519
30079
27373
28002
32312
32767
32668
32767
32702
32767
32718
32767
32723
32767
32715
32767
32686
32767
32574
32767
32621
32767
32468
32767
32183
32767
9081
-24981
-27522
-11794
-6394
-16724
-16533
-24399
-32768
-32477
-32768
-32422
-32768
-17311
4976
9041
2439
-7203
-13304
-15085
-11537
-6633
-4927
-8464
-14561
-19702
-29496
-32768
-32502
-32768
-32572
-32768
-28591
-29108
-32509
-32471
-29852
-25870
-20520
-13440
-7046
-4714
-7179
-14709
-22973
-26945
-26619
-24149
-23833
-24559
-27459
-29531
-31066
-32596
-30982
-26647
-18671
-12175
-9378
-10027
-11569
-10027
-8574
-6035
-3976
-1203
-442
1529
1759
-971
-2847
-496
4247
8464
13581
15783
17307
19176
21245
23386
25681
29159
32752
32704
32767
32745
32767
32765
32764
32767
32758
32767
32756
32767
32752
32767
32746
32767
32736
32767
32719
32767
32696
32767
32648
32767
32618
32767
32543
32767
32328
32767
25772
-8081
-27003
-13782
-1506
-10040
-17789
-26415
-32768
-32317
-32768
-32333
-32768
-27573
-6835
6729
4002
-5485
-11712
-10797
-7083
-1345
1222
-2747
-10471
-15629
-23918
-32768
-32657
-32768
-32717
-32768
-32740
-32768
-32747
-32768
-32672
-29146
-23227
-17571
-9199
-3320
-4875
-10046
-17240
-21173
-20805
-18866
-19698
-22839
-26455
-29956
-31648
-32445
-32768
-31669
-23864
-16884
-12248
-11038
-14648
-17537
-13082
-5031
-3111
-434
1377
577
219
305
-3021
-2904
1776
8238
12658
15901
13686
12729
15952
20140
24392
28372
31358
32728
32767
32767
32036
32173
32767
32685
32767
32705
32767
32309
32721
32767
32758
32767
32766
32764
32767
32754
32767
32739
32767
32718
32767
32685
32767
32622
32767
32421
32767
23038
-11463
-25875
-8714
-2691
-11572
-18868
-28938
-32768
-32314
-32768
-32195
-32768
-22475
-1294
6977
3747
-5745
-11900
-8631
-1752
3188
4508
-2183
-12081
-15391
-24528
-32768
-32495
-32768
-32680
-32768
-32768
-32719
-32768
-32593
-32768
-27471
-20352
-16688
-8312
-1087
-4429
-12065
-17903
-20338
-17750
-13803
-14469
-20878
-27977
-32553
-32768
-32685
-32768
-31663
-23228
-17229
-14934
-14877
-17403
-16389
-10605
-5048
-1893
-41
1145
2185
-83
-4630
-7452
-4408
-1103
4234
7519
8057
7566
9220
14031
16371
20372
25361
29818
32495
32679
32767
31773
31854
32767
32654
32767
32714
32767
32740
32767
32755
32767
32766
32763
32767
32749
32767
32734
32767
32710
32767
32675
32767
32623
32767
32526
32767
32254
32767
24507
-5842
-16024
-4071
-6381
-13720
-20808
-31841
-32768
-32507
-32768
-32234
-32768
-26339
-7074
1307
-505
-6736
-9904
-6478
672
6483
5237
-476
-4004
-7466
-19245
-31762
-32768
-32715
-32768
-32722
-32768
-32727
-32768
-32732
-32768
-32395
-28040
-20728
-10803
-4586
-5762
-9747
-14436
-15092
-11436
-9148
-11201
-16651
-21820
-26714
-31429
-32768
-32727
-32395
-27708
-21473
-21210
-21967
-22951
-19347
-13512
-7207
-3098
-647
2509
4419
1025
-1243
-1710
-1080
3911
6922
7360
5932
5921
8345
10633
14341
17131
21790
25822
28063
29116
28148
29704
31684
32767
32699
32767
32746
32767
32762
32767
32767
32765
32767
32762
32767
32759
32767
32749
32767
32730
32767
32695
32767
32628
32767
32496
32767
32122
32767
21910
-4545
-10260
872
-3628
-14756
-18603
-27279
-32768
-32450
-32768
-32279
-32768
-26025
-7032
-4789
-6941
-10975
-12082
-7714
-157
3387
2686
1480
223
-2700
-13916
-28691
-32768
-32504
-32768
-32281
-32768
-32694
-32768
-32759
-32742
-32768
-32157
-25540
-15962
-9778
-9463
-13499
-15208
-13964
-10270
-7803
-9309
-14046
-17541
-19290
-24598
-30031
-32768
-30933
-26921
-23006
-22329
-25363
-25005
-21139
-16184
-12455
-9787
-6293
-2254
1389
374
-1331
-647
1122
3260
5212
6714
5619
6418
8442
9646
10601
12165
17149
21841
24453
25016
26021
29310
31139
32749
32764
32763
32767
32756
32767
32757
32767
32760
32767
32766
32765
32767
32758
32767
32755
32767
32756
32767
32765
32757
32767
32712
32767
32590
32767
16140
-2554
2102
5346
-3559
-9227
-18399
-30393
-32768
-32485
-32768
-32402
-32768
-22463
-11834
-12774
-14072
-16435
-13945
-6258
2499
4614
4504
4635
4906
-526
-12219
-22720
-27050
-26264
-25522
-27911
-32709
-32691
-32768
-32697
-32768
-32639
-32768
-27995
-18883
-16237
-15429
-14451
-13061
-10316
-6446
-4698
-5807
-6966
-9379
-12523
-18951
-23113
-24834
-24236
-23633
-24200
-24309
-26333
-25901
-23994
-21447
-17585
-12862
-8715
-5870
-3423
-3373
-3577
-1419
1924
4358
6672
6425
6171
5075
5701
6570
7738
9621
11722
15500
17608
18834
19401
21497
24423
29311
32125
32767
32730
32767
32764
32762
32767
32756
32767
32756
32767
32759
32767
32765
32767
32751
32637
32767
32675
32767
32640
32767
32557
32767
32327
32767
25174
6748
2190
5913
4512
-1893
-8230
-16814
-22245
-25702
-31685
-32768
-32768
-31625
-25211
-19885
-17736
-23006
-25146
-17793
-11542
-10295
-7871
-2836
1301
2135
-2179
-9239
-14314
-15368
-13180
-12537
-16106
-20425
-22972
-26067
-30052
-32768
-32671
-32768
-29682
-24819
-23944
-25753
-26998
-24792
-21062
-18335
-17748
-16735
-13595
-10492
-9776
-13266
-16411
-15971
-14379
-11697
-12185
-14011
-15680
-15489
-15385
-16031
-16766
-16968
-14179
-10803
-9439
-10346
-10171
-10085
-7218
-4472
-1500
-721
2148
4711
6341
7041
7007
8635
11764
15604
17470
18861
19373
20696
21694
22874
24135
26195
28515
30748
31912
32632
32719
32659
32640
32757
32767
32724
32767
32690
32767
32586
32731
32162
31062
31029
32239
32247
30682
30694
32272
32723
32767
29933
20776
14204
13460
12497
7436
691
-2600
-3955
-7133
-14124
-23307
-31086
-32289
-28040
-24287
-26038
-30601
-31624
-27963
-24298
-24206
-25681
-24787
-18369
-10307
-6281
-7713
-9980
-9737
-6777
-3250
-2500
-4313
-5267
-3891
-2642
-3833
-8180
-12300
-14083
-13651
-13115
-14841
-17428
-19935
-20624
-21353
-22492
-23557
-24666
-24913
-22214
-20489
-19928
-20163
-18973
-17452
-16208
-14331
-12694
-10447
-8780
-6980
-6679
-6081
-5572
-3734
-3296
-3463
-2483
-2073
-1082
-675
-1758
-2791
-2109
-1031
-298
-228
224
892
1589
2172
3024
3738
4188
5933
8191
9597
11153
12369
13511
14468
16266
18220
20186
21750
22750
23738
25007
26441
27113
26984
27410
29060
29829
29693
28681
27583
27415
28614
28751
27036
25966
26888
28818
29009
27894
24280
19167
16478
18124
17332
11364
5134
3862
4302
2822
-1960
-9878
-17266
-18890
-16382
-16823
-21397
-26095
-28200
-27492
-25720
-26942
-31023
-32768
-30172
-24427
-20982
-20873
-22156
-21808
-18723
-14538
-12322
-12078
-10987
-7532
-3956
-1896
-1807
-2780
-3166
-1930
-59
552
-338
-1671
-2104
-2741
-4089
-6389
-8212
-9661
-11069
-12259
-12690
-13644
-15519
-17055
-17485
-17425
-17340
-17041
-16401
-16108
-14963
-13407
-12499
-12060
-11080
-9946
-8546
-5994
-3809
-3191
-2921
-1782
-147
1177
2281
2797
3213
4375
5930
6850
6779
6561
6999
8040
9397
10439
10852
10759
11377
12615
13372
13401
13886
15442
16890
17862
18430
19783
20852
21568
22325
22882
23812
25553
26347
25862
25746
26505
27042
27397
27774
27414
27458
28964
30639
30473
27007
22237
20319
21214
19642
15112
10773
8484
6946
6041
3215
-4245
-12226
-14701
-13256
-14224
-18116
-22818
-25978
-26347
-24931
-26000
-30276
-32768
-30960
-26467
-23202
-22253
-23427
-23809
-20815
-16176
-13757
-13327
-11952
-8990
-5375
-2592
-1668
-2236
-2300
-864
1145
2295
2075
1710
1605
1398
135
-1646
-3244
-4478
-5579
-7257
-9021
-10086
-10955
-12858
-15430
-17521
-17854
-17326
-17006
-17432
-17990
-18044
-16579
-14976
-14318
-14456
-13583
-11393
-8385
-6407
-5838
-5807
-4590
-2269
-1
1041
1362
2318
4000
5682
6763
6775
6098
6488
8037
9534
9631
9268
9448
10635
11418
11414
11189
11619
12672
13928
15417
16105
16587
16778
17912
19175
20371
20479
20479
21418
22515
23149
22967
23341
23304
23729
23920
25242
25829
26195
26285
26640
25370
23257
21090
19635
17944
15990
12997
9573
7558
6939
4058
-2187
-7693
-10357
-12220
-14073
-16060
-19758
-23717
-24858
-24437
-25933
-28692
-30601
-30547
-28697
-25627
-23914
-24216
-24656
-22627
-19462
-17118
-15589
-14167
-12363
-9449
-5826
-4122
-4263
-4019
-2673
-966
584
1358
1210
1053
1046
599
-107
-1108
-2570
-4694
-5648
-6027
-7285
-9080
-10768
-12843
-14950
-15225
-15190
-16115
-17297
-17180
-17296
-17078
-16175
-15617
-15822
-14934
-12611
-10385
-8900
-7849
-7001
-5916
-3809
-1489
-27
298
1513
3392
5071
6006
6358
6193
6696
7995
9148
9288
9157
9142
9710
10180
10392
10228
10397
10848
11434
12331
13426
13931
13819
14323
15495
16643
17417
18361
18658
19169
20686
21715
21258
21323
22112
22972
23714
24767
24919
25311
26488
27884
26555
23454
21521
21879
20624
16543
13876
12568
9942
6504
5049
1355
-4727
-9194
-10376
-12579
-15762
-18266
-21016
-23810
-24891
-25188
-27111
-29229
-29698
-28723
-27311
-25654
-24392
-24353
-23631
-21049
-18473
-17161
-15400
-12920
-10707
-8267
-5693
-4072
-3456
-2421
-1104
176
1132
1955
2479
2326
2269
1984
762
-452
-716
-1900
-4028
-4600
-4912
-7188
-10036
-10380
-11504
-13721
-14800
-13842
-14223
-15011
-15369
-15432
-15206
-14162
-12781
-12656
-11812
-9753
-7437
-6460
-5432
-4262
-2971
-1378
888
2399
2800
3805
5310
6206
6588
6939
7044
7130
7968
8864
8919
8233
8015
8258
8452
8836
8907
8675
8978
10284
10964
11225
11536
12028
13164
14569
16099
16618
17300
18188
19395
19816
20432
21548
21812
21681
21853
23096
23317
22746
22697
23183
23148
23537
24493
23230
20598
18247
17251
14779
12260
10966
9113
4482
989
1140
-1064
-7072
-12084
-14194
-17115
-18220
-18090
-21235
-26222
-26937
-25535
-26347
-27617
-28297
-29140
-28200
-24624
-21909
-22143
-22446
-20717
-17899
-15563
-13056
-11396
-10780
-8914
-4978
-2506
-2336
-1942
-1198
-504
1009
2698
2637
1805
1789
1858
887
-167
-1058
-2696
-4508
-4668
-4794
-6491
-8750
-9818
-11365
-12677
-12966
-13300
-14494
-14233
-13294
-13300
-13602
-13092
-12512
-11754
-9961
-8131
-6864
-5816
-4129
-2780
-1797
-686
919
1709
2697
4414
5852
5935
6211
6493
6574
6733
7631
7856
7624
7686
7859
7637
7291
7382
7055
6822
7290
8588
9054
9142
9311
9981
10552
11870
13026
13639
14311
15958
17302
18369
18896
19126
19602
20568
21882
22183
22283
22796
23562
23378
23203
23148
23307
23942
24002
22354
20327
20188
20439
16566
11072
9792
12346
9457
3034
-481
-526
-3066
-6835
-10105
-14060
-17662
-18077
-17252
-19830
-23460
-25058
-25287
-25485
-24637
-24385
-25837
-25820
-22964
-20221
-19178
-18221
-17242
-16195
-13591
-9945
-8162
-8318
-6994
-4108
-1711
-610
71
-47
22
1222
2514
2391
1712
1510
906
-54
-817
-1770
-3756
-5314
-5494
-6072
-7846
-9607
-10512
-12016
-13481
-14239
-14703
-15200
-14971
-14425
-14675
-14578
-13896
-13182
-12649
-10930
-9209
-8132
-6982
-4978
-3658
-2728
-1745
-381
595
2112
3537
4474
4562
4703
5151
5533
5648
5336
5103
4929
5326
5508
4965
4163
3769
3877
4094
4605
4607
4506
4946
6012
7009
7542
7977
8469
9532
11130
12676
13517
14192
15082
16019
17256
18352
18519
18323
18743
19856
20575
20944
20723
20268
19964
21364
22547
21879
19380
17809
18407
19431
17090
11666
7957
9249
10822
6478
-639
-3742
-3217
-4451
-7308
-11243
-16394
-19325
-17496
-16606
-19921
-23856
-25388
-25049
-23281
-21972
-23178
-25363
-24557
-20848
-17534
-16603
-16796
-16693
-15017
-11160
-7502
-7006
-7547
-5702
-2632
-438
497
271
-479
371
2360
3406
2571
1529
1156
910
231
-773
-2065
-3601
-4424
-4739
-5717
-7378
-8624
-9514
-10472
-11564
-12645
-12693
-12207
-12284
-12866
-12814
-12339
-11370
-10200
-9551
-9313
-8243
-6334
-4671
-3331
-2629
-2062
-1035
853
2229
2818
2898
3580
4563
5455
5959
6197
5856
5570
6079
6663
6479
5935
5677
5480
5554
5667
5622
5270
5194
5882
6489
6707
7012
7897
8637
8952
9412
10418
11829
13152
13817
13862
14617
16096
17505
17642
17576
17893
19096
20032
20347
19423
18935
19431
20528
20765
20063
19629
19288
18509
17966
18331
15758
10747
8565
10555
10108
5225
312
-1933
-2747
-3732
-5774
-11086
-16384
-17286
-15447
-16452
-19602
-22601
-24770
-24397
-21973
-21299
-23719
-25178
-23600
-20467
-17961
-16798
-16998
-17115
-14807
-10619
-8020
-8000
-7715
-6003
-3669
-1219
255
-187
-683
649
2401
2868
2336
1745
1334
1105
880
141
-1017
-2442
-3383
-4490
-5326
-5977
-6658
-8314
-9748
-10056
-10475
-11143
-12004
-12001
-11929
-11295
-10817
-10283
-9806
-9245
-8361
-7681
-6299
-5082
-3449
-2673
-1657
-863
614
1499
2111
2464
3458
4441
5133
5428
5259
5228
5262
5678
5570
5576
5189
5191
4826
5007
4940
4722
4243
4400
4822
5186
5252
5388
5734
6342
7368
8070
8416
8806
9661
10769
11975
12785
13438
13741
14320
15261
16076
16193
16355
16548
16865
17140
17617
17638
17146
16571
16793
17351
17822
17331
16190
15328
15551
15782
13124
8986
7690
8564
6856
3451
621
-1552
-3269
-4194
-6626
-11146
-14532
-15364
-15500
-16693
-18583
-20846
-22386
-22365
-21279
-21406
-22954
-23603
-22273
-20147
-18168
-16992
-17125
-17003
-14864
-11922
-10241
-9692
-8822
-7156
-5015
-3042
-2072
-2199
-2126
-890
407
877
765
715
366
211
115
-479
-1562
-2571
-3522
-4360
-4738
-5190
-6144
-7402
-8228
-8829
-9512
-9797
-9873
-10571
-11096
-10309
-8960
-8815
-9287
-9204
-8095
-6949
-5630
-4791
-4096
-3276
-1716
-340
411
663
1121
1969
3317
4545
4981
4850
4827
5431
5968
6017
5729
5669
5732
6117
6478
6275
5561
5218
5517
5945
5981
6226
6413
6609
6863
7946
8444
8588
8855
9788
10554
11309
12263
13096
13805
14044
14631
15513
16548
16797
16528
16179
16501
17401
17671
17154
16240
15897
16011
16354
16336
15448
14662
14822
15809
14946
12477
9607
8825
8820
7271
4057
1799
837
-379
-1521
-4016
-8046
-11639
-12208
-12319
-13479
-15674
-17817
-18991
-18602
-18138
-19218
-21024
-21710
-20255
-18131
-16714
-16329
-16398
-15918
-13930
-11455
-10398
-10177
-9190
-7310
-5196
-3447
-2704
-2856
-2554
-1459
-263
178
94
-97
-218
4
58
-543
-1744
-2573
-3140
-3610
-4118
-4819
-5511
-6149
-6472
-7630
-8358
-8664
-8440
-8881
-8973
-9118
-8680
-7883
-7254
-7052
-7400
-7059
-5937
-3929
-3131
-2730
-2602
-1352
43
1296
1355
1357
1979
3069
4367
5095
5058
4403
4738
5257
6012
5937
5619
5197
5631
6057
6143
5639
4946
4565
4952
5939
6028
5429
5202
6120
6663
6820
6746
7201
7550
8311
9358
9937
9690
9962
11022
11866
12579
12645
12685
12868
13765
14074
13884
13260
13224
13573
13830
13565
13001
12469
11995
11961
12045
11866
11341
10989
10610
9968
9102
7057
4358
3373
3878
2035
-1418
-3034
-2753
-3901
-6401
-9033
-11602
-13515
-13261
-12967
-14820
-16949
-17496
-17182
-16874
-16837
-17722
-18700
-18172
-16031
-14204
-13641
-13451
-12812
-11817
-10306
-8459
-7680
-7731
-6789
-4712
-3075
-2197
-1908
-2168
-2320
-1409
-161
-199
-1202
-1409
-843
-856
-1745
-2592
-3373
-3808
-4063
-4459
-5320
-5689
-6036
-6878
-7717
-7920
-8085
-8316
-8389
-7961
-7550
-7526
-7489
-6815
-6167
-5716
-5262
-4470
-3415
-2261
-1468
-989
-391
402
1044
1720
2567
2970
3294
3909
4618
4780
4767
4731
4940
4999
5159
5417
5361
5113
5094
5234
5033
4921
5101
5221
5317
5647
6493
6952
6988
6961
7676
8589
9148
9274
9671
10729
11571
12097
12397
12582
12682
13013
13660
14214
14059
13547
13857
14501
14535
13719
12867
12483
12823
13228
13188
12549
12308
12127
10115
6977
6452
7487
5060
621
-760
420
-428
-2806
-5563
-9116
-12056
-11373
-10682
-13205
-16090
-16700
-16578
-16161
-15873
-17414
-19650
-19721
-17424
-15408
-14744
-14624
-14147
-13578
-12019
-9621
-8608
-9176
-8487
-6224
-4133
-2553
-1775
-2230
-2517
-1436
38
488
-41
-665
-486
174
664
-382
-2342
-3187
-2834
-3446
-4415
-4639
-5141
-6234
-6722
-6689
-7862
-8588
-8319
-8542
-9284
-8724
-7751
-7601
-7787
-7813
-7101
-6434
-5227
-4305
-4043
-3902
-2319
-823
-364
-340
91
765
1635
2923
3395
3079
3047
3743
4250
4369
4232
4096
3952
4180
4677
4876
4379
4066
3890
4095
4369
4856
4633
4333
4576
5504
6165
6225
6154
6326
7274
8202
8856
8936
9288
10017
10929
11346
11477
11846
12323
12699
12712
12839
12974
13343
13265
12749
12209
12474
12696
12505
11550
10681
10625
11133
10983
10279
9661
9116
8932
8510
8007
6604
4304
1854
2108
2957
1006
-2881
-4390
-4184
-4868
-6518
-8726
-11486
-13037
-12149
-11491
-12924
-15000
-15882
-15729
-14939
-14288
-14812
-15940
-15617
-13577
-11795
-11326
-11290
-11200
-10619
-8903
-6809
-6162
-6454
-5876
-4251
-2990
-2350
-2268
-2621
-2598
-1576
-693
-876
-1792
-2253
-1887
-1973
-2758
-3616
-3999
-4377
-4541
-5237
-5856
-6505
-6609
-7265
-7719
-7916
-7783
-8337
-8163
-7455
-7166
-7474
-7128
-6140
-5550
-5019
-4640
-3963
-3193
-1894
-1152
-520
-352
462
1321
2143
2473
2942
3162
3699
4464
4780
4614
4532
4694
4780
5295
5479
5292
5069
5065
5188
5453
5438
5239
5499
5977
6548
6930
7257
7400
7687
8200
8881
9477
10187
10787
10932
11234
11969
12692
12675
12589
12706
13108
13568
14114
13833
12866
12575
13009
13201
12553
11749
11276
11646
12041
11829
10849
9290
8233
8267
7640
4403
1886
2283
2500
-436
-3121
-3802
-4858
-7062
-8503
-10138
-12627
-13507
-12866
-13468
-15161
-15984
-16326
-16583
-16302
-15957
-16335
-16419
-15144
-13401
-12612
-12198
-11480
-10879
-10200
-8459
-6773
-6257
-5775
-4447
-3234
-2572
-2011
-1779
-1938
-1663
-698
-162
-382
-892
-1064
-1556
-2170
-2451
-2852
-3955
-4610
-4523
-4811
-5432
-6361
-6944
-7624
-7853
-7883
-7489
-8050
-8380
-7939
-6977
-6944
-7255
-6858
-6051
-5153
-4310
-3445
-2964
-2191
-1397
-549
142
848
1474
2059
2789
3592
4127
4142
4237
4714
4938
4792
4902
5214
5102
4970
5053
5029
4816
4632
4802
5043
5044
5048
5470
5937
5912
6080
6721
7345
7557
8088
8716
9329
10012
10564
10585
10785
11728
12523
12473
12402
13210
13708
13688
13541
13598
13283
13402
13475
13098
12193
12054
12070
11795
11162
10491
9825
9506
9461
8900
7210
5740
5514
4472
1872
528
367
-1045
-3309
-4631
-5505
-6846
-8237
-9673
-11395
-12704
-12867
-13038
-13925
-14885
-15232
-15243
-15112
-14762
-14746
-15012
-14563
-13153
-12128
-11532
-10858
-10120
-9504
-8481
-7283
-6490
-6004
-5342
-4424
-3515
-2842
-2705
-2739
-2622
-2162
-1876
-1930
-2249
-2407
-2515
-3228
-3731
-3867
-4158
-5485
-5927
-5774
-5709
-6963
-7467
-7532
-7938
-8289
-8042
-7984
-8433
-8035
-7518
-6872
-6933
-6400
-6065
-5263
-4368
-3491
-3139
-2414
-1465
-682
-114
520
1251
1561
2010
2815
3400
3377
3549
3993
4356
4176
4278
4450
4643
4516
4570
4515
4838
4736
4429
4227
4790
5519
5561
4956
4978
6108
6904
6837
6553
7119
7952
8819
9450
9600
9423
10049
11043
11584
11650
11763
12145
12597
12890
13124
13281
12949
12622
12581
12822
12721
11990
11271
11129
11283
11055
10306
9323
8853
8242
7150
6273
5211
3210
1429
1062
313
-1562
-3615
-4931
-6081
-7010
-8095
-9822
-11666
-12520
-12527
-12844
-13495
-14282
-14796
-14811
-14223
-13780
-13824
-13892
-13185
-11959
-10877
-10060
-9399
-8979
-8285
-6975
-5730
-5148
-4678
-3943
-3145
-2442
-1854
-1560
-1701
-1786
-1511
-977
-883
-1348
-2043
-2368
-2433
-2761
-3299
-4121
-4717
-5247
-5065
-5244
-6129
-7091
-7110
-7216
-7415
-7339
-7542
-7777
-7407
-6593
-6365
-6390
-6037
-5420
-4787
-3919
-3044
-2788
-2258
-1301
-252
159
565
1125
1736
2343
2958
3491
3563
3762
4011
4501
4486
4544
4423
4528
4684
4811
4633
4446
4462
4460
4578
4633
4689
4687
4894
5096
5428
5798
6011
6103
6471
7205
7830
8164
8288
8587
9078
9986
10488
10408
10223
10716
11382
11976
12038
11584
11232
11407
11818
11879
11442
10543
9833
9752
10326
10300
9081
7729
7455
7737
7846
7031
5295
3445
2691
2695
2223
145
-2270
-3244
-3218
-3877
-5566
-7273
-8830
-9988
-10394
-10406
-11401
-12676
-13136
-13082
-13004
-12861
-13120
-13653
-13452
-12585
-11691
-11086
-10658
-10283
-9688
-8895
-7971
-7215
-6861
-6388
-5460
-4660
-4096
-3575
-3359
-3318
-2905
-2605
-2697
-2611
-2250
-2316
-2898
-3150
-3012
-3105
-3888
-4588
-4751
-4684
-4934
-5296
-5644
-5965
-5830
-5824
-5896
-6209
-6284
-6227
-5331
-4706
-4582
-4902
-4389
-3338
-2463
-2292
-2263
-1787
-862
140
610
969
1142
1535
2131
2995
3161
3207
3320
3866
4274
4602
4489
4342
4379
4627
4722
4806
4973
4965
4878
4880
5134
5286
5189
5214
5638
5952
6188
6515
6897
7166
7385
7595
8187
8737
9136
9284
9609
9940
10351
10620
10895
10703
10724
11109
11542
11403
11053
10394
10251
10532
10298
9605
9029
8556
8043
8284
7994
6984
5684
5625
5635
5417
4188
2677
1108
798
766
-583
-2798
-3810
-3930
-4800
-5858
-6888
-8190
-9715
-10016
-9944
-10553
-11623
-11989
-12118
-12113
-11842
-11784
-12229
-12293
-11568
-10730
-10202
-9852
-9417
-8946
-8225
-7312
-6664
-6478
-6053
-5159
-4359
-3950
-3593
-3252
-3003
-2861
-2597
-2403
-2511
-2785
-2439
-2240
-2677
-3184
-3027
-3088
-3571
-4084
-4320
-4462
-4454
-4474
-4925
-5201
-5062
-4863
-4994
-5000
-4902
-4699
-4353
-3756
-3247
-3218
-3018
-2377
-1710
-1380
-834
-325
63
676
1443
1885
2020
2287
2773
3303
3634
3866
4060
4210
4544
4811
4795
4592
4770
5059
4985
4873
5206
5476
5304
5337
5663
5922
5886
6137
6575
6804
6920
7199
7853
8366
8635
8597
9026
9570
9809
9921
10318
10386
10162
10639
11148
11135
10472
9943
9952
10138
9913
9382
8614
7904
7947
7850
7430
6665
5682
4862
4958
5088
4306
2506
840
333
394
-376
-2316
-3982
-4507
-4718
-5597
-6727
-7967
-9346
-10224
-10218
-10342
-11142
-11954
-12294
-12230
-11893
-11779
-12074
-12254
-11956
-11157
-10299
-9818
-9539
-9055
-8495
-7680
-6828
-6379
-6175
-5528
-4641
-4006
-3635
-3320
-3041
-2790
-2672
-2518
-2287
-2270
-2462
-2427
-2417
-2560
-2872
-3339
-3813
-3736
-3852
-4273
-4683
-4709
-4846
-4999
-5023
-5055
-5363
-5579
-4943
-4384
-4225
-4424
-4016
-3497
-2815
-2441
-2020
-1863
-1438
-614
89
510
885
1158
1266
1959
2752
3101
2863
2923
3298
4030
4253
4113
3643
3625
4047
4659
4614
4103
3933
4319
4858
5078
4923
4453
4608
5402
6107
6235
6120
6164
6735
7374
7814
7842
7805
8009
8746
9262
9357
9376
9481
9533
9488
9771
9844
9856
9516
9295
8945
8863
8734
8422
7616
6920
6736
6615
6520
5961
5109
4126
3895
3810
3284
1795
575
56
-360
-1233
-2326
-3440
-4524
-5188
-5763
-6539
-7622
-8531
-9258
-9631
-9885
-10264
-10888
-11268
-11280
-11086
-11002
-11027
-10966
-10675
-10187
-9621
-9126
-8837
-8416
-7761
-7065
-6582
-6108
-5574
-4942
-4408
-4040
-3753
-3447
-3100
-2710
-2485
-2710
-2848
-2383
-2042
-2492
-2822
-2792
-2945
-3189
-3254
-3589
-4141
-4501
-4444
-4461
-4748
-4876
-4986
-5163
-5032
-4755
-4688
-4547
-4348
-3972
-3494
-2883
-2384
-2052
-1836
-1103
-358
252
690
1268
1731
2214
2766
3326
3609
3782
4124
4429
4784
4971
5200
5157
5064
5093
5366
5447
5518
5356
5166
5177
5463
5645
5531
5235
5170
5491
5956
6295
6028
5840
5910
6520
6926
7106
6678
6674
6967
7676
7969
7720
7242
7151
7589
7897
7880
7357
6978
6744
7089
7235
6786
5906
5373
5400
5574
5363
4643
3966
3587
3629
3632
3148
2370
1749
1349
976
634
17
-988
-1885
-2451
-3010
-3677
-4258
-5164
-6143
-6779
-7057
-7490
-8171
-8901
-9430
-9701
-9793
-9753
-9904
-10209
-10379
-10154
-9775
-9475
-9272
-9149
-8967
-8486
-7753
-7203
-6948
-6861
-6582
-5979
-5296
-5057
-5146
-4971
-4492
-4163
-3991
-3857
-3860
-3918
-3767
-3475
-3351
-3483
-3513
-3377
-3161
-2982
-2924
-2895
-2815
-2593
-2194
-1792
-1611
-1372
-1027
-522
-132
285
613
988
1372
1960
2519
3027
3253
3389
3861
4470
4774
4739
4886
5208
5722
5975
6045
5916
5994
6284
6641
6758
6644
6519
6814
7360
7606
7368
7074
7181
7706
8102
7996
7771
7755
7880
8108
8455
8290
7740
7454
7824
8398
8499
7752
7003
6982
7478
7498
6812
6179
5925
5829
5952
5980
5185
4175
3678
3502
2872
2080
1213
166
-891
-1416
-1903
-2897
-4111
-5224
-6065
-6749
-7204
-7920
-8894
-9642
-9845
-9995
-10218
-10531
-10802
-10938
-10816
-10354
-9918
-9721
-9498
-8993
-8434
-7810
-7150
-6633
-6275
-5719
-4974
-4253
-3687
-3299
-3032
-2654
-2241
-1934
-1659
-1474
-1500
-1577
-1548
-1416
-1384
-1669
-2136
-2387
-2430
-2544
-2811
-3206
-3634
-3957
-4048
-4025
-4114
-4413
-4675
-4657
-4362
-4017
-3897
-3917
-3738
-3259
-2691
-2188
-1831
-1562
-1150
-562
80
585
948
1233
1648
2171
2672
2979
3088
3231
3547
3836
3950
4037
4069
4124
4194
4260
4203
4087
3987
4113
4200
4065
3969
4057
4212
4265
4177
4011
4038
4389
4637
4447
4285
4533
4807
4887
4937
4836
4688
4653
5109
5283
4993
4526
4704
4855
4910
4696
4358
4140
3976
3980
3867
3616
3018
2750
2406
2363
2251
1927
1376
1093
993
822
541
274
76
-454
-647
-567
-643
-1049
-1384
-1687
-1848
-1904
-2020
-2340
-2776
-3023
-3134
-3205
-3389
-3692
-4109
-4467
-4568
-4531
-4709
-5163
-5497
-5656
-5702
-5720
-5853
-6147
-6418
-6489
-6387
-6275
-6325
-6481
-6577
-6406
-6103
-5844
-5871
-5946
-5766
-5323
-4967
-4747
-4559
-4360
-4071
-3671
-3194
-2889
-2705
-2460
-1978
-1502
-1104
-898
-662
-289
196
520
750
1000
1391
1787
2042
2161
2429
2818
3102
3183
3316
3539
3777
3891
4057
4135
4250
4356
4513
4603
4612
4644
4734
4793
4674
4745
4848
4910
4868
4818
4707
4742
4865
4792
4585
4530
4587
4479
4330
4325
4244
3990
3841
3841
3740
3557
3408
3229
3081
2847
2775
2712
2618
2345
2139
2015
2040
1955
1712
1569
1540
1461
1286
1331
1255
967
616
612
603
424
57
-259
-574
-819
-1008
-1335
-1878
-2400
-2771
-3090
-3396
-3822
-4364
-4906
-5207
-5401
-5685
-6132
-6498
-6759
-6884
-6946
-7006
-7178
-7327
-7285
-7064
-6900
-6838
-6749
-6559
-6279
-5959
-5635
-5354
-5092
-4773
-4337
-4021
-3745
-3481
-3172
-2840
-2536
-2306
-2058
-1784
-1560
-1352
-1153
-916
-763
-614
-411
-166
-21
51
150
444
749
889
980
1192
1535
1816
2041
2224
2384
2579
2990
3261
3452
3578
3840
4085
4290
4419
4674
4841
4864
4903
4955
5145
5299
5226
4958
4956
5099
5251
5063
4837
4624
4506
4465
4411
4212
3997
3811
3576
3536
3534
3357
2937
2639
2596
2614
2549
2429
2219
1950
1990
2093
1971
1754
1702
1776
1615
1517
1582
1597
1187
975
961
857
545
342
74
-319
-591
-847
-1223
-1719
-2093
-2506
-2937
-3331
-3656
-4117
-4611
-4979
-5287
-5667
-6047
-6294
-6532
-6831
-6995
-7006
-7097
-7230
-7223
-7144
-7053
-6902
-6725
-6539
-6322
-6028
-5733
-5426
-5114
-4757
-4438
-4165
-3822
-3413
-3089
-2840
-2528
-2189
-1910
-1716
-1505
-1247
-995
-836
-692
-474
-256
-77
86
197
326
524
684
877
1093
1206
1289
1538
1815
1982
2084
2236
2412
2623
2935
3192
3299
3390
3621
3859
4101
4229
4250
4266
4456
4705
4808
4759
4698
4718
4799
4895
4818
4596
4285
4310
4473
4370
3920
3634
3574
3612
3534
3260
2989
2760
2652
2549
2558
2333
1987
1715
1881
2031
1848
1426
1209
1311
1385
1350
1087
803
640
792
887
641
158
-102
-79
-79
-269
-655
-1085
-1341
-1343
-1431
-1820
-2349
-2741
-2920
-2969
-3127
-3495
-3925
-4160
-4171
-4177
-4397
-4742
-4928
-4917
-4784
-4679
-4770
-4901
-4849
-4633
-4433
-4324
-4294
-4185
-3935
-3652
-3433
-3280
-3140
-2937
-2695
-2476
-2309
-2118
-1904
-1710
-1530
-1342
-1209
-1064
-865
-638
-471
-394
-259
-24
208
321
436
572
756
961
1234
1417
1506
1615
1851
2128
2374
2488
2509
2659
2973
3276
3385
3366
3437
3637
3879
4088
4152
3948
3949
4281
4571
4461
4179
4113
4228
4396
4410
4287
3966
3893
3977
4089
3860
3468
3196
3319
3511
3344
2964
2745
2727
2688
2587
2263
2023
1865
1911
1907
1794
1464
1263
1128
1167
1118
838
529
399
423
440
299
-81
-366
-503
-444
-512
-788
-1120
-1252
-1307
-1367
-1551
-1838
-2131
-2303
-2343
-2383
-2589
-2897
-3100
-3109
-3116
-3275
-3488
-3659
-3684
-3636
-3617
-3705
-3794
-3840
-3751
-3662
-3678
-3723
-3672
-3552
-3425
-3337
-3305
-3264
-3161
-3000
-2889
-2833
-2805
-2704
-2533
-2376
-2316
-2272
-2211
-2088
-1928
-1826
-1796
-1761
-1630
-1460
-1310
-1236
-1195
-1119
-937
-750
-625
-544
-435
-298
-140
5
75
125
327
601
661
650
796
1033
1109
1159
1218
1217
1276
1570
1754
1623
1516
1605
1765
1775
1746
1672
1677
1745
1858
1843
1786
1728
1654
1620
1645
1669
1630
1567
1495
1552
1562
1471
1317
1236
1169
1209
1185
1128
1053
975
952
911
852
738
652
576
578
514
465
422
375
300
137
51
115
138
-19
-128
-160
-150
-138
-171
-320
-487
-486
-412
-427
-535
-641
-725
-782
-781
-762
-870
-1068
-1175
-1137
-1112
-1158
-1238
-1350
-1447
-1415
-1341
-1391
-1500
-1547
-1515
-1439
-1357
-1324
-1358
-1394
-1335
-1197
-1105
-1116
-1115
-1032
-915
-780
-694
-718
-754
-614
-432
-341
-345
-338
-244
-85
37
52
16
38
182
311
392
377
386
421
535
636
686
620
641
726
844
943
988
947
913
987
1141
1254
1228
1212
1229
1305
1380
1446
1410
1340
1301
1379
1483
1516
1430
1353
1319
1297
1313
1310
1233
1123
1063
1076
1150
1146
1060
893
771
807
882
825
731
620
536
554
633
600
435
273
174
208
318
360
180
-37
-50
118
156
-18
-184
-230
-224
-149
-106
-199
-357
-447
-426
-394
-448
-570
-651
-698
-671
-624
-657
-757
-840
-879
-875
-870
-882
-959
-1064
-1062
-1027
-1063
-1123
-1143
-1165
-1225
-1242
-1172
-1123
-1181
-1238
-1231
-1164
-1093
-1083
-1111
-1141
-1101
-1000
-939
-954
-977
-979
-948
-828
-745
-783
-858
-846
-726
-626
-608
-695
-748
-673
-556
-533
-593
-655
-634
-531
-466
-462
-547
-603
-513
-364
-349
-457
-519
-462
-331
-271
-268
-320
-341
-245
-93
-57
-177
-229
-162
-19
50
32
-32
-75
-38
54
132
78
-8
-48
45
181
220
120
33
2
65
158
184
87
-43
-55
89
193
173
52
-35
24
174
258
210
108
94
202
308
304
184
98
99
177
218
208
112
55
72
174
196
107
-12
-48
24
126
177
119
10
-41
72
197
206
49
-99
-56
172
270
116
-87
-98
23
105
82
-63
-207
-199
-65
43
-38
-223
-327
-281
-193
-158
-238
-365
-355
-255
-172
-210
-278
-359
-340
-277
-194
-177
-236
-263
-192
-112
-104
-116
-131
-57
9
21
-10
36
105
120
86
43
55
130
205
195
121
45
124
268
285
164
58
88
194
254
216
146
101
124
195
218
175
119
94
144
215
239
225
184
149
157
211
239
253
259
258
294
355
385
374
332
286
333
427
460
443
380
375
424
446
469
442
361
344
432
508
530
455
401
421
475
522
517
466
438
476
545
600
578
489
429
467
548
597
550
474
451
511
577
553
466
403
442
508
540
491
427
404
414
445
418
349
296
327
348
335
291
255
257
256
239
194
138
142
178
181
114
48
21
53
67
9
-88
-136
-79
-3
-6
-115
-205
-201
-109
-66
-114
-202
-232
-161
-68
-68
-139
-198
-211
-123
-81
-65
-131
-205
-176
-88
-47
-114
-214
-258
-195
-163
-90
-244
-118
-338
-123
-103
-141
-184
-335
-192
-189
-69
-117
-219
-236
-194
-119
-129
-160
-171
-224
-117
-80
-19
-107
-114
-64
0
46
-16
-31
1
54
82
10
-4
-9
28
15
15
-6
5
62
98
71
33
21
57
138
150
98
54
47
113
220
233
152
77
102
209
259
197
113
100
162
233
254
188
118
96
144
203
179
96
20
7
63
131
99
0
-64
-46
24
47
-11
-81
-78
-22
13
-8
-76
-142
-170
-147
-105
-153
-221
-230
-198
-211
-239
-358
-583
-550
-381
-444
-752
-767
-603
-562
-723
-827
-940
-1101
-981
-784
-931
-1198
-1195
-993
-870
-927
-1052
-1137
-1104
-900
-709
-759
-875
-857
-714
-618
-557
-553
-657
-654
-446
-266
-301
-391
-409
-341
-252
-197
-195
-293
-318
-179
-34
-63
-156
-172
-127
-44
36
46
-15
-6
112
213
201
148
150
196
284
379
399
371
391
483
524
504
496
523
525
530
584
610
590
568
580
591
587
579
564
546
542
552
554
526
505
504
489
473
486
505
498
482
499
527
536
546
552
547
530
518
523
537
526
512
503
499
495
493
477
419
392
400
405
386
357
339
343
322
267
211
184
169
168
138
104
98
99
72
22
-24
-57
-70
-74
-87
-106
-141
-176
-219
-280
-318
-353
-395
-471
-503
-492
-477
-505
-572
-643
-687
-681
-668
-683
-736
-773
-775
-754
-733
-720
-743
-783
-782
-725
-664
-658
-697
-720
-704
-656
-626
-648
-702
-719
-685
-641
-638
-682
-736
-742
-699
-660
-675
-698
-697
-654
-605
-585
-552
-568
-553
-530
-475
-448
-423
-374
-340
-314
-287
-222
-153
-86
-47
7
80
164
213
255
283
330
402
472
529
562
604
640
685
729
773
783
779
780
774
788
802
795
763
729
727
709
657
605
571
586
603
593
529
495
484
481
450
383
350
352
365
346
331
321
324
330
315
307
322
340
320
319
361
394
392
356
314
302
300
316
310
279
231
200
201
196
179
115
50
30
23
-14
-25
-103
-162
-227
-242
-221
-219
-292
-442
-461
-395
-316
-363
-510
-594
-567
-495
-468
-541
-665
-735
-696
-638
-685
-780
-839
-847
-870
-911
-956
-958
-958
-1031
-1125
-1150
-1121
-1115
-1125
-1188
-1250
-1230
-1177
-1138
-1154
-1185
-1209
-1194
-1132
-1065
-1066
-1120
-1121
-1079
-1022
-991
-1004
-1026
-1041
-1030
-979
-918
-859
-847
-860
-798
-687
-614
-575
-539
-483
-418
-383
-333
-239
-171
-183
-192
-153
-124
-126
-133
-94
-69
-107
-133
-96
-50
-94
-149
-112
24
143
128
104
207
308
297
342
407
379
341
335
373
468
503
470
467
501
546
623
688
709
690
636
679
781
863
879
842
815
859
997
1173
1231
1131
1089
1253
1468
1522
1455
1377
1390
1466
1549
1553
1491
1414
1343
1417
1557
1616
1524
1436
1531
1677
1663
1567
1544
1528
1469
1457
1523
1586
1543
1359
1302
1398
1483
1453
1328
1282
1336
1370
1353
1318
1272
1249
1190
1169
1222
1262
1198
1037
950
989
1033
989
899
845
842
818
802
757
716
755
696
566
524
587
586
557
430
346
218
267
284
252
243
76
86
35
67
94
89
21
-36
-45
20
109
84
-8
-37
47
63
89
76
6
-69
-61
-21
38
44
-5
-75
-81
-62
-45
-26
-46
-70
-91
3
45
3
-44
-62
9
78
102
70
51
68
109
205
239
222
229
329
475
560
566
574
676
791
877
938
1016
1047
1036
1076
1188
1264
1236
1198
1245
1319
1290
1209
1227
1303
1297
1248
1207
1213
1237
1238
1202
1133
1097
1100
1080
1023
950
866
819
816
811
749
649
593
579
566
529
462
379
330
324
311
293
251
220
210
205
203
183
169
169
192
221
258
246
220
228
241
262
261
242
244
262
247
211
184
155
125
73
27
32
22
-44
-130
-174
-172
-182
-226
-275
-317
-357
-385
-398
-406
-433
-489
-527
-543
-547
-542
-567
-627
-670
-683
-662
-647
-683
-741
-782
-788
-796
-830
-867
-882
-901
-960
-1037
-1092
-1105
-1117
-1165
-1239
-1303
-1316
-1321
-1349
-1411
-1478
-1520
-1558
-1583
-1596
-1617
-1663
-1705
-1722
-1714
-1719
-1739
-1739
-1723
-1700
-1684
-1667
-1663
-1656
-1627
-1585
-1538
-1490
-1468
-1458
-1440
-1410
-1381
-1358
-1348
-1346
-1334
-1300
-1273
-1257
-1242
-1220
-1176
-1126
-1099
-1084
-1079
-1046
-989
-958
-956
-969
-970
-954
-941
-937
-938
-954
-974
-989
-977
-965
-976
-1017
-1045
-1052
-1058
-1050
-1047
-1051
-1071
-1079
-1073
-1063
-1040
-1030
-1022
-1013
-1000
-979
-960
-934
-915
-899
-885
-843
-798
-773
-772
-780
-772
-740
-707
-694
-685
-688
-686
-676
-671
-661
-663
-651
-645
-628
-599
-563
-548
-540
-527
-523
-494
-453
-411
-387
-348
-310
-283
-248
-206
-147
-109
-68
-24
22
63
97
130
159
183
203
215
236
233
221
200
176
175
180
171
142
138
130
153
178
204
226
227
238
252
279
305
326
333
358
380
408
429
446
455
478
504
515
532
545
560
571
581
592
607
613
624
638
641
641
635
635
647
649
652
657
657
657
655
659
652
646
639
634
624
604
581
561
532
514
507
488
465
441
422
396
363
328
299
262
223
190
156
120
93
71
50
32
9
-4
-22
-33
-44
-53
-58
-59
-60
-62
-67
-70
-76
-83
-91
-90
-75
-68
-62
-60
-57
-53
-31
-11
8
35
57
78
93
111
125
153
185
217
239
262
280
294
318
340
357
370
377
385
393
404
412
407
401
393
392
402
402
405
402
395
386
388
398
398
394
384
373
362
350
331
316
309
301
285
263
257
244
226
215
198
192
180
161
146
136
120
105
103
94
87
78
57
47
51
50
36
26
5
-14
-18
-28
-31
-42
-54
-78
-90
-99
-95
-96
-108
-136
-126
-14
-294
-327
-13
-167
-329
-152
-169
-325
-269
-234
-356
-395
-196
-300
-445
-326
-318
-429
-429
-373
-424
-420
-393
-418
-465
-424
-408
-464
-450
-419
-456
-441
-399
-417
-403
-365
-380
-380
-345
-328
-348
-320
-284
-307
-302
-269
-285
-279
-240
-265
-265
-231
-217
-232
-226
-193
-205
-175
-146
-158
-150
-126
-105
-94
-84
-68
-56
-57
-54
-56
-47
-41
-48
-26
-23
-35
-36
-29
-37
-40
-31
-31
-29
-20
-11
-3
-4
-8
2
6
-1
4
7
-9
-11
-17
-25
-27
-32
-25
-18
-38
-52
-63
-72
-72
-69
-80
-98
-99
-91
-88
-98
-108
-124
-136
-137
-142
-153
-164
-179
-194
-207
-210
-215
-231
-241
-256
-262
-263
-271
-283
-289
-301
-302
-309
-317
-314
-328
-319
-314
-312
-313
-312
-308
-315
-305
-300
-294
-294
-285
-283
-284
-272
-267
-255
-241
-231
-214
-211
-206
-189
-177
-175
-165
-163
-161
-152
-137
-127
-123
-118
-112
-107
-103
-91
-80
-80
-83
-75
-63
-49
-44
-40
-40
-30
-27
-21
-11
-6
-5
-1
3
-2
16
20
24
30
38
47
45
53
55
61
66
78
88
87
101
100
100
107
111
126
138
144
141
143
150
164
180
188
196
207
211
220
221
226
232
241
252
273
281
291
297
289
292
300
300
309
314
312
314
311
313
313
313
308
296
287
288
281
277
261
259
242
228
218
197
181
177
167
153
155
134
119
112
100
88
80
66
58
46
30
19
10
4
-4
-8
-10
-19
-22
-21
-23
-20
-23
-24
-23
-30
-33
-29
-30
-31
-32
-32
-26
-30
-24
-30
-25
-17
-26
-24
-20
-19
-23
-19
-15
-5
7
9
19
21
32
40
45
46
50
60
66
72
79
103
130
133
60
37
127
167
166
159
141
148
137
176
192
181
202
221
176
140
182
255
255
187
172
180
214
228
244
232
217
222
229
219
232
266
285
252
220
230
236
246
246
249
233
214
211
230
215
200
182
166
157
158
169
162
149
147
146
129
114
125
125
114
112
110
108
104
96
85
77
60
69
67
58
41
40
39
29
20
14
15
5
8
-1
-21
-28
-26
-21
-23
-31
-41
-36
-36
-39
-32
-39
-45
-46
-43
-42
-36
-26
-30
-27
-28
-32
-24
-20
-17
-21
-35
-38
-37
-25
-19
-8
-1
-15
-21
-28
-30
-20
-21
-25
-26
-24
-26
-31
-32
-27
-27
-26
-26
-26
-29
-26
-32
-24
-8
-6
-2
-6
-1
-6
-10
-4
-2
-1
6
11
10
6
-1
0
2
6
0
-3
-6
-3
-5
-10
-16
-28
-25
-30
-33
-34
-36
-51
-64
-61
-66
-71
-68
-75
-84
-89
-98
-101
-96
-94
-109
-119
-122
-114
-112
-120
-117
-119
-120
-115
-121
-130
-128
-134
-128
-130
-127
-120
-118
-127
-135
-135
-134
-122
-122
-126
-128
-134
-129
-125
-121
-122
-120
-112
-113
-100
-98
-104
-101
-109
-102
-99
-105
-109
-111
-103
-99
-97
-89
-81
-83
-78
-80
-77
-73
-70
-64
-55
-47
-53
-58
-67
-73
-79
-80
-65
-55
-51
-51
-50
-54
-58
-61
-61
-55
-53
-52
-43
-36
-31
-27
-17
-8
-10
-1
2
12
13
14
22
28
22
29
35
28
29
28
36
28
28
22
21
27
24
22
21
18
21
24
14
20
23
25
24
23
20
28
23
15
7
-7
-13
-26
-24
-25
-23
-32
-48
-62
-62
-64
-52
-57
-62
-64
-72
-77
-90
-97
-111
-107
-108
-108
-113
-119
-123
-137
-133
-133
-137
-136
-137
-139
-135
-133
-136
-142
-141
-140
-146
-139
-147
-152
-154
-153
-154
-155
-156
-164
-157
-159
-158
-160
-155
-146
-152
-147
-144
-149
-148
-147
-145
-139
-135
-129
-131
-137
-147
-147
-133
-131
-124
-123
-119
-121
-120
-117
-116
-113
-112
-107
-103
-102
-99
-90
-84
-80
-76
-73
-66
-61
-57
-45
-32
-31
-24
-23
-28
-20
-27
-14
-11
-10
-8
-11
-5
-5
1
3
6
5
13
18
19
26
25
17
11
11
21
18
19
17
8
-4
0
-4
5
-3
-8
-6
-17
-9
-21
-26
-31
-38
-42
-41
-44
-41
-42
-44
-46
-56
-52
-60
-72
-79
-87
-89
-80
-78
-74
-91
-94
-97
-105
-102
-94
-91
-94
-99
-103
-103
-113
