-126
-133
-142
-164
-144
-138
-132
-128
-157
-154
-155
-156
-150
-151
-136
-141
-143
-145
-146
-148
-139
-140
-144
-150
-154
-150
-154
-152
-145
-137
-151
-148
-158
-167
-167
-177
-165
-162
-162
-155
-157
-162
-174
-180
-182
-185
-192
-187
-180
-179
-182
-195
-196
-204
-212
-206
-201
-191
-195
-199
-206
-214
-209
-202
-204
-219
-222
-233
-229
-228
-222
-214
-210
-222
-232
-215
-226
-218
-213
-224
-213
-215
-216
-224
-218
-208
-221
-217
-222
-211
-206
-198
-211
-222
-219
-218
-197
-194
-193
-195
-184
-183
-193
-197
-191
-187
-184
-169
-164
-169
-172
-174
-168
-159
-156
-172
-165
-158
-161
-151
-153
-153
-138
-142
-150
-165
-159
-152
-158
-158
-167
-173
-166
-157
-155
-157
-160
-167
-168
-151
-159
-165
-162
-167
-167
-163
-169
-177
-163
-165
-170
-179
-177
-171
-165
-159
-172
-170
-165
-173
-176
-176
-192
-192
-183
-182
-175
-171
-175
-175
-172
-178
-176
-161
-161
-154
-139
-133
-127
-133
-122
-123
-112
-109
-109
-104
-114
-110
-95
-90
-100
-100
-109
-108
-104
-115
-96
-105
-109
-109
-122
-115
-125
-128
-127
-130
-128
-132
-140
-158
-171
-182
-175
-159
-160
-171
-179
-185
-197
-196
-191
-204
-209
-220
-234
-237
-238
-257
-263
-262
-273
-288
-298
-287
-286
-287
-295
-322
-336
-338
-344
-342
-346
-351
-346
-358
-369
-370
-383
-382
-380
-374
-370
-360
-367
-356
-350
-348
-326
-327
-306
-296
-291
-272
-257
-238
-226
-216
-203
-198
-187
-190
-181
-154
-152
-145
-121
-113
-108
-108
-116
-106
-85
-70
-58
-57
-59
-53
-42
-26
-20
-15
12
21
23
24
40
68
79
91
94
89
97
108
107
116
100
71
78
76
70
65
67
64
45
37
27
15
12
-3
-9
-16
-27
-49
-27
-27
-33
-38
-61
-67
-62
-58
-58
-53
-82
-94
-103
-116
-137
-170
-178
-218
-242
-257
-279
-301
-333
-364
-380
-415
-434
-457
-500
-522
-551
-595
-621
-646
-657
-669
-667
-658
-656
-643
-631
-609
-590
-562
-531
-503
-485
-483
-460
-426
-378
-337
-295
-254
-224
-182
-152
-100
-51
-20
2
28
68
97
138
177
218
274
328
378
421
466
510
558
602
633
665
693
720
749
808
861
917
986
1038
1078
1137
1208
1255
1308
1343
1377
1403
1434
1477
1495
1535
1572
1618
1673
1725
1785
1830
1872
1901
1947
1982
2008
2044
2063
2063
2039
2047
2048
2047
2062
2057
2036
2032
2027
2022
2029
2028
2015
2013
2013
2004
1981
1998
2006
1996
2018
2009
1998
1977
1962
1920
1877
1848
1822
1802
1784
1767
1717
1711
1700
1692
1698
1685
1670
1658
1638
1606
1567
1525
1500
1480
1475
1475
1474
1512
1551
1597
1645
1661
1660
1641
1623
1583
1517
1457
1381
1307
1223
1137
1038
993
976
940
922
897
875
854
838
803
761
736
697
670
649
598
538
508
477
421
348
266
180
88
-10
-118
-234
-363
-463
-565
-672
-771
-874
-947
-1030
-1127
-1214
-1292
-1358
-1417
-1490
-1555
-1609
-1664
-1708
-1746
-1789
-1834
-1875
-1897
-1928
-1962
-2002
-2060
-2095
-2139
-2175
-2201
-2235
-2268
-2276
-2299
-2333
-2360
-2383
-2363
-2366
-2355
-2334
-2338
-2340
-2324
-2294
-2282
-2246
-2216
-2171
-2140
-2105
-2061
-2044
-2003
-1982
-1941
-1908
-1889
-1843
-1802
-1779
-1751
-1703
-1646
-1591
-1536
-1471
-1412
-1386
-1327
-1279
-1229
-1165
-1123
-1095
-1087
-1075
-1057
-1043
-1017
-1003
-976
-942
-909
-892
-850
-820
-794
-766
-752
-749
-768
-778
-807
-810
-790
-775
-753
-733
-717
-711
-672
-652
-653
-628
-628
-640
-646
-648
-662
-685
-707
-728
-749
-752
-765
-793
-794
-794
-790
-764
-738
-723
-717
-723
-724
-718
-699
-665
-644
-615
-584
-552
-499
-436
-397
-348
-300
-260
-204
-133
-74
-11
80
165
281
388
499
593
703
808
879
967
1039
1126
1196
1264
1328
1392
1445
1502
1556
1607
1662
1704
1758
1794
1822
1848
1893
1915
1949
1989
2032
2061
2091
2138
2194
2266
2327
2356
2399
2457
2497
2542
2568
2579
2572
2543
2496
2449
2378
2313
2253
2177
2111
2035
1998
1954
1905
1856
1825
1822
1814
1824
1823
1832
1849
1862
1851
1855
1840
1793
1775
1767
1752
1726
1698
1678
1678
1696
1733
1757
1790
1824
1874
1908
1931
1896
1880
1857
1795
1728
1651
1577
1492
1404
1309
1232
1167
1101
1037
967
895
800
737
680
610
554
496
434
357
280
225
193
132
71
28
-22
-61
-111
-134
-138
-135
-126
-116
-100
-82
-97
-117
-156
-203
-256
-327
-411
-519
-610
-688
-783
-881
-975
-1055
-1112
-1160
-1171
-1173
-1159
-1153
-1143
-1134
-1125
-1104
-1091
-1088
-1096
-1128
-1156
-1191
-1218
-1264
-1334
-1405
-1460
-1520
-1586
-1633
-1659
-1683
-1718
-1728
-1720
-1707
-1698
-1693
-1696
-1703
-1685
-1660
-1645
-1636
-1625
-1591
-1577
-1558
-1550
-1501
-1468
-1429
-1422
-1397
-1369
-1325
-1310
-1276
-1246
-1215
-1197
-1149
-1099
-1047
-1001
-947
-898
-849
-803
-770
-732
-702
-668
-632
-606
-577
-543
-500
-451
-407
-401
-362
-333
-297
-281
-268
-261
-253
-249
-248
-260
-266
-262
-254
-257
-274
-301
-298
-281
-289
-284
-283
-283
-290
-289
-285
-296
-312
-338
-377
-412
-436
-471
-498
-532
-586
-635
-672
-706
-728
-742
-768
-803
-842
-862
-902
-930
-958
-993
-1023
-1054
-1081
-1106
-1139
-1165
-1181
-1199
-1207
-1219
-1225
-1241
-1224
-1209
-1194
-1197
-1169
-1141
-1120
-1100
-1077
-1026
-956
-896
-840
-787
-751
-702
-674
-654
-630
-613
-587
-557
-525
-499
-469
-409
-346
-264
-191
-131
-81
-44
-20
-13
-8
-5
1
7
2
-6
25
73
142
210
289
381
468
605
743
878
990
1083
1172
1255
1287
1331
1355
1394
1416
1418
1404
1402
1394
1376
1349
1325
1311
1267
1283
1275
1263
1221
1213
1175
1140
1069
1015
946
889
842
772
732
692
662
659
683
707
736
761
783
823
877
910
944
979
986
991
1011
1029
1046
1075
1105
1132
1158
1215
1255
1271
1269
1281
1302
1289
1282
1271
1239
1208
1171
1124
1079
1038
1019
980
934
889
842
781
736
713
666
632
591
550
501
480
488
493
494
480
466
430
442
438
435
411
404
377
357
356
302
275
260
227
173
134
96
76
31
6
-39
-73
-128
-157
-192
-220
-284
-300
-332
-362
-397
-438
-480
-518
-528
-560
-578
-618
-631
-657
-657
-692
-725
-748
-761
-779
-790
-815
-827
-852
-879
-883
-889
-901
-918
-937
-942
-953
-983
-972
-953
-938
-946
-939
-949
-949
-951
-914
-916
-912
-896
-873
-856
-814
-788
-768
-755
-743
-712
-704
-681
-663
-633
-628
-632
-632
-615
-587
-560
-546
-575
-564
-551
-533
-536
-528
-493
-479
-452
-441
-399
-373
-315
-302
-266
-231
-192
-147
-83
-62
-11
15
62
111
172
239
287
357
381
426
434
470
455
495
491
475
460
437
438
427
438
442
470
481
513
527
532
575
593
630
645
672
671
695
692
711
705
689
672
674
677
684
707
700
704
711
741
736
762
780
784
790
808
812
824
831
841
832
826
801
764
756
767
766
759
754
743
744
724
713
691
672
625
610
583
593
556
563
588
610
643
660
693
695
740
731
748
728
737
705
669
597
516
464
395
287
200
134
56
7
-77
-128
-149
-150
-193
-217
-253
-272
-320
-356
-384
-416
-446
-512
-567
-621
-647
-649
-646
-663
-676
-685
-727
-724
-754
-730
-775
-792
-833
-852
-895
-920
-954
-967
-994
-1072
-1100
-1122
-1100
-1141
-1182
-1221
-1196
-1221
-1225
-1265
-1234
-1218
-1232
-1241
-1228
-1207
-1186
-1184
-1176
-1171
-1165
-1102
-1047
-1000
-963
-911
-884
-834
-802
-740
-735
-729
-753
-750
-781
-803
-832
-858
-882
-935
-938
-1000
-975
-1020
-998
-1041
-1016
-1032
-1031
-1009
-1032
-1005
-1068
-1061
-1116
-1093
-1152
-1139
-1179
-1183
-1209
-1186
-1159
-1156
-1082
-1038
-950
-946
-884
-885
-826
-833
-818
-834
-844
-854
-892
-892
-913
-902
-925
-897
-901
-896
-915
-896
-873
-859
-831
-846
-833
-851
-834
-838
-819
-817
-802
-770
-761
-713
-703
-594
-549
-483
-458
-385
-332
-304
-286
-266
-238
-253
-243
-296
-304
-336
-332
-385
-392
-397
-384
-384
-384
-377
-392
-386
-405
-382
-413
-418
-448
-457
-512
-510
-509
-505
-505
-501
-486
-503
-501
-495
-483
-497
-479
-471
-467
-469
-458
-431
-356
-302
-212
-155
-72
17
87
168
259
372
451
567
643
787
867
1013
1127
1251
1351
1481
1580
1673
1745
1766
1834
1852
1892
1898
1984
1976
1974
1983
2054
2064
2130
2146
2182
2220
2264
2283
2274
2271
2238
2257
2174
2161
2088
2090
2016
1975
1903
1878
1803
1763
1703
1625
1569
1471
1414
1283
1237
1133
1062
963
913
830
794
741
688
637
573
540
473
418
311
290
180
108
18
-12
-67
-165
-200
-282
-296
-394
-432
-508
-551
-683
-779
-871
-955
-1028
-1154
-1245
-1362
-1383
-1491
-1514
-1604
-1595
-1660
-1700
-1758
-1778
-1766
-1814
-1849
-1971
-1975
-2011
-2027
-2113
-2095
-2131
-2130
-2118
-2092
-2015
-1920
-1862
-1863
-1756
-1697
-1633
-1663
-1599
-1563
-1548
-1565
-1620
-1630
-1621
-1610
-1664
-1615
-1576
-1509
-1476
-1422
-1348
-1252
-1149
-1074
-1004
-877
-753
-673
-567
-513
-469
-403
-343
-310
-281
-255
-269
-332
-351
-378
-377
-437
-508
-587
-620
-662
-718
-769
-812
-866
-949
-989
-1040
-1040
-1071
-1114
-1207
-1210
-1216
-1211
-1242
-1268
-1244
-1214
-1163
-1152
-1098
-1058
-1029
-1070
-1027
-960
-912
-908
-907
-908
-905
-913
-937
-953
-954
-940
-936
-895
-854
-801
-731
-690
-667
-592
-535
-494
-461
-397
-363
-301
-217
-125
-40
58
120
153
221
329
399
429
484
504
584
634
721
766
840
892
946
984
997
988
986
1029
978
983
1018
1081
1092
1169
1195
1273
1361
1468
1577
1658
1759
1778
1844
1904
1963
1947
1934
1873
1829
1794
1752
1665
1606
1558
1543
1555
1561
1581
1560
1617
1625
1657
1672
1714
1736
1761
1766
1763
1781
1805
1824
1841
1897
1862
1908
1950
1952
1926
1920
1886
1881
1853
1827
1805
1766
1763
1737
1697
1621
1546
1444
1368
1252
1166
1059
978
835
721
636
557
431
293
232
153
145
72
68
39
26
14
7
-37
-28
-95
-151
-230
-271
-269
-307
-366
-412
-390
-416
-412
-425
-380
-384
-313
-285
-176
-75
51
155
270
396
501
622
600
673
664
664
589
537
462
415
317
261
209
202
211
114
117
86
95
57
79
29
32
-11
-53
-79
-128
-106
-80
17
137
335
489
676
847
1033
1193
1354
1483
1596
1712
1774
1902
1953
2017
2019
2032
2017
1994
1965
1916
1888
1843
1819
1752
1739
1661
1567
1448
1328
1151
1017
822
652
507
307
126
17
-49
-158
-236
-382
-470
-562
-582
-703
-772
-821
-921
-924
-867
-800
-758
-629
-544
-469
-391
-273
-224
-143
-112
-91
-65
-9
-2
-28
-22
-88
-137
-177
-181
-191
-174
-197
-190
-198
-166
-174
-140
-165
-188
-154
-171
-103
-131
-138
-137
-91
-142
-177
-258
-337
-443
-535
-592
-707
-774
-828
-835
-912
-928
-962
-952
-1029
-1107
-1165
-1225
-1306
-1465
-1558
-1740
-1932
-2126
-2309
-2557
-2748
-2947
-3111
-3262
-3401
-3444
-3523
-3566
-3590
-3541
-3518
-3512
-3534
-3469
-3390
-3340
-3200
-3147
-3010
-2885
-2740
-2587
-2445
-2358
-2293
-2296
-2330
-2290
-2326
-2269
-2283
-2180
-2027
-1921
-1773
-1586
-1433
-1313
-1155
-1065
-895
-724
-456
-229
71
381
670
947
1176
1353
1500
1682
1751
1832
1916
2018
2080
2153
2190
2183
2188
2155
2096
1977
1864
1689
1551
1370
1166
922
717
539
315
133
-8
-86
-193
-237
-252
-217
-209
-190
-218
-231
-202
-222
-254
-340
-413
-454
-447
-493
-470
-467
-428
-376
-354
-310
-245
-163
-137
-100
-40
60
150
286
388
610
907
1156
1435
1763
2097
2423
2785
3098
3385
3644
3890
4071
4221
4399
4522
4594
4633
4586
4478
4322
4087
3688
3263
2856
2326
1773
1135
477
-219
-864
-1403
-1933
-2213
-2341
-2242
-1906
-1415
-746
81
984
1790
2435
2982
3430
3777
4051
4203
4317
4378
4432
4465
4503
4600
4679
4729
4622
4483
4336
4088
3810
3445
3121
2816
2474
2168
1868
1580
1301
1050
782
515
294
98
-98
-278
-425
-558
-702
-819
-957
-1136
-1273
-1423
-1632
-1877
-2161
-2432
-2703
-3019
-3300
-3562
-3772
-3960
-4166
-4344
-4482
-4605
-4711
-4831
-4957
-5031
-5129
-5206
-5248
-5285
-5280
-5260
-5224
-5144
-5036
-4938
-4772
-4590
-4427
-4216
-3917
-3609
-3303
-2953
-2568
-2131
-1792
-1603
-1459
-1365
-1450
-1782
-2255
-2746
-3302
-3963
-4665
-5378
-6113
-6812
-7535
-8118
-8317
-8321
-8227
-7991
-7642
-7143
-6546
-5839
-5093
-4240
-3134
-1889
-667
650
2121
3493
4675
5689
6601
7402
8129
8758
9351
9976
10502
10918
11311
11640
11893
12063
12044
11914
11674
11329
10947
10483
10046
9674
9294
8921
8593
8314
8050
7777
7501
7298
7084
6899
6754
6588
6461
6286
6064
5881
5702
5474
5189
4886
4576
4209
3771
3363
2943
2483
2057
1598
1129
668
237
-236
-667
-1084
-1476
-1859
-2254
-2598
-3010
-3309
-3644
-4002
-4289
-4545
-4806
-5031
-5216
-5424
-5566
-5685
-5781
-5887
-5952
-6014
-6090
-6138
-6209
-6276
-6353
-6472
-6561
-6613
-6667
-6715
-6649
-6579
-6451
-6214
-5993
-5680
-5327
-4918
-4482
-3930
-3390
-2778
-2251
-2195
-2267
-2168
-2127
-2466
-2892
-3346
-3877
-4705
-5755
-6683
-7469
-8326
-9125
-9493
-9580
-9516
-9158
-8413
-7695
-6801
-5464
-3921
-2416
-804
933
2481
3800
4989
6020
6835
7478
7973
8509
9093
9596
10090
10757
11399
11795
12285
12890
13358
13708
14048
14224
14143
13965
13637
13065
12449
11815
11120
10369
9646
8934
8253
7653
7107
6687
6473
6316
6085
5924
5800
5503
5057
4606
3979
3218
2460
1649
804
25
-668
-1407
-2172
-2789
-3358
-3981
-4533
-5086
-5604
-6128
-6677
-7222
-7733
-8210
-8825
-9337
-9704
-10133
-10650
-11064
-11411
-11824
-12136
-12396
-12629
-12792
-12957
-13070
-13144
-13291
-13321
-13321
-13226
-13016
-12732
-12229
-11744
-11353
-10910
-10407
-9976
-9552
-9131
-8769
-8386
-8100
-7808
-7535
-7310
-7040
-6734
-6492
-6184
-5852
-5508
-5159
-4836
-4477
-4201
-3977
-3874
-3801
-3666
-3720
-4108
-4485
-4786
-5265
-5874
-6434
-7054
-7846
-8571
-9086
-9273
-9381
-9479
-9366
-9009
-8442
-7783
-6748
-5637
-4537
-3066
-1325
388
2118
3913
5501
6846
7990
9060
9919
10551
11030
11575
12179
12705
13146
13567
14149
14608
15000
15394
15810
16132
16322
16429
16320
16025
15587
15068
14445
13859
13258
12658
12097
11628
11236
10843
10575
10413
10369
10326
10299
10197
10062
9869
9541
9147
8695
8129
7392
6627
5805
4912
3951
3014
2077
1176
407
-294
-1028
-1701
-2253
-2845
-3379
-3911
-4373
-4829
-5315
-5818
-6395
-6867
-7462
-8078
-8619
-9127
-9648
-10172
-10698
-11208
-11630
-12127
-12464
-12777
-12959
-13080
-13177
-13329
-13425
-13404
-13360
-13177
-13029
-12802
-12640
-12405
-12182
-11930
-11749
-11657
-11610
-11363
-11070
-10866
-10559
-10281
-9667
-8725
-7530
-6372
-5235
-4275
-3321
-2143
-826
548
1844
3212
4405
5599
6857
8162
9068
9831
10573
11039
11106
10912
10614
10035
9407
8585
7875
7496
7329
7067
7193
7647
8146
8859
9985
11268
12440
13984
15569
17040
18445
20000
21269
22299
23158
23793
24101
24197
24084
23676
23293
22734
22073
21331
20843
20286
19794
19337
18818
18120
17351
16596
15536
14425
13103
11765
10167
8677
7096
5501
4051
2829
1705
651
-33
-726
-1187
-1642
-2037
-2484
-2873
-3459
-4126
-4887
-5698
-6585
-7591
-8470
-9536
-10529
-11574
-12444
-13345
-14064
-14674
-15165
-15561
-15902
-16102
-16251
-16328
-16510
-16640
-16855
-17073
-17370
-17593
-17974
-18414
-18799
-19200
-19588
-19907
-20212
-20539
-20754
-20958
-20980
-20934
-20863
-20730
-20372
-20000
-19663
-19246
-18970
-18597
-18197
-17757
-17272
-16853
-16379
-15830
-15235
-14451
-13672
-12743
-11763
-10725
-9604
-8599
-7511
-6383
-4979
-3381
-1531
278
1956
3496
4991
6602
8095
9428
10745
11961
12692
13185
13276
13134
12842
12370
11806
11104
10407
9613
8679
7846
7226
6610
6304
6410
6740
6955
7394
8225
9223
10415
11900
13578
15253
17076
18744
20186
21413
22189
22641
22884
22900
22846
22593
22367
21912
21452
21155
20751
20359
19848
19522
18988
18381
17776
17024
16157
15146
14046
12804
11516
10314
9010
7698
6493
5291
4237
3349
2720
2294
2094
1995
1910
1910
1916
1778
1495
1086
598
-142
-959
-1749
-2742
-3752
-4812
-5764
-6756
-7728
-8555
-9245
-9821
-10404
-10944
-11418
-11811
-12184
-12537
-12864
-13303
-13794
-14078
-14469
-14762
-15107
-15524
-15864
-16242
-16393
-16506
-16562
-16626
-16792
-16933
-17102
-17182
-17273
-17371
-17416
-17465
-17476
-17512
-17518
-17382
-17178
-16926
-16680
-16428
-16157
-16047
-15755
-15417
-15118
-14696
-14170
-13594
-12897
-12060
-11191
-10072
-8814
-7528
-6226
-4783
-3412
-2054
-555
883
2091
3018
3903
4725
5619
6276
6679
6911
6729
6218
5559
4905
4179
3275
2708
2368
2042
2056
2485
2948
3328
4126
5220
6340
7814
9629
11352
13049
14721
16311
17722
19061
20271
21109
21672
21886
21861
21560
21232
20749
20200
19754
19324
18772
18324
18003
17580
17065
16538
16096
15364
14685
13920
12965
11860
10675
9385
7949
6706
5444
4305
3422
2755
2366
2195
2320
2453
2580
2754
2778
2646
2465
2261
1954
1548
1059
493
-301
-1105
-1975
-2828
-3562
-4235
-4853
-5522
-6017
-6503
-6846
-7127
-7357
-7559
-7889
-8312
-8936
-9576
-10179
-10854
-11355
-11787
-12150
-12422
-12531
-12549
-12715
-12837
-13102
-13279
-13363
-13483
-13600
-13915
-14232
-14776
-15332
-15820
-16227
-16440
-16590
-16632
-16677
-16638
-16531
-16393
-16218
-16051
-15887
-15581
-15285
-14978
-14650
-14386
-13969
-13300
-12632
-12050
-11357
-10604
-9722
-8636
-7432
-6203
-4934
-3708
-2688
-1893
-1321
-980
-722
-508
-380
-265
-295
-412
-724
-1188
-1712
-2235
-2511
-2493
-2028
-1398
-555
570
1999
3588
5345
7179
9247
11552
13713
15805
17743
19487
20812
21956
22984
23817
24385
24802
25001
24899
24709
24369
24011
23652
23340
23053
22885
22704
22400
22039
21554
20995
20233
19373
18439
17382
16250
15081
13840
12566
11345
10076
8889
7765
6808
6003
5421
4909
4540
4224
3902
3591
3038
2481
1690
701
-439
-1568
-2751
-3833
-4826
-5878
-6948
-8084
-9071
-10079
-10982
-11878
-12608
-13463
-14339
-15155
-16006
-16793
-17696
-18591
-19577
-20458
-21448
-22255
-22962
-23451
-23937
-24442
-24906
-25424
-25912
-26319
-26478
-26762
-27014
-27387
-27634
-27673
-27435
-27060
-26553
-25875
-25236
-24402
-23419
-22355
-21428
-20507
-19170
-17527
-15867
-14086
-12333
-10238
-7812
-5399
-3170
-1176
479
2154
3953
5948
8212
10593
12823
15040
16982
18555
19877
20839
21555
22077
22528
22920
23223
22981
22354
21526
20576
19426
18055
16759
15367
14082
13066
12488
12024
11774
11854
12240
12885
13704
14886
16183
17636
19120
20582
21922
23146
24032
24617
25125
25399
25329
25003
24569
23856
22968
21944
20931
20015
19302
18768
18217
17661
17170
16541
15808
15179
14345
13378
12391
11346
10140
8880
7522
6137
4876
3696
2663
1776
1093
433
-192
-613
-898
-1215
-1430
-1538
-1799
-2156
-2504
-2981
-3617
-4371
-5199
-6116
-7023
-7947
-8936
-9823
-10593
-11269
-11880
-12429
-12989
-13610
-14152
-14676
-15282
-15785
-16374
-16831
-17096
-17367
-17511
-17652
-17892
-18177
-18405
-18605
-18771
-18909
-18992
-19069
-19044
-19067
-19082
-19126
-19170
-19146
-19080
-18940
-18897
-18841
-18807
-18838
-18767
-18575
-18236
-17892
-17535
-17041
-16588
-16061
-15527
-15043
-14521
-14033
-13552
-13138
-12748
-11968
-11020
-9834
-8309
-6789
-5387
-3911
-2514
-1345
-24
1286
2337
3200
3880
4383
4830
5272
5551
5633
5614
5363
4890
4501
3980
3401
3206
3495
4017
4699
5735
6787
8059
9759
11690
13610
15624
17672
19547
21266
22812
24065
24957
25649
26106
26341
26320
26223
25904
25525
25219
24841
24413
23868
23382
22790
22228
21727
21112
20339
19491
18656
17778
16804
15835
14700
13424
12225
11043
9814
8726
7708
6622
5621
4826
4015
3246
2548
1862
1192
591
116
-621
-1505
-2355
-3279
-4348
-5335
-6357
-7641
-8844
-9988
-11188
-12455
-13708
-14934
-16191
-17287
-18279
-19269
-20180
-20924
-21614
-22150
-22491
-22853
-23393
-24046
-24706
-25422
-25944
-26256
-26559
-26725
-26744
-26687
-26537
-26333
-26142
-25953
-25662
-25273
-24868
-24520
-24145
-23823
-23560
-23177
-22708
-22404
-22130
-21845
-21671
-21376
-20961
-20374
-19640
-18747
-17858
-16963
-16004
-14936
-13814
-12609
-11089
-8999
-6712
-4596
-2422
-473
1581
3651
5624
7659
9607
11201
12607
13839
14670
15409
15654
15102
14486
14107
13741
13696
13633
13657
13694
14215
15005
15797
16842
17968
19481
21278
23360
25421
27533
29412
31435
32741
32759
32767
32764
32767
32767
32763
32767
32758
32767
32750
32767
32489
30948
29189
27379
25714
24089
22464
21076
19727
18411
17151
15887
14397
13059
11599
10048
8472
6928
5466
4245
3183
2192
1429
719
131
-278
-539
-718
-809
-890
-901
-1006
-1049
-1125
-1397
-1776
-2255
-2986
-3996
-5054
-6419
-7849
-9136
-10338
-11572
-12742
-13808
-14725
-15513
-16090
-16465
-16889
-17094
-17253
-17330
-17310
-17234
-17255
-17310
-17192
-17180
-17200
-17196
-17198
-17325
-17444
-17447
-17436
-17360
-17058
-16699
-16426
-16185
-16040
-16019
-16033
-15787
-15708
-15529
-15290
-14962
-14698
-14447
-14052
-13704
-13204
-12573
-11859
-11344
-10747
-10255
-9776
-9065
-8169
-7343
-6354
-5258
-4207
-2936
-1482
105
1667
3497
5460
7282
8924
10092
10491
10594
11043
11250
10973
10502
9612
8479
7314
5960
4664
3518
2318
1354
831
701
696
1240
2352
3633
5189
7185
9406
11486
13636
15808
17921
19873
21560
22732
23468
23905
24004
23761
23297
22608
21558
20498
19486
18463
17296
16237
15194
14087
13122
12125
11011
9704
8457
7206
5907
4765
3688
2582
1646
1037
401
-126
-444
-722
-977
-785
-463
-145
473
1194
1808
2392
3093
3518
3747
3776
3640
3076
2367
1468
188
-1286
-2730
-4326
-6019
-7442
-8946
-10475
-11770
-12742
-13730
-14448
-14905
-15267
-15525
-15400
-15007
-14653
-14109
-13491
-12960
-12413
-11797
-11381
-11178
-10988
-10772
-10883
-11070
-11259
-11635
-12073
-12493
-12821
-13386
-13874
-14253
-14606
-14924
-14957
-14779
-14575
-14168
-13516
-12934
-12184
-11047
-10240
-9478
-8588
-7706
-6998
-6267
-5697
-5317
-4900
-4588
-4191
-3984
-3679
-3418
-3266
-3016
-2499
-2282
-2074
-1777
-1828
-1962
-2350
-3003
-4001
-5011
-6414
-7783
-9177
-10645
-11912
-12888
-13655
-13934
-13559
-12777
-11601
-10300
-8340
-5980
-3254
128
3716
7087
10418
13495
16269
18724
20476
21735
22709
23270
23481
23491
23103
22488
21643
20660
19691
18681
17523
16407
15438
14568
14025
13690
13351
13045
12641
12193
11849
11654
11489
11367
11237
11123
11134
11259
11493
11765
12182
12684
13262
13807
14292
14646
14950
15088
15065
14889
14488
13760
12709
11448
10040
8513
6748
4980
3092
1224
-554
-2172
-3663
-4922
-5854
-6521
-6878
-6892
-6667
-6251
-5640
-4843
-3910
-2943
-1823
-778
110
1015
1902
2409
2735
3017
2919
2598
2291
1760
1072
427
-309
-1203
-2066
-2756
-3396
-3941
-4292
-4473
-4649
-4454
-4061
-3827
-3313
-2550
-2040
-1641
-766
-288
307
1219
1666
1821
2214
2739
2949
3372
3744
3651
3607
3939
4169
3808
3564
3015
1807
430
-1381
-4011
-7033
-9908
-13388
-17116
-20846
-24200
-27205
-29853
-31798
-32768
-32761
-32673
-31247
-29074
-26373
-22819
-18989
-14940
-10922
-7048
-3528
-364
2311
4256
5533
6448
6831
6410
5607
4725
3417
1964
609
-878
-2307
-3430
-4337
-5326
-6079
-6564
-7054
-7470
-7681
-7880
-8174
-8029
-8037
-7950
-7347
-6608
-5773
-4735
-3629
-2470
-912
476
1943
3434
4581
5771
6927
7748
8227
8594
8655
8415
7877
7185
6285
5141
4101
3097
2039
1333
1005
561
504
835
1198
1777
2710
3533
4284
5190
6126
6912
7418
8010
8471
8626
8898
9114
8942
8730
8647
8278
7765
7409
6992
6612
6354
6171
6078
6178
6514
6678
6915
7247
7726
8157
8726
9388
9614
10199
10798
11254
11816
12494
12671
12859
13291
13504
14038
14358
14307
14272
14467
14677
15023
15166
14937
15119
15048
14711
14327
13717
12410
10711
7783
3249
-926
-4741
-9676
-15493
-21142
-26425
-29933
-32168
-32768
-32726
-32768
-32661
-30482
-26190
-21992
-17916
-13615
-9091
-5650
-2761
48
1551
1881
1715
1053
-34
-921
-2633
-5259
-7169
-8404
-9758
-11145
-12281
-13609
-14646
-15139
-15699
-16677
-17407
-18000
-18794
-19234
-19073
-18662
-18040
-16877
-15406
-13302
-10451
-7280
-4476
-2197
303
2530
3871
4750
4504
2976
1499
-58
-2691
-5243
-7602
-10097
-11802
-12771
-13014
-12799
-11728
-10328
-8701
-6660
-4099
-1993
-592
1078
2057
2899
3821
4219
3896
3931
4067
4030
4281
4404
4518
4586
4880
5133
5305
5453
5549
5211
5117
5378
5296
5335
5656
5883
6390
7473
8342
9373
10555
11574
12706
13676
14366
14804
15150
15194
15120
14871
14585
14442
13908
13784
13720
13663
14150
14219
14157
14549
14863
15085
15640
15595
15211
15562
15398
15032
15093
14892
14488
14022
13568
12610
11950
10915
8842
5451
1462
-2665
-7149
-11529
-16505
-21337
-25192
-27468
-28520
-28597
-27781
-25531
-22287
-18731
-14708
-10523
-7022
-3999
-1558
-147
826
1477
1214
107
-1242
-2523
-3720
-4838
-5832
-7467
-8763
-9406
-10201
-11325
-12359
-13425
-14851
-15652
-16416
-16971
-16977
-16539
-15737
-14271
-11864
-9065
-6160
-3351
-510
2071
4481
6304
6614
6295
5141
3204
1021
-1632
-4589
-7098
-9160
-11049
-11624
-11861
-11367
-10296
-8935
-7278
-5612
-3600
-1833
-651
-23
989
1399
1713
2102
2027
2072
2463
2636
2633
2862
2844
2615
2253
2005
1627
1218
814
672
380
679
1537
2157
2986
3996
5104
6280
7504
8149
8782
9467
9941
10224
10367
10578
10757
10811
10786
10898
11190
11484
11520
11572
11591
11564
12213
13018
13835
14803
15323
15559
16652
17651
17596
17923
17005
15809
14951
13631
11910
11198
10433
9232
9387
8413
8161
8546
8811
7152
4796
1781
-2608
-6676
-10398
-14779
-19827
-22027
-23994
-24719
-22205
-19798
-18462
-14419
-10228
-8250
-4974
-2262
-2291
-2661
-2337
-3537
-4727
-5007
-6166
-7799
-7597
-7185
-7945
-7532
-7384
-9221
-10527
-10871
-12670
-14358
-15271
-16680
-17167
-16108
-14538
-12671
-9876
-7084
-4492
-1632
1140
2504
3020
3320
2616
1590
517
-1377
-3514
-4931
-6924
-8690
-10249
-11452
-11840
-11870
-12395
-12344
-11219
-10044
-8486
-7279
-5643
-3886
-1841
-36
1568
2476
3135
3416
2893
2500
1507
523
-538
-1545
-2719
-2856
-2721
-2520
-2369
-1882
-558
712
1923
2799
3749
4434
5482
6066
6669
7168
7678
8165
8490
8886
9436
10117
10242
10472
10548
10714
10807
10631
9895
9672
10038
10469
11109
11955
12948
14103
15450
16311
17428
18736
19947
20258
18956
16647
15183
16174
17301
17147
16100
15516
16082
18565
20113
18632
17031
15483
14160
13300
11887
7049
-1030
-9466
-15135
-18302
-20391
-22578
-26392
-27093
-22228
-16358
-11728
-7309
-5160
-4269
-1376
1815
2319
1080
-140
-1881
-2890
-1833
-982
-1989
-3398
-5935
-9013
-9979
-11035
-15110
-20056
-23262
-24491
-23304
-20415
-17697
-15524
-11812
-6534
-1686
2201
4593
4608
3631
2941
1941
823
-808
-3344
-5668
-6275
-5920
-5654
-6249
-8416
-10760
-12880
-14236
-15029
-16043
-17611
-16980
-14403
-10961
-6401
-2581
77
2169
4337
5340
5366
3850
1160
-2038
-3691
-4346
-5328
-5764
-5731
-5602
-4471
-2362
-1644
-1582
-1832
-2226
-2361
-1485
-484
55
917
2454
4552
6755
8537
8537
7836
7228
6570
5961
5275
3979
3065
3587
4906
6866
8786
10145
11001
11836
12597
13059
12923
12346
11473
11058
12090
13691
15028
16336
17329
18614
19690
19398
17543
14967
13673
13953
13850
13478
13927
14719
17183
19590
19263
18202
17398
16095
14531
11912
6454
-2769
-12511
-18497
-21359
-22599
-22934
-25229
-24008
-16303
-10213
-6553
-2545
-1373
-2221
-417
1211
352
-1019
-1660
-2702
-2707
-927
-742
-2376
-4893
-9666
-14562
-16175
-18480
-22780
-25646
-25457
-22291
-16858
-10952
-6295
-2751
763
4188
5698
5558
3932
1091
-1711
-3530
-4106
-3875
-4185
-5044
-5654
-5583
-6073
-7876
-10239
-13289
-15605
-15763
-15571
-14338
-11038
-8726
-4855
126
2441
3786
4919
3411
1244
-105
-1996
-3844
-5077
-5109
-4841
-3314
-1315
-897
-1123
-896
-1421
-2416
-3035
-4358
-4539
-3684
-2266
-628
1605
3598
4836
5805
5805
5668
5287
4466
2911
2611
2816
3232
4422
5434
6046
7184
8817
8991
9001
9248
8542
8033
8918
9299
9942
12020
13336
14231
15910
17340
18051
17832
16925
16449
16998
17336
16822
15170
13916
15328
16802
17415
17271
16350
16270
18315
18358
15633
12929
11080
11385
11623
9488
5170
-1322
-9461
-14179
-16494
-19188
-21039
-21811
-20747
-15142
-7974
-4049
-1362
417
244
519
2354
1010
-2679
-4516
-5562
-6313
-5332
-5243
-8004
-10851
-13766
-16440
-17569
-18290
-20344
-21283
-19026
-14635
-9221
-4285
-1051
478
2460
3736
3876
1649
-833
-3669
-6106
-6778
-6457
-6061
-7203
-7395
-7517
-7192
-7096
-7351
-8592
-9900
-9198
-8515
-7782
-7004
-6537
-5371
-2817
-2003
-2130
-1784
-2569
-3177
-3116
-3599
-3971
-3670
-3580
-3003
-2321
-1501
-1164
-1929
-2978
-3412
-3627
-3366
-3487
-3755
-3182
-1870
-483
543
823
1130
1426
1344
1779
1912
1780
2022
2761
3494
3991
4942
5143
4559
4355
5118
5433
5746
6562
7212
8445
9827
10607
10825
10808
10600
10703
10701
11176
11935
12869
14477
16479
18205
19578
20418
20166
19082
17400
15721
13494
11770
11774
11669
12430
15118
15446
14422
14787
13347
10839
10089
7887
5781
4156
943
-4858
-9870
-12598
-13970
-14950
-14417
-14922
-14198
-9097
-6016
-5745
-4279
-3354
-3778
-2968
-2721
-3695
-4613
-5027
-5832
-6933
-7437
-8800
-11518
-13806
-15835
-17095
-16421
-15724
-15447
-13689
-10330
-6528
-4051
-2603
-1460
-1301
-1419
-1413
-2442
-3767
-4511
-5273
-5789
-5892
-5913
-6438
-7299
-7867
-8011
-7646
-6788
-6535
-5742
-4391
-3955
-3389
-4096
-5854
-6237
-6529
-6928
-5749
-6012
-5975
-3632
-2584
-2438
-1458
-1418
-2233
-2196
-2024
-2595
-2776
-2671
-2973
-2884
-1722
-1858
-2326
-2366
-2865
-2797
-1876
-1550
-1261
-368
676
1937
3253
3580
3613
3628
3134
2954
2993
2664
2562
2927
3312
4502
5883
6979
7536
8451
9538
10231
10487
10410
10144
10138
10751
11295
11456
11994
12703
13518
14737
16409
17301
17836
18142
18265
17878
16993
15666
13903
13910
14599
13903
13302
13427
12041
12723
13534
10296
8702
8930
7496
6810
5217
-2391
-9396
-11741
-13154
-14489
-13733
-13183
-13750
-9539
-5288
-4586
-4106
-3635
-6222
-6085
-4130
-4368
-5062
-5165
-5875
-6478
-6087
-7006
-10361
-14001
-15891
-16490
-15618
-14172
-13245
-11655
-8839
-5484
-3291
-2783
-2959
-3859
-4812
-4241
-3880
-4404
-4403
-4579
-4793
-4047
-4008
-5579
-7351
-8299
-8338
-7588
-6165
-5094
-4058
-2944
-1991
-2565
-4039
-6180
-7606
-8024
-7566
-6843
-5721
-4227
-2820
-1323
-1490
-1814
-2306
-3034
-3740
-2880
-3099
-2712
-2030
-1721
-1917
-1921
-2597
-3218
-3518
-3708
-2971
-2088
-904
45
1131
1692
2157
2199
1684
1387
1259
1271
1450
2186
2755
3454
4210
4446
4551
4769
5461
5912
6860
8504
9658
10964
11725
11377
10769
10617
9601
9740
9343
9893
12321
14105
15797
17815
18539
18517
20532
19003
17047
15171
14793
13195
14157
13590
12088
12778
14184
13846
12917
12382
8607
8292
8313
7856
4898
1592
-4785
-9998
-11852
-11621
-12499
-12986
-11835
-10187
-5583
-3197
-4695
-6093
-5471
-6079
-5372
-4414
-5037
-6333
-5954
-5615
-7047
-8782
-10710
-13597
-15363
-14860
-13701
-12050
-10891
-9848
-7915
-5552
-4436
-5072
-6201
-6279
-5851
-5173
-4163
-4178
-4451
-4137
-4102
-4750
-5447
-6473
-7682
-8012
-6976
-5584
-4496
-3626
-2753
-1736
-943
-889
-2138
-5692
-7362
-7681
-7829
-6035
-4524
-5550
-3079
-1317
-2607
-2081
-2548
-5046
-4267
-2412
-2346
-1734
-969
-1144
-1786
-1172
-2009
-4016
-4093
-3864
-3701
-1550
-275
-341
580
856
1149
1080
470
-29
-291
484
1710
2299
2586
3103
3309
3934
3727
3912
4614
5037
6419
7827
8695
9370
9673
9074
8772
9144
9761
9698
10272
11651
12169
12928
13962
13972
14411
15092
15880
15449
16842
17230
14751
11578
12842
12879
15630
18764
15436
12274
13578
13502
11536
11968
7513
6041
7521
9071
6918
5135
-1753
-10660
-14695
-14835
-13461
-11810
-9384
-9701
-5577
-2051
-2238
-6014
-7635
-9611
-9238
-6324
-4243
-4455
-5018
-4831
-5988
-7717
-10289
-13531
-16655
-16449
-13981
-10983
-8864
-7715
-7469
-6424
-5616
-6121
-7792
-7585
-7331
-5332
-3761
-510
-3141
-4753
-2390
-7490
-6136
-6236
-8693
-7077
-4594
-4572
-1647
-2411
-2728
-4427
-3826
-5893
-5514
-5342
-7685
-6836
-5083
-4397
-3670
-3114
-5193
-3956
-3642
-3571
-3096
-2124
-3145
-1506
-900
-1471
-2711
-3384
-4341
-4739
-3373
-2524
-3265
-1930
-1219
-1062
-135
-769
-1727
-1166
-974
166
810
1001
1276
1842
2013
1937
1738
1647
2066
2709
4396
5191
6034
6297
6521
6775
7359
6946
7090
7814
8448
9411
10018
10206
9868
9887
10254
10907
10926
12080
13017
13613
15796
17489
17828
17111
15963
13738
13874
13632
11822
11178
11810
12249
12478
12437
10254
7894
6546
6047
5083
4323
4283
4181
3407
1538
-1791
-6392
-10089
-11606
-10558
-10247
-8629
-7711
-7546
-6213
-6023
-8324
-9301
-8929
-8849
-7660
-6004
-4981
-5756
-5931
-7219
-9876
-11002
-11891
-12906
-12064
-10441
-9331
-8110
-7346
-7598
-7950
-7916
-8105
-8045
-6807
-5240
-4349
-3385
-3046
-3644
-4434
-5143
-5992
-6053
-5501
-4631
-3749
-2843
-2574
-2781
-3251
-3610
-4211
-5176
-5950
-5851
-5669
-5650
-5410
-5660
-5082
-4136
-4059
-4688
-3782
-3686
-3023
-1569
-1060
-1601
-1058
-704
-1333
-2037
-2758
-3465
-4029
-2990
-2377
-2321
-1829
-1452
-1685
-1047
-873
-1299
-1353
-353
616
1487
2009
2236
1677
1553
1587
1498
2095
2918
3643
4602
5844
6323
6372
6094
5898
5920
6803
7835
8848
9621
10307
10433
10166
9617
9337
9248
9889
10337
11532
12936
14648
15461
16208
16128
15759
13987
13037
12487
12607
13247
13666
14049
12767
10935
9027
8663
7593
6203
4030
4767
6269
7279
7118
6021
4005
1212
-3149
-7706
-10293
-10693
-8798
-7548
-7011
-7457
-7437
-7840
-9620
-11362
-11016
-9914
-8085
-5682
-4214
-4267
-5024
-6430
-8267
-9755
-10443
-10751
-10177
-8604
-7452
-7140
-7417
-8387
-9493
-9841
-9796
-9259
-7838
-6024
-4563
-3473
-2978
-3545
-4643
-5424
-5515
-5255
-4456
-3466
-2751
-2306
-2091
-2452
-3376
-4310
-4767
-4876
-4987
-4671
-3992
-4195
-5306
-6377
-6524
-5918
-5165
-5018
-5043
-3113
-1510
-1815
-1903
-1566
-2076
-1642
-1005
-1448
-2271
-1868
-803
-1430
-1921
-1607
-2465
-2827
-1745
-1580
-1381
-474
124
114
562
1424
1060
597
1464
2020
2113
3080
3436
3194
3588
4764
5026
4830
5170
5629
6108
6936
7196
7275
7675
8755
9093
8998
8927
8825
8949
9931
10479
10410
10677
11584
12949
13770
13887
13994
13533
13793
13314
12551
12071
12228
11698
11439
11354
11446
10258
10008
9554
8436
9072
8975
7842
6934
7363
7361
6938
5614
3238
159
-3269
-7193
-10083
-10726
-9883
-9581
-9969
-9818
-9013
-8785
-10045
-11230
-11057
-9481
-8160
-7338
-6222
-5015
-3981
-3740
-4764
-6388
-7269
-7583
-7663
-7646
-7444
-7457
-7389
-7122
-7063
-7240
-7494
-7956
-8246
-7665
-6561
-5552
-4726
-3956
-3425
-3177
-3074
-3226
-3554
-3656
-3530
-3451
-3532
-3787
-3957
-3803
-3590
-3673
-4404
-4808
-4903
-4673
-4438
-4513
-4743
-4788
-4574
-4297
-4287
-4471
-4671
-4759
-4258
-3895
-3738
-3420
-3112
-2604
-2063
-1613
-1444
-1423
-1132
-1001
-930
-614
-379
-145
300
583
833
878
932
1043
901
1107
1228
1183
1482
1693
1816
2128
2265
2488
2757
2834
3214
3357
3567
3852
4016
4293
4654
4814
5125
5353
5621
5869
6015
6274
6370
6464
6762
6888
7206
7438
7609
7811
7958
8057
8204
8285
8446
8615
8525
8821
8844
9031
8988
8964
8678
8647
8728
8956
8996
8959
8642
8081
8092
8197
8037
7649
7295
6278
5405
3906
2243
1050
500
27
-704
-1876
-2864
-4091
-5202
-6034
-6917
-7578
-8195
-8853
-9071
-9189
-9337
-9510
-9872
-10046
-10051
-10208
-10329
-10202
-9872
-9349
-8772
-8097
-7590
-7325
-7073
-6848
-6600
-6250
-5990
-5752
-5386
-5006
-4723
-4510
-4322
-4080
-3891
-3751
-3628
-3534
-3473
-3162
-2920
-2531
-2517
-2563
-2609
-2822
-2750
-2708
-2818
-2545
-2424
-2532
-2234
-2316
-1989
-1890
-1812
-1520
-1400
-1212
-820
-932
-553
-286
-340
-159
-205
-279
-225
-352
-306
-372
-449
-358
-438
-428
-293
-454
-382
-360
-460
-558
-644
-651
-556
-433
-228
-54
200
477
636
929
1205
1564
2044
2509
3091
3618
4054
4402
4722
5028
5338
5733
5995
6422
6703
7101
7282
7635
7701
7903
8136
8179
8310
8575
8715
9015
9319
9232
9420
9545
9721
9890
9970
10044
10152
10315
10540
10316
9998
9578
9147
9050
9121
8850
8443
7410
5313
3343
1905
1050
588
-137
-1621
-2907
-4106
-5312
-6595
-7658
-8627
-9743
-10421
-10718
-11143
-11237
-11264
-11636
-11536
-11206
-11218
-11360
-11271
-10879
-10326
-9550
-8766
-8271
-7843
-7353
-7095
-6700
-6255
-6092
-5879
-5461
-5061
-4690
-4310
-4055
-3676
-3350
-3170
-3160
-3155
-3136
-3069
-2844
-2511
-2245
-1964
-1737
-1522
-1415
-1426
-1543
-1662
-1581
-1405
-1235
-957
-667
-536
-385
-445
-543
-594
-628
-690
-597
-565
-500
-385
-315
-268
-346
-461
-620
-780
-836
-868
-957
-897
-880
-888
-943
-1046
-1194
-1311
-1309
-1278
-1200
-1103
-936
-799
-523
-284
-41
160
468
771
1128
1600
2099
2578
3076
3501
3891
4251
4633
4994
5443
5796
6179
6533
6923
7366
7660
7848
8095
8247
8562
8783
8929
9134
9189
9200
9290
9141
9094
9199
9093
9297
9440
9274
9269
9205
9010
9083
9063
8910
8714
8374
8082
7739
7703
7779
7242
6617
5482
3301
1605
466
-340
-729
-1432
-2778
-3996
-5149
-6202
-7418
-8346
-9035
-9901
-10229
-10228
-10514
-10607
-10630
-10956
-10814
-10621
-10814
-11022
-10854
-10354
-9636
-8826
-8149
-7746
-7398
-7005
-6788
-6475
-6075
-5840
-5399
-4816
-4432
-4126
-3833
-3643
-3381
-3112
-3094
-3156
-3119
-2983
-2821
-2511
-2331
-2142
-2032
-1712
-1774
-1726
-1668
-1844
-1562
-1319
-1486
-1203
-1256
-1573
-1131
-1323
-1136
-1005
-1068
-859
-768
-647
-382
-757
-772
-660
-923
-689
-658
-901
-817
-917
-1063
-1076
-1153
-1176
-1106
-1221
-1074
-1158
-1178
-961
-897
-784
-510
-561
-364
-28
171
674
984
1267
1691
1919
2333
2775
3009
3532
3920
4321
4982
5286
5651
6052
6158
6478
6765
6939
7209
7383
7576
7859
7897
8155
8283
8280
8456
8313
8210
8333
8351
8481
8632
8571
8558
8387
8311
8323
8284
8444
8439
8307
8245
8117
7708
7515
7123
6866
6736
6461
5910
4959
3236
1690
437
-270
-661
-1462
-2692
-3847
-5042
-6066
-6960
-7836
-8601
-9362
-9713
-9854
-10116
-10207
-10310
-10593
-10457
-10269
-10307
-10333
-10157
-9733
-9067
-8340
-7677
-7290
-6988
-6641
-6332
-5987
-5671
-5467
-5211
-4800
-4448
-4147
-3897
-3743
-3477
-3230
-3123
-3108
-3110
-3083
-2983
-2805
-2580
-2409
-2230
-1963
-1763
-1698
-1589
-1766
-1855
-1580
-1589
-1333
-1130
-1183
-994
-974
-971
-824
-1107
-975
-995
-1063
-680
-779
-725
-575
-770
-721
-736
-861
-768
-863
-742
-669
-737
-596
-619
-686
-601
-670
-713
-563
-513
-339
-228
-78
163
310
662
933
1120
1527
1781
2070
2467
2739
3138
3469
3859
4308
4528
4952
5293
5642
6128
6454
6696
6993
7229
7446
7524
7647
7746
7685
7947
8098
8160
8366
8272
8038
7905
7689
7830
7979
8002
8060
7776
7667
7833
7651
7730
7780
7646
7827
7700
7420
7286
6948
6766
6487
6128
5798
5011
3672
1983
370
-470
-982
-1561
-2457
-3676
-4793
-5964
-7030
-7967
-8664
-9305
-9818
-10002
-10101
-10186
-10162
-10286
-10257
-10043
-9969
-9980
-9934
-9619
-9103
-8488
-7795
-7285
-6974
-6654
-6390
-6137
-5835
-5609
-5368
-5033
-4672
-4366
-4123
-3987
-3845
-3677
-3510
-3433
-3411
-3317
-3162
-2945
-2753
-2597
-2460
-2270
-2098
-2034
-2180
-2148
-1990
-1680
-1220
-931
-956
-784
-803
-884
-806
-813
-720
-572
-277
-8
7
45
57
-154
-104
-89
-239
-196
-166
-245
-272
-349
-367
-535
-741
-796
-933
-1072
-901
-862
-702
-359
-342
-248
-51
99
361
616
936
1311
1716
2119
2522
2759
3158
3435
3667
4074
4371
4578
4889
5212
5469
5883
6104
6188
6365
6544
6770
7034
7186
7305
7464
7505
7831
7844
7847
7942
7853
7867
7989
7842
7825
7562
7314
7222
6988
6868
6694
6414
6317
6181
5946
5831
5651
5604
5572
5240
4868
4431
3891
3610
2989
2150
1503
511
-618
-1489
-2427
-3104
-3710
-4571
-5444
-6281
-7029
-7684
-8261
-8598
-8961
-9339
-9430
-9621
-9819
-9650
-9690
-9696
-9369
-9174
-9010
-8679
-8392
-8085
-7691
-7236
-6782
-6467
-6053
-5737
-5469
-5041
-4729
-4497
-4203
-3988
-3816
-3586
-3450
-3303
-3131
-2997
-2824
-2651
-2455
-2251
-2041
-1895
-1639
-1723
-1853
-1769
-1833
-1603
-1353
-1380
-1178
-1042
-1216
-981
-1079
-999
-918
-825
-534
-440
-383
-242
-307
-203
-115
-256
-241
-294
-276
-280
-229
-168
-131
-61
-80
-82
-166
-244
-239
-238
-119
123
202
361
470
598
761
846
1021
1206
1521
1958
2331
2668
3039
3231
3601
3859
4192
4426
4707
5020
5442
5785
6136
6278
6357
6536
6574
6818
7129
7227
7432
7519
7468
7731
7696
7643
7594
7333
7323
7361
7083
7076
6672
6423
6389
6204
5978
5820
5402
5313
5390
5414
5476
5162
4918
4811
4700
4454
4185
3462
3119
2600
1883
1315
212
-911
-1678
-2451
-2942
-3587
-4745
-5548
-6448
-7100
-7497
-8117
-8567
-8949
-9224
-9289
-9387
-9554
-9546
-9609
-9421
-9061
-8905
-8671
-8346
-8025
-7556
-7093
-6810
-6458
-6164
-5754
-5276
-4952
-4600
-4308
-4064
-3744
-3501
-3385
-3239
-3121
-2913
-2706
-2621
-2572
-2472
-2356
-2102
-1917
-1811
-1785
-1933
-2069
-1915
-1787
-1463
-1304
-1300
-1098
-1108
-1154
-1058
-1101
-857
-651
-586
-303
-296
-170
25
-33
127
186
75
161
134
119
229
214
224
165
66
15
-113
-142
-74
-65
16
100
71
129
196
290
409
606
851
1023
1325
1588
1789
2195
2462
2768
3172
3376
3685
3945
4219
4499
4756
5055
5386
5682
6039
6213
6394
6530
6602
6837
6965
7174
7355
7489
7563
7540
7353
7261
7190
7192
7077
6878
6562
6222
6111
5878
5562
5252
4917
4652
4654
4494
4374
4254
4190
4124
3970
3801
3410
2974
2648
2352
1866
1512
949
190
-717
-1564
-2449
-3094
-3566
-4282
-5042
-5655
-6338
-7046
-7530
-7907
-8311
-8588
-8714
-8919
-8994
-8890
-8937
-8878
-8622
-8438
-8254
-7966
-7632
-7296
-6886
-6479
-6147
-5804
-5482
-5234
-4961
-4661
-4369
-4075
-3759
-3518
-3319
-3150
-3047
-2939
-2759
-2634
-2512
-2352
-2267
-2143
-2025
-1876
-1833
-1883
-1760
-1624
-1539
-1301
-1347
-1271
-942
-958
-787
-624
-705
-495
-336
-242
10
38
153
184
158
330
262
275
459
383
425
491
402
385
345
349
264
208
305
232
280
406
320
422
402
477
585
613
851
1018
1200
1634
1741
1938
2315
2437
2713
2902
3079
3318
3571
3993
4406
4712
5057
5132
5267
5549
5731
5843
6019
6171
6257
6540
6681
6734
6807
6783
6740
6705
6728
6679
6690
6712
6660
6348
6170
5884
5756
5664
5300
5045
4768
4629
4570
4374
4201
4138
3929
3929
3789
3442
3301
2963
2625
2352
1955
1549
1076
444
-151
-1054
-1932
-2586
-3290
-3655
-4103
-4870
-5457
-5992
-6639
-7052
-7414
-7763
-7998
-8141
-8174
-8243
-8230
-8183
-8199
-8081
-7820
-7697
-7476
-7141
-6889
-6522
-6089
-5759
-5427
-5124
-4898
-4609
-4376
-4156
-3884
-3649
-3403
-3209
-3029
-2886
-2774
-2590
-2369
-2300
-2106
-1943
-1888
-1729
-1655
-1711
-1645
-1569
-1497
-1331
-1330
-1320
-1241
-1043
-840
-781
-715
-570
-503
-307
-134
-75
103
240
360
417
488
506
409
425
437
408
501
545
490
546
492
430
338
297
285
282
367
407
480
512
635
670
746
952
1033
1259
1575
1744
1930
2248
2402
2815
3037
3206
3508
3668
4079
4412
4508
4726
4907
4980
5251
5369
5445
5710
5835
6022
6061
6015
6010
6087
6185
6280
6279
6151
6264
6028
5927
5653
5574
5449
5382
5225
4927
4552
4298
3984
3691
3735
3478
3464
3299
3210
3204
3104
3075
2762
2544
2351
2046
1842
1613
1231
854
274
-311
-822
-1755
-2388
-3199
-3591
-3951
-4471
-5112
-5717
-6242
-6661
-7049
-7380
-7626
-7856
-7854
-7903
-7871
-7844
-7772
-7666
-7484
-7227
-7117
-6875
-6597
-6260
-5872
-5474
-5185
-4876
-4588
-4349
-4107
-3889
-3635
-3426
-3187
-3011
-2867
-2728
-2626
-2486
-2340
-2257
-2208
-2070
-1980
-1829
-1725
-1719
-1714
-1671
-1535
-1332
-1283
-1261
-1246
-1207
-943
-811
-755
-585
-518
-374
-192
-196
-96
0
159
354
433
512
542
526
616
626
613
613
601
585
548
560
448
444
530
519
515
510
415
503
594
715
899
991
1124
1308
1448
1676
1834
1934
2266
2489
2761
3097
3205
3334
3632
3747
4166
4313
4367
4592
4613
4817
5051
5009
5320
5486
5401
5549
5490
5438
5545
5450
5581
5649
5653
5631
5318
5182
5169
4751
4613
4393
4013
4033
3815
3260
3055
2729
2490
2358
2107
1937
1650
1469
1456
1242
1261
1345
1078
1095
1026
671
553
483
231
77
-230
-655
-1003
-1374
-1863
-2423
-3000
-3494
-3881
-4264
-4600
-5094
-5507
-5838
-6239
-6464
-6657
-6958
-7019
-6987
-7014
-6898
-6824
-6789
-6636
-6452
-6264
-6053
-5783
-5480
-5153
-4821
-4491
-4235
-3968
-3657
-3424
-3212
-2992
-2797
-2596
-2393
-2263
-2095
-2016
-1874
-1751
-1712
-1672
-1694
-1763
-1774
-1713
-1725
-1635
-1656
-1667
-1666
-1601
-1661
-1573
-1496
-1408
-1228
-1111
-967
-806
-650
-477
-322
-191
32
105
298
489
532
614
672
698
762
818
837
845
874
948
946
909
913
841
824
854
861
881
990
1107
1229
1313
1423
1509
1647
1904
2030
2226
2398
2620
2830
3046
3206
3414
3522
3728
3771
3810
4022
4166
4357
4448
4502
4584
4589
4737
4639
4469
4528
4444
4512
4617
4407
4242
4149
4041
3913
3743
3631
3445
3349
3168
2822
2716
2515
2275
2182
1985
1918
1847
1656
1567
1492
1354
1386
1421
1307
1201
1082
969
1099
1127
1043
942
725
654
604
378
162
-175
-530
-745
-1133
-1654
-2130
-2591
-2955
-3225
-3593
-4023
-4391
-4785
-5037
-5304
-5587
-5689
-5788
-5793
-5721
-5799
-5803
-5664
-5566
-5330
-5179
-5086
-4885
-4656
-4375
-4068
-3862
-3649
-3424
-3256
-3046
-2941
-2905
-2731
-2628
-2486
-2319
-2351
-2334
-2272
-2300
-2230
-2319
-2382
-2351
-2342
-2260
-2257
-2411
-2281
-2205
-2118
-1949
-1849
-1755
-1501
-1250
-1074
-862
-678
-499
-250
-9
133
247
331
525
661
789
948
1007
1047
1204
1188
1165
1156
1080
1111
1187
1186
1194
1153
1134
1141
1116
1136
1193
1233
1343
1456
1517
1667
1794
1886
2016
2140
2221
2356
2548
2757
2954
3128
3269
3369
3469
3535
3395
3464
3553
3596
3764
3838
3861
3927
3838
3840
3763
3661
3635
3462
3583
3660
3596
3624
3449
3258
3241
2977
2959
2848
2723
2688
2514
2403
2225
2020
1989
1868
1718
1615
1386
1349
1291
1212
1085
918
768
536
477
356
149
150
71
-51
-79
-305
-506
-589
-726
-792
-1087
-1297
-1522
-1812
-1994
-2241
-2607
-2815
-3053
-3348
-3541
-3792
-4050
-4231
-4353
-4475
-4600
-4707
-4804
-4811
-4782
-4749
-4736
-4690
-4555
-4438
-4323
-4180
-4072
-3932
-3715
-3568
-3409
-3283
-3190
-2993
-2841
-2731
-2613
-2601
-2517
-2390
-2489
-2502
-2586
-2604
-2439
-2406
-2389
-2350
-2442
-2334
-2262
-2243
-2087
-2044
-1856
-1589
-1415
-1247
-1085
-945
-682
-481
-322
-166
-7
215
474
630
755
891
998
1120
1249
1293
1335
1390
1461
1504
1500
1525
1482
1501
1563
1630
1691
1734
1712
1739
1738
1839
1885
1922
1983
2027
2104
2256
2380
2450
2562
2672
2774
2836
2944
2956
3071
3141
3204
3281
3280
3366
3287
3251
3253
3192
3248
3354
3213
3179
3083
2962
2992
2867
2845
2849
2813
2650
2498
2457
2455
2388
2266
2091
2002
1987
1859
1788
1728
1763
1691
1607
1450
1266
1272
1252
1110
1061
924
794
755
612
545
464
340
228
72
-101
-225
-331
-392
-348
-487
-688
-878
-1055
-1258
-1465
-1716
-1906
-2034
-2159
-2310
-2595
-2868
-3084
-3245
-3374
-3478
-3632
-3728
-3775
-3811
-3882
-3935
-3992
-4014
-4052
-4083
-4057
-4035
-3938
-3840
-3811
-3755
-3716
-3703
-3616
-3541
-3455
-3349
-3261
-3157
-3093
-3021
-2942
-2885
-2794
-2735
-2663
-2561
-2426
-2300
-2180
-2075
-1960
-1859
-1706
-1587
-1485
-1333
-1181
-1009
-806
-616
-398
-192
6
232
393
572
738
892
1096
1294
1470
1617
1715
1785
1832
1867
1917
1967
2065
2134
2176
2220
2215
2231
2218
2217
2216
2272
2304
2369
2335
2323
2351
2353
2391
2413
2397
2430
2442
2429
2434
2403
2514
2592
2706
2739
2658
2607
2620
2581
2545
2515
2427
2486
2314
2450
2439
2156
1906
1561
1688
2174
2448
2276
1874
1322
1176
1418
1777
1844
1717
1384
1146
1208
1354
1327
1291
1175
1125
1171
1179
1127
997
909
865
870
891
873
760
628
484
296
176
142
125
82
-8
-176
-310
-407
-580
-746
-1003
-1160
-1255
-1335
-1448
-1644
-1916
-2155
-2349
-2511
-2612
-2766
-2889
-3030
-3137
-3268
-3424
-3562
-3632
-3643
-3649
-3662
-3732
-3762
-3790
-3777
-3748
-3715
-3685
-3622
-3551
-3499
-3423
-3364
-3265
-3141
-3027
-2954
-2872
-2796
-2699
-2608
-2496
-2383
-2261
-2136
-2030
-1935
-1856
-1758
-1650
-1496
-1355
-1243
-1113
-947
-796
-629
-418
-266
-93
100
262
472
657
837
1022
1160
1304
1419
1517
1642
1748
1820
1915
1951
2000
2024
2055
2068
2063
2106
2136
2140
2177
2291
2356
2292
1984
1794
2036
2399
2599
2480
2070
1820
1895
2178
2519
2460
2223
2071
2008
2233
2415
2248
2226
2144
2087
2230
2168
2091
2051
1921
1905
1875
1801
1842
1763
1724
1778
1730
1707
1596
1428
1275
1279
1341
1362
1388
1361
1216
1178
1151
1069
1091
980
954
979
953
961
960
873
864
811
731
724
602
488
525
461
318
244
66
-18
-50
-198
-284
-345
-490
-544
-687
-868
-1019
-1227
-1310
-1390
-1583
-1697
-1832
-1929
-1957
-2059
-2241
-2362
-2489
-2605
-2584
-2669
-2733
-2757
-2804
-2820
-2829
-2873
-2901
-2907
-2870
-2818
-2867
-2825
-2779
-2754
-2663
-2628
-2629
-2553
-2497
-2445
-2380
-2310
-2272
-2214
-2130
-2070
-1996
-1921
-1827
-1702
-1602
-1502
-1439
-1375
-1290
-1210
-1115
-1009
-888
-717
-621
-537
-421
-328
-170
-36
33
130
218
322
418
487
585
679
755
858
892
916
996
1055
1095
1148
1139
1168
1205
1228
1247
1257
1315
1342
1352
1389
1364
1394
1438
1468
1520
1480
1546
1617
1633
1685
1626
1564
1703
1671
1738
1824
1744
1819
1845
1814
1868
1798
1755
1826
1818
1849
1856
1806
1818
1779
1723
1707
1632
1616
1620
1570
1549
1530
1396
1364
1354
1319
1334
1293
1132
1037
962
922
946
896
817
774
763
750
706
578
503
376
360
328
242
266
257
162
155
-34
-273
-240
-368
-452
-339
-497
-610
-636
-786
-910
-958
-1110
-1177
-1190
-1244
-1300
-1435
-1503
-1525
-1659
-1749
-1730
-1896
-1893
-1880
-2005
-1950
-1959
-2040
-2060
-2143
-2199
-2142
-2174
-2096
-2088
-2123
-2044
-2073
-2121
-2084
-2073
-2086
-1974
-1930
-1887
-1819
-1782
-1789
-1765
-1698
-1660
-1563
-1488
-1453
-1457
-1335
-1288
-1239
-1150
-1160
-1079
-971
-910
-854
-803
-747
-627
-564
-481
-410
-374
-275
-193
-101
-33
21
100
172
244
299
315
357
444
499
577
624
666
687
724
733
752
803
877
952
975
1008
1064
1154
1181
1242
1232
1223
1260
1295
1365
1416
1459
1515
1601
1622
1602
1543
1564
1619
1662
1682
1616
1571
1595
1646
1666
1683
1639
1562
1504
1452
1391
1406
1390
1357
1318
1274
1210
1198
1120
1037
887
774
776
807
871
880
760
634
589
484
380
237
174
241
375
381
283
76
-72
-141
-140
-127
-112
-58
-50
-76
-238
-396
-451
-432
-374
-383
-477
-571
-596
-609
-548
-627
-681
-742
-800
-828
-877
-901
-858
-803
-757
-778
-871
-951
-1011
-1009
-997
-999
-974
-961
-931
-949
-986
-1037
-1066
-1078
-1062
-1061
-1063
-1083
-1089
-1103
-1124
-1142
-1167
-1150
-1120
-1124
-1130
-1131
-1108
-1096
-1088
-1121
-1116
-1043
-978
-950
-919
-926
-883
-757
-741
-742
-758
-762
-690
-603
-567
-512
-469
-380
-303
-318
-301
-296
-239
-131
-53
-44
-6
59
154
208
204
173
205
344
450
484
490
475
540
670
747
795
772
783
856
932
978
1012
1068
1140
1169
1172
1165
1190
1220
1276
1319
1340
1353
1359
1298
1285
1286
1222
1176
1128
1027
1003
1128
1171
1217
1185
1031
903
840
857
905
875
926
952
864
844
703
544
560
616
639
671
660
584
529
519
474
363
316
262
249
274
280
209
182
114
16
-122
-187
-152
-76
-6
-43
-141
-236
-272
-315
-335
-323
-292
-274
-309
-409
-509
-531
-488
-439
-398
-406
-453
-529
-560
-566
-582
-539
-539
-575
-573
-615
-622
-602
-615
-621
-602
-603
-611
-656
-683
-653
-647
-634
-653
-685
-692
-660
-620
-561
-554
-571
-579
-606
-584
-578
-569
-541
-532
-549
-562
-569
-594
-549
-528
-506
-485
-523
-576
-579
-530
-496
-475
-462
-450
-437
-409
-408
-432
-398
-365
-314
-264
-284
-315
-322
-312
-244
-226
-186
-125
-141
-131
-95
-113
-61
3
30
75
73
110
136
180
244
285
315
351
346
346
386
427
428
418
460
494
550
593
586
556
553
556
588
621
620
615
655
704
698
656
619
673
701
717
674
602
592
615
612
593
583
577
626
613
490
374
335
385
435
413
358
308
294
296
255
188
176
198
254
249
182
93
71
93
91
54
29
30
55
80
1
-63
-113
-138
-71
-39
-56
-65
-78
-113
-135
-215
-261
-282
-285
-292
-308
-318
-354
-365
-412
-431
-483
-503
-493
-448
-434
-421
-456
-487
-472
-494
-478
-480
-476
-438
-368
-352
-325
-334
-347
-359
-416
-451
-464
-419
-346
-288
-281
-291
-348
-395
-415
-432
-412
-361
-305
-278
-304
-344
-397
-403
-376
-329
-309
-275
-254
-232
-209
-198
-200
-203
-173
-118
-81
-40
1
-7
59
88
124
122
90
66
150
214
270
280
260
278
257
254
205
202
196
220
214
199
192
175
198
200
177
150
147
159
198
234
242
230
216
208
220
244
246
254
286
317
315
298
298
343
384
367
319
256
265
330
368
339
300
250
248
239
184
159
173
208
221
171
110
84
88
113
102
41
11
18
66
106
91
47
16
24
12
-17
-35
-15
27
67
60
23
-19
-20
16
25
-3
-47
-81
-84
-92
-109
-125
-91
-51
-58
-123
-227
-288
-281
-232
-185
-202
-242
-277
-312
-329
-348
-368
-339
-288
-261
-229
-242
-252
-274
-243
-233
-224
-229
-213
-195
-169
-170
-197
-188
-198
-194
-224
-220
-178
-147
-112
-136
-167
-169
-147
-128
-147
-156
-132
-109
-63
-63
-98
-82
-50
-16
20
11
-9
5
17
29
48
77
102
111
83
55
27
13
32
28
24
29
11
-18
-20
-28
-38
-25
-32
-50
-78
-122
-133
-113
-89
-73
-72
-86
-78
-72
-63
-79
-83
-43
8
33
39
21
5
21
24
9
7
21
35
62
48
16
-1
37
82
90
66
59
80
104
130
102
93
94
82
68
46
43
79
120
119
86
37
21
44
58
65
40
53
70
80
72
27
17
-14
-24
-41
-51
-50
-32
-34
-50
-71
-90
-57
-66
-105
-141
-152
-138
-117
-132
-183
-204
-208
-216
-230
-250
-255
-221
-164
-143
-160
-186
-213
-207
-205
-194
-177
-150
-138
-134
-166
-189
-187
-169
-125
-146
-143
-127
-97
-65
-64
-96
-129
-136
-158
-172
-159
-122
-90
-93
-119
-178
-204
-186
-163
-152
-144
-140
-119
-106
-104
-117
-129
-114
-108
-95
-91
-81
-51
-17
-30
-45
-68
-72
-57
-44
-42
-38
-23
-8
4
-24
-31
-39
-31
-17
8
17
6
8
5
20
32
51
73
100
98
75
96
126
157
192
213
236
254
270
283
292
311
335
348
360
372
337
352
360
339
336
327
306
265
245
236
225
211
188
169
161
151
103
104
112
128
152
135
101
48
12
-12
-23
-17
-16
-22
-23
-29
-59
-45
-63
-82
-80
-83
-82
-91
-86
-77
-91
-120
-141
-150
-151
-146
-149
-132
-107
-87
-67
-59
-67
-73
-72
-43
-1
30
63
74
62
55
27
22
35
64
110
125
111
81
56
30
16
11
45
96
119
125
73
37
23
-6
-26
-30
-16
16
24
-2
-41
-100
-142
-149
-139
-108
-124
-112
-94
-104
-104
-128
-143
-134
-113
-103
-103
-112
-103
-123
-154
-177
-192
-168
-154
-148
-149
-177
-171
-167
-179
-183
-187
-181
-166
-154
-159
-177
-201
-184
-169
-168
-161
-162
-162
-161
-150
-132
-128
-107
-99
-81
-65
-72
-84
-75
-60
-49
-21
-11
7
23
27
26
34
55
68
78
75
86
93
117
124
111
120
124
142
144
126
109
98
105
105
101
109
123
117
139
138
108
83
60
47
36
56
70
75
57
33
7
-12
-26
-35
-8
11
21
23
19
-5
-24
-38
-46
-28
-11
-16
-33
-40
-52
-51
-29
-23
-27
-51
-52
-53
-49
-39
-32
-41
-47
-50
-62
-58
-51
-52
-28
-10
-13
-11
-18
-21
-29
-33
-17
-12
10
16
15
-2
-11
-31
-35
-18
-9
-4
-11
-13
-24
-34
-50
-63
-74
-78
-71
-68
-70
-78
-72
-71
-72
-73
-68
-63
-51
-40
-38
-42
-56
-60
-58
-63
-72
-67
-62
-59
-49
-49
-45
-47
-57
-67
-84
-87
-88
-91
-85
-71
-77
-84
-85
-98
-103
-91
-85
-74
-59
-53
-59
-71
-89
-110
-109
-86
-66
-74
-68
-66
-71
-59
-62
-65
-61
-47
-44
-56
-69
-85
-75
-76
-91
-118
-120
-113
-122
-121
-117
-121
-125
-116
-117
-118
-111
-92
-94
-100
-114
-125
-102
-83
-72
-73
-65
-67
-63
-53
-49
-38
-19
-5
1
15
6
-2
16
32
42
57
67
70
78
83
84
80
85
69
61
77
82
74
98
115
129
137
144
144
134
123
108
90
81
74
61
56
52
40
42
43
21
11
1
2
4
13
10
-12
-33
-45
-54
-68
-78
-103
-78
-75
-77
-81
-97
-87
-89
-103
-115
-126
-137
-136
-135
-126
-116
-134
-137
-144
-146
-138
-122
-111
-116
-103
-104
-123
-135
-147
-145
-133
-128
-140
-139
-130
-126
-126
-131
-131
-121
-101
-102
-115
-115
-118
-122
-126
-122
-139
-127
-118
-123
-141
-155
-136
-128
-129
-146
-146
-149
-129
-121
-121
-117
-119
-109
-111
-108
-107
-106
-98
-98
-108
-105
-100
-98
-88
-87
-67
-50
-57
-51
-50
-43
-37
-37
-44
-52
-53
-36
-28
