-99
-113
-122
-87
-60
-53
-42
6
-1
5
-29
-89
-122
-117
-110
-132
-150
-160
-175
-177
-156
-189
-217
-244
-265
-326
-338
-363
-391
-436
-458
-435
-378
-364
-418
-394
-409
-378
-368
-334
-314
-271
-247
-166
-136
-185
-150
-143
-142
-109
-16
-73
-115
-100
-96
-133
-99
-115
-218
-236
-222
-251
-306
-314
-348
-292
-230
-233
-303
-247
-202
-133
5
97
103
88
95
19
0
-40
-38
-69
34
49
-14
-70
-76
-52
19
80
55
53
-5
-2
-24
6
-20
-29
-35
-21
-42
-54
-72
-90
-87
-92
-99
-84
-60
-78
-23
-15
32
100
163
176
193
139
99
91
123
172
169
132
84
53
23
15
32
50
58
6
-57
-37
34
128
152
99
-25
-65
-113
-157
-168
-155
-161
-181
-196
-230
-308
-340
-324
-354
-292
-245
-229
-291
-346
-370
-338
-308
-253
-280
-328
-312
-405
-456
-499
-570
-615
-573
-552
-515
-408
-363
-370
-288
-265
-412
-412
-460
-578
-624
-577
-542
-515
-498
-531
-592
-589
-509
-481
-404
-379
-431
-437
-396
-354
-297
-343
-391
-419
-447
-427
-495
-524
-445
-414
-406
-378
-481
-492
-476
-425
-339
-349
-351
-336
-405
-411
-397
-565
-654
-685
-686
-627
-456
-415
-478
-497
-428
-296
-185
-89
-115
-161
-202
-193
-166
-73
-37
-75
-114
-107
-134
-187
-155
-181
-202
-153
-77
-59
-4
-18
-160
-304
-443
-480
-464
-329
-293
-305
-244
-195
-128
-3
-9
-45
27
85
168
210
203
143
95
86
92
89
162
226
219
243
219
227
297
342
324
256
235
286
226
196
139
-1
-29
58
95
125
193
158
77
26
6
66
159
153
104
146
23
-132
-160
-85
109
275
348
307
285
297
230
109
-6
11
63
105
117
130
13
-151
-134
-61
34
40
21
-141
-242
-264
-128
-36
32
67
-91
-342
-462
-428
-386
-244
-191
-97
-20
-26
-170
-232
-194
-121
-62
25
85
68
62
92
35
-69
-116
-132
-46
99
271
216
15
4
-11
-89
14
58
-10
-74
-173
-242
-127
98
157
176
215
241
279
409
300
80
-2
-76
-54
91
278
211
169
61
-74
-228
-263
-176
-94
-9
67
129
63
4
-121
-53
101
239
291
268
150
102
51
55
162
231
198
35
-43
-72
0
-57
-78
-134
-133
92
352
355
202
72
17
91
138
54
-94
-134
-203
-181
-156
-242
-211
-109
-142
-149
-58
56
56
93
-1
-99
-48
144
257
185
52
-203
-321
-204
106
232
302
292
296
270
290
385
379
223
111
169
192
197
71
-8
-47
27
114
148
31
-16
-8
-20
-13
-59
-165
-111
87
268
423
426
239
-93
-293
-413
-460
-419
-265
-87
84
160
14
-104
-205
-59
36
117
63
65
267
482
593
505
354
200
258
246
437
330
167
-118
-306
-268
65
173
-46
-181
-356
-342
-295
-220
-383
-309
-305
-215
-226
-334
-510
-509
-151
105
151
3
59
130
267
247
103
23
188
210
394
291
49
-7
-44
-75
-112
39
24
188
272
278
48
-8
-87
-81
-16
-46
65
65
164
134
112
98
158
201
275
176
72
127
164
97
-99
-268
-338
-343
-448
-435
-478
-369
-163
23
167
143
-83
-248
-238
-22
89
-1
-134
-124
82
131
85
15
47
104
125
139
234
343
465
543
547
250
126
200
288
472
536
526
497
608
769
792
729
612
584
723
868
903
822
673
631
802
1023
1047
1051
1052
1076
1113
935
709
615
669
918
1022
1000
1067
1068
711
566
666
908
1026
1023
991
881
1019
1052
796
745
841
722
906
1033
964
665
579
667
751
665
420
347
342
449
564
546
255
142
100
-149
-72
135
191
228
172
149
3
-117
-225
-255
-158
-67
16
81
-131
-515
-576
-521
-417
-359
-423
-383
-112
67
24
47
322
357
226
210
75
-58
113
456
436
366
238
66
369
873
869
578
457
494
555
581
389
82
70
117
83
41
20
-129
-250
-394
-315
-166
-52
-178
-341
-590
-617
-624
-931
-883
-945
-868
-802
-847
-902
-797
-826
-630
-422
-591
-847
-840
-726
-718
-563
-631
-691
-803
-621
-543
-624
-687
-885
-1021
-1059
-1009
-1100
-1071
-993
-830
-852
-923
-1103
-1204
-1243
-1201
-832
-299
-276
-254
-127
-290
-499
-424
-61
-164
-450
-357
-91
-20
368
365
31
99
161
131
176
341
318
437
549
490
342
196
371
457
608
728
659
488
420
497
611
402
531
686
633
555
517
323
326
756
772
637
544
482
264
518
649
581
526
593
602
709
630
296
83
85
507
694
645
188
-100
-28
139
35
-24
-53
82
415
618
513
172
9
-257
-216
-38
29
-114
-37
15
89
338
542
538
454
179
-260
-126
27
54
5
-42
-58
156
190
-41
-134
-178
-204
5
333
241
-19
-399
-573
-755
-625
-275
-147
-298
-499
-508
-465
-479
-586
-599
-661
-659
-573
-900
-546
-477
-294
-97
-161
-490
-462
-251
-134
-33
-138
-614
-850
-733
-390
87
242
-81
-478
-725
-687
-317
-169
-265
-346
-562
-863
-904
-740
-611
-634
-318
-195
-83
-87
-211
-515
-766
-930
-1070
-1089
-1204
-1614
-1932
-2143
-2362
-2150
-2037
-1877
-1821
-1625
-1688
-1630
-1515
-1648
-1936
-2420
-2628
-2484
-2605
-2949
-3069
-2859
-2651
-2617
-2561
-2490
-2170
-2160
-2300
-2532
-2492
-2314
-2363
-2706
-2867
-2942
-2841
-2784
-2910
-2892
-2915
-2779
-2625
-2589
-2801
-3138
-3112
-2647
-2075
-1731
-1460
-1679
-2196
-2569
-2468
-2354
-2109
-1895
-1542
-1491
-1702
-1689
-1561
-1261
-985
-822
-756
-479
-548
-700
-846
-1101
-1169
-792
-310
-293
-341
-285
-231
-105
210
521
867
1236
1797
2055
1954
1884
1764
1869
1898
2314
2935
2998
2893
2726
2739
3110
3579
3587
3379
3296
3694
3932
3750
3761
3772
3949
4280
4194
4092
4185
3985
3933
4294
4147
4170
4425
4243
3914
4130
4006
3835
3868
3846
3900
4053
4376
4463
4405
4135
4107
3910
4100
4516
4337
3873
3399
3434
3458
3227
2886
2861
2823
3022
2991
2840
2575
2819
2983
2485
2288
2150
1899
1770
2481
2785
2868
2388
1987
1618
1535
1481
1287
1228
1190
1414
1193
1300
1374
1513
1611
1742
1502
1479
1470
1345
1520
1497
1503
1312
1314
1577
1806
1605
1579
1733
1912
1734
1875
1959
1731
1868
1810
1474
1313
1525
1487
1667
1800
1402
706
483
454
576
883
668
289
366
616
676
1088
1453
1520
1395
1548
1414
1142
1053
874
712
630
480
207
-95
-200
-326
-426
-318
59
-79
-393
-427
-353
-453
-431
-732
-1117
-1411
-1826
-1998
-2091
-2068
-2176
-2347
-3071
-3726
-3907
-3971
-3777
-3601
-3451
-3795
-3697
-3586
-3665
-4126
-4331
-4249
-4284
-4375
-4257
-4267
-4382
-4218
-4267
-4253
-4302
-4484
-4831
-4818
-4623
-4603
-4554
-4506
-4800
-4881
-4856
-5025
-4990
-4899
-4801
-5051
-4927
-4949
-5028
-4590
-4107
-4058
-4186
-4157
-4643
-4315
-3460
-3054
-3382
-3496
-3687
-3639
-2939
-2550
-2484
-2427
-1954
-1707
-1231
-833
-351
-197
-333
-313
-357
-504
-643
-547
-384
55
240
409
539
742
1015
1334
1553
1533
1594
1657
1535
1445
1567
1619
1661
1971
2482
2744
3080
3298
3254
3354
3498
3419
3435
3467
3298
3281
3328
3389
3560
3730
3819
3929
3920
3878
3793
3646
3335
2999
2816
2729
2740
2732
2863
3107
3538
3848
3841
3886
3911
3860
3957
3997
3983
4242
4269
4129
3990
3841
3350
3113
3258
3323
3288
3336
3399
3085
3003
2912
2725
2342
1964
1523
1234
1003
573
200
-163
-396
-551
-560
-786
-876
-1090
-1037
-1119
-1118
-1248
-1396
-1792
-2190
-2420
-2712
-2998
-3416
-3698
-4160
-4549
-4838
-5065
-5483
-5708
-5896
-6109
-6271
-6447
-6524
-6807
-7028
-7280
-7442
-7654
-7698
-7909
-7933
-7861
-7780
-7627
-7329
-7041
-7015
-7109
-7299
-7407
-7468
-7323
-7277
-7059
-6977
-6903
-6860
-6702
-6702
-6650
-6367
-6211
-5956
-5640
-5439
-5419
-5263
-5275
-5208
-5042
-4701
-4584
-4609
-4448
-4102
-3845
-3640
-3486
-3503
-3432
-3418
-3385
-3212
-3031
-3120
-3124
-3182
-3426
-3629
-3737
-3875
-3956
-3744
-3644
-3580
-3485
-3186
-2961
-2721
-2336
-2020
-1716
-1285
-664
-257
247
728
1096
1409
1791
2005
2024
2176
2089
1867
1457
1124
448
-10
-463
-1171
-1937
-2653
-3497
-4352
-4736
-5368
-5768
-6026
-5930
-5842
-5197
-4560
-3834
-2891
-1805
-701
486
1867
2839
3935
4884
5804
6383
7021
7240
7345
7350
7219
7012
6628
6145
5479
5017
4429
4024
3480
3048
2609
2374
2181
2099
2140
2160
2286
2460
2764
3030
3436
3708
4061
4453
4892
5104
5320
5472
5460
5425
5272
4959
4486
4060
3469
2902
2346
1794
1200
646
169
-276
-677
-1092
-1381
-1741
-1914
-1944
-1944
-2003
-1991
-2106
-2106
-2025
-2014
-1889
-1731
-1459
-1275
-942
-767
-473
-361
-374
-560
-467
-522
-705
-943
-1304
-1511
-1554
-1439
-1624
-1816
-1714
-1336
-1168
-703
-548
-559
-24
621
1014
1783
2588
3185
4198
5315
6374
7355
8453
9243
9778
10185
10283
9234
7388
5311
3031
590
-2240
-5485
-8917
-11278
-12744
-13769
-14519
-14079
-13176
-11482
-8924
-6100
-3488
-661
2021
4210
6388
8378
9826
10497
11023
11423
11883
12184
12325
12082
11980
12073
12093
11772
11164
10364
9181
7747
6083
4248
2040
-113
-2333
-4388
-5848
-6642
-7239
-7456
-7014
-5883
-3972
-1874
292
2407
4597
6751
8776
10215
11246
11788
11991
11912
11613
11137
10299
9225
8158
7318
6505
5844
4891
3963
3233
2918
2510
2118
1753
1554
1553
1814
2123
2473
3066
3758
4618
5545
6595
7487
8207
8710
9187
9465
9676
9588
9187
8746
8327
7747
7055
6264
5497
4770
4081
3587
3158
2882
2869
2891
2931
3358
3815
4289
4507
4885
5250
5767
6324
6547
6434
6601
6747
6360
6225
5723
5475
5309
5431
5394
5816
6023
6218
6096
5814
5344
4304
2563
-717
-4276
-7566
-10636
-14483
-17987
-21616
-23746
-24231
-24026
-23462
-21879
-19419
-16434
-12805
-9408
-6259
-3869
-1628
-190
1069
1984
2570
2344
1995
1806
2060
2261
2084
1794
1362
1086
633
-447
-2260
-4257
-6693
-9192
-11674
-14058
-16153
-17711
-18620
-18514
-17388
-15436
-13223
-10691
-7759
-4505
-1526
718
2022
2725
3275
3476
2973
1952
991
-91
-503
-637
-883
-1006
-805
-726
-498
-289
-426
-1066
-2094
-2895
-3576
-4092
-4587
-5028
-5254
-4332
-2956
-1435
73
1496
2949
4431
5540
6089
6161
5495
4910
4058
3272
2618
2102
1488
1397
1877
2690
3441
4136
4904
5388
6200
6797
6856
6666
6565
6372
6544
6808
7213
7856
8644
9867
11345
12777
14091
14392
13881
14047
13587
12793
12127
10014
7580
7086
6432
5945
6329
6130
6766
8622
10564
11659
12542
12480
12381
11403
9917
6427
1202
-3497
-7278
-10815
-14494
-17383
-19804
-19766
-18740
-16429
-14850
-12409
-10034
-7934
-6181
-4127
-3219
-3130
-2949
-3176
-2468
-1532
-345
-138
671
1816
3547
4102
4125
2882
1100
-1147
-3826
-7076
-10638
-14044
-17003
-18951
-19883
-19299
-18398
-16864
-14921
-12069
-9117
-6272
-4359
-3165
-2466
-1563
-1205
-1330
-1917
-2909
-3620
-3978
-3829
-3575
-3804
-4343
-4488
-4745
-4658
-5047
-6135
-7367
-8035
-8244
-8192
-8133
-7837
-7313
-6238
-4654
-3233
-2011
-1195
-761
-474
-120
-74
-383
-1118
-1573
-1712
-1550
-1246
-1068
-1069
-574
128
731
1216
1368
1329
1576
1977
2439
3207
3868
4687
5771
7264
8483
9642
10289
10548
10658
10636
10319
9704
9060
8256
8163
8657
9676
10860
12102
13626
14418
14802
15479
15783
14825
14238
12462
10558
10489
10542
9956
10139
10718
10896
12179
12552
11580
8995
5394
-497
-5585
-9600
-13833
-18480
-21942
-23926
-22463
-18675
-15670
-12666
-9317
-5638
-2031
876
1677
1599
1085
649
306
576
898
1168
1607
2182
3217
4202
3485
967
-2019
-5594
-8975
-12403
-16491
-20044
-21612
-21661
-20221
-17562
-14473
-11201
-7703
-4442
-1851
267
1358
1134
371
31
-104
-82
-116
-294
-196
340
402
-647
-2534
-4453
-6316
-8568
-10728
-12433
-13711
-13461
-12035
-10479
-7719
-4325
-1785
188
2005
2979
3073
2400
918
-964
-2084
-2715
-3526
-3991
-3506
-2562
-1557
-691
-263
-250
-472
-819
-1870
-2746
-3092
-3070
-2951
-1862
-288
1531
3428
5163
6478
7455
8174
8103
7391
6555
6165
5596
5323
5357
5726
6357
7569
8412
8718
9297
9895
10362
11084
10820
10432
9610
8443
8987
9581
9381
9783
8913
8064
10232
11021
11077
11097
10255
9602
10496
9854
8082
5371
2068
-3321
-8485
-11117
-13937
-17037
-19397
-21598
-20809
-16247
-13645
-12016
-10356
-7781
-4495
-1565
-486
73
260
1141
2311
3325
4224
4645
4570
3340
2191
1583
-153
-3916
-7724
-11815
-14147
-14953
-16102
-17356
-16950
-15129
-12209
-9130
-6617
-4615
-3030
-1419
-202
1194
2207
2466
2388
2894
3850
5242
5552
4611
3329
2118
876
-1806
-5116
-8405
-11599
-12726
-12080
-11928
-9866
-7515
-5913
-2575
759
2749
4079
3913
3232
3322
3299
2896
1470
635
813
1278
1718
1361
346
-346
-1325
-2136
-2546
-3859
-4120
-3726
-2939
-685
1854
3224
4677
6089
7110
7877
7566
6670
5126
4833
4899
4748
4985
5796
6108
7422
8599
9392
9740
9281
8748
7991
7975
8111
8144
8826
9893
10988
13141
13794
14730
15836
14919
14767
14143
11122
10117
9149
7428
8534
9457
9603
10905
11678
11267
10269
7188
965
-6505
-11691
-16124
-19989
-21897
-23378
-22190
-17128
-12583
-8657
-5202
-3429
-1746
-796
-1061
-1397
-2098
-2741
-2197
-614
1613
3437
4119
3150
1311
-234
-3211
-7992
-12950
-17700
-20380
-20136
-19275
-17449
-14351
-10798
-6789
-3143
-844
126
-242
-1292
-1819
-1597
-1172
-897
-301
776
2620
4514
4713
3058
845
-1559
-4162
-7108
-9600
-12206
-13909
-13329
-12128
-10145
-6526
-4346
-2995
-957
437
1558
1765
1003
364
404
1505
2173
1709
1947
1785
1126
611
-1100
-2895
-4414
-6105
-6451
-6072
-4852
-3214
-1608
235
2662
4736
5725
5368
5236
4575
4054
4227
3194
2830
3573
4120
4915
6186
6489
6924
6897
7097
7234
7310
7380
7232
7471
8730
9938
11116
11996
11872
13186
14269
13930
13965
13357
11640
11737
11894
11551
11819
10980
9322
9487
10610
11395
11590
10775
9735
9799
9461
6593
1710
-5353
-11584
-14100
-15566
-17986
-19016
-19404
-17165
-11832
-7939
-6370
-4787
-3872
-3273
-1533
-490
-920
-1289
-809
-2
2045
3384
2356
-153
-2975
-5604
-7498
-10649
-14997
-18156
-19211
-17843
-14961
-12597
-10716
-8101
-5379
-2783
-900
-522
-1442
-1932
-1629
-493
787
1063
802
954
1340
1736
802
-2173
-4902
-6361
-7406
-7826
-8201
-8561
-8217
-7581
-6764
-6270
-5604
-4472
-4352
-4157
-2251
-841
506
1699
1917
2758
3741
3463
1883
-450
-2164
-3503
-5127
-5841
-6361
-6161
-4735
-3403
-2020
-559
273
860
1156
1543
2141
2209
2209
2591
3499
4301
4794
4763
4372
4348
4730
4164
3728
3993
4487
5198
6197
7202
8090
8999
9534
9771
9890
10464
10203
10267
10594
11751
13726
15048
15790
16900
15549
14565
14608
11366
9574
8858
5463
4725
7079
7642
10194
12142
11830
11953
12562
10337
4898
-2094
-9329
-14580
-15988
-16698
-18226
-16744
-14281
-10337
-5800
-4158
-4617
-4787
-5556
-5273
-4611
-4359
-3589
-2434
-383
2273
4046
3338
604
-3084
-6764
-10011
-12563
-16216
-18635
-17840
-15492
-11984
-8310
-6555
-5029
-3181
-2384
-2248
-2777
-3814
-4462
-3724
-1791
121
1094
1519
1255
809
251
-1471
-4899
-7562
-8635
-8981
-7667
-5840
-5186
-3393
-1535
-1974
-2031
-2470
-4654
-5093
-4740
-4973
-2761
-448
126
1827
3471
3409
2981
1478
-1262
-3276
-4034
-5221
-6052
-4834
-3641
-2265
-49
736
785
1484
565
-348
-160
-308
106
1594
2807
4291
5869
6327
5997
5425
4724
3516
2731
2498
2578
3939
5992
7380
9004
10417
10838
11030
10929
10044
9151
9083
8797
9364
11516
12645
13337
15333
15393
14372
13871
11810
10320
10596
9389
7398
7599
9263
11078
13390
14744
14158
14081
13080
9378
5734
804
-7256
-13568
-16376
-16910
-15864
-15059
-15290
-13362
-8314
-4946
-5451
-6290
-6305
-5562
-3222
-1785
-1615
-603
1030
2089
2467
1519
-1158
-5695
-10011
-12661
-14257
-15259
-16111
-16424
-14385
-10144
-6852
-5945
-5902
-5289
-4685
-3862
-3502
-4182
-4024
-2245
-541
953
1875
1229
-354
-1716
-2625
-4108
-6090
-7515
-7387
-6374
-4390
-2798
-2911
-2609
-2032
-3434
-4406
-4211
-5364
-4847
-3234
-1959
326
2487
2453
2610
2363
1614
471
-1514
-3449
-3993
-3806
-3330
-3068
-2721
-2216
-1389
-731
-984
-1325
-1342
-1185
-91
1352
2359
3468
4312
5107
5445
4847
3691
2260
1449
1647
1872
2280
3416
4854
6601
8197
8638
8446
8964
8960
8508
8735
8514
8720
10456
11700
12739
13711
14512
14792
14797
15355
14154
11624
11545
10509
9816
11286
9537
8478
10602
10216
11176
12657
10578
11056
12092
9374
6422
2967
-4373
-9880
-12336
-14595
-16284
-14399
-14787
-14133
-8633
-6167
-7555
-6221
-6139
-6579
-3730
-2835
-3505
-2307
-633
-230
353
-285
-3051
-6426
-8821
-11494
-13011
-13540
-14345
-14028
-12032
-9459
-7296
-6981
-7113
-6575
-6403
-5674
-5202
-5583
-4684
-2594
-1201
67
591
-158
-1285
-2017
-3077
-4231
-4977
-5705
-5667
-4212
-2703
-2128
-2281
-3034
-3842
-4433
-5021
-5673
-5585
-4293
-2099
-54
1530
2097
2256
1985
1376
-38
-1730
-3140
-3666
-3334
-2702
-2431
-2331
-1786
-1570
-1433
-1801
-2363
-2669
-1796
-630
1052
1999
2771
3249
3751
3755
3348
2062
1456
1453
1806
2828
3576
4122
5436
6666
7054
7347
6600
6373
6864
7318
7536
8791
9263
10338
11850
12920
12792
12898
12604
12106
12854
12729
12141
12516
13295
12249
12813
11472
8948
8640
8198
6880
9523
11680
10628
12836
13509
9619
5703
1722
-7197
-11838
-12936
-15846
-16625
-12204
-11340
-10340
-6206
-6164
-8698
-7916
-7971
-9539
-6942
-4462
-3524
-1246
1380
776
-8
-1636
-5300
-9235
-11112
-12781
-13632
-12653
-10920
-9708
-8582
-7284
-7507
-8599
-8969
-9100
-9422
-7536
-5296
-3864
-1743
192
286
196
-330
-2205
-3545
-4047
-4474
-4036
-2811
-2121
-1615
-1312
-1896
-2527
-3595
-4600
-5084
-5767
-6147
-4574
-3736
-2629
-706
-281
-231
1028
250
-756
-485
-893
-873
-79
42
-546
-1076
-1528
-2387
-3836
-3864
-4446
-4512
-2542
-1347
-1174
577
1045
861
1483
1185
334
494
1200
2042
3055
4013
4196
3820
4200
3722
3074
3521
4080
5047
6791
8001
9103
9681
9467
9888
9614
9083
9109
8979
9873
11752
12554
12724
13927
14140
13595
13027
11702
10526
11326
10989
9426
9551
8557
8212
10133
9585
9414
10458
10224
9646
9122
4682
1563
-1215
-6043
-10191
-12146
-12359
-12411
-11125
-10982
-10240
-8720
-7997
-9820
-8487
-7494
-7035
-4589
-2444
-1712
-481
-419
-1924
-3135
-5155
-7399
-9399
-10250
-10584
-10057
-9271
-8923
-8907
-8510
-8793
-9075
-9128
-8842
-7773
-6308
-4643
-2740
-1607
-1034
-653
-1059
-1326
-1568
-2171
-2315
-1875
-1802
-1495
-1280
-1819
-2372
-2757
-3940
-4475
-4057
-3531
-3183
-2119
-2083
-3538
-3467
-2898
-3388
-2461
-905
-1894
-270
1884
476
80
635
-1876
-2228
-1593
-3027
-3201
-2384
-2388
-2481
-2050
-2034
-2647
-2593
-1821
-1891
-1238
-96
949
1842
2604
2951
2833
2569
3106
2725
2614
3414
3397
3575
4548
5022
5247
6069
6738
7506
8105
8627
8785
8762
9148
9477
9772
9567
10724
11406
12529
13502
14065
13861
14239
13153
10975
9687
8872
9581
10151
9800
8960
8644
7865
8718
9248
8958
8838
8863
7530
6009
4273
1117
-3017
-7544
-11665
-11474
-9992
-10775
-11265
-11347
-10127
-8151
-9192
-10646
-8656
-7512
-6087
-3200
-1504
-1832
-1860
-2251
-3849
-5051
-6253
-8409
-8778
-7377
-7551
-7471
-7392
-8827
-9416
-9215
-10224
-10493
-9103
-7658
-5979
-3943
-2645
-2283
-1968
-2029
-2342
-2135
-1873
-1720
-855
-54
64
-241
-967
-1713
-2200
-3015
-3475
-3502
-3394
-2721
-2196
-2049
-1688
-2145
-4267
-5254
-4721
-4304
-3202
-1518
-1050
-321
925
79
-1517
-1277
-1817
-2254
-883
-61
-678
-362
-786
-2021
-2743
-3213
-3603
-3414
-1933
-805
-286
494
1296
961
665
862
696
922
2613
3316
3774
4756
4824
3955
4111
4130
4156
4729
5921
6689
7296
8204
8283
8011
8362
8962
9109
9697
10386
10671
11750
12753
13047
12087
11578
11213
10604
10257
9903
9125
9352
10229
9194
7878
6717
6016
6678
7515
7720
7476
6927
6636
5787
3606
1352
-2447
-7957
-10419
-9004
-9101
-9487
-9112
-10066
-9604
-8131
-10407
-12095
-9903
-8637
-7599
-4009
-1837
-2953
-2988
-2310
-4070
-5418
-5435
-6902
-6967
-5001
-5128
-6262
-6344
-7442
-8847
-8664
-8654
-9309
-8356
-6371
-5342
-4375
-3393
-3847
-4304
-3695
-3119
-2619
-1640
-784
152
904
783
-303
-1356
-2017
-2357
-2465
-2012
-1602
-1256
-690
-756
-1540
-2277
-3154
-4353
-5293
-5920
-5460
-3911
-2071
-1527
-1285
-589
-661
-1665
-1726
-1770
-1744
-767
268
289
84
-382
-1609
-2808
-2818
-2904
-3316
-2249
-949
-499
263
583
148
-2
437
710
1329
2431
3764
4256
4119
4833
4395
3626
3548
3990
4471
5982
6849
7451
8230
8289
7797
7119
7284
7899
8553
9735
10875
11391
12046
12318
12036
11688
11370
11195
11145
11310
10703
10071
9960
9634
8747
7444
6799
6881
7031
6862
6417
5778
5505
4809
3588
2002
434
-1420
-4550
-7230
-7730
-7518
-7436
-7748
-8780
-8967
-8249
-8613
-9478
-9499
-8437
-7268
-5976
-4699
-4217
-4340
-3876
-3952
-4384
-4339
-4625
-4695
-4399
-4073
-4100
-4145
-4376
-4613
-5007
-5291
-5489
-5805
-5816
-5369
-4606
-3798
-3624
-4268
-5026
-5579
-5496
-5147
-5023
-5351
-5562
-5308
-4688
-4298
-4074
-3616
-3096
-2491
-2144
-2114
-1724
-973
-276
182
301
309
181
349
329
191
244
69
-73
-37
-242
-462
-653
-979
-1110
-1215
-1305
-1224
-1402
-1364
-1362
-1514
-1277
-1320
-1296
-938
-794
-587
-396
-256
-99
101
210
220
304
422
708
1047
1296
1534
1589
1729
1999
1933
2006
1972
1972
2278
2461
2574
2806
2875
3191
3448
3564
3730
3832
4100
4605
4916
5243
5563
5770
6378
6672
6840
7115
7293
7702
8183
8161
8242
8260
8264
8535
8632
8623
8628
8589
8638
8478
8273
8020
7750
7462
7166
6497
5979
5352
4409
3109
1937
833
116
-571
-1642
-2869
-3715
-4589
-5417
-6141
-6763
-7268
-7732
-7935
-8173
-8459
-8600
-8782
-8759
-8492
-8425
-8318
-8071
-7731
-7282
-6850
-6429
-5971
-5620
-5319
-5026
-4718
-4493
-4245
-3839
-3500
-3314
-3133
-3012
-2916
-2734
-2683
-2693
-2597
-2472
-2363
-2134
-1890
-1687
-1511
-1293
-1039
-915
-804
-629
-423
-132
158
270
467
464
505
610
429
359
293
51
181
-3
-234
-225
-438
-305
-324
-587
-627
-1012
-1041
-997
-1277
-1303
-1615
-1775
-1628
-1710
-1663
-1628
-1716
-1443
-1312
-1347
-1385
-1354
-1223
-931
-659
-477
-189
78
440
775
1092
1397
1656
1957
2375
2597
2921
3306
3720
4260
4723
5039
5309
5602
5810
6205
6550
6893
7256
7587
7753
8005
8044
8247
8286
8310
8274
8161
8087
8051
7862
7993
8061
8123
8035
7757
7583
7385
7243
6902
6218
5353
4553
3358
2254
1256
265
-438
-1100
-2338
-3459
-4454
-5481
-6352
-6953
-7370
-8020
-8523
-8842
-9267
-9380
-9350
-9588
-9458
-9173
-9149
-8997
-8603
-8224
-7753
-7171
-6647
-6213
-5857
-5575
-5376
-5044
-4719
-4537
-4192
-3801
-3544
-3203
-2865
-2564
-2275
-2080
-1995
-1914
-1853
-1799
-1675
-1478
-1214
-1025
-818
-598
-355
-110
191
464
690
897
1102
1246
1308
1365
1075
956
801
558
561
456
201
300
-35
-222
-460
-943
-1062
-1369
-1476
-1436
-1786
-1701
-1800
-2076
-1923
-2146
-2183
-2062
-2158
-2062
-2045
-1940
-1698
-1686
-1500
-1467
-1537
-1292
-1170
-1038
-628
-450
-65
283
439
826
1005
1298
1791
2080
2720
3151
3388
3805
3966
4291
4727
4938
5310
5583
5742
6237
6485
6899
7224
7289
7467
7538
7448
7652
7683
7740
7976
7799
7911
7750
7515
7432
7311
7398
7634
7443
7399
7064
6763
6743
6574
6260
5802
4954
4196
3154
1889
875
-4
-723
-1310
-2571
-3784
-4795
-5870
-6592
-7150
-7608
-7955
-8293
-8403
-8521
-8741
-8733
-8876
-8741
-8395
-8254
-8125
-7768
-7425
-6930
-6381
-5959
-5553
-5231
-4885
-4465
-4127
-3820
-3629
-3458
-3176
-3025
-2882
-2644
-2507
-2300
-2055
-1971
-1859
-1807
-1831
-1671
-1483
-1331
-1091
-962
-701
-453
-332
-70
109
225
476
585
682
840
839
886
727
628
439
248
145
23
-270
-265
-393
-574
-722
-986
-1374
-1616
-1834
-2002
-1963
-1968
-1973
-2017
-2032
-2074
-2247
-2378
-2349
-2392
-2192
-2047
-1954
-1698
-1431
-1212
-923
-728
-459
-248
70
382
626
869
1170
1339
1623
1872
2123
2423
2755
3084
3420
3657
3869
4095
4256
4595
4824
5092
5423
5664
5900
6165
6260
6521
6676
6775
7046
7174
7306
7455
7399
7350
7402
7295
7293
7317
7129
7141
7064
7018
7105
6936
6574
6307
5863
5808
5448
5034
4575
3983
3120
1793
601
-108
-616
-1177
-2205
-3494
-4314
-5265
-6010
-6656
-7018
-7520
-7871
-7958
-8056
-8301
-8402
-8571
-8445
-8116
-7992
-7935
-7665
-7178
-6758
-6230
-5684
-5312
-5008
-4645
-4362
-4111
-3878
-3681
-3309
-2929
-2672
-2473
-2281
-2087
-1937
-1825
-1791
-1814
-1854
-1864
-1806
-1630
-1579
-1561
-1420
-1255
-1089
-922
-743
-489
-168
71
342
496
653
853
966
1183
1275
1051
859
681
578
540
142
-162
-540
-786
-976
-1352
-1657
-1947
-2291
-2169
-2246
-2296
-2228
-2277
-2189
-2159
-2200
-2202
-2190
-1935
-1796
-1740
-1500
-1478
-1261
-950
-695
-470
-250
92
517
731
1089
1188
1390
1791
2027
2306
2566
2686
2939
3150
3552
3893
4107
4485
4720
4893
5138
5251
5406
5666
5798
6042
6223
6432
6548
6550
6653
6621
6559
6721
6645
6527
6597
6332
6323
6293
6032
6001
6063
5904
5896
5632
5473
5419
5293
5257
5127
4782
4626
4251
3794
3473
2493
1223
120
-818
-1243
-1660
-2448
-3388
-4212
-4904
-5492
-6257
-6718
-7173
-7563
-7578
-7647
-7890
-7916
-8042
-7959
-7577
-7429
-7254
-7018
-6662
-6163
-5713
-5267
-4867
-4614
-4282
-4008
-3814
-3598
-3427
-3145
-2749
-2548
-2420
-2281
-2201
-2032
-1925
-1900
-1823
-1807
-1727
-1618
-1529
-1428
-1362
-1296
-1109
-1001
-922
-752
-631
-480
-249
-193
-101
-29
44
165
275
243
39
-48
-124
-205
-196
-412
-549
-567
-838
-976
-1286
-1488
-1538
-1725
-1605
-1713
-1830
-1634
-1693
-1565
-1535
-1699
-1638
-1559
-1376
-1253
-1191
-873
-703
-436
-224
-151
18
221
559
875
1076
1414
1552
1842
2152
2156
2381
2518
2652
2970
3131
3443
3720
3839
4160
4288
4471
4619
4609
4888
5241
5468
5762
5833
5765
5818
5878
5862
5875
5917
5815
5798
5778
5654
5417
5305
5168
4842
4541
4339
4011
3954
4051
3897
3794
3808
3662
3627
3537
3282
3017
2852
2762
2401
1844
1080
-93
-833
-1194
-1520
-1869
-2589
-3472
-3968
-4582
-5163
-5781
-6269
-6620
-6888
-6984
-7136
-7366
-7384
-7381
-7270
-7002
-7024
-7044
-6754
-6382
-6006
-5574
-5204
-4887
-4537
-4190
-3951
-3728
-3472
-3201
-2904
-2576
-2439
-2405
-2297
-2199
-2122
-2016
-2019
-2020
-1890
-1755
-1574
-1407
-1330
-1236
-1130
-1023
-954
-971
-801
-669
-480
-287
-275
-210
-37
40
13
-22
-198
-224
-159
-164
-243
-403
-601
-573
-724
-710
-757
-1033
-855
-964
-1102
-1008
-1229
-1167
-1066
-1151
-953
-1006
-913
-717
-767
-554
-513
-484
-267
-164
-125
83
183
440
757
1006
1189
1343
1462
1661
1818
1975
2170
2295
2600
2921
3141
3334
3510
3675
3847
4118
4255
4387
4616
4722
4781
4857
4837
5027
5080
5178
5242
5076
5243
5269
5249
5236
4994
4868
4973
4858
4843
4525
4340
4319
4180
4239
4091
3854
3851
3967
4013
4082
3798
3689
3526
3425
3295
3007
2727
2512
1994
1466
514
-424
-1008
-1437
-1730
-2271
-3176
-3883
-4564
-5112
-5519
-5989
-6369
-6678
-6775
-6795
-6919
-7027
-7068
-7023
-6765
-6588
-6514
-6349
-5985
-5612
-5107
-4660
-4346
-4042
-3738
-3448
-3225
-3075
-2918
-2728
-2478
-2236
-2112
-2053
-1969
-1887
-1755
-1728
-1811
-1808
-1831
-1750
-1605
-1565
-1487
-1356
-1204
-943
-766
-649
-476
-300
-20
154
251
354
469
485
486
465
326
288
201
99
138
81
-167
-264
-526
-714
-832
-976
-978
-960
-944
-851
-943
-926
-927
-1001
-911
-873
-880
-746
-527
-333
-142
57
121
240
456
555
722
854
1011
1252
1381
1571
1658
1684
1905
1948
1995
2239
2269
2506
2829
2983
3290
3387
3467
3680
3756
3994
4218
4270
4535
4626
4748
4961
4917
4929
5072
5094
5116
4988
4681
4597
4553
4431
4535
4283
4147
4115
3803
3682
3611
3216
3289
3164
3040
3074
2931
2952
2970
2910
2872
2580
2341
2323
2050
1877
1547
927
478
-83
-859
-1357
-1813
-2201
-2475
-3179
-3756
-4340
-4992
-5301
-5598
-5837
-6036
-6273
-6326
-6335
-6409
-6296
-6377
-6274
-6067
-6005
-5837
-5591
-5368
-5046
-4617
-4286
-3970
-3784
-3547
-3333
-3142
-2918
-2727
-2580
-2379
-2209
-2057
-1900
-1777
-1641
-1557
-1467
-1402
-1348
-1258
-1138
-1024
-1014
-947
-887
-829
-600
-503
-426
-186
-151
6
230
143
240
65
-148
-82
-173
-136
-100
-269
-126
-274
-445
-440
-855
-837
-800
-915
-735
-768
-780
-663
-793
-748
-868
-944
-803
-848
-704
-532
-514
-329
-156
-91
31
67
151
320
522
717
932
1098
1335
1522
1593
1694
1758
1875
2140
2303
2443
2676
2819
3079
3232
3337
3513
3637
3782
3916
3884
4027
4147
4293
4445
4406
4434
4385
4540
4626
4489
4473
4385
4284
4369
4156
3967
3832
3705
3691
3544
3436
3333
3164
3136
3004
2903
2952
2944
2828
2795
2731
2534
2431
2322
2132
2005
1657
1083
656
-105
-798
-1275
-1643
-1855
-2206
-2843
-3321
-3943
-4439
-4846
-5272
-5430
-5701
-5882
-5845
-5948
-5983
-5879
-5903
-5710
-5598
-5555
-5407
-5198
-4931
-4614
-4288
-3999
-3738
-3506
-3254
-3039
-2874
-2645
-2439
-2249
-2056
-1977
-1854
-1750
-1635
-1463
-1373
-1270
-1183
-1131
-1008
-939
-832
-700
-636
-530
-432
-384
-189
-84
12
198
234
238
331
280
166
204
54
120
177
36
-115
-239
-422
-354
-520
-630
-724
-923
-828
-869
-1009
-910
-999
-978
-821
-982
-964
-925
-864
-677
-589
-540
-418
-310
-66
141
205
365
449
555
723
818
881
1129
1328
1577
1721
1785
1934
2143
2273
2477
2529
2662
2933
3007
3213
3391
3476
3693
3811
3829
3959
3893
4093
4297
4406
4612
4451
4425
4433
4342
4504
4566
4523
4559
4280
4237
4185
3967
3949
3655
3531
3447
3279
3155
2972
2808
2796
2576
2518
2359
2153
2252
2245
2119
1872
1624
1288
986
379
-527
-1206
-1434
-1464
-1582
-2068
-2710
-3219
-3803
-4134
-4638
-5014
-5282
-5462
-5386
-5355
-5507
-5551
-5610
-5489
-5305
-5363
-5336
-5178
-4879
-4508
-4155
-3910
-3710
-3475
-3179
-2933
-2807
-2648
-2470
-2229
-1938
-1812
-1804
-1756
-1689
-1536
-1392
-1343
-1358
-1325
-1232
-1092
-1010
-988
-976
-874
-793
-596
-449
-440
-244
-113
86
292
236
175
128
-28
34
-62
-206
-179
-246
-294
-428
-599
-738
-808
-975
-1063
-1192
-1271
-1237
-1211
-1182
-1121
-1136
-1156
-1041
-1021
-918
-847
-769
-651
-507
-377
-182
-58
83
262
386
586
712
821
992
1182
1328
1503
1592
1719
1945
2188
2375
2537
2700
2877
3062
3214
3333
3459
3613
3723
3901
4049
4162
4266
4289
4375
4485
4422
4486
4445
4288
4371
4308
4220
4374
4275
4311
4400
4044
3883
3652
3354
3457
3378
3335
3412
3091
3001
2777
2509
2530
2412
2250
2154
1703
1429
1190
755
92
-771
-1443
-1791
-1952
-2178
-2631
-3227
-3605
-4040
-4490
-4814
-5169
-5460
-5405
-5341
-5360
-5375
-5399
-5363
-5206
-5065
-5068
-5061
-4912
-4650
-4370
-4043
-3804
-3618
-3318
-3052
-2892
-2771
-2708
-2538
-2251
-2031
-1856
-1782
-1731
-1600
-1428
-1299
-1251
-1202
-1102
-981
-832
-760
-783
-723
-597
-451
-339
-283
-201
-47
147
412
405
443
375
206
260
164
117
237
106
188
151
-175
-293
-701
-883
-906
-1074
-1050
-1184
-1365
-1305
-1486
-1513
-1516
-1624
-1512
-1405
-1380
-1279
-1215
-1129
-942
-820
-662
-542
-418
-173
20
190
420
492
631
831
877
1037
1152
1217
1429
1571
1674
1866
1942
2074
2255
2363
2579
2704
2803
3058
3151
3321
3458
3434
3655
3878
3989
4222
4148
4155
4233
4177
4299
4245
4114
4301
4203
4097
4159
3861
3761
3686
3409
3316
3239
3068
2986
2868
2782
2590
2410
2296
2183
2089
1964
1723
1504
1360
1208
992
738
338
-236
-882
-1489
-1829
-1985
-2130
-2438
-2866
-3222
-3655
-4024
-4308
-4565
-4734
-4791
-4772
-4750
-4763
-4751
-4734
-4626
-4476
-4429
-4382
-4264
-4091
-3879
-3605
-3362
-3173
-2943
-2739
-2590
-2463
-2355
-2182
-1967
-1782
-1663
-1600
-1551
-1476
-1348
-1218
-1130
-1064
-947
-836
-721
-592
-496
-429
-276
-250
-121
14
64
224
395
503
645
615
478
461
178
99
20
-123
-128
-22
-199
-213
-479
-700
-772
-953
-978
-1092
-1201
-1118
-1198
-1217
-1089
-1269
-1184
-1110
-1106
-996
-958
-901
-776
-633
-442
-310
-163
34
144
305
457
550
630
815
925
1034
1198
1281
1419
1572
1687
1780
1871
1963
2111
2179
2283
2372
2462
2574
2774
2803
2958
3138
3234
3433
3516
3482
3627
3643
3734
3836
3768
3834
3886
3885
4019
3861
3738
3760
3555
3481
3362
3064
3016
2967
2841
2819
2583
2409
2195
2037
2013
1812
1628
1493
1219
1120
1036
862
794
734
564
373
95
-258
-739
-1259
-1641
-1832
-1905
-1975
-2293
-2614
-2795
-3162
-3446
-3658
-3892
-4003
-4030
-4070
-4079
-4103
-4089
-4056
-3915
-3808
-3805
-3793
-3674
-3519
-3358
-3127
-2996
-2852
-2630
-2450
-2283
-2141
-2024
-1841
-1660
-1526
-1438
-1413
-1341
-1277
-1146
-1038
-1004
-914
-809
-648
-480
-422
-417
-436
-503
-431
-407
-361
-211
-112
-71
22
-175
-228
-190
-221
-248
-286
-454
-463
-514
-597
-620
-686
-731
-712
-761
-831
-824
-950
-875
-806
-839
-769
-766
-774
-625
-639
-508
-398
-383
-224
-212
-170
-65
-49
89
264
343
515
603
713
830
883
964
1016
1134
1253
1412
1577
1717
1815
1946
1955
2017
2075
2158
2286
2393
2474
2582
2607
2742
2774
2872
3006
2956
3030
3051
3051
3226
3214
3147
3198
3042
3098
3076
2935
2836
2691
2654
2719
2642
2637
2454
2208
2150
1988
1848
1814
1639
1562
1576
1416
1279
1100
960
888
810
745
579
402
316
88
-129
-346
-762
-1199
-1439
-1668
-1785
-1845
-2109
-2403
-2547
-2825
-3091
-3264
-3458
-3560
-3567
-3533
-3567
-3607
-3544
-3540
-3458
-3317
-3361
-3324
-3227
-3150
-3004
-2844
-2733
-2611
-2469
-2338
-2223
-2157
-2056
-1944
-1839
-1726
-1654
-1616
-1568
-1537
-1476
-1381
-1354
-1259
-1142
-1073
-958
-995
-1022
-899
-860
-781
-714
-759
-605
-483
-354
-168
-165
-128
-128
-157
-65
-83
-13
109
143
268
271
238
280
242
289
322
271
305
270
273
320
275
300
343
322
361
342
296
305
326
364
414
435
459
519
611
711
785
870
966
1142
1183
1266
1336
1410
1618
1714
1788
1909
1902
2055
2132
2133
2269
2219
2291
2422
2404
2466
2458
2352
2452
2475
2565
2617
2460
2446
2409
2402
2474
2367
2220
2351
2364
2416
2413
2184
2063
2083
2112
2013
1950
1811
1757
1768
1801
1658
1488
1341
1177
1047
1016
841
641
635
478
320
160
-84
-290
-467
-618
-795
-1018
-1180
-1371
-1567
-1690
-1964
-2199
-2377
-2557
-2703
-2837
-2962
-3085
-3155
-3235
-3302
-3393
-3456
-3492
-3479
-3424
-3377
-3347
-3292
-3221
-3166
-3106
-3065
-2993
-2912
-2816
-2716
-2622
-2543
-2469
-2381
-2311
-2255
-2195
-2150
-2082
-1998
-1911
-1813
-1716
-1633
-1511
-1387
-1319
-1198
-1070
-970
-800
-700
-578
-395
-241
-33
116
233
398
482
632
798
856
1019
1074
1142
1246
1243
1302
1311
1354
1436
1456
1494
1517
1468
1506
1488
1479
1500
1499
1538
1554
1557
1559
1541
1524
1565
1559
1566
1632
1628
1670
1834
1801
1808
1927
1885
1951
1919
1827
1916
1986
2052
2037
1891
1883
1791
1763
1819
1716
1743
1743
1694
1742
1578
1503
1481
1381
1535
1521
1449
1472
1348
1273
1391
1266
1212
1116
973
978
920
802
786
669
612
612
418
297
167
-23
-62
-200
-411
-564
-783
-907
-1040
-1273
-1459
-1687
-1923
-2084
-2299
-2536
-2712
-2874
-2976
-3045
-3209
-3309
-3397
-3456
-3421
-3426
-3455
-3418
-3392
-3312
-3234
-3186
-3094
-3009
-2868
-2733
-2641
-2554
-2441
-2337
-2198
-2066
-1990
-1908
-1818
-1720
-1612
-1547
-1472
-1388
-1305
-1204
-1138
-1080
-992
-876
-752
-625
-541
-376
-337
-190
-15
118
264
421
586
654
800
924
1032
1192
1319
1360
1421
1459
1500
1574
1609
1575
1561
1551
1578
1610
1574
1517
1473
1456
1427
1373
1317
1320
1320
1343
1331
1322
1338
1322
1344
1366
1357
1411
1471
1524
1567
1530
1495
1471
1460
1536
1581
1660
1694
1664
1715
1661
1599
1559
1541
1615
1565
1433
1381
1293
1402
1441
1322
1300
1198
1119
1157
1069
1001
989
1008
1109
1085
978
869
800
849
789
688
621
546
520
578
422
275
168
107
102
50
-134
-312
-392
-465
-548
-720
-889
-1080
-1181
-1236
-1365
-1527
-1635
-1715
-1787
-1869
-2015
-2141
-2197
-2192
-2190
-2223
-2263
-2271
-2244
-2168
-2133
-2162
-2131
-2077
-1988
-1896
-1858
-1815
-1738
-1633
-1509
-1430
-1403
-1354
-1281
-1175
-1101
-1056
-1023
-952
-875
-815
-776
-783
-738
-654
-605
-552
-525
-512
-428
-366
-331
-276
-250
-157
-36
26
116
172
220
335
406
447
517
561
635
714
744
795
810
828
879
865
866
887
859
889
903
884
893
873
835
879
845
845
870
859
894
921
903
949
942
852
899
863
936
1058
1028
1095
1158
1104
1177
1160
1125
1220
1170
1183
1206
1139
1213
1201
1164
1186
1060
1017
988
878
871
894
831
795
752
657
639
626
572
575
526
447
442
394
365
399
299
309
289
216
226
173
90
112
78
56
44
-71
-110
-140
-189
-226
-313
-374
-388
-478
-519
-603
-730
-812
-907
-995
-1042
-1116
-1174
-1206
-1262
-1292
-1372
-1436
-1455
-1499
-1500
-1494
-1525
-1517
-1488
-1482
-1473
-1477
-1483
-1447
-1429
-1385
-1362
-1336
-1300
-1267
-1248
-1203
-1189
-1182
-1148
-1135
-1097
-1074
-1037
-980
-955
-908
-878
-886
-848
-787
-746
-665
-594
-550
-482
-449
-454
-422
-394
-342
-264
-213
-134
-103
-56
12
30
60
108
127
183
224
230
275
305
352
375
371
392
382
416
461
484
532
579
608
629
635
651
660
633
663
687
746
820
829
823
820
773
790
786
788
816
810
830
822
785
841
875
869
888
833
821
838
842
842
859
849
824
796
763
745
714
729
711
720
725
654
517
372
253
274
400
494
537
417
249
119
5
24
84
68
79
78
36
11
-65
-136
-99
-84
-66
-77
-173
-215
-256
-273
-258
-299
-344
-330
-356
-386
-400
-470
-490
-475
-499
-537
-602
-681
-666
-637
-628
-623
-669
-662
-643
-673
-695
-754
-793
-779
-782
-767
-740
-735
-707
-674
-678
-713
-732
-708
-673
-647
-622
-625
-624
-590
-579
-570
-535
-513
-469
-426
-441
-454
-474
-467
-425
-413
-407
-398
-380
-319
-264
-268
-274
-291
-296
-272
-271
-293
-257
-221
-151
-90
-100
-98
-73
-43
13
34
28
68
89
145
186
150
135
156
190
248
269
263
298
313
317
289
227
191
184
257
299
322
353
374
373
356
311
278
285
296
340
367
385
376
363
376
366
360
355
364
380
391
415
412
409
415
388
393
385
372
372
389
380
381
382
389
362
341
318
263
258
259
239
236
231
209
216
249
231
208
163
112
99
84
77
67
55
54
41
19
27
4
-4
15
-4
-35
-65
-55
-11
-10
-56
-125
-149
-169
-152
-147
-163
-155
-169
-183
-220
-279
-327
-316
-288
-288
-315
-335
-351
-320
-298
-316
-319
-340
-361
-357
-362
-374
-355
-336
-322
-311
-324
-343
-346
-326
-324
-309
-336
-355
-343
-311
-291
-297
-285
-276
-249
-248
-243
-260
-245
-228
-210
-208
-209
-215
-196
-141
-134
-125
-148
-157
-133
-126
-140
-104
-86
-69
-54
-75
-110
-131
-113
-40
-4
13
5
-36
-29
-53
-92
-91
-55
4
75
90
77
74
49
45
54
48
48
66
79
101
134
134
160
178
190
194
167
168
166
186
197
169
171
205
209
215
229
206
216
225
238
253
261
239
219
235
215
208
190
221
259
280
292
268
235
220
191
161
152
137
126
149
145
135
151
161
183
183
162
141
126
109
122
118
123
129
105
110
94
100
100
96
85
86
93
101
80
65
54
39
47
22
21
41
35
43
44
29
25
-19
-50
-56
-56
-35
-10
-12
-12
-9
-28
-28
-41
-34
-18
-17
-33
-20
-28
-12
-11
-44
-50
-43
-36
4
3
5
14
12
9
-10
-29
-46
-27
-14
19
3
-29
-42
-56
-73
-68
-61
-71
-37
-47
-54
-64
-84
-92
-82
-89
-75
-58
-49
-23
-34
-34
-25
-18
-17
-13
1
36
64
71
45
3
-17
-17
-11
-9
-10
-41
-29
-29
-44
-55
-60
-66
-63
-44
-48
-40
-24
-12
-7
6
10
9
39
55
62
84
90
101
103
99
97
87
77
87
84
90
88
62
68
58
44
43
49
65
59
