-176
-171
-184
-181
-158
-154
-151
-108
-98
-79
-61
-33
-8
-1
21
34
48
56
57
40
42
44
29
38
34
33
20
19
21
11
9
13
10
34
16
-3
13
35
38
27
44
61
93
98
121
137
173
203
218
240
254
250
279
279
292
288
294
296
290
280
251
250
217
224
197
198
166
139
126
103
89
85
85
59
60
60
59
67
77
93
117
118
117
111
145
139
155
150
143
130
135
119
75
69
37
32
10
2
-42
-80
-74
-91
-130
-143
-160
-190
-204
-212
-224
-235
-228
-234
-254
-251
-245
-242
-237
-231
-235
-236
-240
-222
-228
-209
-198
-183
-177
-171
-155
-144
-113
-110
-79
-71
-33
-10
35
55
92
122
154
176
187
216
232
249
245
256
264
282
274
280
247
271
262
261
257
264
260
262
301
321
366
395
478
503
579
642
727
808
909
959
1005
1090
1144
1214
1248
1308
1294
1322
1334
1346
1326
1325
1308
1260
1224
1173
1130
1059
1013
930
865
803
757
683
664
641
634
623
624
655
659
700
746
777
781
838
846
860
837
810
802
755
717
637
532
434
337
220
121
27
-80
-170
-256
-321
-394
-438
-450
-466
-487
-491
-508
-518
-548
-603
-658
-736
-824
-938
-1063
-1199
-1335
-1471
-1563
-1668
-1752
-1818
-1878
-1909
-1913
-1903
-1874
-1832
-1780
-1724
-1663
-1568
-1488
-1404
-1273
-1139
-994
-825
-633
-421
-201
45
289
535
786
1034
1251
1464
1644
1806
1961
2102
2210
2316
2382
2437
2477
2509
2541
2554
2566
2570
2583
2558
2571
2564
2595
2590
2600
2591
2592
2608
2584
2558
2499
2480
2407
2363
2310
2264
2186
2163
2128
2068
2001
1947
1896
1799
1704
1600
1508
1424
1363
1274
1209
1133
1064
952
867
750
596
396
182
-45
-395
-784
-1222
-1690
-2186
-2647
-3142
-3649
-4108
-4486
-4848
-5157
-5340
-5507
-5630
-5632
-5574
-5529
-5384
-5174
-4970
-4780
-4537
-4308
-4097
-3857
-3605
-3419
-3208
-2968
-2776
-2590
-2373
-2140
-1963
-1754
-1532
-1336
-1163
-977
-844
-757
-683
-635
-635
-684
-767
-902
-1071
-1248
-1455
-1697
-1930
-2154
-2391
-2625
-2846
-3046
-3207
-3363
-3567
-3750
-3948
-4166
-4343
-4532
-4738
-4908
-5032
-5119
-5166
-5134
-5030
-4885
-4631
-4320
-3946
-3522
-3025
-2524
-2043
-1535
-1044
-632
-242
95
327
495
614
719
736
757
782
738
719
702
695
669
664
698
693
720
827
906
967
1067
1198
1332
1501
1707
1850
2032
2209
2379
2510
2657
2773
2931
3080
3211
3276
3380
3517
3606
3749
3855
4028
4165
4343
4452
4569
4708
4874
4869
4701
4399
3967
3463
2905
2203
1301
376
-569
-1518
-2525
-3419
-4305
-5070
-5751
-6287
-6738
-7016
-7124
-7160
-7073
-6903
-6570
-6230
-5779
-5330
-4875
-4407
-3859
-3337
-2842
-2359
-1854
-1355
-892
-385
107
609
1102
1565
1963
2369
2744
3084
3325
3508
3585
3608
3565
3442
3216
2920
2614
2229
1846
1413
989
583
220
-115
-482
-771
-964
-1149
-1252
-1315
-1377
-1445
-1413
-1420
-1460
-1481
-1460
-1447
-1427
-1352
-1232
-1083
-841
-535
-260
114
544
966
1355
1774
2157
2478
2718
2965
3052
3083
3101
3038
2898
2741
2622
2445
2281
2133
2034
1905
1884
1886
1874
1897
1991
2085
2185
2318
2455
2593
2736
2936
3076
3224
3399
3554
3667
3833
3957
4078
4193
4292
4364
4435
4518
4561
4561
4560
4555
4537
4582
4596
4644
4676
4708
4745
4805
4876
4926
4925
4821
4584
4205
3758
3181
2512
1743
860
-95
-1077
-2059
-3040
-3990
-4869
-5677
-6394
-6970
-7416
-7732
-7935
-7994
-7957
-7805
-7569
-7238
-6868
-6467
-5988
-5523
-5042
-4523
-3990
-3513
-2998
-2489
-1974
-1471
-950
-423
38
526
983
1395
1765
2107
2363
2515
2598
2628
2562
2421
2211
1903
1532
1166
759
299
-140
-595
-1028
-1437
-1781
-2089
-2353
-2566
-2719
-2841
-2897
-2905
-2957
-2969
-3014
-2998
-2982
-2932
-2865
-2790
-2656
-2465
-2233
-1967
-1625
-1280
-904
-533
-163
196
532
837
1070
1216
1337
1359
1323
1229
1110
946
792
687
546
433
355
342
324
385
488
603
762
952
1117
1292
1498
1692
1870
2025
2193
2324
2459
2630
2758
2899
3048
3162
3303
3403
3525
3606
3714
3826
3935
4040
4126
4210
4270
4341
4358
4448
4528
4619
4711
4799
4882
4947
4980
4832
4514
4094
3558
2897
2153
1291
286
-782
-1806
-2929
-4013
-5001
-5936
-6800
-7526
-8077
-8549
-8821
-8936
-8939
-8878
-8609
-8270
-7866
-7369
-6848
-6321
-5755
-5104
-4501
-3912
-3306
-2677
-2095
-1481
-872
-269
312
922
1454
1946
2429
2854
3197
3433
3623
3657
3634
3525
3329
3004
2627
2179
1683
1142
590
25
-521
-1031
-1536
-1976
-2348
-2621
-2870
-3008
-3142
-3155
-3131
-3006
-2893
-2783
-2684
-2554
-2390
-2223
-2035
-1894
-1685
-1465
-1198
-918
-588
-287
19
311
632
884
1134
1312
1411
1432
1411
1352
1230
1095
883
679
487
374
226
156
132
174
252
397
578
771
1002
1264
1510
1767
2036
2269
2497
2698
2860
2941
3129
3285
3428
3556
3717
3816
3934
4094
4262
4388
4512
4649
4730
4828
4893
4956
4967
4973
4960
4921
4855
4877
4882
4915
4980
5058
5127
5185
5265
5150
4832
4373
3838
3115
2333
1370
211
-1044
-2272
-3495
-4771
-5913
-7002
-7989
-8821
-9397
-9842
-10093
-10112
-9992
-9771
-9352
-8790
-8169
-7447
-6717
-5978
-5249
-4427
-3636
-2886
-2166
-1475
-815
-153
511
1120
1718
2273
2797
3236
3642
3972
4208
4323
4326
4200
3960
3653
3205
2677
2033
1370
663
-39
-700
-1390
-2012
-2577
-3037
-3440
-3710
-3878
-3932
-3929
-3796
-3546
-3186
-2759
-2372
-2007
-1742
-1358
-1058
-755
-557
-402
-317
-149
-24
122
217
332
459
506
658
707
790
771
748
593
476
277
120
-184
-448
-737
-1021
-1135
-1276
-1305
-1337
-1223
-1058
-768
-467
-61
286
690
1066
1435
1791
2102
2407
2617
2833
2998
3166
3254
3390
3432
3523
3573
3687
3771
3875
3987
4039
4081
4160
4287
4349
4471
4542
4685
4796
5018
5192
5445
5700
5993
6288
6590
6556
6157
5587
4878
4009
2934
1659
-79
-1786
-3438
-5064
-6807
-8265
-9672
-10916
-11849
-12369
-12778
-12907
-12560
-12155
-11597
-10779
-9697
-8720
-7535
-6405
-5368
-4413
-3236
-2213
-1381
-573
197
877
1562
2293
2831
3358
3849
4304
4554
4867
5046
5074
4922
4683
4239
3688
3119
2376
1487
528
-376
-1304
-2107
-2810
-3468
-4064
-4392
-4552
-4592
-4376
-4024
-3558
-2999
-2272
-1570
-841
8
806
1509
2201
2794
3300
3814
4215
4501
4643
4852
4924
4931
4897
4810
4566
4409
4182
3895
3581
3289
2980
2605
2390
2088
1872
1709
1673
1573
1608
1767
2028
2295
2714
3177
3639
4240
4861
5490
6072
6712
7234
7702
8097
8478
8649
8857
8910
8860
8728
8564
8379
8046
7754
7339
7028
6761
6520
6257
6029
5770
5534
5440
5266
5153
5058
4972
4819
4772
4721
4725
4791
4928
4973
4998
5077
5113
4952
4341
3437
2261
1033
-446
-2133
-4251
-6527
-8669
-10674
-12644
-14522
-16043
-17401
-18345
-18890
-18997
-18878
-18300
-17408
-16459
-15325
-13943
-12443
-11058
-9667
-8497
-7452
-6431
-5354
-4604
-4060
-3585
-3180
-2869
-2619
-2444
-2467
-2457
-2558
-2784
-3188
-3563
-4105
-4773
-5592
-6567
-7589
-8591
-9523
-10584
-11555
-12440
-13072
-13502
-13674
-13702
-13471
-12936
-12181
-11209
-10141
-8834
-7515
-6086
-4779
-3496
-2387
-1385
-648
-171
-5
6
-104
-462
-893
-1521
-2111
-2776
-3247
-3733
-4161
-4513
-4694
-4869
-4932
-4870
-4750
-4546
-4362
-4063
-3814
-3377
-2824
-2237
-1670
-984
-219
646
1604
2580
3516
4423
5353
6174
6893
7530
8001
8319
8493
8484
8346
8196
7971
7598
7158
6771
6407
6196
6041
5935
5895
6013
6321
6610
7114
7570
8160
8715
9362
9925
10513
11039
11532
11877
12061
12461
12853
13271
13487
13711
13207
12129
10863
9404
7410
5340
2842
-385
-3550
-6088
-8510
-11070
-12792
-14264
-15359
-15560
-14736
-13877
-12412
-10315
-8139
-5920
-3214
-530
1683
3982
5830
7218
8291
9467
10073
10258
10140
9791
9215
8768
8153
7225
6278
5256
4161
2927
1900
645
-653
-2032
-3370
-4814
-5916
-6780
-7581
-8190
-8527
-8431
-7952
-6866
-5614
-4163
-2527
-545
1475
3514
5443
7116
8473
9489
10156
10393
10248
9621
8541
7025
5236
3294
1421
-547
-2475
-4293
-5823
-6905
-7561
-7825
-7918
-7628
-6972
-6036
-4911
-3615
-2305
-1065
196
1419
2559
3570
4539
5245
5796
6212
6477
6647
6635
6458
6034
5528
5001
4421
3699
3033
2313
1755
1288
978
787
845
1014
1388
1931
2560
3456
4257
5203
5897
6733
7544
8393
8923
9597
9872
9981
10084
10170
10101
9902
9928
9403
9001
8522
8273
7721
7528
7300
6966
6324
4796
2365
-429
-2946
-5873
-8943
-12775
-16756
-20128
-22027
-23394
-24191
-24193
-23279
-21563
-18626
-14994
-11632
-7840
-4285
-1068
1364
3872
5385
6334
6441
5721
4283
2848
1529
-401
-2384
-4540
-6323
-7825
-8603
-9604
-10406
-11016
-11408
-11913
-12127
-12218
-12403
-12442
-12457
-12373
-12099
-10937
-9698
-8293
-6839
-4922
-2932
-496
1804
3585
4988
6194
7041
7268
7170
6360
5086
3385
1560
-667
-2852
-4986
-7242
-9555
-11271
-12512
-13258
-13284
-12922
-12316
-11060
-8987
-6745
-4340
-1855
438
2456
4488
6087
7090
7689
7886
7441
6607
5630
4402
3042
1758
407
-826
-1683
-2103
-2319
-2244
-1860
-1308
-439
665
1856
2984
4264
5426
6586
7680
8745
9564
10233
10799
11226
11499
11867
11934
11748
11444
11108
10664
10328
9917
9363
9008
8520
8443
8270
7936
7649
7671
7407
7483
7850
8071
8539
9349
10267
10998
11792
11723
9741
6931
4148
953
-2552
-6185
-11089
-16063
-18786
-19949
-20794
-20407
-18809
-16883
-13807
-9213
-5110
-1646
2161
4900
6124
7183
7950
7385
6491
5021
2506
-111
-1402
-2531
-4022
-5098
-6151
-6986
-6898
-6565
-7028
-7443
-7766
-8444
-9205
-9494
-9651
-9729
-9310
-8604
-7834
-6165
-3597
-1179
1026
3068
4738
6204
7506
7924
7203
6034
4690
2809
728
-1251
-3528
-5292
-6402
-7032
-7400
-7099
-6549
-6259
-5778
-5202
-4947
-4851
-4401
-4463
-4504
-4029
-3273
-2517
-1243
64
1294
2597
3805
4420
4579
4529
3784
2485
1033
-543
-2299
-3297
-4200
-4618
-4379
-3319
-1906
-57
2091
4018
5723
7283
8469
8891
9141
8895
8328
7496
7011
6400
6085
6005
6076
6105
6552
7310
7756
8450
8666
8805
8589
8762
8468
8366
8302
7912
7702
7749
8289
8682
9571
10064
10895
11596
12440
13129
13855
14170
14711
12823
7160
1062
-3996
-9196
-13995
-18101
-25204
-29921
-28893
-25642
-23466
-18252
-12754
-8758
-2772
3983
7328
9243
11989
10934
7976
6199
4360
863
-867
-3393
-7227
-8790
-7409
-7230
-7610
-7504
-8780
-9652
-9261
-9694
-11881
-12497
-13142
-13735
-13131
-10786
-8442
-5139
-1440
1132
3511
6726
9365
9943
9517
7407
4636
2411
413
-3040
-6116
-8075
-9512
-10221
-9095
-7858
-6768
-4585
-3249
-3126
-1853
213
523
309
-113
-1276
-1650
-185
61
-949
-1136
-1216
-1443
-873
-759
-1840
-2499
-2928
-3756
-4270
-3680
-3336
-3158
-2411
-1907
-1199
796
2294
2380
2602
2816
2815
3177
3516
2769
2085
2517
2885
3154
4180
5019
5362
6242
6801
6951
7548
8181
7816
7186
6809
6420
6480
7039
6864
6572
7195
8086
8777
9686
10438
10892
11462
12008
11929
11391
11706
11690
10865
9962
9253
8049
7765
8102
8051
7991
8659
9032
7996
4432
-719
-5740
-10034
-13810
-16981
-20887
-24250
-23257
-19549
-15648
-11135
-5651
-1576
2337
6385
8313
8070
7760
5922
1985
-1177
-3361
-5629
-6939
-7626
-9076
-9489
-7978
-6645
-6589
-6833
-8024
-9380
-9743
-10058
-10984
-11026
-10021
-8717
-6388
-3335
-227
2639
5032
5989
5920
5569
4518
2436
-454
-3753
-6678
-8245
-8761
-9044
-8626
-7202
-5185
-2818
-604
405
1009
1717
1482
1005
412
-614
-1427
-2120
-3237
-4299
-4838
-4788
-4661
-4972
-4960
-4849
-4371
-3183
-2475
-1918
-1029
-177
690
1314
1646
1727
1498
1066
280
-516
-787
-971
-1104
-760
-496
561
2153
3637
4796
5622
6403
6954
7050
6995
6374
5579
5318
5083
4995
5312
5737
6240
6889
7591
8662
9405
10323
10629
10214
10142
10273
10606
10744
10203
10183
10186
9817
10671
10871
9705
9767
9493
8375
8366
9268
9525
9725
10099
10004
8816
5694
-56
-6249
-10965
-15328
-17912
-20239
-22940
-22080
-17124
-12485
-7448
-2070
1580
4161
7034
7901
6041
4612
2537
-1221
-4036
-5356
-6977
-6824
-6235
-7134
-7756
-6922
-6769
-7622
-8607
-10742
-12646
-12520
-11771
-11355
-9207
-6505
-3807
-467
2560
4443
5925
6361
4702
2182
-187
-2610
-4945
-6773
-8860
-9678
-8585
-6898
-5303
-3690
-2585
-1337
-143
177
-351
-1112
-1867
-2925
-3734
-4021
-3854
-3379
-2414
-1960
-1794
-1106
-421
-886
-1694
-2576
-3598
-3729
-3330
-3305
-3106
-2236
-1176
-126
783
1210
1120
989
540
-312
-711
-796
-708
-216
339
1094
2291
3663
4511
4767
4816
4718
4387
4254
3669
2921
2983
3352
3879
4757
6000
7005
8085
8683
8841
8782
9317
9345
9044
8311
7670
7812
8502
8729
8826
9168
9572
10614
11265
11155
10282
10272
10621
10390
9569
9121
8522
8809
10036
10084
7703
2687
-3907
-9756
-13571
-16470
-18887
-21484
-22774
-19890
-13497
-7410
-2511
1735
4325
6156
7904
7781
5083
1989
-1451
-4937
-6749
-6867
-6844
-6832
-6807
-7218
-7036
-6458
-7015
-8919
-11096
-13014
-13213
-11712
-9968
-7953
-5114
-1952
1394
4515
6054
6011
5132
3203
366
-2164
-4434
-6902
-8416
-8781
-8424
-6460
-3915
-2544
-1681
-639
-156
-80
-245
-1321
-2736
-2994
-3002
-2882
-2127
-1525
-865
-121
-492
-563
-925
-2193
-3400
-4782
-5786
-5456
-4603
-3750
-3027
-1829
-5
1161
2041
1859
754
97
-493
-1169
-1571
-1974
-1591
-670
486
1896
2962
3925
4270
3855
3556
3023
2472
2290
1790
1868
2864
4257
5932
7233
8134
9043
9972
10336
10176
9396
8395
7827
8005
8124
8450
9121
9796
10952
12196
13075
13029
11683
10145
9399
8076
7399
6666
5346
4865
6395
7733
8617
9849
10191
9675
8183
4729
-1961
-8272
-12712
-16261
-18479
-18753
-17939
-15370
-9810
-4412
-469
2426
4581
4811
3973
2363
-510
-3283
-5467
-7055
-7619
-6649
-5703
-4798
-4498
-4889
-5547
-6369
-7986
-10328
-11962
-12801
-12084
-9984
-7390
-4893
-1566
1451
3419
4365
3968
2485
439
-1733
-4162
-5939
-6953
-7004
-6307
-4744
-2998
-1218
-93
253
-92
-898
-1670
-2837
-4392
-5325
-5276
-4514
-2798
-1446
-597
142
765
606
-112
-1433
-2897
-4316
-4688
-4845
-4683
-3573
-2227
-1037
377
1303
1538
1345
392
-893
-2023
-2538
-2916
-2812
-2120
-984
627
2477
3600
4067
4386
4055
3537
2784
1903
1130
1066
1450
2365
3720
5216
6635
7777
8513
8555
8802
8433
7631
6997
6746
6907
7463
8442
9446
10250
10814
11299
11303
10824
10444
10194
9445
8836
9777
9741
9544
10589
11113
11236
11756
11868
10805
9350
5825
-1724
-9954
-14430
-17974
-19490
-19162
-19197
-17231
-10323
-3464
214
2600
4440
4698
4671
4061
147
-2979
-4880
-6164
-6458
-5334
-5120
-5055
-5293
-6320
-7542
-8308
-9686
-12155
-13328
-13697
-11583
-8088
-5361
-3435
-317
2392
4061
4413
2780
0
-2209
-3649
-5435
-6359
-6847
-6508
-5088
-3041
-1781
-533
43
-992
-2422
-2929
-3452
-4341
-4335
-4390
-3753
-1458
611
1324
2039
2216
2068
1460
-372
-3396
-5618
-6239
-6674
-6099
-5105
-4372
-2872
-786
-162
344
664
-124
-976
-1387
-1534
-1842
-1147
-778
-495
691
1883
1961
2090
1546
800
900
802
507
599
1365
2270
3653
4802
5474
5986
6671
6722
6695
6362
5661
5641
6118
6612
7684
8512
8558
9468
10137
10713
11199
11657
10903
10891
11108
10532
10205
9876
9310
9292
9698
8284
7755
7661
7279
7352
8031
7464
6301
6414
4011
28
-4957
-9561
-13287
-14450
-15041
-15035
-13276
-10305
-5992
-2242
467
1173
2305
1813
643
-908
-2960
-5048
-5920
-6093
-6293
-5409
-5189
-5736
-6596
-6900
-8310
-8964
-9973
-10809
-10683
-8699
-6368
-4055
-1894
-542
868
1710
1476
-134
-1646
-3657
-4796
-5193
-5157
-5225
-4322
-3372
-2352
-1168
-698
-1146
-1762
-2669
-3586
-3574
-3721
-3415
-3050
-2023
-900
429
444
114
-274
-1184
-2114
-2961
-4047
-5333
-4674
-4195
-3115
-2360
-1604
-1064
-632
-707
-966
-1177
-1841
-2027
-1799
-1298
-797
87
612
1014
1466
1929
1604
1185
645
456
465
1009
1469
1872
2724
3383
4192
4711
4786
4567
4755
5069
5724
6423
6937
7228
8226
9420
9465
9748
10051
9954
10061
10443
10044
9151
9597
9219
8876
8989
8831
8868
9327
9055
7951
7690
6965
6525
7074
7238
6832
6972
6547
4782
2126
-1596
-7139
-11604
-13870
-15117
-15331
-13408
-11106
-8405
-3733
-223
1001
1250
1104
-494
-1636
-3230
-5063
-6117
-6192
-5818
-4745
-4088
-4442
-5107
-6365
-7552
-8650
-9550
-10344
-9988
-8874
-6541
-3831
-1549
-331
397
771
308
-1066
-2787
-4369
-5541
-5339
-4443
-3401
-2513
-1465
-748
-284
-523
-1292
-2343
-3415
-3998
-3754
-2984
-2784
-2070
-1167
-607
147
658
-292
-1251
-1706
-2542
-2895
-3414
-3871
-3653
-2944
-2436
-2045
-1857
-2323
-2498
-2422
-2528
-2460
-2056
-1533
-665
211
979
1566
1286
1138
903
389
228
-124
-257
9
667
1289
2120
2434
3041
3544
3835
4021
4088
4040
4671
5652
6314
7106
7727
8046
8630
9410
9141
9443
9264
9659
9856
11067
10821
10217
10977
10060
9478
9576
9423
7529
8474
8167
6110
6338
6008
5037
6097
7350
6355
7623
7566
5064
3004
-222
-5908
-9890
-12860
-14473
-13984
-12656
-10061
-7478
-4619
-1504
196
-1129
-1234
-2094
-3637
-4095
-4693
-5403
-4551
-3603
-3341
-2879
-3578
-5292
-6974
-8325
-9473
-10028
-10045
-8704
-7128
-4983
-2431
-777
-493
-623
-933
-1774
-2908
-3934
-4516
-4692
-3910
-2488
-1511
-1154
-926
-1156
-1366
-2298
-3008
-3554
-3785
-3790
-2444
-1749
-1250
-171
-563
-786
-921
-1631
-2874
-2954
-3744
-3254
-2135
-1774
-1289
-337
-371
-917
-1326
-2780
-3622
-3713
-3641
-2929
-1994
-1255
-89
579
843
991
645
10
-258
-420
80
416
782
1586
2323
2770
2917
2735
2082
1943
2297
2574
3193
3733
4849
5954
6927
7338
7954
8106
7909
7856
7309
7039
7376
8776
9522
10052
11281
11654
11797
11038
9715
7646
7075
7456
7119
6627
6265
6022
5552
5500
5787
4925
5452
6420
6363
5827
6007
4041
1244
-141
-5789
-10834
-12169
-12818
-14252
-11100
-8848
-8305
-4271
-1247
-2381
-2935
-2321
-4037
-4368
-3787
-4205
-3940
-2879
-2843
-2439
-2753
-4233
-6097
-7831
-9274
-9294
-9083
-8554
-6810
-5183
-3561
-1720
-1191
-2167
-2427
-2786
-3427
-3466
-3259
-3310
-2527
-1304
-635
-449
-752
-1813
-2512
-3096
-3439
-3566
-2810
-2561
-1980
-535
-142
-1051
-1477
-1770
-3687
-3986
-3844
-4555
-3622
-1387
-1004
-538
113
-376
-673
-1306
-3071
-3432
-3291
-3419
-2144
-1018
-1126
-406
199
-571
-554
-520
-968
-934
-318
539
1543
2130
2570
2626
2635
2279
1744
1150
1259
1852
2991
3661
4161
5244
5682
6085
6261
6402
6197
6994
7882
7993
8415
9452
10063
10039
10889
9549
9462
9782
10024
8668
9322
8165
7776
9366
8105
7137
7134
6531
4691
5666
5059
4494
5587
5540
5250
5003
4308
1445
-1001
-3590
-7683
-10971
-11495
-10860
-11127
-7869
-6237
-6172
-3848
-2465
-4495
-4808
-4477
-5420
-4423
-3395
-3145
-2337
-2169
-2878
-3414
-4773
-6468
-7896
-8764
-8477
-7544
-6721
-5295
-4174
-3798
-3244
-2998
-3606
-4269
-4215
-3768
-2932
-1922
-1075
-876
-686
-627
-1206
-2046
-2818
-3602
-3612
-3187
-2769
-1838
-1304
-1343
-1375
-1280
-1758
-2625
-3315
-3422
-2907
-2599
-1766
-1282
-1042
-754
-265
-1212
-2044
-2249
-2648
-2990
-2639
-2226
-2047
-1981
-1467
-1096
-1103
-1332
-1207
-1106
-893
-134
291
541
852
1301
1473
1397
1211
949
1028
1181
1697
2227
2673
3127
3427
4072
4170
4477
4865
5272
5733
6743
7083
7515
7499
7663
7835
8480
8377
8340
8251
8499
9415
9953
11299
10113
9770
9819
9408
8312
8468
7190
5900
6962
6236
5158
5133
4570
4154
5226
4340
3369
1903
-1555
-3697
-6899
-10757
-10760
-9739
-10223
-7025
-5642
-6134
-4264
-3375
-5546
-5246
-4487
-4899
-3790
-2711
-2305
-1948
-2330
-3369
-4408
-6007
-7246
-8106
-8297
-7514
-6520
-5699
-4707
-4456
-4667
-4604
-4749
-4976
-4635
-3789
-2749
-1644
-622
-283
-524
-1029
-1706
-2532
-2868
-3140
-3194
-2648
-2062
-1527
-1102
-1211
-1849
-2446
-2417
-2594
-3210
-2907
-2284
-1970
-1189
-464
-1477
-1803
-1447
-1838
-2172
-1456
-1717
-1493
-719
-736
-1020
-1599
-2672
-2871
-2891
-2772
-1943
-860
-313
583
1138
910
492
136
221
238
1048
1340
1969
1953
2496
2656
1993
1827
1826
2174
2743
3855
4321
4961
5450
5610
5658
5918
6516
6921
7813
8638
9058
8910
8813
8608
8124
8824
9176
8733
9724
10421
9132
8856
8515
7298
7252
7311
5786
5418
5820
5796
6007
5929
5289
5122
4492
3257
1366
-1008
-3373
-6675
-8974
-8949
-8571
-8523
-6667
-6931
-7245
-5472
-4898
-6549
-5871
-4561
-3988
-2487
-1325
-1469
-2179
-2748
-3339
-4578
-5812
-6256
-6740
-6818
-5709
-5227
-5480
-5403
-5745
-5934
-5415
-5161
-5060
-4112
-3002
-1850
-984
-702
-999
-1379
-1669
-1772
-1758
-1827
-1604
-1449
-1492
-1751
-1834
-2491
-3383
-3199
-2530
-2355
-1845
-1082
-1831
-1759
-1612
-2249
-2926
-2544
-2512
-1976
-956
-370
-295
-756
-1270
-1915
-2867
-3360
-3004
-2672
-1989
-723
-791
-902
-585
-1244
-1457
-1065
-594
29
975
1345
1962
1916
1457
1325
932
1009
2121
2458
2832
3498
3654
3283
3713
3333
3394
4026
4993
5906
6416
6665
6724
7356
7369
8325
8025
7462
7755
8035
8432
9172
10128
9646
10545
10526
9777
8708
7873
7061
7037
7515
6808
6575
6230
5821
5785
4864
4088
3222
2613
258
-528
-3719
-7589
-8674
-8542
-8716
-7404
-6104
-7988
-7038
-5193
-5485
-6638
-5260
-4680
-3961
-1834
-932
-1969
-2842
-2871
-3796
-5060
-5314
-5890
-6895
-6509
-5141
-5252
-5538
-5770
-6269
-6354
-5625
-5057
-4816
-4175
-3223
-1963
-1249
-1251
-1598
-1782
-1703
-1365
-1079
-1192
-1184
-1190
-1277
-1694
-2246
-2821
-3039
-2916
-2428
-1900
-1323
-1128
-1350
-1686
-2545
-2940
-2773
-2556
-2213
-1314
-1008
-664
-504
-1230
-2007
-2218
-2307
-2125
-1996
-1840
-1672
-1517
-1448
-1405
-1621
-1527
-1172
-586
-182
252
483
593
720
966
1111
1039
1150
1535
1597
1878
2548
2413
2659
3127
3037
3187
3701
3820
4492
5331
5822
6391
6448
6107
6639
6886
7612
8043
7751
7283
7910
8177
8559
8872
8049
8475
9171
9490
8671
7695
6491
6823
7365
6778
5880
5322
5780
6264
6433
4947
3670
2812
2464
932
-669
-3337
-6282
-7611
-7752
-7580
-7078
-7291
-8440
-8046
-7056
-6568
-6868
-6851
-6099
-4267
-2280
-1759
-2295
-2938
-3172
-3219
-3395
-3924
-4769
-5022
-4597
-4060
-4062
-4678
-5891
-6429
-6202
-6058
-6198
-5897
-5206
-4367
-3296
-2441
-2251
-2337
-2151
-1755
-1271
-868
-860
-822
-652
-397
-263
-691
-1532
-2050
-2197
-2061
-1795
-1991
-2347
-2436
-2567
-2499
-2318
-2520
-2547
-2228
-1585
-862
-603
-1000
-1501
-1804
-1651
-1429
-1434
-1521
-1563
-1143
-748
-750
-1170
-1783
-1782
-1200
-584
-227
-236
-108
374
856
1032
815
600
1007
1561
2100
2302
2202
2511
2757
3234
3358
3397
3581
4011
4411
4893
5045
5250
5491
5589
5944
6121
6622
7184
7361
7405
7209
7138
7144
6972
6913
6866
6785
7321
7331
7098
6722
6052
5587
5271
4784
4232
3654
3352
3732
3827
3648
3123
2568
2180
1844
1187
16
-850
-1510
-2012
-2926
-3996
-4952
-5694
-5987
-5680
-5707
-6183
-6419
-6775
-6805
-6697
-6211
-6111
-6224
-6326
-6057
-6026
-5216
-4515
-4414
-4428
-4070
-3851
-3538
-3252
-3208
-2993
-2766
-2386
-2250
-2323
-2378
-2340
-2298
-2344
-2306
-2337
-2369
-2191
-2163
-2135
-2168
-2202
-2044
-2041
-2051
-1976
-2006
-1906
-1694
-1555
-1554
-1483
-1386
-1398
-1253
-1201
-1190
-1194
-1135
-1022
-1050
-1084
-1098
-1270
-1151
-1143
-1166
-1048
-1047
-989
-890
-983
-904
-936
-867
-606
-540
-424
-362
-454
-352
-290
-296
-152
-45
146
454
675
933
1055
1204
1361
1430
1635
1749
1856
2061
2274
2358
2678
2844
3055
3280
3472
3669
3836
3982
4203
4365
4524
4766
4799
4985
5281
5491
5718
5841
5813
5849
5900
5899
5970
6133
6224
6206
6102
5865
5755
5737
5500
5508
5462
5452
5536
5305
4891
4449
3964
3656
3259
2775
2466
1993
1628
799
-184
-957
-1581
-1961
-2206
-3008
-3808
-4293
-4824
-5294
-5455
-5628
-6099
-6400
-6384
-6445
-6459
-6358
-6390
-6398
-6079
-5752
-5741
-5596
-5268
-5009
-4604
-4115
-3883
-3802
-3691
-3453
-3176
-2918
-2718
-2611
-2470
-2228
-2000
-1836
-1765
-1734
-1592
-1446
-1392
-1372
-1375
-1374
-1256
-1168
-1109
-945
-819
-681
-508
-540
-663
-555
-592
-379
-166
-297
-365
-330
-417
-200
-154
-103
-48
-202
-8
141
0
94
-37
-192
-157
-363
-463
-540
-574
-372
-291
-232
-187
-316
-401
-370
-334
-346
-355
-244
-158
46
333
502
721
893
1136
1384
1580
1831
2084
2330
2660
3011
3433
3780
3931
4246
4408
4598
5037
5298
5562
5810
5828
5799
5766
5926
6115
6110
6241
6312
6130
6268
6221
5970
5970
5842
5666
5597
5443
5127
4733
4339
4021
3561
3245
2765
2271
1607
696
-159
-897
-1517
-1814
-2383
-3254
-3959
-4620
-5222
-5691
-5872
-6165
-6645
-6776
-6836
-6968
-6927
-6896
-7017
-6945
-6595
-6431
-6368
-6119
-5858
-5640
-5209
-4850
-4637
-4493
-4237
-3885
-3586
-3281
-2985
-2745
-2487
-2158
-1879
-1738
-1620
-1444
-1341
-1240
-1177
-1128
-1074
-917
-720
-485
-430
-331
-209
-170
58
205
91
1
24
-62
-1
52
128
197
320
497
504
441
351
92
-66
-129
-256
-452
-570
-641
-599
-566
-499
-587
-806
-995
-1053
-1165
-1262
-1229
-1222
-1182
-964
-906
-920
-865
-860
-729
-524
-276
-33
219
559
988
1228
1451
1591
1747
1976
2385
2777
3132
3431
3702
3950
4087
4303
4405
4670
4942
5339
5563
5870
5988
6163
6284
6249
6431
6354
6258
6317
6170
6069
6151
6011
6030
6044
5897
5819
5453
5205
4999
4537
4211
3784
3084
2590
2051
1126
355
-454
-1165
-1705
-2163
-2925
-3683
-4470
-5111
-5636
-5962
-6152
-6534
-6831
-6809
-6873
-6939
-6928
-7108
-7174
-6926
-6754
-6557
-6291
-5995
-5637
-5165
-4732
-4437
-4270
-4030
-3657
-3308
-2943
-2646
-2460
-2251
-1999
-1832
-1668
-1580
-1500
-1281
-1093
-915
-807
-760
-696
-619
-528
-447
-428
-347
-285
-208
-7
77
126
131
259
312
406
634
595
547
683
449
226
178
-29
-37
-27
-87
-185
-438
-429
-535
-767
-813
-1018
-1304
-1316
-1281
-1299
-1300
-1254
-1248
-1261
-1157
-1133
-1117
-1077
-806
-606
-413
-129
53
282
490
729
960
1091
1291
1619
1773
2086
2367
2553
2874
3090
3370
3577
3886
4321
4690
5004
5255
5379
5396
5420
5519
5648
5638
5845
5918
5994
6038
5929
5707
5621
5623
5650
5611
5588
5470
5331
5209
4935
4633
4260
4057
3751
3443
3063
2404
1893
1397
522
-312
-1049
-1776
-2051
-2312
-2933
-3598
-4251
-4891
-5413
-5649
-5943
-6491
-6720
-6638
-6611
-6572
-6496
-6613
-6538
-6173
-5896
-5779
-5499
-5217
-4930
-4449
-4015
-3827
-3723
-3516
-3227
-2933
-2591
-2313
-2129
-1853
-1587
-1418
-1344
-1351
-1356
-1246
-1092
-1036
-938
-884
-803
-596
-422
-344
-207
-140
-21
202
324
228
129
170
236
371
532
417
330
346
208
264
188
46
-70
-323
-396
-576
-861
-807
-758
-825
-802
-1049
-1327
-1493
-1528
-1461
-1495
-1400
-1366
-1297
-1175
-1069
-1046
-1097
-953
-774
-615
-384
-287
-160
43
252
536
703
912
1301
1701
2034
2363
2576
2796
3059
3339
3495
3604
3842
4065
4423
4631
4705
4725
4844
4983
5338
5407
5368
5537
5544
5604
5760
5636
5511
5584
5434
5462
5474
5436
5555
5480
5367
5239
4855
4594
4405
3945
3637
3188
2570
2258
1654
798
-26
-865
-1461
-1758
-2315
-3072
-3744
-4489
-4982
-5296
-5519
-5790
-6138
-6274
-6202
-6262
-6245
-6276
-6410
-6250
-5980
-5870
-5695
-5478
-5217
-4820
-4341
-3990
-3799
-3684
-3489
-3257
-3034
-2782
-2596
-2492
-2238
-1989
-1820
-1696
-1653
-1547
-1363
-1205
-1089
-1026
-1000
-819
-699
-571
-428
-413
-347
-184
-51
28
129
135
207
271
286
262
207
227
243
245
242
92
-14
19
-39
-89
-173
-471
-611
-640
-718
-717
-770
-864
-857
-934
-995
-1110
-1274
-1302
-1302
-1266
-1161
-1135
-1138
-1016
-881
-715
-543
-362
-198
75
341
639
810
1015
1175
1351
1516
1797
1956
2189
2547
2764
2985
3232
3382
3556
3885
4002
4184
4330
4478
4650
4832
4866
5015
4994
5109
5271
5320
5321
5305
5216
5062
4989
4859
4721
4801
4979
4989
4997
4687
4321
4008
3795
3582
3364
2965
2618
2135
1784
1416
959
402
-382
-1179
-1689
-2127
-2489
-2947
-3493
-4059
-4499
-4844
-5203
-5450
-5698
-5882
-5853
-5787
-5788
-5878
-5959
-5885
-5721
-5483
-5244
-5102
-4848
-4527
-4222
-3900
-3683
-3516
-3339
-3090
-2840
-2630
-2408
-2201
-1989
-1759
-1577
-1502
-1445
-1388
-1274
-1136
-1004
-914
-857
-797
-737
-605
-604
-575
-536
-450
-314
-167
-186
-150
-93
-32
33
34
34
32
30
-9
5
-87
-76
-50
-129
-178
-217
-454
-538
-577
-713
-770
-888
-962
-922
-915
-782
-819
-917
-847
-868
-882
-706
-678
-612
-509
-432
-237
-148
-37
187
311
474
755
830
1020
1318
1474
1683
1960
2130
2382
2608
2801
3007
3125
3337
3660
3786
4001
4091
4041
4219
4390
4563
4645
4643
4557
4760
4823
5063
5029
4710
4640
4452
4264
4341
4244
4093
4214
4248
4296
4200
3971
3715
3407
3241
3223
2923
2654
2421
1967
1585
1316
881
361
-158
-916
-1663
-2136
-2521
-2798
-3208
-3743
-4190
-4666
-5024
-5253
-5549
-5718
-5826
-5859
-5738
-5743
-5762
-5694
-5639
-5431
-5156
-4992
-4828
-4564
-4285
-4003
-3706
-3501
-3376
-3232
-3024
-2792
-2624
-2438
-2230
-2100
-1915
-1772
-1771
-1746
-1676
-1565
-1446
-1325
-1268
-1227
-1136
-1021
-956
-874
-825
-758
-691
-576
-489
-424
-272
-162
-93
-16
-75
-183
-178
-197
-108
11
10
7
-16
-88
-98
-189
-279
-280
-342
-330
-337
-403
-445
-500
-557
-530
-599
-641
-581
-552
-440
-332
-322
-273
-225
-166
10
134
345
579
789
981
1166
1278
1398
1585
1773
1989
2266
2527
2795
2960
3063
3094
3185
3400
3655
3836
3939
4010
4093
4276
4333
4489
4431
4355
4543
4607
4695
4726
4548
4424
4443
4338
4338
3957
3713
3695
3560
3767
3844
3564
3379
3280
2924
2850
2523
2319
2111
1921
1814
1508
1056
707
296
-117
-424
-896
-1616
-2130
-2557
-2866
-3114
-3407
-3886
-4254
-4570
-4759
-4942
-5157
-5225
-5371
-5367
-5252
-5336
-5398
-5332
-5260
-4991
-4717
-4563
-4405
-4240
-4016
-3740
-3515
-3347
-3198
-3024
-2790
-2535
-2345
-2180
-2011
-1861
-1715
-1650
-1642
-1587
-1531
-1384
-1224
-1138
-1068
-1016
-951
-851
-776
-689
-680
-637
-518
-469
-337
-239
-157
9
55
-16
13
-16
-45
-12
-48
63
50
20
-22
56
9
-42
-30
-63
-17
-102
-246
-180
-236
-210
-52
-185
-214
-82
-100
-29
75
22
136
243
314
497
553
629
916
983
1129
1336
1317
1473
1694
1764
1971
2102
2286
2477
2618
2757
2947
3066
3225
3461
3507
3586
3588
3627
3867
4126
4184
4130
4072
4074
4202
4312
4086
3878
3746
3779
3906
3900
3651
3372
3203
3129
3225
3221
3194
3006
2852
2715
2511
2392
2275
2166
1991
1862
1511
1220
1012
780
492
116
-344
-811
-1326
-1918
-2320
-2695
-2929
-3092
-3434
-3913
-4287
-4645
-4946
-5058
-5111
-5191
-5261
-5222
-5171
-5171
-5062
-4937
-4829
-4625
-4405
-4303
-4151
-3893
-3683
-3437
-3127
-3000
-2966
-2669
-2514
-2283
-2182
-2095
-1819
-1853
-1723
-1654
-1656
-1516
-1490
-1362
-1245
-1175
-1044
-1025
-972
-884
-847
-753
-749
-679
-547
-447
-279
-148
-141
-124
-105
-99
5
86
181
200
201
300
323
326
387
373
362
430
434
410
396
342
342
334
363
327
226
200
249
230
318
252
258
271
438
277
366
585
772
1039
801
1066
1068
1300
1531
1606
1738
1893
1943
2209
2365
2596
2745
2721
2900
3056
3144
3301
3287
3204
3357
3477
3625
3695
3645
3548
3449
3445
3454
3433
3474
3546
3392
3293
3179
2879
2817
2875
2875
3005
3020
2936
2918
2801
2654
2561
2430
2356
2467
2217
2032
1852
1454
1348
1180
809
453
122
-348
-678
-1125
-1672
-2146
-2632
-2799
-3082
-3416
-3781
-4134
-4382
-4451
-4596
-4796
-4883
-5020
-4993
-4835
-4781
-4729
-4620
-4512
-4258
-4033
-3904
-3743
-3588
-3386
-3140
-3001
-2872
-2753
-2646
-2415
-2241
-2156
-2034
-1930
-1846
-1708
-1629
-1655
-1610
-1576
-1509
-1386
-1306
-1218
-1128
-996
-921
-906
-823
-751
-633
-428
-358
-311
-180
-162
-85
27
25
118
203
320
387
406
399
396
428
494
493
465
429
371
399
355
297
288
232
211
232
125
6
-19
-20
135
255
270
289
303
307
457
549
600
758
871
999
1148
1296
1354
1500
1704
1894
2024
2170
2287
2422
2603
2783
2860
2860
2942
3009
3073
3140
3202
3181
3258
3314
3256
3220
3142
3132
3167
3197
3110
3031
2861
2833
2808
2630
2530
2530
2508
2564
2619
2406
2259
2199
2158
2134
2182
2142
2009
1876
1779
1641
1428
1307
1143
885
701
464
56
-318
-667
-1084
-1441
-1846
-2252
-2631
-2982
-3212
-3415
-3700
-3932
-4164
-4410
-4556
-4675
-4766
-4813
-4771
-4639
-4524
-4428
-4307
-4181
-4067
-3866
-3658
-3544
-3370
-3179
-3000
-2798
-2614
-2477
-2324
-2182
-2024
-1904
-1808
-1705
-1618
-1559
-1491
-1449
-1427
-1381
-1300
-1217
-1157
-1118
-1086
-1046
-1003
-914
-842
-812
-704
-605
-512
-395
-338
-290
-155
-59
93
179
236
284
287
351
411
402
472
575
584
639
622
564
518
502
487
448
444
475
450
452
480
481
462
465
478
455
475
544
617
716
787
862
941
1000
1146
1291
1373
1527
1657
1750
1908
2071
2183
2271
2366
2480
2591
2678
2805
2856
2885
2886
2927
2908
2908
2938
2859
2774
2789
2763
2720
2798
2786
2748
2595
2420
2210
2267
2223
2286
2386
2187
2074
2055
1956
1952
2082
1884
1824
1809
1720
1651
1412
1361
1257
1187
1185
914
555
392
220
-11
-156
-484
-887
-1181
-1433
-1675
-1977
-2294
-2624
-2827
-3033
-3174
-3356
-3578
-3692
-3759
-3828
-3899
-4015
-4069
-4022
-3920
-3733
-3630
-3576
-3482
-3387
-3278
-3116
-3023
-2957
-2821
-2675
-2563
-2469
-2382
-2262
-2111
-1991
-1904
-1895
-1890
-1821
-1739
-1642
-1566
-1543
-1500
-1419
-1325
-1257
-1213
-1138
-1054
-951
-857
-823
-739
-655
-527
-437
-310
-292
-192
-55
29
153
249
290
396
541
531
591
571
604
674
717
770
747
761
807
826
840
810
752
749
759
779
747
715
755
777
860
911
910
920
932
1032
1189
1245
1284
1331
1350
1477
1658
1770
1899
2036
2170
2315
2417
2410
2375
2423
2521
2625
2697
2727
2721
2668
2698
2663
2654
2622
2604
2570
2496
2452
2349
2230
2232
2139
1993
1977
1876
1846
1852
1856
1749
1643
1632
1580
1478
1480
1426
1413
1515
1479
1386
1167
960
933
765
722
590
282
-10
-159
-423
-712
-1001
-1310
-1618
-1842
-1997
-2369
-2721
-2943
-3188
-3320
-3414
-3579
-3788
-3863
-3859
-3864
-3842
-3814
-3820
-3746
-3645
-3549
-3470
-3379
-3220
-3059
-2875
-2748
-2649
-2556
-2406
-2273
-2156
-2094
-2039
-1947
-1831
-1717
-1643
-1604
-1608
-1566
-1485
-1453
-1392
-1347
-1306
-1211
-1112
-1058
-1013
-936
-812
-678
-552
-404
-342
-233
-44
56
177
304
399
488
622
726
802
861
956
1038
1055
1104
1112
1092
1096
1125
1107
1071
1056
1018
986
969
964
900
858
837
809
841
886
926
983
991
1042
1124
1144
1262
1379
1486
1608
1706
1749
1801
1831
1950
2118
2206
2307
2325
2259
2313
2366
2279
2246
2223
2227
2352
2387
2311
2198
2039
2047
2129
2063
2064
1897
1754
1715
1622
1534
1495
1439
1440
1406
1286
1203
1077
1035
1087
1001
976
944
965
1002
973
872
682
556
509
467
388
275
73
-91
-309
-519
-779
-1029
-1238
-1439
-1601
-1775
-2032
-2247
-2496
-2710
-2853
-3024
-3145
-3242
-3329
-3386
-3447
-3470
-3489
-3481
-3455
-3431
-3389
-3318
-3238
-3113
-2991
-2880
-2768
-2663
-2524
-2442
-2319
-2191
-2088
-1937
-1833
-1755
-1678
-1604
-1536
-1466
-1383
-1309
-1242
-1185
-1132
-1084
-1001
-925
-860
-788
-709
-635
-577
-467
-392
-304
-200
-89
24
113
189
245
323
433
517
573
665
711
780
866
866
885
882
860
939
974
960
999
972
953
957
930
912
920
948
956
954
920
914
917
980
1004
1035
1064
1140
1245
1327
1346
1385
1458
1560
1743
1771
1712
1693
1758
1882
2084
2099
1990
2013
1954
1926
1898
1785
1732
1917
1993
1932
1724
1449
1452
1601
1745
1731
1479
1267
1257
1286
1269
1206
1074
955
1007
1051
944
792
790
785
849
918
768
575
524
541
463
429
323
216
150
96
-75
-284
-435
-544
-674
-814
-1067
-1311
-1483
-1665
-1784
-1972
-2200
-2409
-2517
-2619
-2704
-2801
-2934
-3031
-3050
-3087
-3141
-3161
-3146
-3087
-2987
-2902
-2847
-2831
-2752
-2647
-2522
-2420
-2349
-2240
-2121
-1994
-1870
-1797
-1719
-1621
-1491
-1393
-1320
-1269
-1260
-1200
-1087
-1015
-953
-895
-874
-773
-715
-671
-611
-582
-502
-383
-324
-269
-192
-147
-37
89
141
213
328
390
505
624
635
701
762
827
892
907
930
942
976
1052
1051
1002
1016
977
971
978
947
906
904
914
985
1019
1077
1081
1055
1073
1099
1115
1180
1272
1335
1429
1490
1489
1560
1593
1661
1742
1770
1811
1867
1841
1826
1879
1858
1892
1896
1892
1875
1835
1739
1638
1567
1535
1514
1394
1325
1237
1158
1173
1198
1192
1105
1060
964
964
833
806
761
725
811
832
745
670
661
564
593
562
458
383
375
262
144
-37
-232
-355
-411
-503
-622
-809
-993
-1167
-1333
-1503
-1730
-1938
-2046
-2144
-2236
-2338
-2467
-2568
-2613
-2660
-2698
-2732
-2786
-2757
-2707
-2660
-2607
-2554
-2506
-2410
-2310
-2254
-2172
-2079
-1972
-1855
-1757
-1705
-1670
-1610
-1510
-1393
-1315
-1249
-1182
-1117
-1017
-958
-917
-882
-825
-738
-640
-595
-543
-476
-431
-334
-264
-264
-225
-141
-70
37
127
188
242
311
403
481
532
613
672
731
818
850
874
919
970
1016
1062
1085
1105
1074
1102
1128
1088
1102
1092
1108
1109
1121
1115
1097
1160
1236
1286
1334
1323
1294
1344
1331
1328
1399
1427
1482
1512
1477
1522
1596
1640
1638
1610
1551
1489
1492
1521
1514
1511
1511
1471
1512
1461
1300
1279
1246
1247
1271
1201
1044
991
991
984
997
933
854
842
870
817
698
589
549
586
579
546
442
397
344
281
232
110
-43
-63
-53
-174
-268
-434
-616
-682
-710
-863
-1036
-1133
-1231
-1309
-1375
-1480
-1651
-1765
-1795
-1885
-1991
-2033
-2094
-2130
-2086
-2128
-2210
-2254
-2273
-2246
-2228
-2227
-2225
-2212
-2144
-2056
-2007
-1995
-1952
-1862
-1775
-1705
-1641
-1614
-1567
-1462
-1355
-1290
-1252
-1187
-1100
-1010
-915
-858
-822
-736
-647
-579
-508
-465
-421
-316
-202
-137
-80
-20
62
148
240
313
336
373
451
497
558
615
652
713
823
898
929
977
1018
1070
1106
1121
1094
1066
1100
1159
1191
1225
1184
1132
1165
1180
1192
1218
1223
1228
1241
1241
1209
1194
1212
1273
1337
1408
1365
1350
1410
1406
1404
1374
1305
1254
1294
1375
1406
1415
1384
1290
1229
1206
1165
1210
1247
1222
1127
1015
950
882
809
801
789
772
826
823
744
701
597
457
438
421
325
319
313
285
259
203
111
5
-72
-174
-252
-317
-376
-443
-501
-625
-760
-897
-976
-1021
-1081
-1133
-1218
-1330
-1462
-1572
-1674
-1775
-1877
-1933
-1976
-1998
-2010
-2034
-2056
-2063
-2086
-2127
-2157
-2154
-2150
-2117
-2066
-2012
-1980
-1920
-1859
-1809
-1750
-1670
-1595
-1526
-1440
-1380
-1330
-1267
-1193
-1096
-1012
-932
-855
-770
-670
-580
-498
-438
-370
-313
-248
-194
-135
-53
17
104
169
200
224
270
328
393
467
515
571
611
670
708
733
795
854
919
972
988
976
997
1050
1098
1111
1128
1118
1103
1117
1115
1109
1111
1095
1105
1095
1094
1086
1058
1059
1116
1138
1156
1127
1069
1030
1057
1047
1098
1095
1106
1133
1120
1100
1054
1029
1007
1056
1022
996
961
911
941
977
912
789
696
686
783
833
821
719
529
467
420
391
441
461
463
505
506
373
248
189
173
176
162
111
20
-44
-101
-134
-197
-245
-281
-344
-413
-505
-638
-743
-778
-805
-875
-951
-1051
-1132
-1168
-1177
-1222
-1285
-1362
-1440
-1479
-1533
-1578
-1624
-1632
-1635
-1619
-1592
-1607
-1606
-1575
-1551
-1539
-1526
-1553
-1553
-1517
-1479
-1444
-1392
-1338
-1297
-1244
-1187
-1148
-1111
-1065
-1010
-948
-901
-847
-798
-728
-660
-610
-564
-513
-452
-371
-300
-275
-234
-178
-129
-53
-1
49
88
159
219
259
314
339
357
419
477
507
548
564
590
642
676
704
725
756
795
792
776
772
757
785
844
853
867
869
862
867
884
904
916
932
940
936
959
953
970
1025
1029
1022
1064
1065
1082
1126
1031
968
982
974
989
990
907
873
892
902
901
853
745
673
632
602
568
574
578
602
593
516
408
322
282
304
376
358
334
288
238
226
170
155
97
94
99
124
118
89
4
-92
-138
-236
-259
-298
-291
-304
-330
-382
-458
-533
-598
-645
-706
-710
-753
-786
-787
-843
-890
-894
-918
-943
-947
-966
-978
-956
-936
-942
-969
-978
-999
-991
-975
-973
-957
-939
-886
-847
-861
-882
-903
-914
-896
-877
-857
-832
-809
-780
-753
-751
-748
-740
-725
-705
-687
-661
-641
-586
-535
-507
-485
-451
-419
-368
-284
-252
-222
-173
-127
-105
-66
-44
-5
57
114
163
190
213
226
264
300
310
308
321
328
332
349
368
384
411
439
459
457
467
449
452
483
521
533
539
566
584
604
629
659
679
708
728
718
727
721
749
794
834
880
886
885
855
815
772
735
707
723
744
779
759
657
615
574
564
589
564
509
498
462
418
340
303
291
323
344
390
344
279
273
182
119
118
101
83
146
120
88
89
90
76
63
-15
-86
-132
-136
-127
-158
-193
-216
-236
-277
-277
-290
-304
-300
-306
-363
-446
-490
-502
-517
-533
-534
-556
-552
-502
-523
-528
-570
-577
-592
-589
-604
-626
-659
-634
-622
-650
-665
-679
-681
-647
-624
-655
-685
-693
-685
-689
-705
-737
-739
-720
-657
-622
-631
-644
-630
-585
-539
-512
-524
-519
-496
-436
-406
-391
-386
-371
-345
-306
-275
-266
-233
-189
-162
-140
-133
-134
-112
-84
-59
-45
-39
-28
3
27
70
79
81
86
88
100
105
122
161
203
233
236
212
195
253
277
314
334
321
325
333
344
336
365
374
426
444
463
450
439
453
486
481
481
508
492
492
519
499
503
530
524
525
517
460
425
410
362
394
413
431
418
373
333
300
278
245
242
221
242
217
155
136
112
151
190
202
200
133
91
96
93
66
78
31
3
20
-38
-43
-39
-33
-51
-30
-64
-115
-152
-164
-150
-175
-186
-202
-203
-200
-190
-197
-221
-215
-215
-206
-216
-237
-257
-246
-231
-240
-274
-277
-246
-239
-231
-229
-256
-267
-257
-266
-286
-314
-315
-325
-303
-287
-288
-306
-283
-272
-283
-284
-297
-295
-281
-250
-238
-250
-257
-249
-249
-226
-182
-195
-183
-191
-180
-174
-164
-164
-161
-163
-148
-143
-136
-123
-99
-65
-60
-67
-76
-87
-88
-62
-72
-67
-57
-45
-25
-16
6
4
26
52
71
78
81
79
82
103
99
127
131
159
190
183
189
197
202
192
194
192
178
175
197
200
199
228
218
233
252
239
244
256
274
287
271
226
182
139
182
237
265
264
228
177
158
142
112
118
131
178
208
208
171
119
