-11
-15
-21
-27
-27
-32
-30
-30
-31
-35
-37
-40
-44
-45
-42
-45
-43
-42
-54
-57
-55
-46
-45
-45
-45
-50
-52
-48
-59
-56
-51
-44
-43
-49
-41
-31
-30
-30
-33
-29
-28
-28
-27
-21
-17
-16
-12
-12
-5
-12
-5
-6
-5
-11
-12
-16
-19
-22
-17
-20
-24
-22
-34
-33
-38
-34
-44
-34
-42
-35
-52
-20
-38
-39
-40
-108
28
-34
-30
40
-78
-30
-26
-124
13
-39
-49
62
-6
-46
-27
-114
-9
-40
-18
31
-29
-1
-16
-31
-28
-29
-8
12
33
10
-11
4
-7
5
38
14
29
45
27
28
20
5
23
35
18
36
28
33
46
25
29
20
17
22
27
13
8
10
-8
-15
-10
-3
-9
0
-18
-13
-16
-11
-3
-3
-1
-5
-10
-23
-3
-45
-11
-78
492
-94
351
287
10
381
-251
598
-349
270
134
-333
371
-579
223
-383
-122
50
-436
321
-378
148
30
-111
260
-216
273
-86
40
133
-204
152
-273
-94
-177
-309
-21
-306
-1
-140
-123
35
-156
112
-2
87
173
35
156
-6
18
5
-84
-31
-124
-116
-136
-157
-139
-146
-100
-78
-27
0
37
73
83
120
102
103
69
35
38
2
2
-26
-55
-36
-108
-62
-59
-14
30
40
75
85
69
123
104
132
24
99
-1231
-5806
-2640
1688
-333
-771
-1055
-722
-1641
344
1132
-2237
391
1591
1570
1837
-1362
-1509
-667
729
301
-2319
-1584
-3172
-4720
-1893
-1195
-1389
-1834
-1503
-716
-2084
-1165
-192
-505
478
222
-140
227
457
932
1068
349
-1310
-2570
-2293
-1114
-389
-3
-73
488
926
394
523
901
1995
2911
3087
2400
1376
895
650
777
1300
1515
177
-1301
-702
-131
918
2109
1388
2370
2459
3745
5211
4077
4169
3873
3253
1825
2253
3294
1955
2577
3713
107
-3319
-4021
-781
4673
4728
3128
2540
2569
3868
3370
2157
501
985
4657
4333
1585
-985
-105
756
-1022
-823
-1080
-671
1824
1762
-584
-995
-720
-211
458
-964
-2095
233
1968
732
-818
-1998
-3091
-1494
952
-657
-1456
-288
-411
-1143
-1620
-2377
-2783
-1374
-11
-1452
-2968
-3259
-3424
-2717
-3368
-5696
-7196
-7068
-5917
-5411
-6723
-7913
-7757
-7046
-6893
-7204
-6881
-6243
-4918
-3439
-3727
-4145
-3705
-2893
-1468
-1439
-1832
-1891
-2002
-1071
-769
-344
-265
-35
1877
3798
3741
3911
4152
4005
4685
5665
6351
5892
5598
2942
3563
4751
4465
5109
4449
3628
4439
5430
4180
4898
5565
7061
7251
7308
7787
7482
8388
9665
10060
8437
7583
9643
10784
11021
14046
15281
11977
-915
-15331
-16013
-6750
-1838
-8371
-13939
-8870
-3989
-5802
-9770
-8471
-1495
3845
6972
8038
5609
1742
428
2083
591
-6755
-11463
-8169
-3992
-6218
-12080
-13315
-10415
-9111
-8155
-4709
-799
2097
4709
7021
5139
-302
-1476
2145
3474
472
-2645
-3413
-5413
-8956
-10087
-9889
-10449
-17257
-13672
-2881
-5803
-9652
-5973
-4079
-6470
-5980
-4393
-4841
-3344
533
-969
-2489
-4047
-5247
-2265
-2827
-3166
-2271
-692
1415
549
-821
-1115
-302
3310
4532
3831
5189
4688
5355
7167
5407
5293
6023
7918
11111
10626
10916
10153
9381
11663
10138
6744
7392
10796
14430
15134
12307
9575
8793
13304
15628
15783
19996
22211
17225
1898
-15416
-19371
-12788
-6573
-5097
-9576
-10292
-7631
-7316
-7856
-8592
-4398
3985
10530
13832
10661
4917
2345
265
-1925
-6769
-11506
-9843
-6922
-7024
-11152
-16416
-16409
-13442
-8963
-3405
279
4258
7312
7455
5160
389
-1628
324
1739
1133
-2699
-7040
-9893
-12954
-14176
-14047
-12409
-8190
-5859
-5740
-5264
-5455
-2647
1921
3477
-676
-3108
-2307
-3194
-5573
-6831
-7236
-9347
-7595
-7653
-6796
-6003
-3558
-386
-567
110
262
2119
5045
5730
4818
3086
2442
3144
914
2777
1956
1732
3689
7776
6771
6771
8908
10858
13118
12450
14283
10064
13044
11303
12553
12684
9036
9376
7397
8015
11359
15831
15092
18037
22334
26314
23077
13220
-8823
-28388
-17151
90
-587
-13437
-18677
-10728
-6589
-11722
-16368
-11988
1979
13067
15437
13183
5879
892
1569
1681
-1959
-9794
-11589
-5306
-4087
-12383
-22776
-23475
-15378
-10012
-6482
-1911
2251
5592
6761
5580
1789
-1824
1368
6147
4154
-2366
-8188
-10542
-12815
-15724
-16336
-15350
-12708
-9295
-8104
-8343
-7583
-3609
2421
459
-1723
-333
-2458
-1461
-1670
-4867
-9288
-8904
-6540
-7827
-7922
-6530
-5746
-3425
-1121
-1494
472
2655
5832
6742
4921
2664
2017
2599
3920
3522
3997
3861
7515
8081
8280
9943
6944
12011
13224
11992
10812
12771
13349
15031
15026
11840
10845
12654
12719
11470
17641
15940
16960
23044
23678
24165
26188
15096
-13826
-32768
-21454
-3380
-4309
-13797
-19027
-10766
-4289
-12070
-16666
-9509
4630
16306
18982
16027
7751
-784
-1412
-927
-5240
-12636
-14955
-7108
-5877
-16826
-26263
-25173
-15497
-8532
-4564
1744
5839
7330
8615
6444
1819
-2075
740
5609
1975
-5933
-11431
-14742
-16421
-18627
-18364
-14964
-10568
-7013
-6956
-5430
-5237
-3760
2647
7233
7246
4174
-1562
-4714
-5472
-13508
-16441
-12884
-10840
-9048
-7882
-7458
-10061
-6426
-1238
498
4395
7391
9031
9330
6418
909
-1232
-1257
2017
1393
2192
2453
2154
4693
4386
8005
10818
15207
16710
15917
17106
16647
14736
14088
14576
12084
12978
16747
18039
19791
14679
12715
15433
19140
22114
25785
30298
26244
14776
-15439
-32768
-27950
-4580
-639
-15225
-16485
-7987
-4303
-14572
-19243
-9733
7121
18616
22197
19187
8077
-3920
-5657
-3313
-7963
-15996
-14674
-5493
-5646
-20091
-30231
-26135
-16208
-8854
-1943
5807
8323
8113
8542
5823
-1215
-4107
1327
5932
889
-7999
-13448
-17134
-20355
-21538
-19346
-14863
-9985
-6355
-3783
-3840
-5326
-3268
2031
6842
6775
2529
2100
-99
-10440
-17555
-18790
-17704
-14228
-10276
-8999
-10536
-8841
-5930
-3102
677
3939
8280
11577
9853
5590
2033
-337
-393
321
245
146
515
3190
3108
3593
7726
9861
15428
17229
17959
17321
17966
19670
14354
15132
15062
17610
18951
17957
18156
15754
15893
16582
20357
23843
23175
24414
30524
31996
13620
-20884
-32768
-26915
-3954
655
-17085
-21899
-8492
-3426
-15204
-21140
-9893
9250
22352
25420
18511
4611
-6765
-5568
-2195
-8330
-18256
-16029
-5245
-8299
-25121
-32768
-27654
-14974
-6298
168
6087
7388
7718
8702
4866
-2605
-3441
3908
7092
-999
-11587
-17657
-20484
-21925
-22159
-19549
-14034
-7576
-2597
-4931
-12053
-9228
415
7860
10524
6306
3823
-35
-5691
-13167
-20715
-20210
-15502
-9859
-9666
-13187
-14317
-11470
-6443
-1985
1407
6770
11985
12639
8382
3501
-508
-456
666
-42
507
-526
994
1523
867
2795
6344
13282
16838
19339
19327
16189
16762
15397
12510
14440
16234
16712
14397
13466
17903
17698
20082
19500
17797
18717
16055
18709
21147
24090
25903
32085
31015
17203
-13345
-32768
-32768
-15704
8196
-10521
-26417
-12549
-1803
-12743
-24844
-14537
8595
23462
26135
21029
8198
-7027
-11561
-6127
-6316
-17607
-19195
-8401
-7039
-23316
-32768
-31494
-18899
-6648
-535
4365
5151
6465
7506
4616
-2338
-3367
3817
7112
314
-9800
-18024
-21046
-21199
-20618
-20829
-17987
-11549
-8284
-7230
-8072
-5915
-2785
-1073
2746
3178
1426
-1275
-3207
-6856
-12080
-12281
-10540
-9239
-8901
-8247
-8982
-7574
-5130
-2644
-74
2458
5310
6554
6394
4622
3186
3296
4025
4599
5229
6143
7348
7436
8225
6402
8510
9574
13097
16428
15544
15188
12968
14200
13867
15746
17674
17964
15296
16207
17417
21187
19146
12525
13742
14488
13352
11583
12938
15670
16987
28626
32079
32767
19878
-21565
-32768
-22067
4638
-1634
-15373
-9516
-3728
-13245
-26134
-27755
-16531
5021
20854
24338
13240
-2814
-9162
-5206
-5619
-11428
-11201
-3618
-411
-10846
-26355
-32768
-30078
-18900
-8448
-2088
1601
3411
4312
1111
-5155
-6539
-210
7029
7024
-241
-8649
-14783
-19335
-24423
-24143
-19891
-19240
-16683
-13640
-16499
-17480
-12682
-5841
-952
1960
1850
664
154
-3580
-7242
-8710
-7604
-6216
-4855
-6077
-9093
-8908
-6129
-3023
168
3293
6396
8721
9290
8683
7030
6584
7231
8237
7925
6603
5688
5704
5714
5499
8315
8708
11158
13909
13400
13373
13349
15644
13770
12918
14207
15327
14860
16135
19852
17779
16159
13400
12298
15695
17032
16335
16058
18305
18947
20393
23310
25848
28273
29123
7087
-26628
-32768
-17079
-3713
-10991
-17044
-14637
-14407
-18160
-20106
-18113
-7830
8557
19927
18623
6970
-3234
-4145
-3649
-6759
-11163
-12326
-10271
-11742
-20240
-30075
-32706
-25882
-15168
-7021
-1914
206
1297
2394
885
-1216
-87
3139
4613
980
-5910
-16555
-24365
-25336
-26080
-25207
-20329
-15358
-14574
-12058
-9714
-9408
-5815
-2718
2636
4738
2412
-389
-4179
-6683
-10923
-12626
-12258
-10312
-8838
-8104
-7411
-6681
-4963
-2301
2454
5770
7280
9264
9362
9276
9518
8314
9231
9083
10330
11584
12351
12240
14467
14596
14422
13686
13744
17237
18686
18641
18745
22054
21568
22325
22288
21881
20451
17970
18988
15308
14512
17174
24232
29366
32767
30877
32767
5025
-32631
-32768
-13350
10624
-8058
-15473
-9244
-13560
-28289
-32476
-26648
-8076
16447
31378
26266
4726
-9795
-6213
-3006
-6276
-9162
-6212
-2446
-7333
-24486
-32768
-32745
-29959
-13874
-4318
-975
-986
-491
160
-2714
-3889
640
8080
11706
5835
-5990
-15837
-21642
-24337
-26821
-26666
-20060
-15232
-15888
-16828
-18535
-17871
-9253
793
5295
6114
5615
3606
-2361
-8408
-11017
-10477
-7313
-5849
-8756
-14067
-16124
-14139
-10251
-6936
-1556
3470
7077
9180
6802
5207
5403
9211
11975
13058
12487
11521
10864
9625
9672
10555
12313
15564
16158
14415
12990
14796
14523
16838
19211
21212
25234
23619
25690
23731
25569
23043
18231
17470
17307
16478
19674
25428
27390
32525
32540
31141
-13657
-32768
-28127
1536
8088
-13500
-11207
-9310
-18276
-29199
-27149
-20404
-982
22948
30741
16261
-5288
-12512
-5834
-4473
-8442
-8790
-4613
-2619
-12252
-29681
-32768
-32768
-22478
-6191
-1906
-1773
-2872
-2369
-2985
-5543
-4246
2742
8985
9166
752
-11448
-19317
-21802
-21817
-23943
-23355
-18263
-14430
-15832
-20967
-19968
-13830
-5531
1185
3731
3482
247
-944
-3611
-9105
-9704
-7062
-5120
-8401
-13354
-16425
-16664
-13697
-9657
-3661
1279
5509
7709
6305
5350
5841
10217
14315
14909
13990
11992
10655
8581
7537
8298
11394
14191
16869
15990
13372
12641
12281
13329
16598
18248
21740
23455
26141
27744
27498
25580
25080
26470
24385
23154
24592
29987
32767
32767
32692
30018
-14473
-32768
-30637
-3580
6250
-16246
-12845
-10223
-22037
-31167
-23892
-14267
4777
26994
32767
19171
-3350
-11615
-7168
-5114
-7991
-8538
-6130
-6525
-19905
-32768
-32230
-32768
-22002
-4711
1496
398
-2465
-2339
-1844
-2591
-268
6751
11765
9601
-1249
-14865
-24156
-26427
-24605
-21715
-20515
-21369
-20612
-21134
-23294
-21044
-14829
-4024
4026
4553
2521
-615
-2927
-5462
-8587
-8663
-6996
-7317
-9439
-14798
-19155
-18249
-14009
-8261
-4504
-691
3770
4909
4675
4360
6220
9661
13086
13624
11878
10415
8692
9525
10634
10241
11302
13441
16399
15910
12811
12982
15948
15738
18927
19889
19892
21495
21155
26673
26642
25619
25240
27864
24563
21405
20341
27352
30816
32767
31521
32767
22643
-24432
-32768
-23496
8601
-259
-17210
-9150
-15157
-30270
-32768
-22695
-13871
8379
30894
31623
11463
-8742
-9679
-3227
-2858
-4794
-2112
-1426
-7604
-24849
-32768
-32350
-32437
-17283
-2937
-2042
-5462
-7051
-5881
-4148
-3086
2435
11586
15250
10013
-2760
-16027
-22674
-22853
-20342
-18449
-18820
-20657
-24025
-26161
-27097
-22972
-15158
-5034
3996
3996
971
-2325
-3201
-2641
-2815
-2142
-4869
-7264
-11138
-17094
-20618
-20153
-15332
-9974
-4995
-3672
-2161
-288
1922
4420
7174
10920
13838
14758
13610
9847
7020
8517
10882
12071
14160
14609
12162
12874
12832
12910
15670
18062
20771
22712
24133
23128
21869
24734
27702
30117
28551
28514
27597
25437
22450
25463
29213
32767
31484
32767
21274
-25300
-32768
-23586
5592
-2445
-14976
-10472
-18791
-30902
-28997
-23646
-16749
7927
29866
30460
10347
-7553
-7733
-2427
-1572
-1723
-1361
-2208
-7482
-25268
-32768
-32768
-29862
-9390
-4349
-7276
-6926
-10309
-9801
-3524
-948
2677
14590
21505
12247
-4788
-16854
-21615
-19137
-16274
-16642
-17182
-17940
-22056
-30928
-32768
-28461
-14808
-3307
728
2043
-2968
-3356
-2603
-3032
-1794
-3
3068
-233
-6705
-15068
-21317
-21325
-16680
-9961
-7591
-6543
-7018
-6198
-3713
-1142
4817
10431
14536
16056
14102
10744
8829
10285
11920
13943
14839
16451
15896
12547
12673
12783
15361
18035
18618
18359
17406
19960
21905
25047
26354
27435
30869
30093
28863
28810
29036
28411
30799
32515
32767
31622
32767
-4624
-32768
-29757
-3829
808
-19647
-14941
-15136
-28386
-29497
-16711
-18256
-7870
22164
32767
18366
-616
-5144
-2132
-1069
-1993
-1301
-4037
-8718
-16334
-30826
-32768
-32768
-26722
-11683
-8134
-10723
-11160
-8483
-5806
-2883
490
7983
14542
13692
5826
-6700
-15464
-16503
-15459
-15492
-17398
-19677
-21437
-24219
-29584
-31659
-23677
-11651
-7165
-4509
-2746
-4500
-3912
-2129
-494
-805
1604
3349
-2385
-8783
-14350
-16286
-14143
-11625
-10744
-10774
-10838
-10211
-8582
-6551
-1689
5667
10680
12171
11548
10359
10336
11947
13537
14282
15176
15264
14807
13550
13128
14711
14911
16332
18488
19381
20917
20582
19450
21077
24368
24835
25871
29636
29990
28131
27044
26862
25914
30375
31626
32767
31503
32767
-362
-32768
-30109
-7907
972
-15778
-13880
-17373
-29761
-30902
-22033
-24177
-14269
15449
30619
18552
1161
-4419
-1910
1009
3717
4059
1358
-2566
-10031
-26223
-32768
-32768
-29557
-16703
-11787
-14367
-16485
-14876
-11624
-8319
-3269
4853
12567
15567
11001
84
-8801
-10217
-8827
-8995
-11794
-15312
-18695
-23305
-28691
-31891
-32768
-25757
-13550
-9118
-8011
-7936
-5301
-3156
-1479
2216
3275
4912
4942
444
-5713
-10349
-11507
-9839
-9291
-10845
-10891
-11744
-12922
-11198
-8041
-1904
4266
8322
10970
10407
10330
11160
12498
15528
17463
18906
18283
14660
12748
12074
13319
15729
17936
20114
17494
18694
21546
20592
20694
21437
27272
29904
29457
28337
25268
25452
27028
26051
29818
32316
32767
31897
32767
3026
-32768
-30262
-6488
2115
-14919
-15361
-16840
-29999
-30436
-23201
-26431
-17438
9742
25158
15837
-280
-4806
-985
2150
5571
6030
3692
986
-5208
-20952
-31941
-32768
-29618
-17642
-14564
-16860
-19512
-19016
-15327
-12517
-8424
-950
7553
13207
11265
2489
-4608
-5998
-4569
-3942
-6993
-10570
-14327
-19779
-25146
-31304
-32768
-27415
-18643
-12775
-13044
-13156
-10615
-8033
-3317
-559
2125
6236
7311
4602
-1392
-7298
-8639
-6814
-5711
-7119
-9471
-10392
-9854
-10920
-10756
-6444
-1324
5048
9434
8976
8498
9147
12004
15253
16848
19091
20500
18738
17781
15772
13982
16229
19176
22438
21655
18497
18462
18939
19666
19256
20340
24643
26532
26593
26873
25250
21036
22866
29798
30172
32767
32220
32767
19662
-22154
-32452
-13033
581
-5990
-14189
-16054
-25656
-32768
-29539
-29816
-29064
-8334
14599
16629
3313
-6106
-3369
1389
5095
9140
8362
6739
5662
-4880
-20791
-31174
-31379
-22515
-14788
-15257
-21504
-23608
-21856
-20413
-19735
-14207
-4173
4490
9991
7546
-86
-3564
-2698
-293
792
-1368
-3858
-7278
-11856
-21880
-30915
-30522
-25097
-18088
-17216
-17953
-17681
-16891
-11369
-8583
-5679
271
5318
8834
6943
2073
-1074
-769
80
-175
-2311
-3953
-4829
-7300
-8933
-11114
-11095
-6706
-1100
741
1702
3706
6533
10165
12215
13760
14523
17138
20671
19555
17230
17614
18422
19995
19473
18482
18250
18919
21513
21233
18787
16945
19389
23275
25197
24193
22883
24230
23115
24495
27969
29206
32767
32237
32767
16687
-19095
-23141
-2879
3232
-9197
-15950
-15048
-24104
-31121
-31083
-32396
-32584
-15064
7455
5780
-5817
-8675
-4920
-1256
3767
6110
6827
10800
13258
5312
-9283
-18982
-20140
-15790
-10695
-12542
-19494
-22171
-21838
-24179
-27454
-25965
-18439
-8995
-1982
-1274
-5344
-6434
-3990
-1658
382
1824
2737
3382
1396
-5103
-13654
-18170
-16038
-13266
-13059
-14810
-16806
-16642
-16444
-17259
-17137
-13775
-6859
-329
1093
580
-815
286
2672
3134
3988
5245
6352
5390
2486
-1375
-3968
-2870
-255
560
24
-346
588
2171
2451
3375
5288
9390
13222
12422
11993
13668
16673
18713
18741
18181
19186
21888
22406
21272
20046
18910
20244
20981
20999
19011
16913
16432
15817
15331
15321
16501
17767
19524
23025
25575
22841
13372
-136
-5352
721
4926
-978
-8015
-6358
-6044
-14239
-21964
-24034
-23886
-18713
-10090
-9128
-14907
-15157
-10484
-9656
-12314
-12004
-7640
-1897
2760
1705
-3912
-6578
-4556
-3460
-5104
-6513
-6214
-4662
-3330
-5193
-10369
-14217
-12987
-10150
-9597
-10313
-10753
-10326
-9222
-9109
-10601
-11820
-11246
-8225
-5251
-4666
-6222
-7301
-7096
-6465
-6672
-7530
-6800
-5001
-3895
-4788
-6189
-6388
-6493
-6277
-5450
-4802
-3850
-3055
-3150
-4397
-4422
-2836
-1567
-1139
-1329
-661
307
796
534
-305
-190
1421
3268
3785
3039
3160
4415
5822
5640
5049
6104
7834
9274
9831
9833
10085
10826
11832
12537
12903
14117
15202
15595
15010
15257
16732
17228
16228
14964
15841
17912
18159
16723
14702
14977
18026
20135
19140
15208
10605
7534
9891
13847
9467
-986
-3060
4811
7158
-1652
-11201
-15470
-13996
-8626
-7289
-15204
-23386
-20650
-13355
-12262
-17467
-22755
-22408
-15695
-8685
-8634
-13493
-14035
-9277
-4866
-3822
-4739
-5113
-3407
229
2718
2002
333
92
597
769
936
1262
914
-165
-1024
-1263
-1458
-2374
-4887
-7024
-6775
-5336
-5703
-8044
-9233
-9776
-10262
-10800
-11624
-11430
-11048
-10122
-9934
-10007
-8823
-7925
-7239
-6764
-5754
-3840
-2624
-1502
-1032
-409
1062
2219
2625
2153
2662
4031
4743
4521
3844
3734
3770
3804
3565
3630
4249
4697
4592
4344
4498
5163
5659
6365
7289
8250
9146
10312
10638
10519
11640
12835
13660
13998
14785
15495
15287
15167
15285
15508
16615
17608
17671
17420
18798
20735
19950
15039
8763
9113
14773
14494
4373
-3258
1266
7196
2875
-7643
-15595
-16463
-11598
-7357
-12470
-23084
-25337
-18149
-13249
-16832
-23574
-25732
-20627
-12672
-9834
-13410
-15916
-12523
-7214
-5128
-5413
-5622
-4098
-630
2459
3174
2480
2617
3235
2817
2486
3498
4481
3727
1925
761
717
894
-441
-3663
-6463
-6800
-4665
-4448
-8326
-12267
-12427
-10257
-9696
-11522
-13058
-14028
-11946
-8060
-8159
-10979
-11844
-8209
-4897
-3530
-3000
-3319
-2220
459
2061
1575
867
2695
3781
4104
4698
4879
4341
3861
4406
4238
4115
4705
4683
3512
3472
5020
5490
4755
4321
4536
5507
6884
8116
8200
8253
9773
10633
11131
11285
11420
12597
14073
15606
15816
15348
15791
16192
16457
17031
17217
18099
19020
20044
20626
19878
16476
11346
9707
12418
13454
7256
-948
-786
4543
3355
-5245
-13690
-16415
-13907
-9876
-11509
-19589
-24368
-20337
-14654
-15750
-21383
-24673
-22271
-15784
-10840
-11488
-14448
-13665
-9138
-6089
-5671
-5716
-4775
-2336
1013
3239
3199
2617
2878
2967
2819
3423
4381
4143
2630
1201
465
227
-518
-2821
-5603
-6910
-6028
-5580
-7185
-10179
-12561
-11979
-10320
-10636
-12990
-13772
-12163
-9908
-7982
-8138
-9276
-9281
-6928
-4208
-3679
-3053
-2070
-766
981
2041
2040
1098
1483
2910
4085
4894
4502
3829
3020
2953
3482
2871
2722
2818
2907
3053
3306
3186
2317
2230
3110
4289
5921
6867
7358
7223
7716
9239
10361
10675
10975
11994
13220
14326
14926
14594
14032
14745
15894
16771
16563
16009
15914
16682
17952
18741
18031
15864
12099
8826
8780
10122
8086
1091
-3681
-662
3478
-900
-10608
-16591
-16344
-13069
-10762
-14193
-21067
-22893
-17564
-13735
-16783
-22029
-23066
-18766
-12699
-9587
-11250
-13554
-11730
-7472
-5059
-4659
-4408
-3222
-1113
1445
2978
2905
2526
2648
2664
2767
3461
3722
2500
775
17
205
20
-1417
-4135
-6938
-7899
-6664
-6162
-8025
-10405
-12083
-10940
-9175
-9543
-12136
-13001
-9993
-7096
-6535
-7399
-8202
-7352
-4771
-1973
-1991
-2378
-832
943
2145
2317
2441
2276
2613
3691
4644
4514
4031
3623
2948
2627
3347
3535
2973
2322
2308
2783
3363
3225
2345
2244
3350
4754
5426
5603
5904
6353
7295
8818
9553
9771
10515
11879
12960
13820
14567
14938
14682
15051
16090
16779
16460
16049
16190
16774
17384
17415
17050
16771
15978
14335
11996
9078
7735
7707
5944
1346
-1881
-1165
-651
-4529
-10564
-14098
-14293
-13194
-13102
-16186
-19983
-20010
-17067
-15733
-17627
-19964
-19792
-16719
-12859
-11075
-11697
-11899
-9582
-6592
-5182
-4717
-4080
-2671
-559
1422
2449
2610
2572
2510
2173
1947
2141
2100
1328
373
-440
-1131
-1907
-3306
-5421
-7351
-8168
-7819
-7541
-8318
-10114
-11459
-11234
-10068
-10025
-11344
-11353
-9523
-7285
-7006
-7442
-6784
-5716
-4675
-3778
-2740
-1444
-267
902
950
1058
2037
2707
2563
2138
2679
3710
4100
3871
2712
1746
2351
3139
2961
1595
991
1695
2582
2867
2346
1557
2073
3668
4714
4390
4566
6105
7770
8301
8574
9369
10522
11617
12399
12872
13340
14300
15561
15180
14213
14671
15263
15542
15477
15337
15160
14891
14947
15455
15400
14187
11657
10168
9527
8023
5416
3494
1644
-1105
-1903
-1347
-4075
-9148
-12038
-12509
-12886
-13950
-15312
-17289
-18045
-16582
-14971
-16076
-17884
-17636
-15993
-13822
-11544
-10621
-10579
-9427
-7038
-5283
-4720
-4056
-2927
-1696
-301
1345
2146
2113
2072
1985
1709
1576
1601
1241
251
-409
-440
-910
-2272
-4057
-5725
-6767
-7227
-7261
-7603
-8431
-9367
-9618
-9905
-9678
-9377
-9497
-9662
-8615
-6494
-5408
-6258
-6528
-5237
-3403
-2142
-1979
-1407
-141
1249
1631
1328
900
1591
2757
3183
2531
2466
2646
3049
2881
1965
1499
1944
2305
2120
1571
1287
1915
2562
2364
2018
2539
3520
4609
4955
4918
5474
7002
8254
8681
8690
9290
10542
11758
11938
12020
12707
13782
14369
13945
13700
13913
14384
14371
14344
14246
14319
14596
15200
14927
14002
13033
12199
11204
10139
8073
5218
4012
3922
2148
-1105
-2540
-3245
-5292
-8078
-10137
-12203
-13322
-13112
-13381
-15192
-16220
-15674
-15426
-15762
-15558
-15078
-14444
-12608
-10587
-9903
-9592
-8102
-6437
-5381
-4381
-3177
-2222
-1052
397
1284
1374
1602
2062
2063
1685
1516
1340
879
462
-25
-1007
-2104
-3007
-3977
-5258
-6195
-6852
-7439
-7584
-7722
-8755
-10000
-9823
-8632
-8409
-8998
-9032
-8037
-6321
-5421
-5636
-5760
-4551
-2826
-2048
-1838
-1190
-112
1086
1636
1529
1362
1866
2723
2945
2747
2895
3195
3163
2695
2302
1900
1731
1907
1790
1217
1018
1484
1975
1856
1437
1363
1989
3173
4013
4136
4408
5613
6921
7643
7921
8120
9020
10161
11064
11688
11816
11991
12671
12997
13105
12529
12438
12831
13352
13610
13487
13283
12866
13069
13663
13350
12071
11307
10776
9984
7859
5881
4135
3032
2063
405
-2220
-4172
-5030
-6327
-9074
-11817
-13373
-13803
-13928
-14718
-16053
-17206
-16666
-15501
-15282
-15766
-15579
-14558
-12898
-11260
-10254
-9636
-8342
-6603
-5286
-4590
-3849
-2722
-1599
-590
170
592
836
1048
917
441
39
-34
-240
-861
-1783
-2572
-3317
-4146
-5030
-6062
-7093
-7805
-7873
-7943
-8624
-9522
-9683
-9303
-8761
-8607
-8951
-8788
-7607
-6087
-5648
-5896
-5239
-4022
-2796
-2053
-2057
-1665
-514
838
1337
1181
1185
1614
2217
2473
2062
1806
2132
2840
2632
1691
1433
1797
1782
1172
756
920
1639
2339
2263
1446
1474
2524
3671
3828
4000
4459
5418
6850
7686
7397
7374
8441
9985
10403
10166
10430
11387
12189
12255
11681
11468
12157
13245
12961
11694
11879
12812
13211
12588
11955
12156
12869
12556
11621
10318
9786
9317
8134
6193
4072
2593
2592
1938
-1609
-4867
-4708
-4501
-6909
-9648
-11754
-12993
-12641
-11734
-12980
-15250
-15438
-13779
-13219
-13746
-13749
-13396
-12461
-10119
-8428
-8593
-8379
-6701
-5116
-4362
-3385
-2157
-1393
-732
256
773
783
1288
1758
1338
826
828
764
132
-697
-1324
-1981
-2593
-2905
-3580
-4993
-6189
-6405
-6231
-6479
-7048
-7556
-7818
-7523
-6989
-6988
-7585
-7494
-6270
-5126
-4612
-4348
-4311
-3913
-2598
-1414
-1222
-1128
-352
590
1303
1687
1905
2007
2085
2540
2921
2807
2693
2789
2733
2692
2675
2674
2173
1826
1935
2150
2291
2403
2466
2489
2787
3394
3738
3634
4052
4966
6026
6574
6928
7267
7954
8555
9250
9590
9751
10434
11353
11570
11190
11208
11726
12245
12054
11738
11614
11941
12280
12109
11233
11048
11743
12290
11634
10469
9748
9620
9098
7922
6279
3945
2233
2757
2981
-779
-5531
-5836
-3787
-5189
-8869
-11516
-12995
-13107
-11495
-11856
-15274
-16984
-14963
-12876
-12842
-13751
-14343
-13874
-11669
-9065
-8643
-9347
-8223
-5846
-4633
-3999
-3010
-2290
-1709
-654
220
438
776
1455
1352
526
288
623
458
-437
-1453
-2263
-2696
-2640
-3064
-4586
-6323
-6679
-6063
-6092
-7046
-8079
-8507
-7871
-7028
-7188
-8264
-8349
-7184
-6071
-5581
-5650
-5519
-4838
-3487
-2388
-2206
-2084
-1012
115
633
802
1149
1539
2079
2450
2560
2643
2852
3061
2832
2347
2398
2778
2843
2544
2186
1983
2158
2472
2309
2285
2554
3109
3405
3475
3694
4226
4808
5351
5869
6363
6953
7668
8061
8159
8620
9260
9982
10190
10551
10977
11030
10886
11139
11330
11019
10625
10763
10906
10847
10774
10429
9825
9692
10363
9891
8374
7589
7903
7656
6628
5085
3267
1466
1170
1617
121
-4050
-6762
-5707
-4539
-6229
-9490
-11991
-12685
-11479
-10487
-12126
-14916
-15158
-13041
-11460
-11602
-12411
-12977
-12259
-10027
-8190
-8018
-8056
-6817
-5202
-4245
-3443
-2660
-2327
-1910
-1003
-158
237
575
555
-83
-570
-276
126
-177
-1168
-2226
-2935
-2979
-2705
-3402
-5040
-5899
-5416
-5304
-5923
-6703
-7164
-7334
-6852
-6140
-6204
-6869
-6719
-5998
-5475
-4971
-4419
-3884
-3422
-2760
-2088
-1552
-1051
-272
223
571
1248
2184
2455
2395
2468
2505
2789
3249
3268
2848
2728
2953
3194
3088
2481
2088
1983
2555
2943
2709
2275
2239
2924
3589
3908
3869
3872
4581
5720
6260
6298
6333
7330
8205
8728
8709
8807
9394
10021
10230
10198
10261
10453
10555
10416
10077
9949
10071
9968
9614
9462
9427
9138
8915
8913
8958
8679
8365
8027
7619
7088
6565
5639
4171
2165
1461
2351
1657
-1960
-4664
-3932
-3211
-5039
-7640
-9647
-10813
-10168
-9117
-10466
-13117
-13495
-12071
-11214
-11306
-11863
-12441
-11916
-9975
-8442
-8453
-8531
-7409
-6036
-5209
-4443
-3676
-3321
-2749
-1727
-1037
-765
-271
147
-117
-472
-264
-5
-165
-649
-1322
-1853
-1848
-1690
-2310
-3660
-4463
-4333
-4133
-4521
-5172
-5785
-5997
-5410
-5038
-5704
-6206
-5606
-4799
-4603
-4672
-4284
-3600
-2955
-2528
-2501
-2399
-1636
-666
-222
-197
108
801
1386
1521
1354
1416
1768
2240
2484
2235
1957
2188
2458
2464
2193
1700
1594
2007
2503
2528
2303
2336
2811
3161
3219
3368
3711
3955
4583
5286
5681
5903
6196
6487
6743
7355
7619
7722
8009
8332
8436
8479
8530
8410
8135
8201
8430
8132
7808
7740
7368
6977
7111
7010
6724
6602
6334
6187
6219
6412
6036
5292
5184
5791
5146
2634
1269
1925
2260
482
-2241
-3608
-3195
-2980
-3948
-6421
-9184
-9912
-8589
-8334
-10355
-12422
-12828
-11631
-10353
-10481
-11958
-12949
-11995
-10044
-9196
-9327
-9173
-8323
-7059
-5712
-4950
-4956
-4703
-3766
-2757
-2082
-1478
-859
-640
-783
-666
-465
-425
-428
-742
-1355
-1645
-1468
-1401
-2012
-3126
-4039
-4130
-3713
-3696
-4497
-5490
-5616
-5146
-4761
-4817
-5397
-5685
-5191
-4238
-3549
-3603
-3697
-3166
-2175
-1414
-1144
-1041
-775
72
893
1107
1363
1783
2148
2393
2410
2398
2634
3017
3104
2925
2711
2660
2950
3122
2800
2457
2450
2769
3239
3248
2787
2702
3194
3705
3783
3795
4006
4491
5163
5718
5708
5587
5997
7078
7421
7224
7269
7671
8200
8491
8545
8257
8006
7906
8258
8247
7704
7201
7083
6665
6569
6228
5711
5388
5164
4723
4301
4268
4009
3640
3274
3228
3365
3504
3225
2695
1298
-403
-741
805
825
-2647
-5310
-3815
-1618
-2583
-5340
-7818
-8882
-7633
-5754
-6945
-10127
-11174
-9377
-7705
-7605
-8879
-10575
-10719
-8693
-6904
-7303
-8289
-7736
-6303
-5430
-4913
-4741
-4993
-4813
-3749
-2883
-2599
-2099
-1503
-1708
-2210
-2018
-1458
-1264
-1449
-2006
-2697
-2463
-1408
-1285
-2869
-4253
-3900
-2912
-2592
-3078
-4215
-4997
-4117
-2491
-2577
-4144
-4815
-3805
-2426
-1869
-2241
-2827
-2488
-994
-3
-418
-994
-587
305
1032
1471
1522
1463
1833
2471
2712
2416
2362
2881
3128
3119
3127
3111
3103
3303
3284
3108
3157
3508
3752
3670
3574
3697
4097
4534
4866
4813
4787
5266
5919
6280
6195
6323
6920
7397
7750
7675
7405
7685
8159
8229
7879
7835
8059
7982
7823
7376
7235
7419
7365
7239
7161
6921
6490
6023
6165
6248
5815
4839
4004
3905
3785
2977
1143
-690
-989
-564
-1458
-3827
-5691
-5746
-5581
-6247
-7670
-9242
-10113
-9741
-9063
-9826
-11107
-11238
-10519
-9670
-9287
-9638
-10003
-9458
-8031
-7080
-6872
-6574
-5739
-4798
-4170
-3601
-3167
-2847
-2195
-1550
-1262
-1079
-804
-557
-623
-794
-896
-975
-1027
-1198
-1782
-2414
-2532
-2386
-2791
-3490
-3877
-3986
-4061
-4330
-4841
-4982
-4589
-4280
-4459
-4643
-4306
-3827
-3508
-3289
-3090
-2722
-2046
-1281
-968
-929
-592
67
831
1233
1298
1448
1871
2532
2752
2496
2455
2806
3116
3231
3078
2759
2603
2801
2924
2836
2545
2434
2611
2760
2739
2674
2633
2759
2880
3087
3408
3637
3881
3935
4048
4512
5154
5316
5240
5363
5628
5940
6342
6561
6444
6248
6390
6783
6799
6515
6091
5826
5895
6001
5961
5654
5030
4445
4308
4173
3983
3550
2744
2258
2486
2486
2134
1524
749
602
1041
1106
718
296
31
197
430
214
-195
-530
-772
-843
-985
-1331
-1856
-2500
-2975
-3219
-3623
-4168
-4736
-5319
-5820
-6217
-6569
-6903
-7332
-7801
-8047
-8113
-8102
-8108
-8340
-8558
-8344
-7971
-7659
-7560
-7668
-7503
-6986
-6472
-6188
-5979
-5620
-5126
-4692
-4455
-4257
-3926
-3564
-3183
-2933
-2748
-2467
-2223
-2105
-2156
-2146
-1906
-1537
-1339
-1454
-1553
-1367
-1079
-919
-890
-796
-615
-246
243
458
491
698
1147
1630
1985
2318
2630
2782
2988
3362
3761
4019
4052
4168
4300
4617
5034
5179
4781
4670
5227
5756
5659
5389
5402
5538
5798
5997
5891
5553
5597
5846
6025
5759
5673
5682
5631
5652
5556
5272
5262
5327
5070
4818
4862
4874
4717
4589
4005
3829
3927
3851
3886
3647
3265
3265
3511
3691
3369
2792
2649
3123
3248
2372
1442
713
405
489
-246
-1796
-2802
-2769
-2864
-3872
-5104
-6169
-6963
-7204
-7240
-7907
-9025
-9401
-9183
-9144
-9193
-9406
-9635
-9453
-8847
-8233
-8007
-7755
-7099
-6378
-5845
-5253
-4602
-4209
-3756
-3062
-2575
-2146
-1538
-1063
-926
-916
-767
-507
-387
-499
-678
-919
-997
-907
-1123
-1782
-2268
-2292
-2276
-2482
-2798
-3062
-3179
-3128
-2959
-3005
-3132
-2928
-2591
-2331
-2094
-1773
-1493
-1093
-573
-157
126
490
998
1392
1660
2055
2339
2470
2737
3061
3180
3089
3135
3203
3271
3214
3027
2863
2845
2938
2856
2645
2545
2620
2556
2523
2539
2628
2597
2669
2852
3079
3193
3354
3480
3650
3963
4270
4430
4263
4629
5015
4991
4950
5200
5267
5241
5272
5198
5043
5111
5080
4843
4373
4037
4161
4124
3668
3161
2777
2582
2638
2301
1571
1066
1045
1246
1081
437
86
82
232
181
-223
-700
-581
-114
-330
-776
-966
-928
-722
-883
-1360
-1626
-1556
-1365
-1630
-2174
-2449
-2390
-2499
-2732
-2947
-3466
-3803
-3723
-3861
-4335
-4761
-4960
-4949
-5004
-5322
-5658
-5810
-5860
-5809
-5912
-6107
-5968
-5752
-5762
-5793
-5743
-5643
-5367
-5043
-4873
-4757
-4584
-4286
-3889
-3658
-3585
-3370
-3069
-2676
-2389
-2377
-2355
-2024
-1623
-1426
-1346
-1258
-1076
-833
-651
-530
-481
-328
11
249
338
408
530
749
1085
1328
1458
1580
1737
2066
2366
2378
2376
2696
3113
3318
3375
3315
3580
3982
4024
3980
4146
4483
4666
4668
4645
4750
4932
5109
5091
5041
4942
5077
5133
5055
5023
4900
4805
4684
4839
4857
4512
4127
4067
4023
4107
3838
3380
3048
3098
3111
2911
2477
2070
2158
2306
2113
1700
1481
1535
1779
1760
1483
1216
1208
1245
1182
1043
919
507
205
392
362
-305
-896
-1164
-1490
-1829
-2239
-2886
-3472
-3846
-4277
-4721
-5294
-5808
-6177
-6579
-6966
-7158
-7453
-7784
-7789
-7756
-7891
-7827
-7641
-7534
-7350
-7098
-6788
-6435
-6012
-5568
-5194
-4885
-4456
-3974
-3554
-3159
-2773
-2534
-2298
-1957
-1664
-1512
-1394
-1261
-1170
-1014
-771
-747
-953
-996
-755
-542
-495
-573
-694
-595
-324
-171
-141
-65
8
176
559
891
962
963
1252
1691
2007
2209
2342
2443
2635
3016
3295
3367
3452
3562
3721
3864
3970
3924
3720
3659
3846
4027
3857
3611
3507
3447
3509
3511
3305
3095
3086
3229
3209
3200
3140
2997
2991
3177
3304
3238
3155
3163
3318
3301
3181
3268
3328
3153
3018
2930
2971
3059
2943
2564
2253
2136
2162
2054
1708
1330
981
888
1082
863
302
-64
-265
-75
189
-40
-547
-711
-564
-318
-304
-602
-794
-715
-570
-365
-408
-735
-878
-877
-818
-798
-967
-1259
-1500
-1761
-1941
-1996
-2137
-2474
-2866
-3189
-3356
-3441
-3706
-4109
-4448
-4557
-4549
-4615
-4701
-4885
-5107
-5110
-4940
-4839
-4793
-4721
-4650
-4452
-4169
-3987
-3839
-3684
-3481
-3154
-2869
-2624
-2400
-2272
-2111
-1806
-1585
-1473
-1306
-1172
-1093
-940
-770
-691
-659
-644
-636
-646
-582
-484
-488
-468
-306
-153
-119
-67
51
161
262
436
658
865
1019
1192
1270
1361
1698
1948
1877
1929
2360
2680
2590
2424
2584
2920
3116
3037
2791
2812
3208
3515
3298
2913
2978
3333
3631
3474
3091
2992
3157
3466
3577
3339
3040
2940
3160
3379
3318
3010
2679
2783
3127
3263
2865
2461
2438
2422
2558
2623
2293
1917
1865
1984
2024
1897
1674
1357
1221
1320
1530
1352
858
704
753
771
798
613
257
52
24
-71
-193
-355
-747
-1115
-1254
-1246
-1319
-1705
-2285
-2575
-2637
-2684
-2869
-3254
-3747
-3965
-3858
-3860
-4105
-4456
-4685
-4686
-4551
-4516
-4596
-4747
-4776
-4662
-4453
-4318
-4312
-4280
-4175
-3988
-3748
-3525
-3368
-3266
-3145
-2946
-2687
-2452
-2318
-2213
-2090
-1890
-1680
-1551
-1518
-1498
-1452
-1330
-1125
-993
-1038
-1088
-1027
-939
-867
-792
-739
-709
-594
-400
-200
-91
-6
110
263
486
760
924
992
1114
1340
1603
1826
1899
1795
1939
2355
2578
2457
2346
2545
2770
2767
2599
2551
2726
2844
2797
2718
2716
2810
2834
2672
2538
2627
2743
2701
2679
2658
2614
2629
2678
2725
2723
2699
2708
2775
2842
2874
2825
2795
2737
2674
2637
2606
2549
2488
2388
2154
2034
1959
1832
1743
1596
1398
1249
1062
1179
1196
792
430
418
480
379
249
32
-162
-190
-171
-226
-407
-713
-827
-834
-769
-844
-1070
-1270
-1315
-1310
-1485
-1709
-1770
-1877
-2090
-2174
-2223
-2341
-2545
-2761
-2865
-2923
-3042
-3120
-3215
-3361
-3464
-3543
-3564
-3451
-3453
-3677
-3743
-3547
-3328
-3291
-3367
-3376
-3260
-3091
-2849
-2738
-2792
-2780
-2577
-2322
-2171
-2147
-2168
-2047
-1784
-1584
-1553
-1605
-1546
-1392
-1256
-1175
-1075
-978
-889
-783
-703
-598
-491
-425
-360
-246
-105
29
144
243
316
434
594
734
787
887
1099
1230
1296
1456
1704
1830
1845
1850
1996
2240
2372
2356
2286
2328
2530
2605
2535
2522
2534
2593
2716
2756
2622
2592
2699
2672
2577
2632
2688
2709
2694
2751
2742
2634
2751
2826
2684
2577
2555
2593
2706
2662
2392
2128
2215
2263
2174
1918
1659
1597
1610
1558
1327
995
946
878
546
408
440
292
14
-202
-367
-354
-322
-623
-1016
-1118
-1039
-1012
-1214
-1460
-1525
-1497
-1491
-1537
-1607
-1757
-1823
-1669
-1649
-1800
-1795
-1795
-1804
-1813
-1898
-1986
-1978
-2012
-2062
-2033
-2075
-2189
-2224
-2253
-2286
-2260
-2320
-2367
-2338
-2325
-2352
-2342
-2331
-2341
-2309
-2265
-2265
-2197
-2095
-2060
-2052
-2034
-1913
-1762
-1673
-1662
-1653
-1545
-1309
-1107
-1079
-1073
-925
-700
-544
-479
-465
-437
-334
-144
27
106
101
103
213
405
552
525
520
684
873
975
1005
1073
1242
1383
1423
1445
1547
1709
1845
1908
1835
1829
2019
2254
2300
2062
1943
2166
2410
2506
2354
2038
2029
2427
2624
2324
2010
2023
2152
2299
2329
2118
1846
1792
2014
2069
1752
1580
1601
1550
1595
1603
1314
1071
1166
1173
938
851
881
758
511
434
471
278
150
158
9
-168
-270
-284
-284
-479
-717
-790
-804
-762
-784
-1083
-1316
-1074
-960
-1218
-1337
-1326
-1372
-1335
-1263
-1326
-1435
-1383
-1359
-1387
-1425
-1447
-1431
-1499
-1586
-1515
-1441
-1468
-1497
-1569
-1682
-1622
-1454
-1499
-1660
-1663
-1604
-1548
-1483
-1509
-1591
-1606
-1494
-1379
-1402
-1507
-1508
-1409
-1376
-1271
-1161
-1182
-1183
-1061
-954
-894
-789
-723
-706
-589
-396
-306
-280
-212
-123
-78
-24
97
188
203
248
365
415
444
548
600
582
659
780
866
933
981
1000
1038
1192
1337
1292
1205
1296
1434
1496
1569
1576
1498
1518
1578
1568
1613
1684
1691
1627
1665
1772
1713
1560
1534
1541
1484
1542
1671
1559
1331
1284
1350
1358
1243
1095
953
960
1079
1113
959
753
611
578
632
667
501
193
157
413
481
231
-18
-112
-54
30
56
-136
-361
-315
-127
-210
-362
-451
-542
-502
-419
-480
-616
-646
-600
-559
-668
-797
-785
-797
-848
-789
-852
-930
-903
-951
-1003
-1055
-1074
-1101
-1180
-1162
-1110
-1139
-1212
-1176
-1089
-1086
-1075
-1087
-1122
-1096
-998
-910
-961
-1014
-946
-846
-754
-732
-779
-808
-715
-530
-422
-482
-506
-427
-326
-209
-169
-238
-269
-152
-11
18
-34
-54
20
114
165
167
112
126
197
231
268
328
348
263
254
367
403
385
432
468
467
496
579
624
607
559
620
767
774
730
756
787
785
753
728
753
798
750
659
614
648
667
523
387
365
379
359
259
156
55
36
88
-38
-299
-416
-310
-261
-349
-469
-582
-581
-459
-447
-551
-669
-662
-515
-454
-429
-421
-483
-508
-370
-256
-300
-333
-295
-258
-245
-247
-169
-172
-296
-319
-255
-199
-178
-248
-371
-386
-305
-252
-300
-399
-482
-465
-357
-310
-409
-498
-447
-374
-355
-393
-464
-465
-414
-333
-290
-363
-405
-340
-315
-311
-288
-317
-280
-191
-187
-198
-223
-250
-176
-110
-123
-135
-133
-124
-89
-94
-176
-217
-195
-156
-150
-203
-172
-147
-162
-177
-211
-196
-150
-154
-138
-143
-9
-9
71
-88
1
98
145
168
53
165
194
329
268
196
193
248
338
270
238
210
170
260
265
252
144
143
120
69
77
100
128
57
-4
-44
-57
-45
-89
-163
-230
-213
-138
-39
-55
-223
-333
-272
-199
-181
-184
-237
-305
-230
-158
-124
-186
-292
-344
-313
-145
-45
-141
-283
-263
-113
-47
-41
-81
-155
-116
28
143
127
37
54
173
277
345
272
165
236
416
529
517
463
443
522
653
668
544
488
589
737
732
594
539
602
714
737
672
587
558
654
735
733
653
428
104
36
330
350
-229
-667
-418
-24
5
-283
-675
-863
-554
-79
-44
-343
-489
-268
197
522
426
139
115
538
998
1059
951
995
1087
1183
1368
1440
1262
1131
1225
1356
1382
1307
1187
999
830
828
874
763
547
383
281
274
360
269
-7
-160
-110
-16
69
75
-7
-85
-28
150
258
210
174
200
252
432
596
528
358
354
486
550
514
416
332
361
412
376
253
160
126
62
-28
-59
-72
-108
-211
-323
-343
-335
-301
-352
-451
-481
-423
-329
-328
-426
-483
-374
-267
-272
-319
-334
-302
-211
-173
-279
-378
-377
-352
-336
-331
-355
-399
-430
-426
-436
-480
-577
-615
-576
-553
-639
-723
-709
-688
-757
-797
-783
-777
-801
-814
-788
-800
-813
-798
-782
-793
-756
-752
-819
-881
-846
-781
-801
-898
-956
-887
-832
-851
-956
-1043
-1016
-972
-950
-933
-983
-1044
-1062
-968
-806
-842
-1034
-1124
-946
-719
-752
-910
-928
-820
-694
-603
-600
-654
-602
-477
-402
-351
-324
-361
-407
-341
-198
-188
-304
-348
-268
-114
-85
-216
-240
-121
-57
-81
-54
32
57
-1
-16
24
-1
-64
-20
39
-11
-103
-66
22
-12
-98
-141
-147
-133
-149
-191
-194
-226
-257
-263
-137
-177
-391
-365
-192
-191
-340
-345
-232
-166
-188
-224
-176
-145
-204
-225
-148
-126
-204
-254
-236
-250
-274
-290
-347
-407
-399
-374
-362
-429
-554
-549
-532
-544
-480
-433
-468
-570
-610
-442
-311
-337
-424
-519
-416
-298
-355
-386
-284
-199
-300
-424
-326
-147
-148
-327
-403
-259
-79
-94
-281
-359
-239
-161
-242
-245
-134
-153
-294
-323
-212
-134
-156
-296
-396
-293
-157
-136
-261
-381
-319
-174
-133
-202
-244
-260
-311
-179
71
49
-189
-347
-235
38
72
-113
-191
-152
-73
39
75
54
-21
-121
-67
156
283
134
-75
-48
172
325
242
31
-24
164
330
336
236
162
154
215
418
521
372
198
197
367
509
464
384
350
353
432
415
384
440
427
303
333
496
514
416
361
427
588
609
543
548
588
615
682
790
783
752
889
999
964
1073
1239
1192
1087
1214
1446
1516
1408
1342
1483
1676
1701
1618
1623
1740
1860
1868
1897
1987
2019
1996
2108
2229
2216
2267
2373
2493
2601
2617
2637
2669
2671
2747
2833
2834
2802
2735
2690
2743
2794
2737
2584
2490
2522
2557
2547
2557
2367
2076
2044
2131
2090
2039
1889
1676
1661
1673
1648
1543
1400
1254
1032
1050
1229
1122
838
659
633
827
918
578
215
219
434
453
143
-47
-12
-118
-215
-126
-142
-363
-584
-567
-400
-432
-595
-747
-821
-851
-964
-983
-931
-1128
-1404
-1397
-1210
-1159
-1269
-1474
-1609
-1526
-1466
-1473
-1499
-1623
-1801
-1828
-1657
-1597
-1737
-1891
-2113
-2200
-1958
-1719
-1877
-2285
-2421
-2133
-1951
-2111
-2327
-2354
-2239
-2251
-2246
-2181
-2288
-2405
-2401
-2286
-2134
-2213
-2443
-2545
-2513
-2525
-2513
-2410
-2486
-2733
-2738
-2561
-2386
-2413
-2622
-2687
-2536
-2405
-2352
-2387
-2484
-2597
-2584
-2371
-2259
-2391
-2552
-2450
-2306
-2260
-2249
-2314
-2244
-2064
-2071
-2083
-1958
-1809
-1774
-1705
-1473
-1363
-1359
-1222
-1032
-995
-997
-889
-713
-546
-500
-576
-467
-232
-170
-117
42
221
287
254
405
693
701
609
562
585
709
796
827
798
812
879
827
847
1018
1086
961
842
958
1128
1104
954
810
879
1053
1005
863
919
1084
955
703
739
999
1184
962
606
811
1210
1102
799
773
899
893
864
965
889
715
701
821
860
832
747
758
689
598
654
732
868
494
486
630
804
727
531
653
783
718
526
872
1165
1012
629
772
1138
1182
1068
1033
1125
1175
995
930
1177
1444
1253
818
944
1260
1230
1029
1108
1116
1059
1183
1400
1414
1266
1145
1241
1556
1753
1593
1344
1416
1641
1738
1740
1810
1859
1709
1627
1853
2038
1947
1810
1858
1861
1776
1819
1944
1911
1507
1421
1819
1960
1584
1292
1399
1512
1378
1165
1168
1202
951
730
827
867
644
437
433
398
242
176
210
217
49
-190
-331
-338
-310
-476
-654
-667
-648
-760
-895
-909
-930
-1053
-1161
-1180
-1150
-1135
-1208
-1321
-1329
-1269
-1271
-1171
-1193
-1389
-1507
-1382
-1224
-1245
-1346
-1360
-1293
-1263
-1213
-1226
-1401
-1531
-1381
-1278
-1328
-1377
-1415
-1406
-1392
-1438
-1525
-1533
-1453
-1419
-1492
-1596
-1499
-1331
-1341
-1387
-1341
-1246
-1108
-1047
-997
-961
-957
-957
-877
-793
-760
-797
-796
-759
-844
-747
-625
-579
-756
-710
-528
-506
-529
-499
-301
-299
-324
-233
-201
-304
-342
-380
-422
-387
-369
-397
-446
-567
-587
-410
-261
-356
-505
-440
-282
-127
-97
-125
-180
-154
-8
89
23
-86
-69
76
218
200
107
131
212
265
322
427
440
369
412
540
567
460
427
524
622
616
597
584
592
643
705
719
649
589
603
676
734
695
540
429
409
415
408
372
309
201
99
107
147
104
-19
-98
-87
-43
-63
-202
-307
-316
-301
-312
-352
-381
-428
-531
-575
-503
-449
-520
-605
-610
-567
-592
-681
-716
-685
-676
-741
-748
-651
-617
-693
-776
-771
-707
-706
-776
-806
-788
-774
-731
-648
-619
-675
-696
-597
-471
-424
-436
-468
-440
-362
-299
-285
-303
-300
-283
-253
-199
-171
-190
-243
-260
-223
-183
-127
-85
-84
-80
-32
16
38
34
3
-22
49
177
251
236
240
318
425
482
493
479
476
536
607
657
672
635
571
552
574
590
550
516
531
561
594
601
595
570
552
571
598
613
613
598
608
641
661
658
670
676
662
654
664
692
706
696
701
735
800
841
843
833
791
743
717
696
665
649
663
689
684
660
638
588
535
491
510
570
565
514
496
507
489
457
470
511
543
548
540
540
536
486
429
409
396
369
332
329
312
262
202
177
173
154
136
105
74
64
67
46
37
30
39
39
22
17
16
28
38
57
61
61
80
98
89
77
62
44
25
47
57
26
-16
-21
-17
-25
-2
32
48
18
-24
-26
6
6
-15
-24
-10
29
72
96
78
61
76
105
141
163
167
194
227
217
188
168
144
95
76
99
103
65
-11
-30
8
26
-9
-24
-7
-12
-22
-15
-20
-96
-173
-165
-99
-60
-73
-107
-126
-135
-158
-177
-173
-173
-178
-162
-122
-107
-183
-262
-256
-219
-234
-282
-294
-255
-256
-302
-344
-331
-295
-304
-289
-263
-269
-307
-352
-369
-388
-410
-404
-389
-390
-400
-405
-411
-417
-436
-450
-448
-442
-459
-478
-464
-455
-504
-564
-583
-593
-617
-608
-570
-577
-615
-612
-571
-555
-574
-597
-581
-544
-534
-550
-568
-552
-531
-541
-543
-543
-545
-556
-553
-539
-542
-557
-530
-485
-494
-524
-530
-500
-464
-451
-471
-481
-475
-447
-429
-412
-388
-401
-377
-320
-273
-265
-265
-261
-224
-162
-132
-130
-149
-141
-113
-94
-91
-98
-117
-106
-65
-37
-46
-82
-73
-65
-67
-61
-59
-82
-105
-95
-69
-74
-122
-165
-176
-161
-150
-162
-183
-182
-151
-157
-183
-206
-233
-266
-278
-227
-180
-188
-230
-254
-243
-223
-230
-261
-264
-223
-195
-226
-244
-244
-239
-256
-250
-234
-231
-223
-197
-168
-170
-184
-181
-142
-88
-45
-33
-45
-43
-19
-14
-20
-12
-5
-1
17
35
25
9
10
1
-3
-1
5
-2
-21
-47
-55
-38
-29
-20
-17
-13
-6
27
69
84
80
87
77
59
51
47
23
7
9
16
3
-8
9
-6
-17
8
36
42
41
49
70
92
102
92
67
77
102
134
155
152
157
187
204
220
227
228
233
240
244
238
231
239
253
253
252
239
237
245
259
248
244
258
268
270
277
285
273
251
232
241
245
253
245
199
159
146
170
167
144
112
72
53
48
33
7
-32
-45
-52
-71
-72
-99
-137
-155
-142
-150
-165
-193
-217
-242
-261
-285
-317
-319
-343
-364
-369
-372
-380
-404
-431
-455
-463
-477
-489
-509
-515
-523
-544
-547
-565
-581
-604
-620
-624
-621
-622
-628
-618
-614
-600
-589
-578
-560
-543
-513
-493
-494
-480
-447
-422
-405
-395
-400
-405
-384
-349
-322
-319
-311
-282
-251
-234
-216
-194
-175
-143
-121
-102
-67
-36
-21
-18
1
17
33
52
72
81
91
110
130
141
130
121
123
151
177
179
160
139
129
145
158
143
130
133
150
173
179
159
148
154
172
184
191
212
234
263
271
271
265
277
288
288
310
343
345
291
287
289
304
288
268
291
301
365
373
412
332
410
-63
-329
-364
-94
61
-3
47
-42
-188
-224
-9
143
319
228
35
-9
165
379
311
173
118
61
178
225
376
268
162
94
174
219
285
282
191
154
187
275
281
281
260
247
219
268
335
333
233
203
231
288
366
386
377
306
317
313
340
305
295
242
218
223
284
294
259
205
186
183
184
189
163
139
138
169
183
201
195
186
170
200
235
254
226
218
222
217
214
216
209
201
190
165
147
128
134
115
84
67
77
81
66
41
25
-1
-22
-27
-27
-21
-30
-58
-75
-57
-48
-42
-51
